0.06118693096016131
0.07749599162206192
0.011324802693711973
0.03681098692966829
0.057599750962676756
0.08688733942265536
0.03712329916709876
0.029892005382960274
0.06137418208248504
0.02153232217724402
0.005290748475951393
0.05559529897106389
0.028494974650586365
0.04161472072480726
0.021669930236443407
0.01473248506763276
0.033869109387272514
0.012996561325338994
0.013610165946157349
0.020229181100792033
0.003839532905644828
0.02695269987762824
0.024215252369201905
0.003028484645070546
0.007938515800457907
0.015530485663332727
0.01898214719097424
0.013799268094196465
0.018793300173216627
0.009983102980438224
0.02049290488511651
0.0038279556475374955
0.014079515755468425
0.009623365858549544
0.009435229849901972
0.010396923562721181
0.012605747071902618
0.008192263961508758
0.0028232628650630177
0.011093594332598681
0.01640564892538235
0.008490175360160467
0.008623472399008833
0.012127523555131884
0.017578101218824055
0.00918434952731807
0.0014877668366961702
0.004850654363570569
0.014548215272839799
0.00988368596524503
0.01263262784846916
0.003387146144974597
0.008908863330891538
0.003022416397394259
0.00534343671853791
0.010608842019916674
0.017328622442889977
0.0033185192007775884
0.006634715001606797
0.00716260148478478
0.005956003481947817
0.0018113813222168425
0.002689282787571479
0.003338033719976108
0.0021261157200235426
0.010215084119944056
0.0041151236124184545
0.0012916545494068414
0.002855932168188638
0.0032633855876964867
0.0025461877185201844
0.0010939551561041907
0.0026843689979693347
0.0036435878929134222
0.005852864801920487
0.003785282775052092
0.005264512901551732
0.0048267665543199716
0.0017960742455883326
0.002433717841830453
0.00113468773751948
0.0030246032368582217
0.005181422243545329
0.0015694642634833799
0.012610602348990719
0.005811782340193005
0.0031696970308078944
0.00531642063031934
0.005870829202825971
0.0026694078900673154
0.003240877788507231
0.0014232545561142893
0.002483622750703578
0.003729192712367258
0.008101576263716985
0.005901845553039983
0.003164587114430008
0.0031054996295527414
0.0011641511692041192
0.0018935938286702247
0.008218258337066403
0.001645235551495147
0.0031749854440257224
0.0016818457015613513
0.0022926832330920854
0.007005459360570923
0.0030836890631005904
0.0010318594290531047
0.001650828135772649
0.00258976089163166
0.0035856139734634133
0.0036990860178561296
0.002328550175907411
0.0033106344658540396
0.003928592963616054
0.00091719572920831
0.002238252322108887
0.004805082482352796
0.004043831974291353
0.004285328315970551
0.0039101978810723624
0.0031455478719917395
0.005341070079365911
0.006846552099896837
0.0007971626591311216
0.0029941134770462073
0.001693277415477455
0.0026544817141267007
0.0023498375123908676
0.0008737794699273726
0.003802716054480954
0.004047022798953977
0.002183497275363012
0.0053255749381091394
0.0025237489491005943
0.002239741528654946
0.0034303252950547655
0.0009754989312749737
0.0020753243359895274
0.0011060410454718278
0.001342590449408987
0.0040564436583926155
0.008284905780073135
0.00031260956804207956
0.0016937701804837831
0.0011192707775242448
0.001933324915147805
0.00368902677786713
0.004424760089453332
0.0008863834312492021
0.0006209618101083052
0.0008689251019907447
0.007177342716298872
0.0021646495559779
0.00037771631100678435
0.0035636685788808867
0.0016275814111475532
0.0009612778448715501
0.001719907172195429
0.001387679515267823
0.002320109179681707
0.004506315676296387
0.0015095338271213987
0.004517162595353798
0.0022778130639600843
0.000971015832376811
0.0014171082573116557
0.002215711737264034
0.0002350358921170644
0.0009922200557249624
0.0026613203570636916
0.0006126218813137058
0.003041197781834845
0.0008697887639680415
0.001053523774616098
0.0022379021507817898
0.0005158738565312481
0.0019674979241331176
0.0011016410630266807
0.0027998062840361364
0.0015959164958842642
0.0007048672398167215
0.0008710538591231456
0.0009575656635034975
0.0033087435531876713
0.0013935144462134436
0.004136109763514315
0.0011348718257590258
0.0025226613863726967
0.0011796050261421258
0.0022736386821417564
0.001690981216464876
0.0003078246285522906
0.0011041771631649184
0.002183188732349838
0.0013895327640063783
0.00098778034985184
0.0019756705933088483
7.177840408365853e-05
0.0017844059030489873
0.003684295153464004
0.0017122318805921032
0.001488655885008595
0.0008255218595310834
0.0003184664579056298
0.010340143687849494
0.0003782555786977854
0.0014820589655975059
0.0020633447070509026
0.004081570450208196
0.00218530328193761
0.0019201780337989918
0.001795857126624435
0.001057721729022751
0.0033842840805182886
0.00010052556230081098
0.0008429216047695826
0.0012629194674085539
0.00319589641216005
0.001453895729399272
0.007093112735355973
0.0005551797730132283
0.0008570501958734787
0.0007436590278018634
0.002582245500648179
0.0010427337123122319
0.0027873214972638284
0.0009195931474071249
0.0028624159637673937
0.0005100875262586892
0.0021989674350920974
0.0009225857153085799
0.0004050490849330647
0.0025656646811173865
0.0004174478981190727
0.00017016067175932428
0.0017921361077595677
0.0001917142061880287
0.0006003861187562646
0.001020173690005142
0.002599309997089697
0.0012386653047175577
0.003432926514571952
0.0018470612333467194
0.0006175189770034831
0.004131018148703366
0.00038733108454436634
0.00124290392780346
0.0018506064172181436
0.0020678551753697282
0.0026183558178847093
0.000643526320589775
0.0015034895038310149
0.0018266985909132375
0.00325222807436966
0.0009195116947748008
0.0003916164251427171
0.0006733299922268396
0.0010163082520031482
0.0027794947449002374
0.0010112331699198942
0.0008882936541502706
0.0005626187444823305
0.0010693872792753097
0.0014507643713728609
0.001425840350472047
0.0013693263553923338
0.001038404172291466
7.636682657150867e-05
0.0004640221335064263
0.00013675515257278032
0.0017598329078707764
0.0001909589194988317
0.001591632423901082
0.0002448988305694193
0.002277529076362783
0.0007440375242472455
0.0032536514931247743
0.0016189208645891657
0.0007679201964737147
0.0005721959476296433
0.0011511897146035141
0.0021436073931485867
0.00029446638330611835
0.0005747087452041204
0.0009677247285291375
0.0004676371942221776
0.001260280922994371
0.0005174813826790391
0.0016993528575536252
0.0010970741507799417
0.0010675517049023645
0.0009553397660778083
0.0005922790505029616
0.0012898457942265443
0.00034085292436476257
0.0007096407148271713
0.0009710800130619897
0.0009005027940484419
0.0003738225372677567
0.0010249067594395411
0.0006496158722998033
0.0016808509139566237
0.0013997362417265816
0.003917681345609239
0.0017462798407012728
0.000945181997062638
0.001134857745064287
0.0007779357216922178
0.0004885281323116712
0.0037445691050248704
0.0022123500088509235
0.0011488185858336522
0.002034104073533771
0.0013181253629189797
0.0009547688237629328
0.0011790011861851166
0.0008028794445933249
0.0010033054493457465
0.001352142582490043
0.00016787117168152278
0.001180762708319554
0.0005387274984892166
0.0017233470737801884
0.000915580923278658
0.0014134477825761276
0.0011776592946527349
0.001581787214718251
0.003376291952264329
0.0007733338094100882
0.0008176846020832879
0.0007782956817018179
0.0007482162367174616
0.001686064855849542
0.0013842955013389114
0.0005421215698788944
0.0008304154670897799
0.0006298476951074629
0.0010396576504795255
0.0007675920370321419
0.0010983876109780558
0.0003766242941092485
0.0002899904571782092
0.0007101325375275052
0.001921369439504734
0.0003129591829093647
0.005790069179162435
0.0007257938893519834
0.0007657621097733352
0.0007937247847417253
0.00043774111199274766
0.0004294552281432669
0.00131036013675729
0.0003198613769732884
0.0004070498509727759
0.0017915238325584696
0.004652063730569363
0.00112021731946038
0.0008432209674223661
0.000977514544052309
0.0006507913038160964
0.0001421864146589962
0.0006677046868968712
0.0011507667793600775
0.003994677101540435
0.0006704346952442039
0.002042869796302819
0.000666043744470427
0.002250071765203341
0.0007626016861453972
0.0010955457059428273
0.0009264099531954943
0.0006725524020013807
0.000975927402627944
0.0023782232080391905
0.0006345993421407713
0.0010563828330163588
0.0005199591833529661
0.0004908200588634897
0.0014259336526855951
0.0004611023597814449
0.001783552737815201
0.00010392776200332843
0.00070647643213889
0.0015168449073221842
0.001405617115228983
0.0004591702059755793
0.0005230123304962137
0.0019077978493942413
0.0006419999198420403
0.00018512559136264387
0.004711289324343095
0.0006840145809106019
0.0008594286138759059
0.0004714315777891856
0.001531754769764271
0.0009405743857398927
0.0008428310298265044
0.0002904593008833495
0.0008340991722551797
0.001182661505936051
0.0010475397556123512
0.0004734492527013094
0.00026597356954234706
0.00016669450826622956
0.0005889502117971425
0.0006029120574477553
0.0003920476810251417
0.00034286496050763514
0.00013022462678232859
0.0001065191065874205
0.0006964360514605721
0.0007943888775718238
0.0016699037370916019
0.0010932568269293643
0.0002820971760452297
0.00013934936549083365
0.00027966872032873753
0.0011560314923171513
0.0014027610089039342
0.0018093920876670671
0.0004218725482642072
0.0012350226326714893
0.0006811821745896401
0.0004246261482485042
0.0009403433185676544
0.0006156298091790109
0.00117252963459946
0.0002681088714786267
0.0006222889685412234
0.0006067140131005923
0.00048556382843923496
0.0017755957683449465
0.0009689417807086873
0.0002017452971438069
0.0009318351905154284
0.00018768985947950306
0.0001284008476819027
0.0014568942779209608
0.0006212379237309272
0.0018931936141696854
0.0011378213547845563
0.0005338411823230943
0.0003988416441077065
0.0026371754093392702
0.0008478263324920744
0.0007386002402348103
8.264218908847693e-05
0.0010998367677790262
0.00016541347495509204
0.0007087735159121457
0.00023661144226208239
0.0007440484832762955
0.0003765538897374992
0.001533711061846814
0.0009912627360983467
0.0003669614412648229
0.0003844521538103515
0.0007332667475290876
0.0006764502924103307
0.00014832096453444146
0.0003024487330287635
0.003765458421033019
0.0004684601570059342
0.0004051893585762539
0.0003342207184172119
0.0004276453562792132
0.002075968856794082
0.00038383618574333204
0.00027030480573601775
0.0003593918970871534
0.0019128910954340857
0.00013023606796273512
0.0006344492328489919
0.0002616011706545407
0.0007043336629081909
0.001640178858285745
0.00035718407307731636
0.0007557327008535993
0.0009145031419608097
0.0006266616206007276
0.0004172104008581285
0.0009607008550150965
0.0006846283980963968
0.0002985951360004385
0.0013106178340733902
0.0009478303853692541
0.0008038259917840905
0.0008109662574708937
0.0013717482181197808
0.0013161161440451985
0.0004254529489472729
0.002095635231364171
0.0001306743658470818
0.0012704000299403732
0.00017884425421383672
0.0006638983782653719
0.00013216605831758364
0.000463886273033442
0.00028319172316406977
0.0005294288930180878
0.000243934313527406
0.0004731659962523418
0.00024837192629294203
0.0007291974731313108
0.000554894864902072
0.0008030338176604479
0.0005118510892633456
0.0011041312849838108
0.0006450224847787422
0.0005510033397573628
6.707653994775996e-05
0.0004609516553684879
0.0006252649653198983
0.0007410610207769704
0.0005878305458144068
0.0013399125872010833
0.0005583550374265021
0.00033291762397573963
0.000518367099889884
0.000263456209390344
0.0002626877336110365
0.0018633602332935341
0.0013964092448837879
0.00273909362570658
0.00037959299672796323
0.0006342505880124356
0.0003042366675658183
0.00022948379071444878
0.0008971299679076136
0.0011159767687524834
0.0007253740576473099
0.0008185386338435646
0.00030670948980749866
0.0010450584674283653
0.00014323581596071687
0.00018844709249029023
0.00022011873314384036
0.00016670826328143295
0.00041568217504010877
0.0002726341364319693
0.00048744842733252925
0.0007599101869746743
0.00015496793745349953
0.001181020823682849
0.0005015967876891199
0.000386082666034543
0.0006089862978646288
0.001027265309035298
0.0005922634134637994
0.0004207470123912824
0.0005214035917299352
0.00014482961216451143
0.0015127324656259234
0.0012510381379213574
0.0003825087470165962
0.00023186225253366596
0.00025726885334418915
0.0004753934888776317
0.0010716739808358505
0.0017402464052344781
0.0006450410186587952
8.603480415687909e-05
0.0002481246372902871
0.0005290886011677415
0.0010759882682420726
0.00027171230496301417
0.00017823336373595767
0.0014103064079256087
0.00045548561538231346
0.000388776493337267
0.00040160405476156243
0.00045558097125981896
0.00036589458917704
0.0010991533026870133
0.0006128610186821533
0.000368040841681251
0.00014953769626244368
0.00022698385091750805
0.00020317670684153347
0.00044053763745911583
0.0005158515169682283
0.00013329817634371568
0.00017676070934471947
0.00042992522031322085
0.0016350508590800786
0.0021385261925821195
0.0010087595692312536
0.00039925049234565554
0.0002062610860320883
0.00038025686216735627
0.001639683404330338
0.0011149754718885639
0.00012639891413486628
0.00014108651962326795
0.00031608978581073574
0.0002478617474789359
0.0005296886847919435
6.985865547889178e-05
0.0003439747561544919
0.0005100859692851512
0.0010654434769425524
0.0007044987248209076
0.0012927705757881831
0.000747272199602045
0.0003383620227068441
0.0010996236259077203
0.0006315314187628797
0.0005631118837726139
0.000983770839215477
0.0005100691726373809
0.00029686618872512295
0.0006780604987778637
0.00032990616318450647
0.0003661517831976972
0.0005222515280725902
0.0012665463375745784
0.002094346813235763
0.0003277186606411083
0.00019214345515117598
0.0023948608308222473
0.0003369646265827594
3.8718004509820195e-05
0.0009414924141944495
0.00012503670026603724
0.0005065935857233129
0.00039046696673692636
0.0003107119822506625
0.0005241278740366849
0.0002408220374484377
0.00024689051186158235
0.00012563178551468776
0.0010439231592688477
0.0004089564208783259
0.00035542297882324255
0.000409764396489896
0.0004088693037585874
0.001984774082451015
0.0007969372250397919
0.00046969512285882246
0.0005594570802472829
0.0003508888109011124
8.820425929215643e-05
0.0007664942469222148
0.0005667361950531604
0.0005803318319648556
0.0003216351393559746
0.0006576428631263443
0.00030348334741422164
0.0007522336105322901
0.00028227706478175813
0.0012690518450659573
0.001918038440913488
0.0010856503649615112
0.0003356596133306238
0.0016127707691261735
0.0006187188700225006
0.00027105594599204406
0.0013106616695054026
0.0009844826805849975
0.00018730329877354818
0.0005292935396579051
0.0004428322587482585
0.0006822093690148846
0.00034419780882396215
0.0003085727492711979
0.0004305493221703737
0.000960378554482541
0.000702228064367235
0.00016337894033772505
0.000649060928750296
0.0006236295554617403
0.002543648934423547
0.000969941212408721
0.00010477588840790213
0.0005127709581802434
0.0006431618778524551
0.0005010428751489751
0.0002818695452540786
0.0008331801834456838
0.00030643902338388883
0.0009000678159163596
0.0005365542149143041
0.00030631863350232886
9.63842520153549e-05
0.00047821457368758466
0.0011631736634320727
0.0015782868690761215
0.0010255984536861969
0.0009908387008978618
0.0009364402067515138
0.0003360200558072539
0.0014207263169737066
0.0008411763537985195
0.0004106651792331081
0.0009813770040439298
0.0002668716712989864
0.0012927484344772
0.0009160550964124098
0.00018510788693099545
0.0008367971069871946
0.00031634035318491883
0.00027055338793852065
0.0004058676502403316
0.0008855289899012416
0.00037847316998154755
0.00022621559151603872
0.000301155899712945
0.0007330430868404876
0.000744759291845109
0.00037953088900938845
0.0005001603213049116
0.0003258574174559961
0.0007085752357087326
0.0005621986452536822
0.0008935805311083439
0.00044429094011612873
0.0003300126585160608
0.00027751263901543426
0.00020432507033541554
0.000668855029743906
0.0011219079578759872
7.654793693086924e-05
0.0003315084271925019
0.0003739873673950616
0.00021592823666160868
0.00033880037422070374
0.0002744115681627776
0.0004973064931216304
9.694516531414092e-05
0.0009595852455317639
0.0007155799987211516
0.00017174199108929851
0.0005045771128650995
0.00011343636292078255
0.0003859778918605131
0.0007458798813380016
0.001537167024675751
0.0001639239332932057
0.00011120010382261392
0.00019837187581753127
0.0007020887520942617
0.0022196121756114305
0.0001251469973268816
7.52649155213167e-05
0.0001806486139002272
0.00027377566220637125
0.00010003416139771613
0.0006621885419085104
0.00043214013501240053
0.00025447428799888714
0.0005396898663540864
0.0003340466010432652
0.00036170456672200203
0.000495078546178838
0.00029318142144805847
0.0014127874991796345
0.00039132706238656425
0.00020040168553806168
6.023998868011157e-05
0.001192236012864096
0.0002332393517707847
0.0003725357425767085
8.436318828917611e-05
0.00048355906953575367
0.0001164168641873956
0.001002837133246244
0.0003847344628090858
0.0003767773290503003
0.0006221695494428247
0.00033793617942200823
0.00040502782118129746
0.00038439024200688255
0.0005633109554217854
0.0001083294012811792
0.00037958366274113396
0.0005458707212257991
0.00017744749629469337
0.00023897336427569947
0.0003314478981335763
0.0012342851336553358
0.0003777572119907749
0.0001767540836562085
0.00010636195761374394
0.0007590726862952982
8.773006683071528e-05
0.00012298722512170531
0.0009441167758733882
0.00010484515353192096
0.0004559796352498492
0.0009558696838895695
0.00013303206758787542
0.00016384980442479057
0.0010263685929389626
0.0004140486375061629
0.0003022747237065703
0.00020521804733793187
0.0005887668856055716
0.0012014726065573205
0.00021798172358189778
0.0002621845532816665
0.0005042127408387703
0.0008665082467524465
0.000710830027300186
0.0004840046841975279
0.0004334736773080768
0.00017284172816684702
8.124136743035405e-05
0.0001831307701515161
0.00023045600181011866
0.0013366309880779787
0.00041157331245327456
0.0003411241571080388
0.00024039410153152066
0.0004822492544913233
0.00042721264121106976
0.0002608976286942276
0.00038720150935960397
0.0005606977941494838
0.00010211080820325108
0.0009183822886797221
0.00020472979847000687
0.0007034976957777666
0.0002103648471644637
0.00013966311080853574
0.00030328279096100106
0.0005147154466125327
0.00012726792328989986
0.0011958983135732008
0.0012033450576069047
0.0013254100659981964
0.0003014816180298889
0.0004716320755736813
0.0007925618615404386
0.0008819419719710384
0.0005337994533192699
0.00013484215127484525
0.0003920649827111684
0.00048362474580065126
0.0006337183292389432
0.00014438113676870325
0.0007224014539398379
0.00039536610661768557
0.0006002679869049603
0.00024589762314410047
0.0003980709846146705
0.00045333569865043196
0.0002897554557044325
0.00019029479884902266
0.00026772316496326043
0.00018084990440613014
0.0002721592744830516
0.00026028995097699325
0.00010824142268516398
0.00014013591267623133
0.00020199602916768332
0.0007311320624543835
0.00026388243666850583
0.00036225369017035483
0.0007091721321331705
0.0001705200244141587
7.475561014663993e-05
0.00036169415125919497
0.0003216768645315612
0.0003115533161438467
0.0003929947883591556
0.00035360943194280277
0.00040209866939605094
0.00031336199822280233
0.00020372202158825276
0.0002399943182205465
0.00023211677101309577
0.0001241703255784524
0.00019271420359315413
5.5660017146241227e-05
0.0006562478105913794
0.0011794627123629237
0.0010628639512667891
0.00042634115797053737
0.0004926522033606288
0.0004010261594275801
0.0005052166237016652
0.001780414725384684
0.00034100146655372774
0.0002352983955845871
9.644672217189038e-05
0.00013431912855164723
0.0003470964280890078
0.0002956145226069314
0.00072670608384802
0.0006720220850474418
0.0002827160258153663
0.00042948146626471396
0.00030699183085976895
0.00035408108477452346
0.00013124135973467468
7.613152035270199e-05
0.0004258937671143911
0.00021800489227848072
0.0003885726634455284
0.0005338209591197409
0.0002340242872418402
0.00035140646842658725
0.00013804794666229492
0.000876995459470874
0.00011514663092178428
6.087408850308502e-05
0.0016064537957177082
0.0005032385297843325
0.0006036324594571653
9.567015760078486e-05
0.000293959698558025
0.0008186928637523976
0.0002104054954066669
0.0002899769779289379
0.00014813844579910133
0.000988485493469523
0.00012088140882934635
9.093903854449331e-05
0.0008017162029155983
0.0002740080909591362
0.00037856223865724255
0.00016640218957425805
0.0004393891257435382
0.0013130059714700562
0.00016648245337070003
0.00021702972051087472
0.0005086402857959251
0.0002296423277870062
0.0007997256272726552
0.0004504629268165408
0.0002009427528387282
0.00019989122618237345
0.0003063745479585197
0.0005975868826072288
0.00024792587616237873
0.00046208146586281093
0.000145273083131096
0.0008232093378293064
0.00011261910833822304
0.0005724788567591404
0.00018178319332564342
0.0002041784617834689
0.0010214326619410721
0.000358305271148544
0.0004666581354724183
0.00034545801049220534
0.00037615030709213813
0.0012158099151163254
0.00026483803311273644
0.0006749617764021623
0.0001965351080419657
0.0011679385765889633
0.0004693414295465031
5.521478492401649e-05
0.00018668530249326426
0.00010082653767610977
0.00019105764828711153
0.0006553811071456944
0.00034223090173765867
0.0002062424964560392
0.0003944090697432997
0.0008202885481591221
0.0013208395292049699
0.00014814364793821685
0.0005833491275619054
0.0009381688841609003
0.00028523619420327593
0.00047903596686958255
0.00046818066721012434
0.00022546303543476875
0.0002699243948684156
0.00010042417907907473
0.0003534601969505485
5.775506761400905e-05
0.0006413076388006122
0.00014203670733069375
0.0003697904378366915
0.0003372592375804327
0.00042259177587018775
0.00012950325195241897
0.0010624540909544048
8.404706621845164e-05
0.00024299684070058417
0.00036149202042736053
0.0017756879078413151
7.143196489262187e-05
8.539272246142292e-05
9.371158534263149e-05
0.0001441008184671719
6.6115188267984e-05
0.0004559182816238729
0.00022334514970137368
0.000493876932364896
0.0006994082629459777
0.0005508209498275865
0.0005087532534238076
0.0002947297420915066
6.203234592383845e-05
0.000296997907689106
0.00025232190979391074
0.0001362160701828237
0.00030689086386817283
0.0009500783973903972
0.0001978490007905148
0.00046211243697911515
0.0006140713906362306
0.0016758068707293193
0.0001636706601837365
0.0003375916889828378
0.0010698617344106402
7.648059126346098e-05
0.0008244866553668767
0.0002743801972557403
0.000372770073997395
0.00022578555013405433
0.0003936470658103861
0.00018728557988669685
0.00032623477196960256
0.0005070988316277177
0.00023694219438676872
0.00039997636728036283
0.00011975161599606103
0.0004813811393380587
0.00010043282641815462
0.0008606232611495544
0.0004127285426144558
0.00031336880736932137
0.0007671792653944099
0.00011127176317082281
0.00030994467978769026
6.683094555338407e-05
0.00017275827499518178
0.00041471636172541013
0.00034058420564231286
3.851826163512464e-05
0.0002766194477606134
0.00014701237910284799
0.00023721120484511483
9.236807556346782e-05
0.00033957815909253737
0.0007034722921884607
0.00027091295789203956
0.00018533522578860292
0.0006132556650014281
0.0005874540508994721
0.00012288822019032757
0.0003242111061861918
0.0007008113419416516
0.0006706878908098558
8.09361700857406e-05
8.336327379968892e-05
0.00016565092676241178
0.0003911361339222286
0.00046517738582060143
0.0003100226259471541
0.00038918659454337885
0.0004398269306219619
0.0016051253089841293
0.0004311339756706404
0.0005981198642443645
0.0003627712623813557
0.0005568385537466197
0.0004342344552176544
0.000546507767791589
0.0008397770697865602
6.747990663107184e-05
0.00026722621095848963
0.00010763563223670168
0.0004175648603260769
0.0006950697724373352
0.0006017944362991462
0.0003270369526357669
0.000364319721659867
0.00023472144606161518
0.00030347646254811315
5.2673749450386464e-05
0.0005508630513235296
0.00024755452268729566
0.00021643998642774162
0.0002593438615152289
0.0003951574685761035
0.0005515785486927465
0.00025333262039195167
0.00026853508845891123
9.953714175526258e-05
0.0004189420219074556
0.00046426663528278153
0.0003078562668001388
0.00027439283964483314
0.0005134358387590889
0.00019011723141346164
0.0005364035573153761
0.0001217526679792626
7.413885562204557e-05
0.00033685304217209646
0.0004804913844438129
0.00033781799261405597
5.3268971608403744e-05
0.0007011643600128847
0.00019462279179077957
0.00022510460742344719
0.00034258269397038167
0.0002572470324277844
0.00030425602790563395
5.972328353063246e-05
0.00022642816438643408
0.0003804998614087172
7.948903390169994e-05
0.00030819877356551734
0.00011967071031469079
0.0007886017326824095
0.00025569970385292074
8.0428645515841e-05
0.00020861985255245287
0.0003378160396459604
0.0002044104701974713
0.00014319678604443094
0.00043562323902111535
0.0010549204324798822
0.000730663393733713
0.0009446159693607581
0.0005759120999701538
0.0005218702301145636
0.00012995281837633137
0.00016519163896721946
4.610154702308372e-05
0.00045939718871660555
7.843106569802986e-05
0.00036667145984711324
0.0001668035007104867
0.00043988010093428716
0.00031670313622706277
0.00011398404912898626
0.00019604742373602479
2.5725412205192646e-05
0.000248802241196899
0.00016549348791950751
0.00026746950185309597
0.00017443901983248654
0.00017852079852169868
0.0007959126366017191
0.000312241128939134
0.00011723326959099533
0.00018236864062518227
0.00023133821937595703
0.0002674871026145089
0.00024585649168492674
0.0007035630346136964
0.00021122364179836377
0.00013651666147487538
0.00045086798321181305
6.368017992150512e-05
0.0002191146996329184
0.00017350797372312564
0.0005071916920132481
0.00019611910289329281
0.00019887842020774744
0.0008007188111385955
0.0006406833850467474
0.0001058312619169348
0.00017512989692900912
0.0005783321239085994
0.0002727198461238519
0.00014839936873219946
0.00017901860762743028
0.00071409991369759
4.7340319306440864e-05
0.0007785453661518665
0.0003051517834706391
0.00017965244451959093
0.0006838638458918448
0.0001804577208388209
0.00016899565395227467
7.149181821727891e-05
0.0001345550447214643
8.09985776859839e-05
0.00040673072044242306
0.00021773159417690715
0.0010678470112242054
0.00010296761540245795
0.00041668993717590565
0.0001824069002834053
0.000620043457432189
0.0006156944249151942
0.000155845307023874
0.00018168273134279957
0.000475401824315846
0.0005662076827005733
4.919690045005409e-05
0.0001648388332542101
0.00014722000795658503
0.0005097749934290888
0.00011790960852633768
0.00016563461940136853
0.00013622523058610443
9.586233867816819e-05
0.00034650641754839615
8.63584737626377e-05
0.0001524108644656834
0.0006673340477916544
0.0005485392250980977
0.0006217476505902747
0.00015280006395857197
0.0008611383382306885
0.000274438449181849
0.0004166897128144907
0.00018007141109688157
0.0001636266919556278
0.0001711720376013696
0.0010496794482680383
0.0008139748282488851
0.0002297871175789562
0.0008248693954789555
5.3365311901438096e-05
0.0003298920105712572
8.819888023193243e-05
7.169256320554561e-05
9.621240634953767e-05
0.0001514213030149159
0.000315376075720325
7.691297857228287e-05
0.00032239797275324263
0.00040795629174735285
0.0002817213857305669
0.00021009776373015897
8.157309676527689e-05
0.00037735735522750283
0.00010795812249138916
0.0011789024669860142
0.0004893885338537157
0.0002287731228311702
0.0012844806215203044
0.00013688916589772336
0.00022781821165352448
0.0007750878842793834
3.02040975356115e-05
0.0005691457721243088
0.00010214162033416443
4.9931889506508476e-05
0.0006563477518647209
0.0008377633426960528
0.000407358243620149
0.0004715885468666811
0.00028460586238246866
0.0006096250531139307
0.0001047738719183704
0.0003257288684506803
0.0002039488264025063
0.0010311248765847649
0.0001079182078430376
0.000190182395460789
9.232243412764924e-05
0.00014410990408454105
0.000336585150191112
0.0002080844921510716
7.53068411911707e-05
0.0007604916209753924
9.830130661847518e-05
7.015261186908139e-05
0.00013056764590850772
0.0005851185703716504
0.00012214633102575217
0.00028151904321101337
0.00047169041343623683
0.0001623201641613165
0.0001715189560513209
6.498896160961752e-05
0.00028322065147759777
8.188196111337427e-05
0.001528177313994134
0.0003315796008684157
0.0003264038729647007
0.00011844082327181597
0.000320595897187864
0.00025590479502819394
0.00017528970878308213
0.00021514930434186444
0.0004678774496269083
0.00016749005528149857
0.0003129432455692123
6.506651884979321e-05
0.0006744653849526432
0.0002498144202133201
0.0005161356421458098
0.0002281362337566089
0.0004414508589126982
5.9206554303838346e-05
3.351859999675619e-05
0.0003412098705887978
0.00014266458560892206
0.0001887828275417515
0.00020760063811991068
0.000224762112656961
0.0002207413515553122
0.00016055538255807896
0.00011153041134349389
0.0007890940069643654
7.348559916216962e-05
0.0002978748769654551
0.0003194074676548627
0.0002036631320644445
0.00034824761982976243
0.00018413589916184902
0.0001759404397557142
0.0001588937120798078
0.00015534681293323245
8.396318883194786e-05
0.0007175901288555211
6.239668165724831e-05
0.00039141374659256594
0.00034299206501091573
0.0002334089842292414
5.728793091779306e-05
0.00015984229814545168
0.0005996041260255843
0.00021742926796008418
0.00030681476834734965
0.00014395434182185572
0.00012525129580254747
0.0002673940639300622
0.00016837162927376236
0.0002907678340436009
0.00047752687959159415
0.00013416159149442158
0.0003850303439177608
0.00044514166013026385
0.000368445632109886
0.0001136098929644719
0.00010583242143921634
0.0003156787542267248
7.681979638502208e-05
7.14018746189972e-05
0.00018883477753484123
0.0004534683777984525
0.0001536809642303729
3.996270738266546e-05
7.143232587086228e-05
4.5554984552180436e-05
0.00013045705047032426
0.0004949983015899302
4.556536713961486e-05
0.0007747350539410495
4.732170432907296e-05
0.00021104439286898246
0.0001578339601371391
0.0003080366797529623
0.0001837686342265465
8.693434867196449e-05
0.0002953806215268847
0.0005148580120007144
0.00012171841236169988
0.0004630672158236467
6.288209684824447e-05
0.0003975619866956883
0.00011929103546426214
0.0002188448340151599
0.00041838554840153535
0.00030690077204324843
0.00016820281138871248
0.0001330582325272518
0.00025323069994396554
0.00018849325535703413
7.190758193038055e-05
0.00036411402609586523
0.00018136245077198212
4.503769002898569e-05
0.00019905008644144654
0.00027779557438897904
7.818180228598227e-05
0.0001813535647420915
0.00019659281737803184
0.0001320757822529839
0.00043776836580590065
7.788299307997956e-05
0.00019982897515039689
0.0003161890974495007
0.0002531694471437947
0.00012950108199299819
0.00017529314761975266
0.0006262823783647318
5.576440044223195e-05
0.0005059799662585
0.00010051741206259608
0.0003976889845131679
0.00015833226685127257
5.205429981035608e-05
0.00033734864796850953
0.00010202174460452272
5.5852893144485284e-05
0.00025040357736617154
0.0002760350650858634
0.0004561930644905273
0.00043100248026537206
0.0007336794160430146
0.00039436600771913577
0.0001634642346644912
0.0001561732122293474
0.00017477858736882299
2.2926092619692e-05
0.00014692631314201026
9.664087414979927e-05
0.00037063893055799493
9.485413166142034e-05
0.00020542586398384355
0.0005100337397113395
0.00016253331557593558
0.000138809848717585
0.000489749162154923
0.0001054577004926263
5.849631674336301e-05
7.686085425006318e-05
0.00010197052236758631
0.0001214458410954521
0.0016706999896511927
4.272435597200929e-05
0.0004126590769416879
6.0475986886823584e-05
4.193698962186573e-05
0.000219168944910227
0.00014436558153884513
0.0002335298590628552
0.00012026343502099279
0.00035960663601600966
0.000381796982343513
6.088161450985633e-05
0.000778656961467476
0.00025252525944766704
7.636282348409927e-05
9.029945457732146e-05
0.000203476781316696
5.788285017275825e-05
0.0003856298222145027
0.00013990052771614895
0.0003485791239278173
0.0001475384888231168
0.00015215191396964506
0.00041239343289001484
0.0003167872959552055
0.00015360927278736344
0.00040566806914001514
0.0011145278344413824
0.00020549941403524057
0.00010485908216543572
4.511988012112858e-05
0.00016013784150247635
8.518738589485713e-05
0.00047551299696260826
0.00012224771908448165
0.00014192142843247825
0.0001494432197560819
5.072277576649543e-05
0.000144001988269975
0.00020179128444414214
0.00017951657426476002
0.00017711318730825984
0.0002704659995846022
0.0001890115024070831
0.0005227350741325237
7.772798245205188e-05
0.0004237809373695914
0.0001924620086943738
0.0001777655038584473
0.00022335221658767974
0.0002679015974997316
0.00021575156248086088
9.041962195693229e-05
7.542862962406641e-05
0.00016374877345010292
8.21586470122735e-05
0.00015898070032192428
5.1681789165002994e-05
0.00013078765528307316
0.00039069348712044886
0.000287276570209553
0.0002462312698951762
0.00017268284025984964
9.734051458902639e-05
0.00042447176214642946
3.7906020817494246e-05
0.00023263073998384758
0.0003471563378657892
0.000653870101900431
0.00016832249036697095
0.0004116814902817322
0.00014910326854125722
0.00021454228013273536
0.0004008289281159354
0.00014154437112195414
0.0003963052329268252
0.00013629899324269062
0.00011804797911970075
6.283880950186139e-05
0.0006958081283395883
0.00028692984085761623
0.00036763382717952347
4.314862273549269e-05
0.0003053963633943011
0.0004044879984904595
0.00021040549746174426
0.00047290317094873417
0.0002740566196473204
0.0002798252605428343
0.00020007633816820786
0.0002227539190811012
0.00011119270102165201
0.000504388023358189
0.00018289052200674808
0.0006446299581048442
0.0004069781303310837
0.0002591051508819967
0.00019917051794931607
0.00013642602321893934
0.00037207007703001356
0.00047715734992540985
2.874710597367808e-05
0.0009819514230535909
0.00016984630444971183
0.0005102709009633176
0.00010007432297954665
0.0007127685819699899
0.0003727475718310229
0.00021532109410266797
0.00011970336585342887
0.00023230166388521205
0.00025789993508603743
0.0003233022904243892
0.00027296089708559644
0.00035230901976113997
5.563114262667118e-05
0.000396507390617022
0.00034839641274345514
3.730890391294983e-05
0.00039743722430769226
0.00015373753412551526
9.308771212101188e-05
7.78767556604181e-05
0.00011751296111634803
0.0001431874841300866
0.00017657565985414322
0.000445739189143332
0.00037677110754879184
0.00028808965889171723
0.0002632762116108567
0.0002455030452140081
0.00036232332790799016
0.00010085191903868733
0.0004071204630883745
6.407189603796024e-05
0.00040236203334431317
0.0009651863876622059
0.00011004888549216603
0.0002861492660335178
0.001063438569909419
0.00029617717070280764
0.0001444103246535824
9.771478718230444e-05
0.0004469832365788443
0.0004964488306682293
0.0005013227623801973
0.00016768439140669108
5.5429790039439814e-05
0.00027203649713758524
0.0011469916111500281
0.00011342148095269944
0.000445625804566493
0.0003116753715388292
6.768411250201433e-05
9.764847414251217e-05
0.00013576367533403545
5.3402341529933425e-05
0.00033149371467109133
0.0002979789774538333
0.0001502452244158658
0.00017461455262047238
0.0001576969659863571
0.00013033786653113123
5.689799347271651e-05
0.0002583723365928416
0.00011405665874077141
0.00019235290661322424
0.00035868205970955363
0.00028251496314177086
0.0001428398065306495
0.0004143717892102758
6.388174970982366e-05
0.000181479218991881
0.00014055935329956184
0.00019005982003567317
0.00016714404470271612
0.0003338338752718699
0.0002779668135617072
0.00020968311760136273
8.18246671906689e-05
9.61868880308363e-05
0.0004643172538519188
8.129360532378821e-05
0.00015912792390804077
0.0002609588702650963
0.0003551284290223884
0.00021355555081727673
0.0001021642900381243
0.0002360674333563124
0.00030482919706519614
0.0002012934405863292
0.00040955584898174735
0.0003886496825206903
0.00028034107820797507
0.00023750121618049466
5.7109437624919164e-05
0.000166883247038671
0.00028895197724908126
0.00021799762317223026
0.0002995138735288953
5.75562918912542e-05
0.00013234986146654638
5.447654732360967e-05
0.00038861670362880127
4.654280555455609e-05
0.00014991179191035036
6.144405095012475e-05
0.0002704403868607547
0.001732694045042839
0.00011289857052789992
0.00020020147807646977
0.0001801730828260087
0.0007648651241865062
0.00021025551772178885
0.0002461061297707136
0.00017173383790763835
0.00014116612014330386
0.00015301257704190325
0.00041747145509474156
0.0002659631946949607
0.00013428173881204297
0.0005041041153448786
5.3246887829456564e-05
4.451617046991412e-05
0.0002591581208884737
0.0003337488355320096
0.00048035267849854985
0.00012182180351095159
0.00022171211243772492
0.00015793078557132777
0.00016383770431669753
0.00015084943172526312
0.00011807672965622911
9.989917012498571e-05
0.00042753861025653805
0.00010092083903366164
3.946892326008823e-05
0.0001477059913133166
0.0005997808855793977
0.0003518316244255297
0.0007541021260408814
0.00017520699225383602
8.322535336779976e-05
0.00047888256257701397
8.768585296013687e-05
0.000202990391068215
0.00013208586262053936
0.00013672117829885796
5.3385347821515904e-05
0.0003149113649217117
0.00033434403451613163
0.0005255042681684139
4.111049940539985e-05
0.00029084621179150956
0.00029154107714116496
0.00010842841037000215
6.721546571271702e-05
0.00011499292241457221
0.00031379291886120345
0.0003072864618444266
0.0002861491448167079
0.00013555209870812505
5.8351402821095827e-05
8.990940668646666e-05
0.000170434296394336
0.00013796490074977267
0.00016621697124836823
9.528615066241185e-05
0.0001884582253997962
8.276036212141222e-05
0.0006416799526460546
0.00010888650272394365
0.00012049998481300698
0.00016607593183183192
9.230590310103686e-05
0.0001683565237326593
7.492528748209932e-05
5.712338652419179e-05
4.645551298959416e-05
0.00013821132137280603
5.672648108438409e-05
6.647658020750577e-05
0.0001654294314281785
0.00018100796667102313
1.993786788641382e-05
0.00020403071050529412
0.00016535525888832314
0.0006366173875848854
0.00014891455909674784
5.966197647095819e-05
0.0005777861136339105
0.00011054976888458458
0.0004337611166274964
0.00022198334718637013
0.0001867235235796812
0.00013788269175078128
0.0001608295819369095
0.00016993938827872975
0.00019885557722893905
0.00015910467363995534
6.730868153980407e-05
8.940815026693874e-05
0.0002032664975462995
8.347744968008519e-05
0.0001446325388408969
0.00029628621018383994
0.00032837804200168977
6.239279619793364e-05
0.00014514991679936105
0.0002423604455622898
5.840182278753274e-05
0.000451645394223911
7.601656478291072e-05
8.592809716508737e-05
0.00015270169604531743
0.00010055974181371791
0.0001795342068648184
6.145026963674214e-05
0.000654878021456924
0.00034646622372592074
3.220140591957129e-05
0.0001381470874581514
0.0001981114167227932
0.00011546552500199772
0.0003140614197152542
0.00012026642037172761
0.00023172510633155422
0.0005769999966892411
8.256149934340451e-05
0.00017269213165270456
0.00014333354553469296
0.00024594545931045866
8.60690980478613e-05
0.00020434362925043028
0.00017062680368878206
0.00013086988731186204
0.00024944578660476586
0.0005165600077412241
0.00019779368701380818
0.0001370433534783046
0.0003006309913343286
0.00018336961021929893
0.00020241985942390247
0.00016534276153839275
0.00011439926456641705
5.755440787526747e-05
0.00019952728421179412
0.00010141686301265347
9.846422222327962e-05
0.00020487812666178317
5.08365076333833e-05
3.722050448099383e-05
6.495495621088802e-05
0.00010078659540336799
0.00022940865977340058
0.0002140614583893885
0.00018111786668064338
4.1885819710689865e-05
0.00010041848856453345
0.00018977494233212257
0.000253940572563733
0.00020659724580350183
0.0004726408484376184
0.00014580974856139307
0.0004699795747072637
0.0002245159829150685
0.00012191951194966957
0.0003637292842789907
0.00032669838742677116
8.400572210002929e-05
3.474068643393835e-05
8.852906435938088e-05
0.0002767211081119149
0.0003508728394905582
0.0007587865065190904
6.883125198764254e-05
0.00022019014964029282
0.00018019106383096692
0.0001625069427932212
9.481794027675131e-05
0.0002137304773142698
5.4658221204699256e-05
0.00023396824963260813
2.9958320977530003e-05
0.0002312807325967704
0.0005808627320488489
9.716407390633096e-05
0.0001404716249179653
0.00016408401221832073
0.0002415398982202659
0.0005587586526697444
0.00023362742709067617
0.00026449996054941883
0.00014079611385430584
0.00020269550406788305
0.00015533985373464165
0.00017382620048454162
0.000379827708565621
3.994423728697793e-05
0.0001605340306912795
5.268114172321159e-05
0.0004801120551256659
0.0002735978245578467
0.00011917111088805468
0.00018678285385898197
0.0003105269741378566
0.00017711997383691963
9.655896296300601e-05
0.00016624131502494257
0.00012362043890644728
8.93733982546554e-05
0.0006367989523818269
0.0002690470747886917
0.00011354793722071202
0.0005135315115249209
0.0004153645982518075
0.0001617833633787844
0.0002631059395408563
5.698747529788835e-05
0.0001873509913235648
0.000553218886802377
8.036439569608642e-05
0.00035509676176347376
0.0004970352739679439
0.0001662508871214805
0.0006932591854384237
0.00011351110103636541
0.0001668995473049822
0.0005331007541508699
0.0004947495008758125
0.0003133793370448026
7.96118312059051e-05
0.0001642733868423931
7.104778644604422e-05
0.00012486890618954271
0.00034061619880669335
0.0003314613405814427
0.00013267954039497524
9.268785184392334e-05
0.00011572376824437156
0.0001992064949937196
0.00011309781990985341
9.471588667945668e-05
7.312856220924686e-05
0.00023289973305154943
0.00016207557843269564
6.44554051131015e-05
0.00016876052576979964
0.00010378175122115785
0.0001760938569774311
0.00019535025725591447
0.00013014429107515937
0.0005288240038022997
7.901887925299037e-05
0.0001772809621826227
0.0005888370857196803
4.946571010094418e-05
0.00039343896608446614
7.599657465929995e-05
7.530208206661527e-05
0.0002487346728074142
0.00024231671904574145
0.00012145940273657849
0.0003272096913729005
0.00010909365478399241
0.0001588299041164242
8.075574136612693e-05
0.00010238552397994583
0.0004762817994948875
0.0001540377622062126
6.518282429962346e-05
0.00015169677691778306
7.959185447790872e-05
0.0002243927151421313
0.0002715913867440457
0.0004462442356169938
0.0001871118450097719
7.854318301454422e-05
0.00024767827191462486
0.0004163151203629421
5.8237938385838934e-05
8.909638333939721e-05
0.00058641284509059
0.00018786834044348064
0.00017210585404574033
0.0006702496874660516
0.0001793719917772013
0.00014642155643664317
5.943072418508694e-05
0.00012704434910932634
6.930408776062196e-05
2.966116153978998e-05
0.00047232663354229346
0.00011569618405302573
7.014788593713574e-05
0.00010818318550731111
0.0002521889381257073
0.0002568689707391508
0.00012352893564853822
3.781406626768886e-05
0.00012105701160326722
9.20950002995838e-05
0.0002712525162450191
4.699925437286667e-05
0.00010524024667365118
4.989873733714897e-05
0.0001709460434144182
7.161822910108183e-05
6.736473678034973e-05
5.153133221109264e-05
0.00021218165525944963
0.0003996111702697629
0.0001237467399572949
6.712702031411366e-05
0.00010354347884364434
0.00015192331143915123
0.00020751448415176878
0.00026201123766876307
0.000257955990926607
8.260053728130263e-05
0.00011366915558993686
7.402550035803719e-05
9.065568002149414e-05
0.00030833671219692045
0.00042743894053068305
0.0002156605883921943
0.00025770383413568714
0.00010038577721098262
4.815935473231624e-05
0.00011743850769421949
0.00015780904567788595
0.00024651115510830254
0.00015438674630995715
8.963093113466892e-05
0.00019964330783606317
0.0001882619286531286
0.00026514316931472887
0.00010730175937667223
0.000542662804853995
0.00010377180402699336
0.00021810908973814256
0.0001302542397474152
8.938770346563499e-05
0.00010558396510827998
7.058681007895219e-05
0.00029578848414886874
7.156058379150986e-05
0.00015165744147943792
0.0005657428172660027
0.0007458559553718264
0.0001093540044733584
0.00020762331190534453
0.00031467079842927026
0.00023238867296638448
0.0005378742804667333
0.0005995461242660695
0.00029469357107625086
0.00013241416650662798
0.00014788937099612754
8.042193301275424e-05
0.00023256669767566268
0.0001578403550054075
0.0001254580855732758
0.000168677989197801
7.61497917705877e-05
0.00017452523681602542
0.00011396672073534964
8.152098377735707e-05
7.797223050396122e-05
0.0004097009356982147
0.0001011167823758709
0.0001253113208943259
0.00048483265792347095
0.00048023754124219527
0.0001186369859758146
4.913756425256667e-05
0.00014516904217987318
0.00017417348553700328
6.793823509376157e-05
7.276185389944965e-05
0.00010725869465129621
9.914470664496817e-05
0.00016333299293130787
0.00014433453669881132
0.00014583722937083413
0.00014742769025031288
0.00020388755010827998
0.0001308695304697051
0.00047151984350336535
0.0001250603801250017
0.0001280307264217074
0.00014433809448929178
0.0001598997951918089
0.0002488291606230356
6.421008824070636e-05
0.00023425804675951503
0.00015198682266963034
0.0003132407101202903
9.645338768258703e-05
7.066889296053379e-05
0.00013667464069184573
9.965737407630316e-05
0.00011183904575284945
3.099687256735101e-05
0.00019195461541495916
5.542882215860598e-05
0.00011073459026544599
0.00011292150207448619
0.00014895228906596576
0.00012568563637204558
6.797076719485113e-05
0.00018912690697166904
0.00018742696360497856
0.0002129772996663036
0.000242471244731624
0.00019810591636580096
0.00012045200213068634
8.244369522845038e-05
6.0686848015346625e-05
0.00011428166157124257
0.0001058302258331387
0.0001944257389049814
0.0001492345546490479
0.00015986415995996738
0.0003650972475862926
0.00016344852343733323
0.00011217052786766666
6.958674998613527e-05
0.0001541521174069362
7.395833972629126e-05
0.0001227697954221968
0.00021755023134389757
7.000910828467329e-05
9.900386262267864e-05
0.00039456995536479503
0.0002119130965744409
0.00014037027685390033
0.0001291234998304183
2.7582572229982255e-05
0.00029226785102607223
0.0003881777539825179
8.764673926527882e-05
0.0005355318278773682
4.647656257101932e-05
0.0001681133936682123
7.34111453002645e-05
0.00014642870418670798
0.00036464128251077933
6.0579711398259674e-05
5.1993484809412784e-05
0.00020263461882440018
0.00015225729611893443
0.0001539604648613928
0.00010731736639025389
0.00020606866476865425
0.00011818476240361584
0.0001656247784008859
4.631258471370986e-05
0.000542395216760766
8.775951450106068e-05
0.000124369550204915
7.483356051943782e-05
0.00011374795649103283
7.11118698086378e-05
0.00020128038866005984
0.00031652116243212006
9.455587973457965e-05
8.220659427439095e-05
0.00019708918483944563
5.7918620438700724e-05
0.0003466693633453725
0.00014383304257303305
0.0001026541682386861
0.0001824371734909316
8.074659176283391e-05
7.937716415316562e-05
5.504593005251125e-05
0.00015920025807798836
7.815472084154539e-05
0.00017301276139557786
0.0002849929186080176
5.1391400299680274e-05
6.561328976927606e-05
0.00023563955642077453
0.00019611971354234896
0.0007360233907425782
0.00011087960407973042
7.892418310268099e-05
0.00011909049068819296
0.00018803663339920325
6.0962109316982173e-05
8.309956912084008e-05
0.00026834720874756405
0.00022854381560306352
0.0002524758330510412
9.34034589933807e-05
0.00011546091129011297
0.00014625100392613816
6.830835368500358e-05
6.638483041943997e-05
0.0001219269883333857
8.217483343931347e-05
4.295994212865044e-05
9.431745200449087e-05
4.6984907517623823e-05
0.0003134297347943132
0.0001123909679827639
0.00029725448500893454
0.00019350399247846994
0.00010481939951763596
0.00026521599256083573
7.648161053092187e-05
9.390650488735895e-05
0.00036197273083568343
9.454911935679199e-05
3.936164557036355e-05
7.981712267643682e-05
5.492816735081943e-05
0.00016480570106661206
9.801149075248576e-05
5.52077880043531e-05
0.0002092457330512948
0.00010015868279374908
0.00012651269576816616
5.770342646190028e-05
0.0004642443691357479
0.0001889825203294563
0.0006299316848423874
5.143565780851978e-05
0.000183152828709959
7.603062771594915e-05
6.891098921697426e-05
9.005750372828303e-05
0.0003603670192998757
0.00021826217425779295
0.00012259499250122396
6.537259032075523e-05
5.2615445965331806e-05
9.072895885247954e-05
0.00013954857701931045
8.968329051718857e-05
0.0003353695056284676
2.639621160760109e-05
8.809379493984428e-05
6.76393995164402e-05
0.00042575326536301245
3.799301869628438e-05
4.750727120480508e-05
0.00015063641958313497
8.832187600221815e-05
0.00020506433280409732
0.0004804371668139548
0.00016028103456462703
9.356020296370957e-05
0.0001056555726447609
0.0001291646795131785
0.00016707153564684692
0.00035884720701743594
0.00010630345747572
4.6495795473347296e-05
0.00016874560601450695
0.0001885282313045973
7.939753985388379e-05
0.0001263775600423918
0.00017947855773511594
6.832973641966282e-05
0.00010482165635896926
6.158150491462853e-05
8.103462627925652e-05
0.00020070275120646615
0.00027126548276255717
4.078227536357528e-05
0.0007363816279528057
9.651275949458878e-05
0.0003568638755475725
5.584071984307836e-05
3.235310782304964e-05
5.102122039997079e-05
8.794353356957173e-05
0.00030176523924041845
0.00024178948802761716
0.00021982207734394068
0.00040614664996338956
0.00016288880486855728
7.001826578084164e-05
0.00023739192902523515
0.00010944305823524275
0.00013890064358755512
0.0004782107666983255
0.00012409296266086765
0.00023766233741610323
0.0001048487443777384
4.7754284502798155e-05
0.00016734407382245267
8.275797950483383e-05
9.852484693555587e-05
0.00023391457258372845
0.0001428469940797837
9.80533656386665e-05
5.237553587390545e-05
0.00011468013279817145
7.235243873675212e-05
0.00015515110704632316
5.4710116119635e-05
4.925456714898597e-05
0.00010474089192751588
5.8982425153080485e-05
4.148151462141923e-05
0.00021511823368879703
0.00024187988199621165
0.00011902412477876704
0.0001366452637633897
0.0001063998342196206
4.078163619351388e-05
4.620450126102452e-05
6.160243284167686e-05
0.00034505638698958263
6.992122853384103e-05
3.9547940014793645e-05
0.0001059129368867904
4.9462221853041724e-05
0.0002721741977656447
0.00040912111874202904
5.298516284521162e-05
2.5959778934902805e-05
0.00013703366887054082
5.063030202828923e-05
0.00016538845617125074
0.00014320244143319419
0.00019657577498285748
5.291202099889996e-05
7.082830064040727e-05
8.119492112730855e-05
7.590229722014823e-05
0.0005294958267908591
9.778752586636679e-05
6.999257978961999e-05
8.630510902791141e-05
0.00011533396246428129
5.9995119983448474e-05
0.00011628292574441287
0.0003777256244168317
8.819961257139278e-05
4.5112607040234355e-05
0.0004468210739843355
4.411136011279015e-05
6.985837639185912e-05
0.0002459612114813996
0.00011225652657043576
0.000325418771155694
0.0001059316316838479
7.946947051760352e-05
0.0001647739620088856
0.0001020594882470581
0.00012968340034145428
0.0001287215639169372
3.4695027203023856e-05
4.829358058360847e-05
0.00012220531612038607
3.643376998397296e-05
0.00039550878688286305
0.00013101151936495582
0.0002181113569980417
0.00017325904123801465
0.00022740371978792112
6.850868950037323e-05
0.0005652653623858934
0.0001274235525526554
8.631074196642335e-05
0.00020943684491640745
0.00010022446566449279
0.00010021367400937826
7.143183392684568e-05
3.7090857623047895e-05
8.230039617950954e-05
7.7070493456172e-05
0.00010862718544030373
9.52175252942993e-05
0.00010076475826324185
5.9737173993916233e-05
3.936376935873249e-05
0.00010561228895955426
0.00010063755788472902
4.615510808798825e-05
9.445261232056063e-05
0.0003407019687013849
5.9178332869569055e-05
5.7056470814445255e-05
6.805263225156238e-05
6.732115114227041e-05
6.12661053027404e-05
7.458347857799065e-05
6.42205719964391e-05
0.00011254650995978484
0.00015090714668831854
7.252876309619507e-05
8.295844526080097e-05
0.00017754447574774078
7.288834724587944e-05
0.0002562999796376282
6.982143471225119e-05
7.301413731841496e-05
8.759080078367774e-05
9.841290621344163e-05
0.00014765692545889498
0.00018223423032768995
0.0001061337397660429
5.4624466441239756e-05
8.319318131085567e-05
0.00035080266456288947
3.938434847624463e-05
0.0001394811217732508
5.245560597164485e-05
0.00018581214420670418
0.00010555090818937848
0.00011700339437878244
0.0003355157677681116
0.00014371817797210166
0.000102083389136885
5.236303980629268e-05
9.336683652057491e-05
2.7600509444877065e-05
0.00010305990791974923
6.205202936224314e-05
9.555858353002083e-05
0.00033450866702585996
0.0002487848001033088
0.00016083515128209765
5.350445492527921e-05
7.748625364951491e-05
4.114117939735559e-05
0.0001579180849367765
9.556058508675471e-05
8.147701079955334e-05
0.00010751522383127093
0.00015116098706748117
0.00014706351678830959
0.00012572175636768325
0.0003842028674212767
0.00015801411865554694
0.00011499097998992984
0.00030389529311907994
6.688335538045657e-05
0.0003478394644448551
0.00012783411505803014
0.00018046985729317674
0.00010395413590204583
5.5034135866243076e-05
0.00010158485892703377
9.911109555915066e-05
4.1399016106306035e-05
0.00016628787836943178
7.697086006249547e-05
5.169412230915127e-05
0.00015010040165110554
0.00013483815743223467
0.00012978331796250793
6.03603561549946e-05
6.169915214108927e-05
5.3243062706187856e-05
5.406237168903778e-05
0.00011287910461168005
9.874632821157706e-05
3.633758512112969e-05
9.859150340257748e-05
6.760644419667261e-05
0.00011043969431621691
9.255883584691046e-05
0.00017421642759265775
3.470285818767319e-05
0.000986292908033485
0.00021441261309250223
5.646225181171637e-05
6.240451092833304e-05
0.000306178182351514
0.00017990162128693886
8.660484336754625e-05
0.00010727199247140353
3.6266406818302734e-05
9.330146841562041e-05
0.0001472882091873547
0.00016982449012056821
7.599919141370196e-05
0.00015442716088738474
4.501514686758631e-05
5.387387912973572e-05
0.0004384438139768896
7.001210704440903e-05
5.044549816005309e-05
2.2199157491134746e-05
6.291287273470235e-05
0.00021050768959020842
0.0001217944425369613
0.0001334395350517843
9.864863059495663e-05
0.00011337681609042231
5.807869773281695e-05
0.000114373534009007
0.00011686175632899698
0.0001930842677197445
0.0002521561670527912
0.000173984924465029
0.0004919781511074213
3.8633032296590045e-05
0.00027642782872542947
8.111054494594391e-05
0.00013745506096037418
9.204633665841391e-05
0.00018347493746507113
0.0003584440873080272
6.625325826878508e-05
0.0001468135052063842
0.00011541844133345859
0.00043460651743893277
0.00015555747826798862
0.0002948591472993842
3.679195604330891e-05
4.1729982645984134e-05
9.184707508949917e-05
5.1151451561306067e-05
0.00021532514788844613
4.547856531113196e-05
5.706260670095117e-05
8.999536923148975e-05
7.685434764944956e-05
7.059149294753671e-05
9.687630166494831e-05
0.00010712912053232355
0.00014809479267173867
9.517561128041123e-05
9.917969724520753e-05
6.986402622520276e-05
9.079895435075548e-05
0.00015496049697548758
6.945673031685272e-05
0.00010182046960949114
0.00017155333833768888
0.000130586611880527
0.00018746284232240567
3.6287274349434914e-05
0.00020293063782601592
0.00011840516067212281
0.00011206197157501182
0.00013513887546073023
5.2810530360938744e-05
5.835990198365838e-05
0.00017028702687957656
0.00013549585137422366
0.000104383640075089
0.000307175706439753
0.00015572738303258076
4.0911686785812725e-05
0.00018822108473182643
0.00010287737987385222
4.01632747840973e-05
0.00010026446540057893
0.00025573174559515054
4.689312590777633e-05
0.0005391481520211246
7.283458389466951e-05
0.0002738137809132125
0.00020236032610402362
0.00029404008906963814
8.010058875132908e-05
0.00017782441861834443
0.0003193122386786695
0.000122667722753787
0.00019504526645792333
6.94263371181678e-05
6.330409419601423e-05
0.00039132256712902337
6.397354016008552e-05
9.050481950044759e-05
8.175086806397116e-05
0.00010173751731464661
9.242810048075486e-05
4.983412713734223e-05
0.0001560788148506242
0.00019854955699759368
3.84419428309463e-05
9.197771927645666e-05
7.75521488801091e-05
0.00010928385611617185
0.00011039591483940309
0.0001890483287401116
0.00011571629860672974
0.00012829865067651142
0.00011048035531249217
0.00014382833271656166
0.00011150623657419659
4.019781715312322e-05
4.178146606552226e-05
0.0002576967905609715
8.818724199583295e-05
4.5138597237712756e-05
0.00011899386372076714
0.00010614739331975473
0.00011332693593200493
4.808405627687041e-05
0.000141761347402791
0.00025522201500192883
0.00015823194492489045
6.883272154515053e-05
0.0001124314202703379
0.00016263211617502317
0.0001105204103963855
9.135617231847928e-05
0.00012040450756015426
7.091118084628597e-05
0.00012607109312308558
3.348022979574925e-05
4.474759385472953e-05
0.00019112455599469674
7.677486791723177e-05
0.0001544444183479129
0.000133255703668299
4.910038759005911e-05
4.797716516336613e-05
0.00020637392043285725
0.0001819029606424529
6.065701593011129e-05
8.731337971754884e-05
7.796155287255214e-05
0.00020113495864147304
0.00020111243589441844
0.0001147488886517343
0.00013788558304001508
3.8513473971230335e-05
8.297833821298011e-05
0.000261165277378865
0.00027849511752046094
0.00012767340609599203
0.00030737519954420687
0.00016101442031530948
5.85659603970662e-05
0.0006227769533413456
7.956087593305824e-05
8.182598794176112e-05
0.0006425200088928452
0.0001811069063402777
0.00014706022165193353
0.0001673987084068038
4.358660929052644e-05
0.00018401216677737774
0.00015907010930845192
5.046033532506736e-05
0.0001382523333506923
4.182944422470296e-05
0.0001837805191503828
0.00013158356075971381
0.0001076902571289914
0.0002439119682873484
0.00014904281722865131
0.00011410049195230417
5.2281888240820424e-05
0.00022896750653127835
0.00014641166317703463
0.00034777502370191666
0.0001024243955553994
0.0001699044833297987
4.6636159601628116e-05
9.322243821752056e-05
4.208818994666729e-05
5.7071444148097826e-05
6.972906910835734e-05
0.0001416891961319682
0.00013310769283687518
4.0364616186405335e-05
3.4536269226806216e-05
5.460306481987383e-05
0.00017726574273717238
0.00011102841419825905
4.8872596371433494e-05
9.285773499206734e-05
0.0001129691458105385
4.9452980729854065e-05
6.66597983215971e-05
0.00011529741839612621
7.155416845343448e-05
0.00014727069359359257
0.00011250030199232462
0.00012240592562213327
0.00018018763298436685
0.0001127417782988944
0.00014817770456529862
0.00016882212176744173
9.040175201943926e-05
4.474477774183431e-05
0.00022292235887956289
0.00011451147185104469
7.079643909694713e-05
7.096323325893645e-05
0.00010440309838331787
0.00010193367356737458
8.139985642253419e-05
4.0822009716495874e-05
4.317419035510327e-05
0.00030317149417179065
5.939243273101365e-05
4.8809478925586865e-05
0.00013825676646133888
9.621643248200736e-05
4.490622047010075e-05
6.491342695641003e-05
0.00016066997789255312
3.7670199858468354e-05
5.921371938015707e-05
5.8919257807421254e-05
0.00012014041977026218
0.00010469701918182523
0.00013568640719412072
9.047457569161844e-05
5.845133636873003e-05
4.859318895773523e-05
3.532330026205893e-05
3.324301896472071e-05
5.975204585724799e-05
0.000147630364416072
6.371078450696465e-05
0.00020728628908323488
6.446816334332539e-05
0.00019719035668238304
9.933727285938197e-05
0.0005299874159123436
7.005747345357929e-05
9.256160669791535e-05
0.00027116843213721063
8.163273957504334e-05
3.0885871759689155e-05
0.00010585988625485172
5.591267328787332e-05
0.00017306197036923753
1.6106779636773344e-05
0.00012086162332392552
0.00023916937547218613
3.864221978175958e-05
4.080470599531808e-05
8.228187787468163e-05
6.239207752453858e-05
6.0930641480937895e-05
6.408971865233056e-05
6.237718784336432e-05
7.049468357262058e-05
0.0002122444990125191
9.116748095177797e-05
8.9555967020313e-05
9.144951953731443e-05
3.4925350217619765e-05
2.6063251062847254e-05
0.00010963088032759006
8.93618058240616e-05
8.094489734369145e-05
7.63928653371208e-05
4.7134997251576185e-05
3.2475022129714704e-05
0.0003073790637822769
0.00028669286341283245
6.575071341260708e-05
6.10445506477968e-05
4.993901066241473e-05
6.968969757022964e-05
4.7580639882424935e-05
3.599651379013448e-05
0.0003013059290533784
2.436045484821647e-05
8.127803110962635e-05
0.0001427985301565213
0.00010840709565446537
0.00017370079932350302
5.2922445850919686e-05
0.00024977562142103376
9.537406033864201e-05
3.711704712400899e-05
4.408778483321263e-05
4.066161166888404e-05
5.238362078963624e-05
0.00011567568317574524
4.553870213186537e-05
5.838382077579323e-05
5.5906830987488215e-05
3.569096548053675e-05
6.842970556346081e-05
0.00023969150796096826
0.00017519087816612435
7.884280670637493e-05
3.348637363724083e-05
0.0001286389543689539
0.00012987332876340346
0.00019731609840148068
0.00010605663251386217
5.755019830307954e-05
0.0002622940100097567
3.782057027067116e-05
5.084577046882569e-05
0.00012734401818920315
7.034802241790577e-05
0.0001045681183952358
9.744581941335341e-05
6.076296954410714e-05
0.00020953839469051622
8.447993243683028e-05
4.822064369067803e-05
9.999550793161996e-05
5.932368565549585e-05
6.786762588424735e-05
1.424729701130736e-05
5.731922573187139e-05
8.0943385666556e-05
0.00013617847484741137
8.051918100254327e-05
9.44826442569413e-05
5.069301950225173e-05
0.00018428548614385335
0.0009713700197560363
3.0164295344608688e-05
9.797628069223528e-05
0.00046537830384798775
0.00017728502543964348
3.8102601308071764e-05
0.0001575839010484026
0.00015999197977012355
8.637748205826134e-05
0.00024164101316512525
5.718021412051178e-05
3.650502267037777e-05
3.058907090195147e-05
0.00013472141972415512
2.2351061451558225e-05
0.00012673488880841506
4.583540904380553e-05
2.9708620599541836e-05
0.00018953108575411838
0.00018064106677294334
0.00010947307771286895
6.456511452438084e-05
4.270200015202915e-05
5.462489730161671e-05
0.0001151021119247295
4.928446475475384e-05
3.539419960293082e-05
0.0002475206524784028
9.747866911110398e-05
8.293838823469474e-05
0.0001625250963679072
8.037085984159267e-05
0.0001523596083583746
3.755688458489757e-05
0.00016270769124655847
7.459131575954074e-05
0.00015640443714679095
0.00023657126757111675
9.56370911365099e-05
0.00016952177731715626
0.00011294707827969759
5.5475416548691136e-05
9.07464495104707e-05
4.1750936520618615e-05
0.00011808300499615209
8.160639647523322e-05
0.00010965737729118438
0.00011216083380026154
0.00020619867417938432
0.00033807803376294915
5.533448809009166e-05
0.00012819742620489866
4.901395133250189e-05
7.3850813161808e-05
0.00016472072911269454
0.00010636996788823736
3.600565084260501e-05
6.329889659434337e-05
0.00011805058435958182
8.792060017534529e-05
6.299367845038917e-05
9.759727614551961e-05
0.00010522371557111027
0.00021091491440452864
5.3002479622456224e-05
7.666832764506805e-05
0.00011833032706755907
0.00016933389331634115
0.00013437211700828162
8.805101382912114e-05
3.067058966269079e-05
2.0950841003720567e-05
0.0002251606453607444
4.4775259105731077e-05
0.00014326912292606994
0.00015058557668981565
0.00025580774037191274
4.758788030746118e-05
7.289016967453826e-05
5.623800026382479e-05
4.022743818643058e-05
4.2662514302427535e-05
7.207275506167499e-05
8.409371345876891e-05
5.289785971144313e-05
7.405613574987278e-05
0.00011922516873386207
6.64187527641895e-05
8.863681267210036e-05
6.250072856279613e-05
3.593139361063454e-05
5.666767626025348e-05
7.4216899809844e-05
2.7829092289349947e-05
7.57886975652958e-05
7.344179375915991e-05
4.676559191713179e-05
6.319818780375345e-05
0.00010487928293445592
0.00012288219985122714
0.0001195274841984906
5.7240978254192917e-05
0.0001292954109420054
3.2737775853796345e-05
0.00012351982661089764
0.00010655211781410345
0.00018295862398409396
8.83645657583545e-05
0.00027379372888036805
2.250444959641942e-05
0.00015521171849071057
6.64206706891228e-05
6.201800862640794e-05
5.0010761634708654e-05
0.0001012631512468484
0.00022754107095145854
0.00013408627757662315
6.347837372514921e-05
0.00010191185961819986
8.569136910316962e-05
7.345688779593069e-05
0.00016804108150277188
8.100698947682257e-05
0.00020122906450651337
4.0001192218504384e-05
3.4159437104548685e-05
9.794262886463873e-05
4.815854062280184e-05
0.0002521192121030476
0.0001577993523976022
0.00011221899625619183
8.01791467682589e-05
4.70078376727491e-05
8.463595559003969e-05
9.365172886631148e-05
0.000111090082665378
5.302122394964692e-05
0.0001011902073356339
3.848878644878932e-05
8.624249890306078e-05
8.961794804971701e-05
3.6207099862501244e-05
4.9241043511991846e-05
0.00016747806417162292
4.082578097511081e-05
9.329400070476194e-05
0.00010521828256688907
6.406960889525728e-05
0.00015057676318223876
0.00015145184378954178
0.00013104436835385244
6.121064343622369e-05
0.00017965388322116824
0.00017024272391890876
0.0001892191617031691
8.139822010535882e-05
4.8907849503381144e-05
6.111824567719558e-05
8.593574478904211e-05
0.00014365574459690542
4.734513466397986e-05
4.46932767705289e-05
3.3870606332297216e-05
8.97284875134664e-05
0.00014648035791741028
0.0001365086795320133
8.327182937900163e-05
0.0001611917058088792
0.00012208759276285055
0.00014349010717048497
7.919104102722913e-05
0.0001194580982606407
5.080500922390541e-05
5.483051870297125e-05
8.994446153300586e-05
3.944750994997733e-05
3.9907297457410844e-05
0.00028443710679133344
8.881240796014566e-05
0.00020140596288917254
0.00010848172414412702
9.694093439594006e-05
0.00018720207609517736
0.00013482716510114688
8.690948779859196e-05
0.00010490530480643506
6.111532470436421e-05
7.689672533525905e-05
8.698629073803658e-05
0.00010971985492245561
7.123393850109792e-05
9.574477621772948e-05
3.793248944933743e-05
5.297092611912647e-05
0.00011960857556150434
0.00010596170003626536
0.00016265877361414005
7.414063745044179e-05
2.7686309842409768e-05
9.45628748203257e-05
5.437445321560743e-05
3.7902734648811434e-05
0.00016394904328990965
5.781695951692153e-05
0.00012520147452650465
0.00010897806918467172
7.13877378549599e-05
9.0250927601313e-05
5.130433436903378e-05
0.00010547104503151399
4.0145545069318636e-05
5.818103486355217e-05
7.543368107348608e-05
0.0002605909049144287
8.605815635897347e-05
4.2489983971026226e-05
4.923943835547064e-05
6.591175205766784e-05
6.281827482215141e-05
0.00015009098579356605
6.0257233948397936e-05
5.664584093176741e-05
0.00034213461316940345
3.0050671147696912e-05
0.00014590166906252675
6.659961840582692e-05
0.00024288509196491518
0.0002062498839206121
7.329263324233117e-05
9.688694125131426e-05
0.0001318043894216952
0.00018720577219693527
0.0002703913895589819
0.00022398883939021572
0.00014543425274572634
7.59892044348426e-05
0.00023761900270764664
4.5492866930728164e-05
6.577135754999642e-05
0.00013186752981744112
5.519376873091258e-05
3.4969908305327704e-05
5.099399378201249e-05
0.00013491405357272504
4.869115226081447e-05
9.319952370814398e-05
0.00011823752751821887
0.00023699853223307772
0.00015202652263201523
7.769169045825161e-05
8.265537584127428e-05
5.093816245591071e-05
0.00018578164391729542
0.00010217835429171472
6.91911480914984e-05
0.0001500343172430809
6.142533664565856e-05
4.1931688059324735e-05
0.00011598856089358876
6.107493131525116e-05
4.133161625520906e-05
7.878449679386959e-05
5.685482293788933e-05
6.89239795616557e-05
4.89959050304315e-05
5.145503469883303e-05
0.0002387125786645156
6.647376912253782e-05
0.0001653114162208667
4.880078821370994e-05
8.806212370166213e-05
8.902028124143723e-05
6.254697380240423e-05
4.0504892800646025e-05
0.00014722835758321915
0.00015683255533841567
7.832085786256844e-05
4.476984265382092e-05
0.00017781971696967396
0.0002878738445335105
0.00016452469825451143
0.00011101472775442784
4.2970430802557436e-05