0.10984932678526646
0.07504197221518699
0.04004531216855836
0.04826266719943466
0.09139213609925105
0.06638609479735318
0.020847385561270144
0.019054686934014086
0.02080306220091032
0.02969016081926561
0.036680118036728944
0.0319439167111015
0.026114543376100696
0.04382542233573026
0.017894526481708865
0.01812177302782281
0.009371349250978996
0.024812058251379387
0.020522410927445636
0.018808888079271762
0.005471200243860694
0.008994409981727333
0.007746954897111839
0.008903579515454852
0.016110619488168332
0.0073060447607686384
0.01980168497796287
0.019379827964806348
0.004356291226706541
0.01265369989206962
0.008273402659200221
0.0017155089887402255
0.01623945707467726
0.004359985995400279
0.013964492590996132
0.008827461487324799
0.004740049508775592
0.01544118535291149
0.015807390965511987
0.008309526324147384
0.026996625998957018
0.003668823381450965
0.0121198138679482
0.006713883117950476
0.010992984466885902
0.005254467822158665
0.0038843937209643437
0.002490139090708516
0.01682681139246724
0.006101163630741591
0.006157514329023758
0.0020363935055801503
0.0069717501472242125
0.0013887023362216177
0.009091698780168956
0.0030451316906711236
0.014023547976881521
0.012657345674161706
0.004345440663008727
0.0028434940323405606
0.0022805882472289062
0.011778621638052274
0.0012886390096995403
0.0039640248134655085
0.007044270193414911
0.008525626459736734
0.0025645638201177426
0.006772347074268894
0.009817311697163222
0.00369736422407474
0.0029251258851399377
0.0015370088965751493
0.0037251497028467123
0.004277495623220065
0.009095551201797824
0.0019351772959292181
0.0037642506846562213
0.0014932328874541713
0.0022130976665156437
0.003184812474546593
0.009469274066324718
0.0021050521240956973
0.0027691025094187262
0.003906656462337559
0.002762102367182794
0.004780455425476645
0.0013338308351533723
0.0013951738672878522
0.0002510715841304556
0.0011180427079818252
0.0026519293414826693
0.004477662418523629
0.001135148888471743
0.0037954548544766827
0.0035794351389693627
0.0066400304388997255
0.0024386924862725414
0.006653025542305873
0.008446539708156205
0.0046027983874750095
0.0008915173931824581
0.0026211548209853427
0.0010564588632985964
0.0013300728266403211
0.003428347678681762
0.002157513837520456
0.0013835245278079288
0.000855284749509515
0.0036101427381799614
0.0014693535655362065
0.0024351873134665146
0.0013089645642924983
0.0022401965192483534
0.003198627934934501
0.0017694305077188264
0.004503983976792388
0.007167886325179832
0.0017986089195174823
0.002131154135503375
0.000514669527053059
0.0032538280919099673
0.006012908119736265
0.00459100440421699
0.005714107285964157
0.0030063849295591514
0.0031316270239364085
0.003817835246396852
0.0007393918966576017
0.002148145066047958
0.0029015415644685566
0.002355243712420124
0.006364006848116652
0.00883853616379722
0.003249351795990258
0.00036204130546659
0.001192259479050445
0.0032217737083246835
0.0009036447823214261
0.001902534086185936
0.0008229213302625788
0.0021522704243248795
0.0005395298548475369
0.0031872996964760515
0.0021863373959191187
0.0026462539443805506
0.0012674119362515856
0.0012604897141621912
0.005927378683763016
0.003988721043576605
0.0007694531019438373
0.001456341545403786
0.0027142534389481064
0.0027786358981309006
0.005366797714650537
0.0018748337451675668
0.007124102720094953
0.002528406865837826
0.0029118171758193254
0.003616934397517449
0.00011585416782349512
0.0001725503436454082
0.0007506264625990419
0.00393334887581092
0.0026824118337273593
0.0011474463302125907
0.0016215877804652947
0.0012945786654832358
0.003246004423375764
0.0021282294339962696
0.0013697836983828982
0.002492605904534288
0.0007758885076254774
0.0030979053266576083
0.0028798083093357937
0.002357640446256461
0.0008596240579776787
0.0019670679600651835
0.003509270472839507
0.003989469738714889
0.0006110223534476817
0.003335582411550335
0.004047816814681393
0.0008553796702161301
0.0028522136107132614
0.005343284713248217
0.0011869134082226132
0.0001965512890045007
0.0019466420299219633
0.0025555184965649867
0.0004939508918417772
0.000983977083445245
0.0022587046404557703
0.0010674896785877156
0.0018644681878962738
0.0008307778803575716
0.002453751997513192
0.0003838751980268323
0.0007226999042137292
0.001003222870444834
0.0014906833828037293
0.0017704625421666247
0.0023428381837855635
0.0004296137089166011
0.001600737608041053
0.0016495266994187333
0.0014386218767568786
0.005437564137900216
0.000643827784276422
0.00202891810291952
0.0022126906657305807
0.003015790407957989
0.0017065507786177617
0.0008698132293484845
0.0022333108712899456
0.001997272080041598
0.0006364395609237856
0.00031209128086549565
0.003990592140060657
0.006187799919090654
0.0027279138445324086
0.0008975233819112866
0.0012988100373516477
0.0013307292762328685
0.004342635347935887
0.0009546340550120356
0.0010365781670814284
0.0009752179629801335
0.0015475902030240066
0.001604186261762968
0.0013122312138379695
0.0009390577651019232
0.0015578512979102378
0.0014090083576398396
0.0006284079984880195
0.001116220686954591
0.0007899254085527924
0.00036424404469031916
0.0005631759149199506
0.0006246037856590186
0.00046644056158984146
0.0008193705489381257
0.0016568458175691117
0.004221042658653211
0.0013411284257266569
0.003188904296173171
0.0009784330279187028
0.002257579579847053
0.0013152077214497859
0.0008170952095592097
0.0015352204656051496
0.0007988790931137921
0.001880854475961202
0.00043582782575672457
0.0005624807984925551
0.0011096144110623394
0.002080343924518365
0.0009953561993520895
0.00032814909948594397
0.002546436087441135
0.0019390314266633111
0.003725021412143869
0.0027400331231960096
0.0022224050624719198
0.0013557559686951817
0.0015404248578567358
0.001707674598947006
0.0004895944998185614
0.0020695533818527213
0.0015882495703743512
0.0020906020662604923
0.0006832920587316943
0.0005100105429478711
0.0011105984350427312
0.0012352372021083744
0.0005384929559411754
0.0015575949260104294
0.0005980513376338291
0.0015569094151510962
0.0006313593031579022
0.0014711374905581436
0.0014359689923551583
0.001382729727907792
0.0009425684444141018
0.001871896588559187
0.0009710468554966947
0.004622361092423686
0.0013691806571936123
0.0017467446623418838
0.0007294950071214647
0.0017026904753845175
0.0009318448696329743
0.00038247007969663356
0.0003470763607398119
0.0006117158516881721
0.0006186149724667199
0.000424865411249497
0.0009145374436330871
0.004344361257897649
0.0010073510175547123
0.00036153299822914325
0.0026001969959867036
0.0007880549086728747
0.0023861264676022613
0.0006536840864622111
0.0016159773132352624
0.0006867061670761758
0.001145366156505119
0.0014101359971684308
0.0017520965252610955
0.0016537407226495985
0.0003151369602701901
0.0003089582548567355
0.0008505923229818732
0.0003584553121504152
0.0007977500549793844
0.002414410171490374
0.0015777696249597174
0.002554864392291823
0.00032284543236249557
0.0007426316234728419
9.391588234734728e-05
0.0012606024167164957
0.002663206067542667
0.001988463139746469
0.002392156114763335
0.00043362120614465595
0.0003422380532017877
0.0010270182785279624
0.0022255496610993565
0.003538867349685829
0.0014158203221762845
0.0018401201734029888
0.0006851098296304642
0.003871772763760519
0.0006593874263262407
0.0006980453181301806
0.001964036992549499
0.002910822179581893
0.00024464566484054095
0.0021114397066572346
0.0017472906491478714
0.0011245472307059741
0.0009846743150021423
0.0011394138530481347
0.00147063530714681
0.00040772798981697825
0.000578414779733977
0.0028606069521606037
0.0019836049997507383
0.00020981549198056384
0.000309198730498556
0.0012020836586486704
0.0009692264279763724
0.001595483323530751
0.000659849343355167
0.0017864518678497394
0.0006354225883626442
0.002824551168689924
0.0006187707776893758
0.00116014255151444
0.0008401557143257765
0.0010736103102805532
0.0011019905035585054
0.003946660325244551
0.0005211675353331477
0.0009513361462631023
0.00012335247377956896
0.0002410239571693158
0.0014770449858612855
0.0012837951287297705
0.0004009759112335403
0.0012859052384965827
0.002174457791434373
0.0005432934726304057
0.0006631997821489652
0.0006133519965973665
0.0008087157351218855
0.0003879240675187143
0.0005697190420247068
0.0017117439776991009
0.0003699901143091741
0.0004859763031056833
0.0004385363650080424
0.00029439599273672115
0.0003477446510942528
0.0004857877693475989
0.0003529541228714175
0.0005982035655440634
0.0009510660612076934
0.0019081049563495745
0.0018336922522344595
0.0005062781355196522
0.001631190899671515
0.00012682538131951907
0.0012534969581316133
0.001129940028144676
0.0005228555869068541
0.00019376798911877616
0.0007180264329333287
0.0004561664313191121
0.0007248781593749733
0.0005401063491490756
0.002311826824608144
0.00029847247076698376
0.000982855370125938
0.001126876077789838
0.0013849512728511648
0.00033475452331985966
0.0003576387729863768
0.0013464731642865465
0.0001207818587879565
0.0005163828077265525
0.00017331879678206952
0.0008536832855298173
0.0010206834097570355
0.00041507260610677404
0.0005665061935302467
0.0007887803657961256
0.0015096822504815388
0.0006881700881264995
0.0029670570453881246
0.0006370495029030041
0.0005077029329300497
0.000764817580010102
0.0002756102083072807
0.0014807351047316458
0.0004971972553937402
0.00011084691537619914
0.0013893291604718248
0.00046033658560479696
0.0007899926798962952
0.0005034411331938158
0.0016839954645658836
0.00027720776148191454
0.0005807175882165588
0.0006823531648429913
0.0010355564712361388
0.00020014687026588998
0.00017597193612282607
0.00019816332901351078
0.0001565919993143232
0.0009619700925661539
0.0008945596408721419
7.473939874676658e-05
0.0011136087227264625
0.0012179659029781622
0.0009986132220510943
0.00023028230508166891
0.0009915869046400216
0.0008368622896277701
0.00025974494984753023
0.0011671215204229622
0.0003445220703041393
0.0008527538430086603
0.0007112000343527246
0.0007083609362001027
0.0008490067208931232
0.0006865391397783511
0.0008672765783852476
0.0005406872503126954
0.0009208629298532974
0.0003031512537267086
0.0005198840521493664
0.0013975035202543327
0.00032767510162008814
0.0006993749990043151
0.0009795211457519603
0.00036447086496631
0.0014177240708692143
0.0012462711834141653
0.00026582097025766566
0.0009336131817848037
0.00382880177556686
0.00033682342010319766
0.0008128830842096298
0.0005370796166052197
0.0015832117055640893
0.00020132900600808166
0.0010924119180951795
0.0005683291809034035
0.0004368668698138751
0.0005633722616098758
0.0015844814891295
0.00017305545470929775
0.0003051549239930197
0.0005197222866427822
0.0013666953596833866
0.00057185971980362
0.0005301101928026564
0.001977340904557239
0.00048093902443431785
0.0003674170853809145
0.00098342467110185
0.0008281703359524734
0.00035609426954579703
0.0001815168485257083
0.000167349568962048
0.0014752614661979113
0.0004056653149010158
0.0006388316161225563
0.0007177833909810435
0.001186820812275331
0.0003590594381770518
0.0006022551218549285
0.0001389755078423596
0.0016007287471511721
0.00023050849296519168
0.0008081174864763362
0.00169472867021877
0.0005321338041774996
0.0008583938206992899
0.0001767190944095563
0.0015184938018511281
0.00115790596033283
0.000900194422415842
0.00036128742326462144
0.00037914895202683583
0.0005599608621581906
0.0005248539296749645
0.0006302704633158878
0.001964883715363035
0.0016418193068567528
0.00020766334369640458
0.00044397539300474777
0.00047031049319782404
9.600767160621306e-05
0.000623351717357588
0.00034308141956056166
0.00040637626500210616
0.000649467117355352
0.0003867324468844141
0.0009174942512930766
0.00029720299917060394
0.0005535177263572399
0.000776434425065789
0.00010592973966196961
0.0004407989630059525
0.0005694704894662337
0.0003861470566184679
0.00044333107780446723
0.00011043575052888494
0.0009177928612243738
0.0005879874930097915
0.0007742761429180631
0.0006091451468176907
0.0007914312262678649
0.0015990684648128821
0.00198479693158821
0.00016291115602570298
0.0003274013865619162
0.0011129258739332182
0.0007626995927297344
0.0014156801192932262
0.0006917221285420256
0.00022506761822201567
0.0007478895782307116
0.0005432345721709782
0.000380614740215749
0.0001561455552395824
0.00016605706275821705
0.0007827051903848612
0.0016586335926391928
0.00014098477563523692
0.0001804938034663404
0.0006094890055693061
0.0003741795735637336
0.0003225308403912361
0.002549495928848276
0.00018118728519658675
0.001959181756837436
0.00020201158831776372
0.00040346672792044273
0.0014237403413911581
0.00034755905431712577
0.0002588627516127101
0.0005127179460699958
0.0006537082950850471
0.0004385968059364878
0.0006316354212710095
0.00034639432528024017
0.003114536157483283
0.0003827251025311761
0.0010884963656195828
0.00024475212910152075
0.0007419546245980076
0.0008179667896990497
0.0005520304677734913
0.0013311028526767036
0.00016113986894234847
0.0004999514363951161
0.00040000915895968184
0.00013429065167087022
0.0004726633572605777
0.0009683683987220325
0.0004146134364974397
0.00041364277110732484
0.00037347749159415524
0.00028423737638865344
0.00019073122265070432
0.00041758414490505457
0.0007799320322078046
0.0009440400516791339
0.0005510715091728578
0.0009085934858903962
0.000309499983716419
0.0005334326322120877
0.00021270415611474817
0.0009085566949518269
0.0005288672917112901
0.00015224134166089614
0.0005328985644232838
0.0001485047072943244
0.0022338751399738005
0.002239707642033416
0.0004262863945249911
0.0006021910499958144
0.00015480452879422117
7.629157798377345e-05
0.0017482730421178726
0.00032979329327551124
0.0005616768882319242
0.0002830755785031229
0.001291079920819208
0.00046331604856882064
0.00013404164993516534
9.27644241294102e-05
0.00042390170949156014
0.0004896345583862579
0.0006231800568290008
0.0013468119306077897
0.0005780868070404843
0.0004936567446678626
0.0008433202565902736
0.0009866791264612534
0.0003777007516217722
0.0009699378730279407
0.00046788674460255565
0.0007609523571404287
0.00027798854974502577
0.000533052274277956
0.000813593960489799
0.0016775245259578533
0.00021815251834559618
0.0007849460180172818
0.0008906175659407259
0.0013811756004119965
0.00032884384602279235
0.0009542051763857822
0.0005025633010204124
0.00016465033125950904
0.00027512102547402596
0.0002749665666077108
0.0004861397490618052
0.0006206852434302333
0.0004628917822440501
0.0005863649505179052
0.0007064749551428151
0.0008034431317452913
0.0003097450670314832
0.0007466478556351123
0.0008310450201835419
0.0005117212932043409
0.00018808478573125012
0.0002924089279434205
0.0002770372056680625
0.00013383797375789212
0.0008497775608187801
0.0023028521289002795
0.0002318835671181027
0.000460120990792806
0.0010590985616913053
0.0003593075962181853
6.976367407930898e-05
0.0014088304346333911
0.00023888652269717848
0.000679041421167267
0.00024087340286252308
0.00013932984654963412
6.888237794431935e-05
0.0003635277379120275
0.0012041451848004878
0.0015832739021891854
0.0024840892383794825
0.0004108291184124275
0.0008168056423506647
0.0007264879992497414
0.0001296645511362174
0.00034091216958466485
0.0004737372100036995
0.0008602840752604718
0.00042207997068213705
0.00040743473178294617
0.00032458672009158757
0.00035570457829477614
0.0011046195622285704
0.001036362136648448
0.0002443540158885414
0.0009883751082869758
0.001921077742823547
0.0007154878871494659
0.0004993775340847132
0.0009022181273237749
0.00028774955919657263
0.0005899410925374759
0.0006048373281145823
0.0002752446391966218
0.00011839477594504034
0.0002591206824818613
0.0006507849464868153
0.0005959885868459503
0.0005249577844289446
0.0004382802183268233
0.00018611764244235484
0.0011061115959785928
0.0003045940017248202
0.0005020892040198903
0.000199658621912108
0.00039288575154970684
0.00011678424342722575
0.0008023488342505322
0.0002846637907300845
0.0001843964874524237
0.0005964551042041995
0.0009230755379391098
0.0011491521502443238
0.00025472196059918555
0.0003633622299934842
0.000354712543916223
0.00022631234640187176
0.0010270048130794959
0.0005867455675484972
0.000954803242196403
0.0005171603707035238
9.257552821292243e-05
8.905626604960701e-05
0.0003795810335070317
0.0007091792954683716
0.00043425924351377554
0.002649101414886442
0.0004483331684776666
0.00032827346948731314
0.0007091836721446253
0.000460350510487751
0.00033614966506236623
0.0005409144451577356
0.001429367595020579
0.00041083108996782926
0.000424743228583264
0.0005929009121446705
0.0009290050072937134
0.0004510941961342013
0.0007586768132548899
0.00014941516815119944
0.00018133231855803412
0.0005142869813005841
0.00022439428008578895
0.00013600280979962496
0.0002756240162979398
0.00042981256809544835
0.00024559932227050297
0.00017573261939453743
0.00014516035246428408
0.0004976850799861231
9.243651990256912e-05
0.0006126826696755737
0.0007274384465669296
0.0005752639595687777
0.0007012488598718388
0.00031617290292716824
0.002389976400194909
0.0004250857934049524
0.0003008351408670238
0.00034845450563401675
0.0008382380822480144
0.0004921288418759078
0.00011158993851773897
0.0003709528511258284
0.0003816890175000701
0.0005004896014126998
0.0033369027582345412
0.0005047985924763138
0.00024608222513495555
0.0002351105716423092
0.0001483292858583624
0.001557196028458154
0.0009555141296144834
0.0011929154681170465
9.658859438019227e-05
0.00044460660844909076
0.0005970660746412893
7.231184660983953e-05
6.132609198586413e-05
0.0002176350151673638
0.0009905174982436575
0.0006748231421686455
0.0011665350432461686
0.00017651494185681542
0.0013118807568165715
5.109114927258771e-05
0.0005138341119480224
0.0004119490684756078
0.0005168750578489522
0.00038161828164420114
0.0003119164358065675
0.0003080263138461489
0.0007610860070998075
0.000542074937973636
6.10466871856648e-05
0.000432935745128292
0.0002112251580744277
0.0003440489532929195
0.0009790483344413452
0.0001685417985955026
0.00025175761458753144
0.0003092922246488781
0.0001904412665732968
0.0004177596013633711
0.0002291404578671384
0.00022034694782873277
0.0002198794589079326
0.00011547083745214343
0.00042262565174617947
0.0004028715521142605
0.0008500342323555192
0.0002661287761233223
0.000902975889122117
9.998281464801917e-05
0.0002852004165466823
8.216184762222356e-05
0.0001877986018688715
0.00016586014637905296
0.0002003814550836521
0.00039635517012538436
0.0005027727788480838
0.0001818143843906492
0.00015085152679337934
0.0004444393314695501
0.0008561124189660659
0.00018087144519871108
0.0005634054319462221
0.00036034942464116754
0.000466480298649159
0.00010277979712279808
0.0002609171639933253
0.00016222261514358676
0.0003700551947207914
0.0006079731913738643
0.000696079868909342
0.0002223089077865693
0.0002059043398634478
0.0003412913438250033
0.0004043494571381972
0.0005687694952997524
0.0005901761138877
0.0002730978610660461
0.00018297635239557244
9.341172002459926e-05
0.0006074673560332538
0.0015115731535968145
0.00016877869330118902
0.0004836719746200145
0.0001398158468517565
0.0016475434833782719
0.0004084710970963816
4.981766783847935e-05
0.0006182665458033373
0.0007514592455717053
0.00036439715727387933
0.00023223609104170705
8.135730869348114e-05
0.0008427442764531965
0.0007380203275012529
0.00034091173981990705
7.865078022431316e-05
0.0001999049259738683
0.0005574227879472913
0.00038255902310321463
0.00033232674359044673
0.0005455555653934106
0.000307664060647633
0.0002444262509347635
0.000467230065132081
0.0004024404333393019
0.0010403418550936558
0.0005645078429609335
0.0001788612677833462
0.0007843873158796603
0.00018920034560291802
0.00033698497461636924
0.0005656250680125596
0.00022326223849331993
0.00027927003199045843
0.00012512645948104567
0.00028142682541217544
0.0002606047916948548
0.00034082455982933663
0.0002343369864554711
0.0003499113908111858
0.0008707049407405725
0.0003295339299639377
0.0007949959457757106
0.0005014810281685758
0.00021361862765138838
0.0008644027861849919
0.0006506271110700773
0.00020103938097186492
8.261324785220641e-05
0.0001157822342181919
0.0003792455122706549
0.00038788016696890046
0.000431067125391208
0.0003314874542522548
0.0010471751987823183
0.00037762384133227474
0.00028611660423032815
0.00017910160764947688
0.0006649071518290203
0.000311679900104094
2.510305281834815e-05
0.000194104775435372
0.00024364915147784977
0.000365402417439313
0.0008892570718558535
0.0008675148926987137
0.0004051603252619581
0.0007873831233262957
0.0011545498288049933
0.0015602163019973376
0.0006566807032705559
0.0009262400840192643
0.00047160719235431555
8.66420026692785e-05
0.00031673048765061107
0.0004091561587990386
0.00014381759587448893
0.0007173520182680572
0.00011447620480241937
0.0007827630648443505
9.249799737921328e-05
0.00013716321826845216
0.00016025563424794062
5.521192500408347e-05
0.0010212796481959285
0.0002593083906475992
0.0007237021432770082
0.0006456149833409274
9.702756578412078e-05
0.00014316934727684873
0.000590561642244682
9.855566239918271e-05
0.000682604337385215
0.0007484815771222928
0.0001579715588140751
0.0003871500343079874
0.00014571359202562653
0.0002537937095254279
0.0004834797127080739
0.0004023865079302137
0.0002213292955488338
6.346028518478438e-05
8.681880622144787e-05
0.0003864809874473805
0.0006351313785653289
0.0001816228234315439
0.0003536031434796812
0.0005226634717655118
0.00013023092249673788
0.0005989843300438885
0.0005199672894809318
3.6693054900091474e-05
0.0003422328631174873
6.69774453734415e-05
0.0008203674188825697
0.00024004185885403032
0.0004744239923328247
0.0004657173077539519
0.00020433005159089463
0.000435641830563534
0.0003056236863667224
0.0010495946008501295
0.0005740050323868507
0.000715474415904732
0.00026588731320328484
0.00016154859191244995
0.0005524223818219717
0.0006581795913306396
0.000321349859893036
0.0018762708809450864
0.00038863108980153645
0.0001142366647908685
0.00011101159490923055
0.00014494793980966619
0.0002962119755096841
4.244178246074738e-05
9.982683088281417e-05
0.00017907841956144022
0.00017001538217853443
0.00043664897130278287
0.0002062268226267914
0.0004613718216923882
0.00047668014422994835
0.0006528170860746245
0.00016106347658671305
0.00028576605959530787
0.00013206793763932334
8.359389043239643e-05
0.0004525727158205817
0.0002894576591924462
0.00022514586297416297
0.00048488557171573997
0.00018008099453179605
0.00021480796409162632
0.0005940694939455089
0.0009625359294424895
0.00011676402241910368
7.825020513993152e-05
0.0004444893243253461
0.0004459580145263339
0.0006832538303517239
0.00019375107861743804
0.0007743135832203409
0.0008215555007732104
0.0008157630344322157
0.000455487415116516
0.00017518837161511856
0.00041741911182498366
0.00013659809954889762
0.0003517583407657555
0.0003989626137280225
0.0005616244890393675
0.00041285321122977334
0.0002724249196034395
0.00047260696777712735
0.0004275099522188447
0.0003309013421776193
0.0011096474449511923
0.00010012415515533475
0.00042248669561418287
0.00017798549259380263
0.00016532993560730883
0.0002762814000385571
0.00031564455542467686
0.0006680475364305531
0.0005128833428393427
0.0005976630089984675
8.921891139507445e-05
6.40193529936775e-05
0.00015588750188954168
0.0006415045424722914
0.00035461183492179973
0.0010323284173613086
0.00037767954762485883
0.0002045708414990575
0.0016587070175267562
0.0005670177616552189
0.0002467562689053449
0.00020549406286329703
0.00018542795509533444
0.00014631402029343215
0.00031814179171801426
0.0004014994246996204
0.0005587113138160384
5.175731259184697e-05
0.0005728548895130889
0.000175953113796877
0.00033278563087693115
0.0004435825335320162
0.00011220936919151664
0.0002956890461722689
0.0002889405716636727
0.00046287504749605566
0.0008101652897409041
0.0001371124811491688
7.327381945379332e-05
0.0006305792231780002
0.000996375975406195
0.000178652422804336
0.0007735260452832459
0.00019331986779039614
0.0002555247763136185
0.00011996785779211494
0.0005296689410324508
0.00022354679007191897
8.929683921310223e-05
0.00010483859300331338
0.0002611911977992434
0.0007353342613980589
0.00036877614408671757
0.0005748639522156686
0.0001194116075626275
0.0003700216962894333
0.00017813996438110555
0.0010592281496991285
0.00018447466993974632
0.00039104618348178465
0.00015539338624615687
0.0005027818251799409
6.929192095337965e-05
0.00034827889478686417
0.0010975568850419884
0.00020201880691379087
0.0002514178351721307
0.00024556709869417135
0.00018769764967407654
0.0001062402833568991
0.0002661852037369279
0.0002340433975581928
0.000509483505047005
0.00028263597482954824
0.00029090293195196916
0.0007861114535132734
0.00023379582170091225
0.00024267353478518025
0.00044575232530568647
0.00025512199916631883
0.00036720919220987753
0.0006223710085746925
0.00026279759990116086
0.00022124072012525428
0.00013710784434928594
0.00039422183921921007
0.0006979776542260394
7.91069323392027e-05
0.0003585455833691377
0.0004863172751633382
0.00014095575538850097
0.00012434624201369828
0.00030814894429903724
0.0012201953544938552
0.000873178486211449
0.0003502040014704977
5.0343295564540205e-05
0.0005917205194233801
0.00026465841453512365
0.00019690444762421945
0.00033071964913675047
0.0007622719326619787
0.00022173573717435542
0.0001853461900102685
0.0005276955665483295
0.0003165676706484022
0.0002097117494990922
0.00014334287637987448
8.289955095625366e-05
0.00011010436271016906
0.000626067926277766
0.0001478469412848801
0.0005070730864682341
0.00018670249098903078
0.0006493294200650314
0.0005172590220073863
0.00016953085995523277
0.000971566838907848
5.71506884271653e-05
0.0005003862724714616
0.00011516229561248925
0.00010485904585068502
6.605980545746822e-05
7.423876144822869e-05
0.0005844074208551219
0.0006671431898767968
0.0001206350386465312
5.5520722936994465e-05
0.00030929230517397677
8.413067660878966e-05
0.00066589210622038
0.0005876702069768115
0.00018422721641653204
0.00018076703826039716
0.00011359489672092172
0.00031740151416314964
0.0004129338553594709
7.285798349486537e-05
0.0001420758718763722
0.0001396418809512311
0.00018869582440034566
0.0007927464675715317
0.00015271939355174732
9.698220431328821e-05
0.0002449100322932726
5.0259109779004966e-05
0.000551656468302225
0.00022746434997888369
8.80362785626555e-05
0.000376304595654264
0.00044836655773726166
7.827873805652797e-05
0.00029493684940269074
0.00010864400098673351
0.000238204534558783
0.00038471298558558737
0.00010915556111405796
0.0002163454722192679
7.66790588965338e-05
0.00019490078609799274
0.00036426899853595656
0.00011231016133485958
0.00014677929474857061
0.00043101522856711573
9.188513141120518e-05
4.500647179997744e-05
5.89657975486487e-05
9.390593288773606e-05
0.00015454738187215369
0.00015697970962992998
0.00035696727171453935
0.00019751260219299596
5.9671195052310903e-05
0.0010759054763452092
0.00014515928555292897
8.15704954403713e-05
0.0005315583268974584
0.0005542291094616745
0.0005429459138936533
0.00032901657500047536
0.0003776051063948773
0.00025058417168501536
0.0002308114589731229
0.00032798539354828867
0.00046826702569328156
0.0002385944856723914
0.0006205394399469721
0.0003058195217534458
0.00019887708169684113
0.0001960563370011173
8.923501355061843e-05
0.00012188007036446251
6.435029388289199e-05
0.00019857738121078957
0.0002631713001705771
7.925772327250714e-05
0.00044662763610497393
0.0002573765475414753
0.000477416534931422
0.0003335439411080131
9.9505069733663e-05
0.00023029198009186325
9.003741906715708e-05
4.22664420165831e-05
0.0006305339270764577
0.00010114350023473438
0.0001803016470334929
8.591295255577841e-05
0.0008057379394419233
8.858136978810076e-05
6.952324634623255e-05
0.0004591405320086604
0.00016550940597067772
8.519522173709287e-05
0.00011165720093908208
4.841552549998231e-05
0.00012875396850279953
0.0005767329882009156
0.0002844099073427916
0.0003072938913325766
0.0003128643591565213
0.0002591647653162675
0.00030954254657393357
0.0005883085801939745
5.280684668774284e-05
0.0002976312370109893
4.280663226145969e-05
0.00016785234735205293
0.00021358316450976846
0.00047056703077351473
0.0002542825013687967
0.0007171788493090834
0.000386942076595835
0.00023100154206196882
0.0005150681413704819
0.00023242935086060102
0.0004578580135088391
4.60533717791558e-05
8.161914647356448e-05
0.00019825839931631608
0.00018130703804481628
0.00017620754557341262
0.000341790298369084
0.0002892948201200408
0.00038336016820074816
0.0002894685040987766
6.734702084040482e-05
0.00034980325719086234
0.00033225045608954376
0.0002770466130936806
0.0003497638713052451
0.00018704419732741936
0.0002462293634958151
5.469206875379255e-05
0.0004784028170725108
0.0001646314837814718
0.00014733330946927798
4.572754580290105e-05
0.00023815488609752646
9.101952713999922e-05
0.0002089829455101098
0.0002495632827668882
0.00015672607603271345
0.0006862622003872904
0.00025860292481560206
0.0001270866273531029
3.146472691668762e-05
0.00014656943065061967
0.0005262652602212302
0.0002491112348181123
0.0009106948979954089
0.0003742953420238362
0.0005898148124316375
0.00019136586356698066
6.838904399501921e-05
0.00015542950719657614
0.00030858657886170143
0.00012505970609869984
8.895283387310323e-05
8.803295226087427e-05
0.00028945220096329895
0.000288418881798013
9.624765762570972e-05
6.788491134710075e-05
0.00020675074696652434
0.00010824104523067523
7.989324821578673e-05
8.0525911535986e-05
0.00028514388754089686
0.00023101563175378413
0.0007670748477531593
0.00047495766091781155
9.735785747347228e-05
0.0005465906395433692
0.00016784963398195618
0.0003416796882748122
8.553406485862209e-05
0.0002128292698274354
0.0004470772009867992
0.00032816557870562655
0.00023926708346799652
0.0002770737677766397
0.00015677285089307945
0.0004548785786158978
0.00019175079024478768
0.00013452301066789525
7.929560369151642e-05
0.00020006591047633056
6.087569854063026e-05
8.993038546513095e-05
0.00014753569998421617
0.00011764083678473007
0.00010737070459841891
0.00011353594339999598
9.457172066968375e-05
0.00038433017341328444
0.00015950835884607912
5.083480832977331e-05
0.00030482568238719135
0.0002172290711256004
9.041039836486842e-05
0.0005814933526192553
3.3660588526351086e-05
0.0005294332082703244
0.00014689802241151626
0.00018561564323771814
0.00032578088428062546
0.00045662229003380405
8.157914941115872e-05
0.0006968724355522671
2.026045684259897e-05
0.0003869901587095895
0.00016480774502322505
0.00013587533418430665
7.132530601614354e-05
0.00018137631779475052
0.00021569247841275428
0.00045756015364800044
0.00017934010440956614
3.6746634711854144e-05
7.071878720967556e-05
0.0006384684783371984
0.00012255223829204818
0.000201471304438239
4.847844013349146e-05
0.0003858154224690203
0.0001049081774644293
0.00015940077546286184
0.00013622548143212725
0.00039661036648909123
0.0001376465902719302
0.0002431331703717467
3.5741863483782905e-05
0.0005323529769207014
9.850899644891592e-05
8.495671331770076e-05
0.0001183008229332656
0.00016465045100011523
0.00034906600475749446
5.28128864367959e-05
8.707070828228173e-05
3.6741328313152e-05
0.0001145058028825551
0.001382799537016051
0.00033281035659037735
0.00014795675069908512
0.00012362939022945117
0.00023793430000737084
8.942671566530952e-05
0.0002866206539170182
8.68080553472677e-05
0.0005981882353861141
0.00026189252022098316
0.0004070811204559474
5.4891826657246264e-05
0.00010525999609199005
0.000450690360813162
3.574449307342206e-05
0.00020459169334892602
0.00024315757004418054
0.00014074996214237339
0.0004986613039385772
0.00013371688074386839
0.0005196797047661396
0.00029855920765417223
0.0001228432694806278
0.0002984086002261786
0.0002087763413783287
0.000577714767736886
0.0003168414249901687
0.0009269458459048006
6.805910968731562e-05
0.0002637660024425521
8.18894584271059e-05
0.0002818438750555602
0.00011081077448541859
0.00021130595652700594
0.00010270132587368106
0.00034931943752696513
0.00032371713188120523
0.00014468066915844814
9.604454328420116e-05
0.0001693784289703699
0.00019050772999198553
9.349245384219744e-05
0.0005714871159030995
0.0002683858480391004
0.0006376605008678073
0.00023102702786988172
6.510911696207887e-05
0.00017931417768849732
0.00023237000969466117
0.00024778600341207255
0.00010316852761390154
0.00013105658608758675
0.0001424772676237229
7.68359392890062e-05
6.716775166869227e-05
0.00030017359592498014
5.800635761168554e-05
9.090198566544723e-05
0.0002102408622206251
0.0002150691033546769
7.67418727685468e-05
0.00013877015711859917
0.00017175370332688555
0.00022172185110579722
0.0002066998193203457
0.00015375719924745921
0.00030215690069495513
0.0007262797068586144
0.00022353286118702924
8.017081771844295e-05
0.000414572694334623
0.00021120337710290018
0.0002505482396771228
0.0007888470690374168
6.356622760591634e-05
5.3267858075132416e-05
0.0006896374143044122
0.00028693511316936986
0.0002027984231122931
0.00031424980379052823
0.0002407556916292435
0.00018539174258785847
0.00041267857166162703
7.635177150109757e-05
0.0003471214137130038
0.00013213932401938945
0.0006061930852702495
0.0005269312039974475
0.00012890198158847907
0.0006368395644119973
0.00024629174987240917
3.668413558843955e-05
6.91124686531721e-05
0.00019928186382036018
0.00022061571802458964
0.00023064253954953497
0.0003174942125686491
0.000205563162198215
0.0004291279938363768
0.0001172915596736293
6.207057843113192e-05
0.00024781656349368047
8.082053813101736e-05
0.00015458064880269037
0.0005423830440786697
8.626907401129104e-05
0.0003475275712168202
0.0002227030905307807
8.561758235417182e-05
0.00012535006204740702
3.496631856854759e-05
0.00042973625438215456
0.00014126276147624072
4.791899708345601e-05
0.0002866450325570378
0.00029420263152954
0.00028684134144103205
0.0009859489349540746
0.00010854659394991016
0.00017673664391735646
0.00013057533940680406
9.988221291567842e-05
3.9558000596265025e-05
0.00048030080302714697
0.000506393471435879
0.00020491960259408563
8.30299588220288e-05
0.00012555588634708908
3.9245298614714344e-05
8.941499863774054e-05
0.00013202965934261957
8.76264275173797e-05
0.00011372012218040267
6.116032912789053e-05
5.1161340618588924e-05
0.00021817234394405754
0.0003319488465433609
7.311303491340661e-05
0.00022269317071541095
0.0004131928131703572
0.0002427902522819539
0.00027909150303753613
0.00019916610311708269
0.0001275817653650198
0.0005681288874433406
0.00015033674784101214
0.0002759175298474494
6.216922911374864e-05
6.03781371851025e-05
0.000101959129408917
0.0004589195779624278
9.369055505507382e-05
0.00013488332375851558
0.00020047579644800247
0.0001755601302749324
0.0001237368169681556
0.0001333627812848434
0.0002614914717309155
6.7742835652623e-05
0.00018890848935090266
0.0002773673669624088
5.403513770621895e-05
8.803499096231e-05
7.223359982796506e-05
0.0002523128555050722
9.468890332394116e-05
0.0002998944196071443
0.0001800164105972533
0.0005097695470699183
0.0003212915622938387
0.00011195092274652002
8.333747973386095e-05
0.00011763719090422216
0.0006003258215240818
0.00017850223089453977
0.00012379142653548526
0.00023977605896054833
0.0005226161522729855
9.023999820919141e-05
0.00023209957950238818
0.0001329074075934379
0.00011034564299167905
0.00016072955791829148
0.00022436041613939736
0.00018526607544827316
0.00035229121905225286
0.0002817133214342062
0.0003602966968080001
0.0004090288024607202
5.212358580981077e-05
0.00016941848134982348
8.003127693226547e-05
0.00021368745426364425
5.088945737329542e-05
0.0004348891952449012
8.278830681745279e-05
0.0001602438749414114
0.00047965033969467265
6.414624879887257e-05
0.000535424075797271
0.00020795266285967342
9.233213669552215e-05
0.00028451561732327013
0.00034713933970523844
0.00021371243561953802
0.00017393743475187568
5.786121228237804e-05
0.00027915140280476
0.00010118468750578211
0.00010506253391836803
0.00010225968486076104
0.0002139481907788439
0.000147571844503023
0.00025781499936456797
0.00014244506368482027
0.0002654363180955716
0.0005322808232177197
0.0007762959586206726
0.0005151580358832856
0.00023136900382028912
0.0001773051892182619
7.781629832687496e-05
0.00025166681939851464
2.9226986621221436e-05
0.00010595864274028327
6.611888085382364e-05
7.958305184265007e-05
0.0001893209715789228
0.00026707057936479236
0.00019666353129240276
0.0001445002733879378
5.6577878854900364e-05
0.00019423705108675415
0.00041471110046207936
0.00011762996573599747
6.611240686249538e-05
0.00019509401545259636
0.00026374868840696225
7.002252958563748e-05
0.0002474156789705755
0.00010577267371732176
0.00013641641837955126
0.00017473453526518825
6.458007003718785e-05
6.87369664159631e-05
0.0002509317600981182
0.0010080576387233359
0.00027434570682721113
0.00018853628748351768
0.00016432096342684758
0.0002225918276886013
7.351650838082425e-05
5.474244537216659e-05
0.0002868673243061336
4.873043807782865e-05
0.0006599538946630022
0.0006270404356624843
0.00031434078747869497
0.00029893634892069927
0.0006079516706064288
6.344141929241569e-05
0.00010810285116244161
9.04326042182482e-05
0.0001282968348839103
9.0674749605068e-05
8.349208319956206e-05
9.603828232306138e-05
4.55908761628266e-05
0.00025019001983165315
7.838740297841554e-05
9.726463840948199e-05
0.00013835416435681148
0.00012364588722577007
0.0001747927922816022
0.0005511240838039164
0.00010357029703338546
0.0006568277526549704
0.0003602202797597005
0.00020523105148720176
0.00016715965153177987
0.00022866871129719425
0.0001257383402398388
0.0001380926920352592
7.148325448169465e-05
7.709123207560306e-05
4.4821747123576496e-05
0.00015930573826584735
0.0007021637815084052
7.834633757412016e-05
7.670265210054908e-05
9.660251787614539e-05
0.00035616827525718843
0.00043339835013003167
7.28331649459385e-05
0.0002420387878822107
0.00014775174220263396
0.000274208442315631
6.83824394881225e-05
0.00024531804484823283
0.00013793124119482463
0.00015669499739382712
0.00017274316688388296
0.00016917867305974037
0.00010412132600218636
0.00014908274616983524
0.0006566398690179625
0.0002981539398688882
9.616555107015052e-05
0.00011103660139213668
6.0595865332136904e-05
7.329646065871197e-05
5.5779928007124395e-05
0.0006675695113493349
0.0003061692912612494
0.0003041025158301035
0.00031442164500677526
0.0002126185324630436
0.00020269682961385733
0.00021513667077075315
4.8384518112347685e-05
6.409005927903653e-05
7.565477332400411e-05
0.00010286664138520512
0.00020794089070915516
0.00017871263589589183
8.928232037674223e-05
0.00021310037850159823
0.00020590849856884857
0.00013319052116476997
0.00011416472090748147
0.00013296103183404933
0.00014313516953190936
0.00010267010509588102
0.0002461593601927898
0.00010883783073473782
7.808187184843595e-05
0.0002710578789435641
0.00039439967269930195
0.0001027708426503222
0.0001311364934996924
8.087588067518958e-05
0.0002806205445224195
0.0001793786743395794
0.0001102071036606178
0.00012955118249251981
0.0001016186580068233
0.00042204259550220947
0.00013009103197228575
0.00010072756662353212
0.00036836012236259605
0.00024934942239054865
0.0001319567549521124
0.0001236546205698303
0.00015395868175074626
0.00012935985823651135
0.00017640599891650762
0.00014733502461139434
0.00011462448108366525
6.473319650556845e-05
0.00022311391628710372
0.00012351606941485044
0.00019527784877770092
0.0005979445870391628
6.966457973411285e-05
0.00025470712554196513
0.00014228632971145783
9.255712570598025e-05
0.0003053945491240527
0.0001463031546182946
0.00019612263093810183
7.421936858595867e-05
0.0001393228309486293
0.00024553510076966704
0.00033442622531629034
0.00027740225123037217
8.757251192448544e-05
0.0003151351213328577
0.00015402208306869022
0.00010816578474714339
9.60139594562301e-05
0.0002524968923180782
0.00039355307998546643
0.0002156061139719126
3.711960100951259e-05
0.00019654142683920802
0.0003045164974955484
8.004057623164291e-05
0.00022792643202186624
9.405862739213174e-05
0.00014049534747832574
0.0001609995405671165
0.00010221636673621861
0.0003430453169623544
0.0006082863193736901
0.00017789066512659252
4.644218287131596e-05
0.00012296709699374057
0.00014013896253963046
2.6998015786027045e-05
0.0005349706572909177
6.645514998974876e-05
8.895003419063533e-05
0.0001863722942830192
0.0002697697781553296
8.523410386051106e-05
4.882355579656835e-05
8.783335108816559e-05
0.0007269818042789223
4.503398704135427e-05
0.0002987980668330236
9.146106897790944e-05
0.0001141210831435582
0.00041886584086852827
0.0005147071520806529
0.00028679774013678995
0.00012277168767464678
0.000299512425801227
0.00010372558081834616
0.00011837297637244456
0.00016746096236509546
0.00016314588274721792
9.586873599367731e-05
0.00031062833136128766
0.00024129171459512852
0.00012255457543782378
0.00011096470934770592
2.923065807100663e-05
0.00017261877036888382
0.0005534123000844255
0.0006938548046324095
4.474286548131952e-05
4.415101676955664e-05
0.0002251227149123232
0.00013007048632646473
0.00016874703132103432
0.0002224640828008857
7.902816492284459e-05
3.260224753654173e-05
8.288158009297087e-05
0.0001602066491470297
0.00021171693870765697
7.429673384247208e-05
0.001147309445431307
0.00013545788567314665
0.00014566085953907608
0.0001924957849017154
0.00022613465348882432
7.954477586868937e-05
6.735253189355539e-05
0.00018482659472348928
0.0002640059625604751
0.00014516508554691344
0.00038081019316379326
0.000222493605853779
0.00011840321542048841
0.0004204524892822888
0.00010551156941925319
0.0006415928748127675
0.0002646331247803215
0.00019120518092098594
0.00014900601828216726
0.00013252211031641121
0.00022982616499337563
0.0005580583946302211
0.00017456877822692225
0.00023834308773817002
0.00036839363809199125
0.0002426290593610726
8.368276020616916e-05
0.00017079501380260387
9.268634942057119e-05
0.00016701613281677256
0.00016050547948100966
0.000419860032113699
8.968647728311063e-05
0.00013053181235813703
0.00034850419621258077
6.043028363947939e-05
6.334385256949472e-05
0.0001299326681269785
8.882686015362857e-05
0.00023844449057639207
4.44324454813015e-05
0.0005222546469542607
9.345588747645739e-05
3.703809337457713e-05
0.00012329507081201732
0.00011065869322075667
0.00022526937701991754
0.00014729073568176074
0.0002224619616648753
0.0001377207032144718
0.0006474092839115406
0.00041504712942655106
6.501075968572045e-05
0.00023034246471046908
0.00010899863967053548
9.422447794124184e-05
0.00017280927169097617
0.000326980975084638
0.00030453527050290776
6.452183107466391e-05
0.0001328904737121479
0.00011428960340876497
9.120224535269191e-05
0.00047743470609509726
0.00012925253989919195
5.1847781295014105e-05
0.0003209706824454858
0.00015430483831848282
0.0003380822238568232
0.0002065583090089454
0.0002570326405426208
8.52883796874872e-05
0.00016526683127928958
0.00019856099431956245
8.958195166567428e-05
0.00014595814201475538
0.00039309603038054016
0.0001878872655944277
8.956093105270958e-05
0.00034764854353356266
0.0005833733387125487
5.432945146779114e-05
0.0001355705483909604
5.798128277651732e-05
0.0001938566047065192
0.00015429424665949992
0.00014487071943464393
0.0002182487502692233
0.00018918561748949928
0.00024301332295881753
8.784921882750068e-05
8.633725371392611e-05
0.00011896294615235421
0.0001015307944781333
0.0001856121328735334
8.344136965224239e-05
6.372591934371042e-05
0.00031815872530557935
0.00010726569406399638
5.721987504119356e-05
0.00045678812454161017
9.709622799877692e-05
4.899875839464293e-05
0.00020606003661740476
0.00010811285342269891
0.00037395123862671287
0.00011867932742657086
0.00012526976716964228
0.00014487382228733675
7.179255321343966e-05
0.00021338617729632877
0.0008130269802220838
8.585218694804902e-05
0.00010779920058783962
0.00011057494122936805
0.0002955071883319842
0.00011664812094431717
0.00015096555345686682
0.00025486687375747254
0.00013416537235898544
0.0001666282927653948
4.1078760730566555e-05
5.2805009295194666e-05
0.00021787674717501453
0.00012638451024463525
9.055578438963218e-05
0.00012527186791650645
7.5741493333772e-05
3.7335705799602635e-05
7.235836958584966e-05
0.0003994629718241973
0.0001169126378433726
0.00011777941991266422
0.0001868687079975226
0.0002413186862431301
7.339463386559877e-05
4.5486973769493565e-05
7.162445667578232e-05
0.00020947888948761396
0.00014908326974509944
5.226596506882484e-05
0.00010380584791668967
0.0005155229577296912
0.00027998230752856237
6.127827954762831e-05
0.0002554316023089825
0.0002157586122572459
0.00015969992999044193
0.00013619013116839256
0.00010091443970032575
0.0001619005548648195
0.00020469560338519813
0.00030082219821002263
5.1736087645614433e-05
0.00012357276831169672
0.00014967570514549312
0.00018597103669438592
5.936364693228962e-05
4.8884316322747714e-05
7.835276554371787e-05
0.00011085719513127858
8.471297774968609e-05
0.00017242894063724152
0.00024142679332744168
0.00014660818376332078
0.00013164841181854847
8.493883061413667e-05
0.0009277915988259946
5.5703045086910203e-05
0.00010884258125315936
0.00021118206475657364
0.00020948200857998293
0.00016841549803939346
0.00010350270298219275
0.00010701716971234401
4.7149996353586114e-05
4.827757375896151e-05
0.00029140306387107366
0.0002407276950611841
8.507989786199737e-05
9.841125405139025e-05
0.0001613852506061653
5.281369903578653e-05
0.00017798276225901524
0.0002895216465514355
8.46905045016906e-05
7.617826271566844e-05
7.263096806629295e-05
3.466383432053613e-05
7.323202287158035e-05
0.00013202774664971558
9.765153097148324e-05
0.00010685307130560076
0.00011267572280156581
0.0002786117801789954
0.00012626491063863168
9.522964544396884e-05
9.53437657320084e-05
8.328216776071356e-05
0.00019113533830515474
4.877843974466944e-05
4.656187544537909e-05
0.00011580158367981868
9.231392377274689e-05
0.00026804547288885396
0.0002913228945510732
9.270069965398608e-05
5.378569010790465e-05
7.151158043043122e-05
5.430063283677362e-05
0.00018836828765338067
0.00020121773054196347
6.806527555625192e-05
0.00036374615762985597
0.00014817699726072991
6.208605197938431e-05
0.0001938766976493401
8.797097914813299e-05
0.00017082266115388189
0.0005874925116729675
0.00011856363992834604
0.00010018746490326634
0.00021266353050653178
3.516588603025393e-05
0.00014424334725440842
7.645623342826402e-05
8.17314355936666e-05
5.043727063842233e-05
0.00020300610307318108
5.098785838670558e-05
0.00015300426884629125
0.00013125101827776706
0.00014927997465937195
0.00012602763528250013
0.00013989575867613763
8.461272686159268e-05
7.206592323480845e-05
0.0003261804047477204
7.747371781587912e-05
4.519498029131826e-05
0.0003888258436454222
3.640668190147584e-05
0.0002914717243975945
0.0003084945221584553
6.417878639222775e-05
0.00016285118723954008
0.0001909078151792434
0.00027746078279467255
7.179851974768712e-05
0.0002543902505553839
0.0002264699891209817
0.00010959699195955879
0.00035682208798597015
0.00016717662437600882
8.629109510260438e-05
3.636226697937605e-05
0.0003151311611574062
5.797083514379261e-05
0.00020988835984047787
8.801847672326381e-05
0.00012052256049330186
0.00012520306239482824
0.0001273426350002213
6.650783079125189e-05
0.00015795751390873305
4.1139633521058435e-05
0.0002147734341192161
5.2630826944896005e-05
0.0004110987835687461
3.995132679823904e-05
6.366666255914852e-05
7.615914630527523e-05
6.577416938025418e-05
0.00017593692869985285
7.553982928433793e-05
5.0226608153790046e-05
6.486953782940673e-05
0.00021351402876027914
0.00010151639836588597
3.7210174533074345e-05
7.18635044484311e-05
6.166585009231597e-05
3.0185069246695753e-05
0.00011338724936662891
0.00016409336916471058
0.0001040781692486989
4.7863533385051485e-05
0.0002497231271687756
0.00020667528174765632
6.004407254038129e-05
0.00014362834960332294
9.668319154493395e-05
4.1649877841772405e-05
0.0002600057812871278
0.0003901649295453187
0.00033665236139695094
0.00017953565381188048
0.0001673497238015887
0.00014853648934831862
7.476323009428285e-05
8.03586319758895e-05
0.00023175419941636404
0.0001470864775582508
3.777864536124237e-05
0.00010734985472118159
7.41830295326028e-05
0.00011764381412107619
0.00018963650017845394
0.00021419274890435686
0.00018879384791428531
8.024289629346978e-05
2.8059757972212993e-05
9.604494485088937e-05
3.516054770997106e-05
8.316964816438656e-05
7.471485631461839e-05
0.00011976696204895225
0.00022043628172683502
6.328978357887386e-05
0.0002469162166882306
0.0001023613319720469
3.95463551080322e-05
9.530336674751114e-05
0.0003381556553410592
2.131335980309064e-05
0.0001178599743150633
8.386512398402308e-05
0.00014361765553703632
0.00023845925584409315
7.336017876389949e-05
8.60010563018909e-05
0.00018429263020663863
4.196644087310093e-05
7.155184229207496e-05
3.259997232404149e-05
0.00016235599488499236
0.00013734830601966108
7.853365725068068e-05
0.0002833806806515392
7.885508168381961e-05
9.492129487946664e-05
4.541323448207114e-05
0.00013815157598958877
0.00012015531084220035
0.00012113079824161554
0.0001847501724018709
6.658925835012453e-05
6.85373144868354e-05
0.00011484775697811321
0.00026308189560760546
5.7830460717833736e-05
0.00015562636898932948
6.676996753082787e-05
9.13615156991272e-05
0.00018381535912617933
0.0002445958943737881
0.000274177444565548
9.28094221981219e-05
0.00018600119029303676
0.00021631689907436631
5.0469448242935886e-05
0.0002382628925931391
5.2083217115891844e-05
7.2967458293208e-05
0.00012034219332994001
0.0002187467581628237
5.741352709573566e-05
5.0425789461807564e-05
0.00010927053635598139
0.00014022388234144823
4.20261609595183e-05
0.00013489848082111705
6.411420603279775e-05
0.00010571927081223963
8.831466181758666e-05
0.00014081817888707707
0.00016633503879069097
6.319478664146314e-05
0.00014152078049950675
0.00010977683691316297
6.488215963419258e-05
4.279676339606569e-05
0.00040327613784875324
0.00012369558026661896
9.911109903716479e-05
0.00027993444911943323
5.3690277195085e-05
0.0001031754504954487
9.487279202544112e-05
3.2800656406483114e-05
6.4818771030102e-05
0.00012989564449100087
0.00030064492077311745
6.744921880858219e-05
0.0002748041658831754
0.00021535434584505535
0.00011634540209333862
9.576097187919604e-05
0.00010718874858175297
8.725558913830164e-05
4.005654209722541e-05
4.394152802944186e-05
0.0002175972123898083
0.0003203967573793793
0.0007287240984996956
0.0003368411035178316
7.20841246142026e-05
0.00010751099395471247
9.933832199892636e-05
7.385479357857689e-05
5.807937445312692e-05
3.691771035543636e-05
0.00020271851483304296
0.0003487147401324377
0.00011528963766086897
0.00011063174224689066
3.254804049488577e-05
7.915643147488962e-05
7.59827886479246e-05
0.0001302430012533562
7.841802331190817e-05
9.026903526891675e-05
0.0001104885230985617
0.0005586550267691955
0.00013773845648443447
0.00021016425398378622
9.959494668235204e-05
0.00017670400032612638
0.00022476060443298284
0.00026714673898533864
0.0002136937636379812
0.0002869278864402935
0.0004518957311537237
4.5169154115609754e-05
0.00011244976903031909
0.0008991808780576524
4.914297072902748e-05
0.00017424861123527632
6.206471288298313e-05
9.250034116052058e-05
0.001020227799494458
0.00020239167254257483
8.880909198822447e-05
6.377956963040384e-05
5.687110235051705e-05
0.0001720041076301064
6.450877620901956e-05
0.00010696736011329062
9.704733580054107e-05
0.00027704299895844344
0.00011789218524557793
0.00022502324942680723
0.00025060809510532524
0.00010414539969561211
3.4415912265981725e-05
0.00021996215650061453
0.0002525784265315486
9.297470090006864e-05
0.00017010450028850599
0.0002698730607407504
9.501967669009353e-05
8.283996385278796e-05
4.124237913132685e-05
0.00040788717885684357
0.0001081903392575469
0.0001428799884854386
9.937490881443808e-05
3.594430454847505e-05
7.787366067781524e-05
3.0488124642176046e-05
3.042430378259254e-05
0.00025061232357669294
9.475075322359466e-05
5.688671862075293e-05
0.000663062260286369
9.457449157692595e-05
7.500627843643343e-05
8.23937763109286e-05
5.9615395844181074e-05
3.53012653002992e-05
3.6627578575223884e-05
0.0004268044059648252
0.0002755030693033489
3.258293683492409e-05
0.00011571178220376704
0.00023355225058110883
0.0002518489056368864
0.0002749968024824282
0.0002237808214033541
0.00012511378017013752
5.242209292271731e-05
0.00032270177128055044
0.00013663357341332156
0.0001188002962193754
0.00014805585871489484
0.0006451643955145584
0.0001410294742409819
0.00014943056361668917
0.00015771016310186852
0.0001172919727871171
0.00014556290894961722
0.0002383818749723403
3.490223925580315e-05
0.00020260168088377363
3.986724578330365e-05
0.0003161671601004249
0.00014390972288644445
5.25954127656951e-05
9.063373315252218e-05
0.00010547691782367926
0.00035493452384803624
0.00012824284417970868
0.00011095490760419312
0.00011403065946811058
4.0264453738866215e-05
0.00015740251176696394
7.452487498057853e-05
0.00025781563783878493
5.784654318121173e-05
5.777154276245637e-05
0.0004530273790538775
4.7458471087226816e-05
0.0001637432697021622
0.0003510143786246684
0.00016301988112795435
0.00040811247618912944
0.0001507348004343881
5.015602002730517e-05
9.352752540304896e-05
0.0001908611802846856
5.754871993193645e-05
0.0001242547262353663
7.750686726403446e-05
2.1585793219781675e-05
6.0380344224610494e-05
6.19533343189585e-05
0.00024732899484590894
7.23845530585098e-05
9.099258766127544e-05
7.095740952252228e-05
0.0001614258523465747
0.00018997108022246906
0.00010064555738929845
7.07363388161385e-05
3.6054267403700776e-05
0.0001281645511506316
0.00017235890904711192
0.00021995280496397719
5.827235097033725e-05
0.00023502468783011905
4.1358398743028985e-05
0.00017462314614131522
0.0002645190612517262
7.069413775989076e-05
0.0002789321687082607
6.038800093585375e-05
9.426726463737958e-05
7.73880371063481e-05
8.001301675773837e-05
3.2235227822986664e-05
0.00034768602879902636
0.0001748626538032534
6.604918700380867e-05
0.0001594003302337009
0.00010344456918172947
4.7404721268048734e-05
0.00011095858639285265
0.00017279782373327477
3.880171698466326e-05
0.00028516162292915566
0.00013508260883734232
0.00021495522480458908
2.4122334076010234e-05
0.00013749950157289635
0.00010155514937495647
3.88960729255949e-05
0.00017545254760949796
0.0004209700371371086
6.0025164638774357e-05
9.178100828998047e-05
0.00010026980839391383
0.00013780080034882073
9.309212174827587e-05
0.00047423341927840964
0.00012106106611529813
8.154823512119983e-05
2.5123382716143383e-05
5.002118616754476e-05
0.00028699632047296964
0.00033002780789497183
9.680655676967306e-05
4.4155303664721996e-05
0.0001711911351072529
0.00010217928826987996
0.00015193281934653931
4.157891693779286e-05
3.1290417302805105e-05
7.35291682475547e-05
7.516903805828459e-05
3.950281315709028e-05
9.85031648394527e-05
5.4501473418994815e-05
0.00017735518922410944
0.0001832750860221284
0.00012773736329970404
0.00015123864155100827
0.00017660189966313316
0.0002996035267570847
0.00019003190431792562
0.0001567770813899242
0.00014609390187978274
0.00016967239909292266
0.00047084394935421696
0.00011679431260128783
0.00014540157243425077
7.233629961284276e-05
0.0003858004180446592
9.209376245995618e-05
5.492616826576663e-05
9.399089512841498e-05
5.951023868302152e-05
0.00028210112490880226
0.00022804624050300177
0.00028686836716558945
8.73052698407406e-05
9.207216691783578e-05
0.0001801129496252838
6.561242314275206e-05
6.672608769555883e-05
8.110102576375477e-05
8.0902209532656e-05
3.980509791784207e-05
8.094032584073008e-05
0.00016209296931730502
8.142235517040002e-05
0.00039926718715679876
0.00010118003268199694
3.205075004550389e-05
0.0002904907409254475
6.762477555021391e-05
0.00014226848666815784
9.683828420921805e-05
6.807194915358413e-05
3.6027020642852044e-05
0.00022450698523385047
0.00019427809092434307
0.00015807467873208374
0.00015890250361901
4.3209825825954826e-05
0.00032429102583016596
7.145281824895746e-05
0.0001435777853277361
9.405349718717057e-05
0.00015712737550748867
0.00012467912090333822
4.236489414563662e-05
0.000107190359371141
4.233768244460474e-05
0.00033817736602889003
7.310629926828866e-05
3.6398739980277756e-05
0.00011095063008262023
0.00013775691375237463
0.00022468503500433696
0.00011207884579477121
0.0001609906437679352
0.0001527713679985585
8.477825180141165e-05
0.00023172466045620523
6.896494506461376e-05
3.4279820462960126e-05
0.00042410509985661016
0.00011166046504525203
0.00012814781716751855
3.9767939509078886e-05
9.16831974355187e-05
4.817351440738712e-05
4.31162566676799e-05
6.206597624714212e-05
2.772828075850871e-05
7.143020095591364e-05
8.333409148050898e-05
0.000133948114370818
9.836492825580814e-05
0.00016874636139324113
3.2494396696152365e-05
5.261397790674265e-05
0.0001864195082788346
4.691196725779137e-05
5.9432867397484266e-05
0.00012199567477714165
3.3735820049345854e-05
0.00012717294816827547
0.00027497157043152997
4.953033044114361e-05
7.954978075958525e-05
0.00020364479296597072
6.954296034156299e-05
0.00012698356881781292
7.220698932176235e-05
9.730730055896245e-05
5.77427739507883e-05
0.00017746864802483991
0.00028680801163423627
0.00011304139329401857
2.1641636578171372e-05
0.00018549108326270232
2.2479657449768613e-05
0.00011216049819728664
9.181930228117841e-05
0.00021152855380169683
8.40396888047867e-05
0.00028871163270744024
0.0001791311439423564
0.00019873749329771313
1.8729164981023864e-05
0.00015149279333412979
0.0002618982694571694
6.183984299603186e-05
0.00015706002406739827
6.92545980611226e-05
5.280515172805946e-05
0.0002641435657408346
5.69319182950476e-05
9.119253690135056e-05
0.00016213412405181545
0.00021098408740949492
8.677869756044554e-05
5.6456474300232596e-05
4.967081299190455e-05
5.231249712292686e-05
0.00014708195759837627
0.00021243672713708005
0.00020588062939498538
7.638718154734135e-05
9.648666408348228e-05
3.99499328059674e-05
6.572522848418124e-05
4.210801288986067e-05
7.097554106119901e-05
0.0001329417403108774
5.5677702809383196e-05
7.90006753658318e-05
6.626528518487387e-05
7.978011408701296e-05
0.00019965208031606427
0.00021770458288540093
0.0002527871844209249
8.692438235583023e-05
5.228711715681102e-05
4.894235648775752e-05
5.43601213931344e-05
3.6929661847130566e-05
0.0002118287656919612
7.90775009490925e-05
6.087443553466403e-05
5.418447388674977e-05
7.951302365597618e-05
4.477645736434082e-05
0.00013066364336604942
6.156278814681716e-05
0.00011127106254999827
0.0001418411939583141
4.310602174032076e-05
0.00012780387058270161
5.112512505435877e-05
0.00023918592809730305
0.00018244102701370622
8.748802225021561e-05
6.367653614599001e-05
6.17445054338008e-05
0.00011817986739157845
0.00020051277279721497
8.22521836949758e-05
5.3030520676297134e-05
8.828942400792694e-05
0.0001483905836945883
0.00014891100007750473
7.596645749216246e-05
0.00010699767793982116
0.00020747470370596663
7.078506405937453e-05
3.2879054420120714e-05
4.4756640659359964e-05
0.00019235977546843726
6.483630828366155e-05
0.00022427913843095807
7.842131455183132e-05
0.00016467760030627424
8.996768145741781e-05
5.4990006101989763e-05
8.780545762789253e-05
5.8247956582971403e-05
4.1641373089135646e-05
0.00019563442103064799
2.204859611607518e-05
0.0002534635820244935
8.358279279025478e-05
5.029386505618752e-05
0.00011671861945206262
9.249504483513315e-05
0.0001239917398514458
7.9217304845913e-05
8.801055391900979e-05
5.230314377963585e-05
0.0001822810412529115
3.465594604957517e-05
6.131139236197238e-05
0.00010135313022856628
4.579779678183491e-05
8.90237363749991e-05
0.00025563031987247103
3.521563286228979e-05
0.00016269913216802079
0.00015096407551055035
9.432226466812636e-05
0.00015723528700249448
4.923083413220989e-05
7.046229407037783e-05
0.00013624716441784293
7.438170993616513e-05
0.00011014845531075746
8.548668058331663e-05
0.00012321329395951542
8.303130411164136e-05
0.00015115323668564773
7.340424886560731e-05
0.0002655998380555422
2.7996663461707825e-05
0.00010642665917405914
9.063072842297488e-05
5.4939336364279295e-05
9.65442209710602e-05
0.00022358178283052435
0.00018122100484364775
0.00010569886262545097
3.677140861566947e-05
2.6335842325273338e-05
7.217438035029789e-05
7.797922385543023e-05
0.00021360394436407097
0.0002225929443042815
6.618404822918646e-05
0.00011248474661666152
9.164345758341115e-05
4.2898235036848045e-05
8.513873445878933e-05
0.00029675699311425773
6.941628551356695e-05
0.00013386439299315975
0.00041386907397578706
6.407250670791297e-05
0.0001513337752418387
9.67717946146469e-05
0.00019821102493191472
5.598155909663679e-05
9.763941650256752e-05
7.512446540397437e-05
8.581136201906354e-05
0.00022608534769735547
0.00015241005992725203
6.732966501393397e-05
9.833936788588313e-05
0.00023245544243538576
0.00013841730771449744
6.912855473748026e-05
6.796015377040902e-05
3.893281219916423e-05
0.00017954958316829746
9.822119412159355e-05
4.8291603064930576e-05
2.64406181395513e-05
0.00022205959874709255
7.319509766061106e-05
5.634271691655444e-05
5.337319040062437e-05
0.00015930597068937314
8.66211639414939e-05
5.997321049316455e-05
0.0001228490787934613
0.0004052294542716256
5.9368408542598614e-05
0.00010029225320103048
4.090386300909296e-05
9.668397168644942e-05
4.9199007251032756e-05
9.714947590701849e-05
2.9727586644141897e-05
5.4255857571309614e-05
3.73930689831412e-05
8.477739316540856e-05
7.270730947793658e-05
0.00010014108222391275
5.001872788360361e-05
2.1849125533806627e-05
0.00011796638742773361
0.0002961123152786728
3.8514098245562826e-05
0.00027326939529538635
8.060926249040116e-05
4.512159876202955e-05
6.433217287292528e-05
3.0033203031284827e-05
5.001440521807932e-05
2.6431394856183443e-05
6.567515455795369e-05
6.575593604618885e-05
6.511360801171018e-05
0.00015098206539079486
0.000139646771167407
0.00015654516793033564
5.4229061904726576e-05
7.730496946114254e-05
3.445177632323599e-05
5.453322046795314e-05
4.0495884376352286e-05
0.00010396559577283298
0.000233071326361718
4.287998705472554e-05
7.377759713416339e-05
0.0001613157288779434
8.390098512315247e-05
8.515891041395634e-05
0.0001351044769380671
0.0001301637383670289
1.3411820106470878e-05
4.279760090733067e-05
4.5415440483229486e-05
0.00014502789838087733
8.38090132026353e-05
0.00010319195003501581
0.0001094455304633421
7.927398678665389e-05
8.077094202973897e-05
6.963388060849012e-05
0.00021724968310570905
8.293522019257205e-05
0.00013003475073628372
9.026974892231495e-05
8.458774616497946e-05
7.32684886498254e-05
0.00019383547239709234
5.575836928613508e-05
0.00044085771698054255
0.00010967515333405682
3.47571620466789e-05
0.0002436898191224606
5.9311746984284576e-05
7.383876878981517e-05
0.00010002923140214147
0.00012959610029384658
5.2397947145803004e-05
5.401435597927319e-05
0.00013506032645652487
5.8311588557447304e-05
4.5852326580634545e-05
0.00025304648036872076
4.5142573250767434e-05
3.5971629291044104e-05
0.0001566199232790755
0.00011468345283076575
3.99457111521948e-05
0.0001915228175331234
0.00032565915525765396
4.125048876094629e-05
0.00026783724345692106
3.39709110090723e-05
4.034534395054712e-05
0.00015356822507050488
6.0543588561216554e-05
0.00020681748918003316
3.5021227101758096e-05
0.00026123433415881184
2.732870732147225e-05
0.0003029472911402075
0.00011959725888427625
0.0003010689267702794
5.3002292431117426e-05
0.00018447371208102465
6.410008463216822e-05
7.79952539522833e-05
7.278984207428691e-05
8.98769661282744e-05
5.984674881435952e-05
5.0567092923766316e-05
0.00023221774814226632
0.0003251471035464122
9.585355941805969e-05
4.896631490464161e-05
0.00014710181088440196
8.421800381801253e-05
0.00010833222878929988
5.848463239800324e-05
5.201040411157048e-05
7.496912986403677e-05
0.00015791072573096183
6.725388277868976e-05
0.000304684430684958
0.0001046262659002223
0.00011873881884925975
3.726971121282315e-05
6.044375537695016e-05
0.0001357303718416025
0.0002691563127997664
4.4882642175515734e-05
7.992118225965014e-05
0.0003754736192921212
0.00016983989631765318
6.63200867006136e-05
0.00013402439133935752
3.120594452608364e-05
0.0002860480949441684
5.439226209611101e-05
8.694704096758518e-05
4.008957023434503e-05
7.047740920726316e-05
7.955450000555216e-05
0.00013987125111923024
7.250538877845859e-05
9.929875369225619e-05
7.018080257518183e-05
5.1693624372240346e-05
5.3595126543844296e-05
0.00011208543401729034
0.00011701478785201312
0.00014236516934774477
0.0001097357940273834
5.4946896700808596e-05
0.00010335318562366334
0.0006713033862428984
0.00019511813874522222
0.00019569189745776097
0.00011831502713803681
7.42381652401952e-05
4.918591123178294e-05
3.79476559788006e-05
4.109837362520745e-05
2.9351401842985957e-05
0.00021011126946277368
2.6820522902501776e-05
0.00015027725614972083
0.00013977307893146506
0.00019370844112427056
7.562899187679543e-05
5.900171053260765e-05
6.316781580350912e-05
7.232088831848787e-05
0.0001345990724425048
7.389090381704803e-05
7.456565716313531e-05
8.093704460863258e-05
0.00010225379948919533
0.0001421702829689722
5.552097335595154e-05
0.00018164894408100876
0.00010319572463417268
2.583959194273232e-05
9.587303517731647e-05
8.101416716455738e-05
0.00013359640154286988
4.362868109714222e-05
7.165425736927695e-05
5.836491710120134e-05
2.8248804713300313e-05
0.0001130494666363006
3.3952374964472106e-05
2.0235146749035458e-05
6.075450251846593e-05
5.4224216178193816e-05
6.315954558219496e-05
5.74329072952465e-05
0.0001579788945676221
4.95662284205409e-05
3.5061445581179276e-05
0.00020163998727513075
0.00020867499423406745
7.24697380711556e-05
8.449994339257428e-05
0.0001182177183949441
9.208521118195298e-05
0.00022495730155240102
0.00020460295900409458
5.5428944394578997e-05
8.346218387528821e-05
0.00019875834765598467
6.398414604252912e-05
4.275339353152368e-05
5.6311995790817165e-05
8.975651644035993e-05
8.204150359082458e-05
8.234550425848796e-05
5.795143203154567e-05
4.2870304043355584e-05
2.9840708696125502e-05
0.00013878144209028662
9.267170400495173e-05
0.0001136134213258039
3.17293567215379e-05
6.965532670239472e-05
6.151997370280043e-05
5.527502876538669e-05
3.170285687005222e-05
4.660249215808808e-05
4.551185076567843e-05
0.00012918264798872207
0.00016387778391856034
3.163062059911797e-05
0.00016000536619165532
0.00013603284938919772
6.755983294718259e-05
4.412926459271577e-05
9.367407221113492e-05
5.084974475571176e-05
4.0164075525242436e-05
0.00023645905316427263
0.0002278910097566067
9.115971543843302e-05
6.795365123630096e-05
2.5866049626805716e-05
0.00015571680756848742
3.7522851447641794e-05
4.169704166608291e-05
0.00012214312276749735
0.0003201354817954496
6.45986936184031e-05
3.5063188274541885e-05
3.3854043316982445e-05
6.731815745269543e-05
5.051380115566892e-05
0.00018979676361633151
0.0002477568553189677
2.751189475765127e-05
6.321429616694177e-05
0.00028923163411222425
8.574889024534544e-05
4.727599591511724e-05
4.823966838708296e-05
9.21592265843163e-05
4.242355761036606e-05
9.084061426522693e-05
5.925003945954999e-05
0.00011295038373526621
0.0002270019266540292
0.00010351359918472313
0.00014361375532855443
4.226534964885133e-05
0.00030805231905735954
0.0001053855068407009
0.00013165134024983473
3.0450889442290132e-05
0.00014025098104602382
0.00011102380005773952
0.00022490870837898585
8.72705404362844e-05
9.612507305371124e-05
4.740809083654545e-05
3.419838746303763e-05
4.30905185607427e-05
4.7126305743471253e-05
2.5704467268716206e-05
0.00011501316686030437
1.4039442257423353e-05
0.0002643479066914463
7.822067684483716e-05
0.00016758101958886027
7.579700402868336e-05
6.887501795344164e-05
0.00011367236830543197
0.00018601668396617244
0.00011320280014168981
0.00010715488655566434
4.7880145387582414e-05
0.00014241320981403567
0.00012985015557531756
5.73814349358458e-05
0.00019774265567198168
3.222715885613796e-05
6.644895080814685e-05
8.474970455626165e-05
5.993058999973371e-05
2.2181984828060332e-05
0.0001111270972800314
0.0001188935342097997
0.0002457143095590976
5.837515605464277e-05
0.00015382599611507493
6.84946997432996e-05
7.241421821869318e-05
7.320309112048964e-05
4.3182606850079046e-05
0.0003548936846866064
0.00013044659521242174
9.814050804731452e-05
5.911286967920633e-05
0.00022733354621496212
3.733624317485728e-05
3.532169817817405e-05
0.00021658414007847058
5.024105401680936e-05
0.00014178942949116046
3.814664033537169e-05
0.00010723118440780359
7.81875980408689e-05
4.285795793713209e-05
4.4747881766438827e-05
0.00010681002521618094
0.00011223041799179
0.00016208787398448856
0.00012625762069759782
5.862808907781775e-05
6.342611421260556e-05
5.592423409261668e-05
5.806016767884593e-05
0.00011663210351624232
4.201083531777701e-05
6.461890747797753e-05
3.655305084020431e-05
7.178344004326028e-05
9.234965452661565e-05
7.334732405005883e-05
7.794976956667538e-05
5.220297614375416e-05
7.526500178147826e-05
0.00023185307285457927
6.675340893315324e-05
0.00017495344801695678
5.341948124490084e-05
0.00012932363791431331
8.009047240383873e-05
4.0449086898220694e-05
0.00010900909746446845
0.00010835967137660035
3.852732892358478e-05
0.0001936032605882743
7.431014430491449e-05
2.8452827124352585e-05
0.00018170050676552491
4.4968221158370006e-05
9.435583034572642e-05
4.3607560527299493e-05
0.0001130845224149336
7.972313457843356e-05
0.00018100161689116066
9.618341674033305e-05
9.672408792993729e-05
8.778105493832836e-05
6.0124936481028435e-05
9.575630248742418e-05
3.799954834020073e-05
5.085216128528159e-05
4.768339976950911e-05
4.1297398410915175e-05
0.0003049689344437983
3.4073560623329434e-05
0.0001392323224180979
9.895417264178206e-05
6.947780124895301e-05
2.668352084878764e-05
0.00010966228423860139
8.946830192233505e-05
0.0001471858535432694
0.0001449935797415548
5.799683602239383e-05
5.2792492633857995e-05
0.0001296556174045893
0.00024712704306001544
6.29292516962906e-05
4.270779639923295e-05
3.640482335849512e-05
5.1083936801318687e-05
5.529241600688762e-05
8.793091479766265e-05
3.7623039101074106e-05
7.938787229217005e-05
4.2581291377697135e-05
0.0002702518539755131
7.163086688352426e-05
6.428141200996631e-05
6.213180497812168e-05
8.996644547547168e-05
4.597078659666163e-05
5.1422937173057864e-05
0.00010967244852916313
9.66166303155648e-05
0.00022342407732891623
4.767650771697504e-05
0.00020390776317627838
3.196594407390733e-05
4.1788010865149486e-05
5.9303253245009894e-05
0.00013209154816666913
4.665410262550988e-05
3.486915205283167e-05
3.82650101442067e-05
0.0001355524733913221
3.291103278871242e-05
6.726727566049529e-05
0.00025099400778967753
5.4993611153707496e-05
0.00011947652448622758
5.954488343766344e-05
5.9057754089939e-05
9.141199511945043e-05
8.13619109720185e-05
8.230279639953214e-05
5.118729321972235e-05
5.175064021085141e-05