0.07118532459991236
0.08847738753031362
0.011156420427001474
0.07512538153036664
0.08102790031594179
0.09775983751486822
0.025842501286899352
0.03140448709114471
0.08110312520329255
0.010586886442663703
0.032513797368568034
0.01281828768693591
0.0028303131734628323
0.016767421471870547
0.01655409828912541
0.013633256369973994
0.02768110316728989
0.014964916147342602
0.008301973717013328
0.01550100818843273
0.00874944458068378
0.008656775601343907
0.03095705767442221
0.009145672431848533
0.023420884961678767
0.01857116078097993
0.00601871088733162
0.00560300031700524
0.033857748126661695
0.007801691957444958
0.00702532539275595
0.0015110912404384795
0.0029389466956581474
0.025030362852002375
0.0051551466045583255
0.00745566864371983
0.008438089135818554
0.004398196612538519
0.0035626670591855855
0.01745820806949289
0.016563009381998128
0.003938320034380338
0.006528205277971758
0.005720108946781205
0.005652514697499174
0.02303709620716132
0.0037767241038000558
0.004478856257319902
0.009881042133528757
0.011957738967482784
0.007319556043795436
0.0036424420200535166
0.007425216934775973
0.005701511321813775
0.0074019173905450165
0.005367654984931993
0.004027469581950117
0.005016998783513661
0.0036543700854778085
0.002064057000042876
0.016273728077348656
0.0030958871359562166
0.0073160452086798505
0.00497158309110661
0.004123069571618152
0.0034334668745023577
0.0024944536511661347
0.0034758108384078347
0.0008771350043226689
0.002332276069175694
0.0014025957491655954
0.003556733371323178
0.005456248435591894
0.005650969697548235
0.005776614905845102
0.006210041984370389
0.005176229155116985
0.0005873086336539809
0.0011124321312139765
0.0037047234922926472
0.004848215008088903
0.002288106519192656
0.014175904471460072
0.004108895256662668
0.0036074148388110364
0.0019642909053664195
0.0010526122062360739
0.005299693516285689
0.0013676490313086838
0.006671100403223901
0.010286746925949716
0.005509756227053068
0.00350500077987983
0.0040346264718799825
0.0042835081258818354
0.0020458580684403743
0.0022243077434332724
0.003302326169712642
0.005580967682499648
0.005746241184578919
0.0020220673234015254
0.0027233708385638327
0.003614143656750604
0.003947302287121654
0.0011015839591578128
0.0037021920355033073
0.009832243381906487
0.004752039961642158
0.004929833449276157
0.00370988445606216
0.003848316353735047
0.001291627397943751
0.0012476615953145977
0.004129627702388278
0.002678117108958549
0.0007490452587271371
0.002829998333072589
0.0056391746757049315
0.0014888145046101195
0.0003970265293487036
0.0024978393093441614
0.0025238343324521005
0.0031690205671379475
0.0024144611071354027
0.0030630795348142695
0.003260514654324735
0.0036520066923693287
0.001498475327316818
0.0037836977837078733
0.0004181383761854419
0.0017706621142023217
0.006466071413538905
0.0019014345364667027
0.004262829407551338
0.0012961233962025705
0.0026963588962256382
0.0013062988503446866
0.002359042518109274
0.0013164131084528474
0.001700101339289867
0.0020856221539329095
0.0007024072260390158
0.0015505409496522665
0.002943374865876041
0.004808773731034881
0.005389079790960102
0.0029503420757769176
0.003319393247045297
0.002362909853041422
0.0005760753635090163
0.0010449755137611058
0.002025590420368791
0.003760397281594854
0.002774240705353468
0.0042241372899100545
0.003980744992941659
0.0036242631818433446
0.004451134149260738
0.005866621793563817
0.0005988297029807315
0.005153375739770015
0.0011978953503097205
0.0007791543857480041
0.001662724875968675
0.0021832275886409826
0.0005262719967079714
0.0009488881696830007
0.003869866771585801
0.0004263237726140648
0.0019222403624644883
0.0031873517174336105
0.0008813222966132298
0.0010216473032251558
0.004799658731633703
0.002899839204380191
0.003314469219346968
0.0010877267074024686
0.0019120178157434342
0.0007145512467723501
0.0018903536873511367
0.0005910317780317153
0.001538119373869488
0.002418882655827771
0.0010543836981175797
0.003872142547372393
0.005247804048698322
0.0005948149177060211
0.0011709208772273966
0.0011702533621389493
0.0007374105404408102
0.003373981506634412
0.0013479950394623132
0.0030967002358646433
0.001140463731145572
0.0026472018989764415
0.0053216636207274294
0.0003154181777885568
0.0009305829220378641
0.002553642865635158
0.004004389263504091
0.0006073065380415569
0.001566797923518045
0.0007346441022732665
0.002105766301174011
0.0027342575133954493
0.002094642933039159
0.0008907970994952288
0.0010670280663795987
0.0007944177996024542
0.0018579119971605291
0.0016648495996424853
0.0018351161251455625
0.0016168332347142257
0.0009870101020965662
0.0009637663631466618
0.0002617913961521593
0.0015221449612820535
0.0022560090139266374
0.003269299656453791
0.0032428205280081875
0.0003148328213024429
0.0004929375565745748
0.00165981314855356
0.0018689723350807893
0.0008265217483726912
0.0010609369841601802
0.002556782576621409
0.0024871691088286982
0.0014946982634704035
0.0018143361511319311
0.0009095711027396477
0.0013217766912707565
0.0006382380096055405
0.0015364319773984998
0.0029282072219180676
0.0012018363515638097
0.0009679219711483038
0.0008777017894490684
0.0001831515163391607
0.0007214554693656437
0.00032159403449771
0.0002582123916172034
0.0021486975137676263
0.0013598246227713492
0.0006389305954333311
0.0019858408940964293
0.0015239224492705134
0.0009516114267010112
0.0025130326455865193
0.0011302392358383902
0.0018238538805601529
0.0023894006176813304
0.0035967738563928184
0.003425679628789682
0.00040133298250740845
0.0008381051207075243
0.0007688539207124812
0.0024974056178325463
0.0004070071317141435
0.0009829230500806962
0.003894084205156084
0.004243467043586734
0.0019996865754527316
0.0004047356070164642
0.0014972623893416228
0.0017646291359541173
0.0011252540715736721
0.0004904965393396842
0.002285197264276916
0.0005280634823171883
0.0017777162018839927
0.001394186056967748
0.00253958555057497
0.0009773045793243678
0.0014859830217660776
0.0017072267418334526
0.000915497742598063
0.00047753354707099103
0.000952086325760841
0.0006501877272174775
0.001088754076483695
0.0009551586304402547
0.0010796079183288286
0.00019515145813342618
0.0005800949799045838
0.001972534441185448
0.0004898502910314944
0.0010553170583075147
0.000855909795378989
0.0008163754478143113
0.0011900068572634715
0.0008638348301806668
0.0013898790561047373
0.001082769196680613
0.0008040876516395459
0.0001648292362468767
0.0015888798590084142
0.00011019448354267664
0.0011716916356087884
0.0005859896535378224
0.00037227022012198814
0.0009212696011585249
0.002406045539517694
0.0026293600965781277
0.000552298227103139
0.005084178864038517
0.0004684539676022681
0.0003253390724670038
0.0004471624738090507
0.0006743391513480092
0.002947234778551291
0.0007479593103146918
0.0014676581102758773
0.0002545404118194017
0.00086521736403318
0.0014340289660914028
0.00047342726308753603
0.0011803610798535016
0.0006778740128997456
0.0019521801502968173
0.00022027403433020208
0.00045918173584123226
0.0007685328941673868
0.0018497043863988612
0.0014000095046535948
0.0013511420464608263
0.00015119265405196
0.001062347244237975
0.0020463884744422772
0.002771271210011342
0.0004917885560170239
0.0012953913539231236
0.0005057774932152829
0.0004456976676153293
0.0010540049200704147
0.00044314554396573345
0.0005692117643112267
0.00030474552649816124
0.002003163315291044
0.0004225278654251053
0.001180790891838789
0.0010731126220456084
0.0013571206102271968
0.001149739567668924
0.0006957155418131349
0.00048475665809263885
0.000779997223927479
0.0018104675548184952
0.0011426152826823296
0.0019518082519241473
0.0006809881615701972
0.0012174420057453575
0.000667053187068128
0.0005428085477017671
0.0004912356818988006
0.001257947405553399
0.0005815955993565958
0.0013239004306737072
0.001304583292510236
0.0007491387695801776
0.0014850106379203042
0.0002537899563097309
0.00040160627256738835
0.0022228995788855844
0.0012464290338595535
0.0004283459601432561
0.0011803578403690907
0.000318297002957971
0.0006606500197573384
0.000839402224370618
0.0011143129321382528
0.0033284669907879907
0.0006539939605296736
0.0022036033667476094
0.0002530983776523144
0.000654845676523899
0.001165250772553685
0.0008376771366995761
0.0007029799048744611
0.0005924866133917377
0.0006607933880534368
0.0016493116691473936
0.0007466502512038884
0.0003289404475556737
0.0004666141820276627
0.0018539253088680752
0.001853647074963711
0.0010065481983737626
0.0016462206821681261
0.0009356476686885766
0.0020260818372288955
0.000688935386085399
0.0006016350152144764
0.002213995474164283
0.0016116199774024605
0.0009811252775389209
0.0011525612769729275
0.0013225481085956852
0.0007733791709110928
0.0003114403883602825
4.841864046126e-05
0.0007999213664884355
0.0023113090505745117
0.0011196691107507243
0.0007854097674768923
0.001062371586127141
0.0003350850584815314
0.0006833040068218395
0.0024486232423142833
0.001713838775012702
0.0010554259664520035
0.0011412467909424195
0.0002599702982908521
0.0006316079948402659
0.0011625462472731724
0.0006406969513419678
0.001500889600973277
0.0002984999360473694
0.0036628148414165006
0.0006234210506875217
0.0012142359655121526
0.0017899541153431975
0.00045999458778925116
0.0005403027588657002
0.00023904191735601144
0.0017996004823940949
0.0007959972473532914
0.0010451950080957693
0.0001652384477127087
0.0007762052085694008
0.00012028277186004112
0.0010351312711910491
0.002436845612406563
0.0006010078331687693
0.00045230281344208276
0.0010203528090481672
0.00043450961997619465
0.00026681404629208864
0.0015591354584298031
0.00043927992695985175
0.0005514525247807971
0.0015270538527386893
0.0008087039284850393
0.0007038908955644342
0.0013753830713242844
0.0011204746145534426
0.0004446176648327727
0.000330558896379413
0.0005451961017666998
0.0016467533378560642
0.004567649887320366
0.0003456022214047657
0.0014008277480130438
0.0008523860990337927
0.0008730509624839494
0.0003694331056290461
0.0006781227510521102
0.0010453323565732284
0.00030213077783808686
0.00010338754841521685
0.0006685998945511314
0.0004348650037624784
0.0007548498240164795
0.00014017014414999452
0.0012856541516269614
0.0005196387498059004
0.0004986106456426213
0.0014096799103446842
0.00042847623314137443
0.0006385950363060679
0.0007368892436883381
0.00034556783238368896
0.0001171060212718432
0.0008462302477187286
0.0005985205681103999
0.0022243105662455437
0.0008067380288564064
0.0010903667059820206
0.0002958258468883254
0.00011061234222580213
8.979240888382216e-05
0.00025621586671786334
0.0004494315438393202
0.0008485541279372957
0.0013366578206288541
0.00018852130402181573
0.002139131291732896
0.0006618914490649317
0.0005307014268981886
0.0005142680933850365
0.0007891765151153411
0.00045307747383692323
0.001484574545456779
0.00036139284795761237
0.0013054787634218545
0.0003423931006798665
0.0006777955079742722
0.0007148924361491418
0.0011249796805300834
0.0007494230067020762
0.0005066707829890963
0.0015485103650188746
0.001604014168410507
0.0001745148997007283
0.000505475666871927
0.0002507526331797112
0.0012093689356449274
0.0005663233496079267
0.000788116541973371
0.0010008032557186231
0.0005078580961731228
0.0004414424401510264
0.0022725722360477704
0.0006696285063518217
0.000712469238102199
0.0016768039895151922
0.0006091499433247746
0.0016993447046840568
0.002012786954645714
0.0005536720378904375
0.00038366592357988916
0.0014508108432628984
0.001885849918548699
0.0007658762866264038
0.0008177112192482155
0.0010610578792167296
0.0004229093596371155
0.0008019226337218946
0.0004769392723581477
0.0005349228216683204
0.0005882059472147962
0.00022159495128777987
0.000652360417056931
0.0005854652323211166
0.0001518997011510577
0.0009431029522466482
0.0018127738999965744
0.0007239063462147862
0.0004620423351223364
0.00042682174966766857
0.0011638215649095198
0.000652146582944342
0.00019401413940972297
0.0010692417052741107
0.00021229048150674023
0.0007082791093501398
0.0007856518047670479
0.0009672115909200372
0.0004422288877238387
0.00044399882633369616
0.0008413917181699982
0.0010934262860942908
0.0010845866868397884
0.0004102669197171996
0.0007830292373066255
0.0009844294132735404
0.0007407112617810784
0.00024382596272721032
0.00035907282423779726
0.00027721632491390914
0.0009709130919506162
0.0013232086455096984
0.0004553316620668427
0.0008780474835041149
0.0003001925541550357
0.0006741983023650124
0.0015521961383333713
0.00026015745895193495
0.0006096803295617485
0.0002052284969963062
0.00032179897458321495
0.00108219304561785
0.00042527078097685616
0.0004347593342388882
0.0013396625112248827
0.00026397393224136866
0.0003552585691893597
7.09869282798491e-05
0.0018243212571747026
0.000529183555921897
0.000646205347972482
0.00020876777555914805
0.00048711426169582476
0.00045761912697055894
0.0014741332817403356
0.0003771408343263102
0.0006058077488840691
0.0002561200901944006
0.0008800656040009468
0.00041881391125413896
0.0007630129804549415
0.00016691460404237766
9.870230055492049e-05
0.00011091782118631949
0.0008703460509205147
0.000471445190768145
0.001717226161361402
0.0010753947273185562
0.00017140449435376463
0.00018594378859409103
0.0009718997926563219
0.001438253081858222
0.0011946252548029914
0.00020194166552909226
0.00019792219298045985
0.0003547913976854788
0.000269614652440473
0.00019460367483405057
0.0010923036224675957
0.0012331172952813648
0.00043521711911421817
0.0009961705431696982
0.00047426674507810315
0.0006031734369486481
0.0014543420637959028
0.0005405864145180702
0.0008443988168296509
0.00018124134638269364
0.00048583333730750037
0.00016650528273007325
0.0003459732559742945
0.0005174060100259437
0.00040650116827127016
0.0010017730703353
0.0017586127134691099
0.0008045256467910136
0.0009260741274732771
0.00031098723545504965
7.536155533931686e-05
0.00031683917761059325
0.0007199478113520037
0.0013412178078313862
0.0004887242569818676
0.0009095416731158819
0.00016813102998756695
0.0011678597064349358
0.0007633747506998362
0.0002579900228581631
0.00024698420002730576
0.00018674011693666965
0.00024806604284623597
0.0005442427408272125
0.00024584764712031
0.000977489938530708
0.00041448043897597943
0.00016146617710350016
0.00145902371733072
0.00012416262434433628
0.0007299959561629464
0.000580497912663903
0.00015118470177447312
8.618703371161139e-05
0.0006216033021586403
0.0001717305398609033
0.0009497642969853765
0.00036066105834369383
0.00032247749620948333
0.00035642836901137094
0.0016420197905973348
0.0005360111655244565
0.0003665903109082263
0.0010912638807124599
0.0010535591297922767
0.0003629369672523249
0.0005036065659337323
9.55322107195681e-05
0.0004136997519785463
0.0008435058787990424
0.0007817085879366147
0.0002048757432305593
0.00026668350278202964
0.0003871401026318186
0.0004563021893399521
0.000881336781558318
0.00045321166838032187
0.0006281219203105615
0.00047167564696606835
0.0008933191121976653
8.572472449562917e-05
0.0011166629702387396
0.0004303482025288232
0.00030605245363368424
0.0007098388391542985
0.0003952183582195083
0.0003150950369764897
0.0010675556025661486
0.0007793964725659352
0.000978650792020364
0.0006288698194481429
0.000599264041907645
0.0006180696738810043
0.0008706079502311875
0.0014577162373504236
0.0010662471239958084
0.0006053449020100575
0.000276345216193331
0.0011314595453371435
0.0004598615250300592
0.0007345450254719908
0.0012703345531143695
9.87138860096152e-05
0.0010649850490116128
0.00046515500575620115
0.00043454295108746416
0.00017150426245032092
0.0006666711777082296
0.0003392306026232736
0.0002273616962195847
9.927890119945884e-05
0.00045025971400396115
0.0002918844570822782
0.00043262299885662574
0.0006058551701929086
0.00020635197686301291
0.0003278926470988733
0.0008816728650958471
0.0007633959907547967
0.0001546685992795577
0.0008852816383540628
0.00020775426744713002
0.00028142005795505417
0.00011781174392511526
0.0012569730583900443
0.00012211745760727966
0.0010523274684987767
0.00012684037411004405
0.00016930980830141078
0.00019047812402209414
0.00017522274505760244
0.0009254893130326156
0.00017240622779761942
0.0009015214763293929
0.00022172602333318927
0.0004777247816866867
0.000734921666369685
0.0004062879916740424
0.0006391922460751142
0.0002776950025176835
0.0004906798045674547
0.0007110039890330424
0.0010852577084140022
0.0005258347880940698
0.0011830973191449539
0.00017092621482602867
0.00024819934481793354
0.0001595215707208567
0.0005316075661278329
0.00014002973039483718
0.0005903740976233516
0.00024414035935063714
0.000143445880838209
0.00042782959813677385
0.00014315448917303795
0.0007622116144346212
0.00029808990558545805
0.00035051100467028214
7.227068194661455e-05
0.00022084503465559995
0.00018224502340607687
0.0007079322444495727
0.0005282735923492594
0.0008540184082726699
0.0004367042713631087
0.0003832215842491145
0.0005112895877284047
5.8368467734580364e-05
0.0003473989057790174
0.0010879060482566131
0.00015939076213493958
0.00029454725130259824
0.00026495096636237344
0.0003855423743453021
0.0007771716073904517
0.0005735704502327601
0.0017433921115866348
9.635833771058927e-05
0.00036382233410952236
0.0008693342615588683
0.0005970109547225496
0.0006506501064114364
0.0004899961946182094
0.000365265984847622
0.0003036483744757398
0.0009963060048986375
0.0005438729581051317
0.0006165670205207695
0.0011982148728021907
0.0005139244124687533
0.00036573866884336817
0.0006129626635154944
0.00018090233227586292
2.4807485987242374e-05
0.0002896160873607972
0.0008173534110897718
0.0009415156832069309
0.0001834757402093669
0.00042207064077357865
0.0003266140626500516
0.00016991217813339043
0.0010260717223588543
0.0004868453489494958
0.0001432040407823798
0.0004080404600382055
0.0008132634187595313
5.588104149322195e-05
0.0009332013709070139
0.0009239254015957308
0.0001760046815675336
0.0008243319095845486
0.0016829134712101112
0.00030333502421901656
0.000777903418780107
0.0011131909701956946
0.000830372329062917
0.0001934529942145381
0.0005820069703337143
0.000311652191459664
0.0008146383333747073
0.0014032776090718163
0.0002453891761986538
0.00033799408537945865
0.00019337289885476265
0.0013597208175548264
0.0004411458381094006
0.000199906827959775
0.00010637955118094976
0.00021716417163087376
0.0004751641710961291
4.149822569528709e-05
0.000789396066187015
0.0004446517659840943
0.0007479239747655415
0.0006192903969024738
0.00023481020504556225
0.0002597866666112615
0.0007467737450573793
0.000875986294249176
0.00011546886453312445
0.0011516686977646787
0.0002578862892794623
0.00044322857610963606
0.0007958029186978096
0.00046284104677318084
0.00018576652805085415
0.0008360399500472672
0.0006715414243918306
0.0001229726216558548
6.388966364504038e-05
0.00026948489140728166
0.0008704786243301977
0.0003174289345352841
0.0004733225425418431
0.00037213714545765084
0.00030193404340290845
0.0017564427950454641
0.00017418051886788807
0.0004906848174047617
0.0005730947165738648
0.0003828859197885018
0.00012905539144092743
0.0002939655264975011
0.00025128567026023774
7.215222965743869e-05
0.0009130796902329734
0.00011241361922856004
0.00012037300638191333
0.00022041517971395767
0.00018975618846573398
0.0002839335232485597
0.000254987784784153
0.0004756952192575123
5.375027187871149e-05
0.0005071850232983561
0.0009424004589261854
0.000395314948893196
0.00020688422968538067
5.0197557453004656e-05
6.481363303079321e-05
0.00019160360065335037
3.702998660123561e-05
5.4876783888452435e-05
0.0008181254596802095
0.00016979767305613889
0.0006194035656878839
0.0004120372122048534
0.0002588533540488652
0.00015574614602142142
0.0002159363281036616
0.0003758114823689226
0.0003169745295296399
0.00015152871866470408
7.646904022414734e-05
0.00013683957700927243
0.00038828320289969445
7.980110004246677e-05
6.75351823778175e-05
0.00015346832598517584
0.00035958986022451245
0.00034536218507257336
7.479090420676265e-05
0.000337952187930962
0.0009655011774609819
0.00018919093188198184
0.00028517713423100317
0.00016606148929246452
0.0010042173733533725
0.0006063166906178777
0.0005072304598028297
0.0004649941865398407
0.0011135203423288027
0.0004580105945587521
0.0014881441007814247
0.0013815315865126556
8.405375162946687e-05
0.0002951296715946179
0.00037824016483753
0.0006495254792679068
0.0002556168159365485
0.0008086500939412211
0.0011615794117960194
5.277172294016406e-05
0.00012391600112801477
0.0016255530201934915
5.575798981354166e-05
0.0001591154999911899
0.00017569465252252522
6.141124724473545e-05
0.0007153199621179007
0.00015301555611006463
0.0011870466623549643
0.00038640792947917485
0.0005374886511870295
0.0002637143035626844
0.0002433159170409209
9.527056014694103e-05
0.0004017075012913505
0.00022927815864987928
0.000114013136411752
0.001644096401512156
0.00071007719182119
0.0006845004819055986
0.00015307535686277804
0.00019809221873524265
0.00012222798614355322
0.0001786295657921965
0.000258283560522359
0.0002950433941864892
6.38420554985878e-05
0.0004066651799574395
0.00022446650718030826
0.0006924332979398052
0.00022127893071427514
0.0005180410528439615
0.00048487596356079984
0.0008824120681333122
0.0006321341852085082
0.00010211274334783558
0.0004373412349050499
0.00022438054539968892
0.00033045137577803363
9.152891407582784e-05
0.0002628184810870104
0.0005771232302251642
0.00043616915128144893
0.00017239673595124396
0.0002693200154998127
0.0003268866739917536
0.0006116667406304024
7.455642531408252e-05
0.0006584936630344841
0.0008415979185258508
0.0002609193131469091
0.0004226384158727051
0.00025512486106096593
0.00018977905436601462
0.0010163944858707112
0.00015752546953037237
0.00022840177611266086
0.00011151287178051622
0.00032364118363732193
0.001170877682351636
0.00013456447078951647
0.0001048646406175382
0.0002530010754985129
0.0013249690545773037
0.000490881678150858
0.00015568846422371
0.0001590170341451523
0.0003488883689325029
0.00024088605133556866
0.0004903042620512042
0.00027140591703216706
0.00018544535484558972
0.0004793162885397371
0.00046278168769069253
0.0007905768994492005
0.0002485958881116017
0.0005490633913365795
0.0001941457185265784
5.290598142301429e-05
5.554885213426729e-05
0.00021435296435731423
0.000589376950535493
0.0012288719938717092
0.00012819452847518013
0.00034258319059665525
0.00019007080103889372
0.00027391912586947914
0.00034425241686315773
0.00010638108587916649
0.00046961094265450494
0.0003580329013721222
5.5199735471425154e-05
0.0001297269059074654
0.00015410162062058215
0.00010646170838074234
0.0005434822294790895
0.00037604656786430457
4.240317727026918e-05
0.00013330251467078274
0.0004220328384273219
0.00034750880728672803
0.0004801992366706663
0.0001919750134144666
0.00022974652443647322
0.00017134590363479125
0.0006815334242824469
0.000448317208129978
0.00040424664167108056
6.600101004870035e-05
0.0002917765987562936
0.00022018720925217665
0.00041899804983714896
0.00018007063787404284
0.0003872631507777362
0.0002594553541549044
0.0007196881270605714
0.00019844548305927284
0.00019227633349633863
0.00022846668827186388
7.79682079063162e-05
0.0004595693542544912
0.0003095154510092665
0.00028969722817411513
0.0005686964570157858
0.00022312640927049966
0.0003270693925341796
0.00018957980939391674
0.000197615288346749
7.010116762946344e-05
0.00045238582665082
0.0002467006891248628
0.00017604557655175897
0.0005535207818557458
0.0003084102368972696
0.00023901675711105727
8.506045709257277e-05
0.00016243955748374814
0.0002222795942838204
9.565202798335551e-05
0.0008004941021799333
0.0011459844888589503
5.246071504636658e-05
0.00025973367922311417
0.0006312993663887401
0.00013044225162925558
0.00025342927740353434
0.00015145145467560027
0.00035175853372926806
0.000231741462813141
0.0005517136212120409
0.00015849906828563676
0.00025320500015838036
0.0002952013476146604
0.00039603524194635204
0.0002402906060682045
0.00025669617909681924
0.0005488647267405735
0.00011685885854504747
0.00011567658508355816
0.0008731833646374221
0.00015793540481487335
0.00017430645420130414
0.0005376155146214612
0.00051184175343981
0.0009633897867027903
0.0001160240504115297
0.000710225014656947
0.0004356285724475161
0.00014815138040035833
0.00010651430111665821
7.665826191984018e-05
3.780740015347069e-05
0.0006236201036032994
4.851337670858581e-05
0.00019747389131042449
0.000874433239881101
0.0004745187584399239
0.0002640129789910204
5.264687981152513e-05
0.0003923629080585957
0.0005407842125035823
0.00021237129970650852
0.00010133761143712067
7.737274860777645e-05
0.00018487988238920946
0.0008961535379036797
0.00016798238915608445
0.00034483167890612563
0.0004978660506543361
0.00015311011369586701
0.00013494538021472378
2.5557382919787427e-05
0.00011830050516787724
0.0004415307135914026
0.0004104719677040527
0.00015278176970418027
0.0005686012965325578
7.650093070843414e-05
0.00020804569549636297
5.010246996202584e-05
0.0003286348144340114
0.00011701561782802953
6.412861821517646e-05
0.00030968352574651696
0.00015885806161729333
0.00011897541270704675
0.00035612534653131265
0.00016410026061718805
0.0002085558598825566
0.00047697635780762624
0.000521764192577908
0.0003075825738585232
5.879181662086395e-05
0.00026286119085880297
0.00016038049196042886
0.00035436924537488707
0.0003882786218584456
6.135959992786831e-05
0.00032549349055000984
0.0001152618657675619
0.00010955229832326922
0.0005585474952561136
0.000311485382616104
0.0008507836770926451
0.0006369105163221601
0.0003696429681374836
0.00026196394891359986
0.0005629165461103718
0.0006434723387713886
0.00029625576696365165
0.00029777854786612075
0.0003243834402416363
0.00018513890369444293
0.00031205536005378496
0.00047317371800015116
0.00018486991561158261
0.00022329287258045227
0.00022486603648685867
0.0006109026993342399
4.217548001101018e-05
0.00028161180538773775
0.0013615046257583262
0.000268117047644501
0.00033844070822561375
0.00013875057702779679
0.0009693942613928886
0.0004886720587766858
0.00015928939380389838
0.00015277744469789368
0.0002647059753822214
2.7240965817128744e-05
0.0005538952297194244
0.0024703576791387754
5.615589245389865e-05
0.00045756303421852864
9.582323518883551e-05
0.00014720147474699987
0.0008145160319618452
0.0001450799381914305
0.0003759594225332347
0.0001686251561686814
0.0002319802051903934
6.905494372245563e-05
0.0001574314318049372
7.627600739798092e-05
0.00042226222921755007
8.820529052182978e-05
0.00021765739456123474
0.0011006705318470852
0.00010578935972070014
0.00016760579238444807
0.00029442462278422566
0.00010586286003092694
0.00017842867789703913
0.0004333065469732499
0.0002865001589142063
0.000801351698597322
0.00012897885165037262
0.00011003893361633758
0.0001458772596508913
0.00027891391317624474
7.917274131973557e-05
0.00024675520711775657
7.905034435481236e-05
0.00012861728224155132
0.000575583809203021
0.0009211623097884859
0.0004425231645045034
0.0002597269237209571
0.0005965385967819229
0.00031310118591276504
0.00011337310365087564
0.00020781891655195648
0.0001272384332238396
0.00033377750183788597
0.00033623128383186474
0.00019579664625857818
0.00014447400576299716
0.00019434441874491786
0.00011394255155587981
0.00012651478398006654
0.0002833842807138921
0.0002348211917737653
0.00013998577836713013
0.0013087436697956575
3.9689206785077856e-05
0.00015620464605561616
0.0005098894604249473
0.0004968963702346215
0.00025479336631040417
0.00014825147375948776
9.638120864182697e-05
0.00013212406464518088
0.0002234080759255137
0.0002308189489734007
0.001298133081882683
0.0002306480729361186
0.0003017586152323817
0.0002760995084123706
7.266699367099802e-05
0.0018086793061550697
0.00011887017667673832
0.00029397083274473873
0.0005703824553768614
0.0003262789547819387
0.00034024633281604127
8.759178987255074e-05
0.0003630017870941067
0.0004632442850251495
0.00012927519717690207
0.00048137000742438777
5.8016747169588686e-05
0.00019308124768453364
0.00046136899159216534
0.00012282019949760728
8.439798906639069e-05
0.00019967934009110778
0.0001781499478543404
0.00014810165964443606
0.000644574160011277
0.0005250517646276801
0.0010718784367119202
0.0004633313050570326
0.000888946786914444
0.00013650182545025567
0.00024580903766010154
0.0005277192808407183
0.00010445896086970822
0.00021301220917753274
8.230700082756672e-05
0.00030988231438316326
6.186231885497554e-05
0.00069705987834013
0.0004545792150614519
0.0009202833530287068
0.000336113019263467
0.00042369559268269446
0.00016519583239049128
0.0003017079924573188
0.00040439588670992683
0.00020120144945930848
0.0002401368739991647
0.0003701193536363186
0.000861864980179018
0.0006748213189514328
9.60517312542726e-05
0.00018391702461059283
0.00025504866988471114
5.895385646413783e-05
8.320188938506026e-05
0.0003029061076519719
0.00039025812309549917
0.00016754369771243988
0.00045809411543916494
0.00025970073564659184
0.0005191685735992685
0.00018940511028131015
0.0001776060806730814
0.00016035104459991784
9.824970250843997e-05
5.557430632780127e-05
7.636824344636863e-05
5.5863137379803134e-05
9.984386470162691e-05
0.000932507451951972
0.000515452894859866
0.00026940934169621713
0.0002948374268351804
0.00017345228169265148
0.00013192090453004578
9.947742062770061e-05
0.0006957025791274967
7.63238885696207e-05
0.0003117994499564527
6.66217914897078e-05
0.00017457310039431742
6.839524323864351e-05
0.00010620042334812467
5.068442959514334e-05
0.00037677210082979757
0.00041455180079696616
0.00030690249203144685
4.469136180632188e-05
0.00019784227708759478
0.00020524122907489097
0.0002823888842004477
7.738540088050282e-05
0.00019125144907592817
0.0005436073115973671
0.000595771271740021
0.00029157868331149454
7.990922772633243e-05
0.0002370915170653406
0.00014194829613893052
0.00015457014880270123
0.0001619481270757959
0.000415606436405109
0.0002782274371742069
0.00020594907275099864
0.00018077600852162864
0.0006185572751863813
0.00018286962532757678
0.00014068146383199625
0.0004310766811806372
0.0004654587942394628
0.00013404140648877103
0.00013968281121412668
0.00035938070650493704
7.969918075095654e-05
0.00024719401846505637
0.0001231285811758158
0.00042889913641136094
0.00020576194015777937
0.00019271418268969228
6.501651505111407e-05
0.00019925401434767924
0.00011662701458340224
0.00013005924909439436
0.0002052533705564773
0.0005442890178138863
0.00022438622179161286
0.00019851948562926152
0.00016752093622203064
7.101654928971206e-05
0.00034147185936418396
0.00035550687617411997
4.078108747766314e-05
0.00022304507808376694
8.217978212023983e-05
0.00048717365255221054
0.00016888484873168176
0.0006345931001668749
0.00018413076444173494
0.00013454084491028035
0.00017184341179288666
0.00017346621449625512
0.00018839048158787497
0.00010557032780710293
6.118565654704372e-05
5.868452942260642e-05
0.0003048975882962896
0.00012454870542683849
0.0002134480122536714
5.47941966537865e-05
0.00024610219500032876
0.0001357256114426802
9.607432548929941e-05
0.0002732254582118041
0.0001586596582941629
0.00044200227534698717
0.000368428609297345
7.526687782257466e-05
0.00030474456763590466
0.00026530344265606663
0.0002098529893508328
0.00010815575327581227
0.00011181477733036969
9.655791816475252e-05
0.00021409108258158807
0.0004571986693440515
0.0004330015482613694
0.0005896204800422833
0.0005217862042340179
0.0004777983443868307
0.0002965614137260366
4.855499575739062e-05
0.00047364256425552206
0.00024054198891072142
8.143266175249731e-05
0.00042579597954073447
0.00017379576932182516
6.088682050404558e-05
0.00024028605601628475
0.0003239450990940432
0.00026112771189657337
0.00020385708283797313
0.00034393249551140873
0.00033427873906646577
0.00018941850535313343
0.0002609002966191415
0.0003573421733984684
0.00018614777988938273
8.550862609509461e-05
5.8028076644327794e-05
0.000163334192874554
0.00015570533021788926
0.00010401958763188129
0.00018175215987430897
8.496501519191057e-05
0.0003199324987193299
0.00013288967903442487
0.00031171797652884985
0.0001539886908874961
0.00019151819816768433
4.714004278328076e-05
0.00014298582496323102
0.000439348171746007
0.00027708214083738467
0.0001698777494393128
3.549633743044112e-05
0.00020179726242473584
0.00011852824163383686
0.00024166813276993917
0.00045215657142486543
0.00023968490682670557
0.00023190234023877135
0.00021673141768763565
7.599185085809826e-05
0.00011848005582269433
0.00021651682454880663
0.0005522204733669004
0.00018150230757153286
5.521013016342947e-05
4.1654482904467456e-05
0.0003269412600617176
8.905250363079085e-05
0.00011252852697477442
0.00010666280071740009
0.00020055410323260996
5.823259562344316e-05
0.0003847315746602273
0.00013776816273146489
0.0007113041851112593
0.00030156847739005305
0.00019477889072269018
0.00042302527829036487
0.0002492515355782145
0.00018183800039958195
0.00015976842948692461
0.0003212891630202692
3.61769267251193e-05
0.00021487784583173932
0.0007911005363685403
3.0156474885931266e-05
4.77522608188243e-05
0.00018180348055841887
0.001204046698976071
0.0001367987534424713
0.00012071157038615159
0.0008371375895867969
0.00048291173096653793
0.00038848890199954877
0.0001070820140059735
0.0001601882226801906
0.0002613890930245474
0.0001266756639831691
0.0003059058235898848
0.0001847997697880701
0.00011174108025931573
0.00010751532658064052
0.00043848092737122825
0.00038652991082507436
2.9948678020736667e-05
0.0001477763924470366
0.00020194176286013864
0.00026230801514036866
8.920904684181196e-05
0.0003642826957817396
0.00023830191634756524
0.0001266618503826522
0.0007398817926174325
0.00013230273460319752
0.0001839959584370885
6.607762214016547e-05
5.333160496043783e-05
0.00011966459544597043
0.00042831123795895236
0.00043253364347331676
2.6176134177732894e-05
0.00033505106658551385
8.555116535751277e-05
0.00017719606924916615
0.00020277547030881618
0.00011207934180931734
0.00030554679509386885
0.0002105670019831333
8.64610718379754e-05
0.00029772592467350057
0.00024734416227141916
4.343923114008398e-05
5.3581097267903985e-05
8.675515199462386e-05
0.0005346379731349334
0.00019041563868118445
0.00011590442214970731
0.0002105325941744305
0.00027473185346962213
0.00017571252560922594
4.639284978986865e-05
0.0001956030064921017
0.0001403531476840768
6.386091928546446e-05
9.172654861626572e-05
0.00026149506840238065
0.0002951623903801884
0.00029609170149238063
0.0005668088832523523
0.0001404387349183282
0.00034657728352475927
0.0001747034920174179
0.0007717687166098534
0.00019211646693186548
0.0002017363046275112
0.0001047603125242907
0.00034513996755743186
0.00029574841568377974
6.548414698643439e-05
0.00015959517543316786
0.00011634110389211365
0.0001428520390488991
9.377910513165929e-05
0.00016812323359835486
9.46613242546493e-05
0.00011582996420669623
0.00010198866315345542
5.0006532378131754e-05
0.00025432763176645745
0.00016898515909386053
0.0001230281993766769
9.046929074120503e-05
0.0003516387890680239
0.00014306919450709702
0.00014833023828938994
9.248149224989399e-05
8.635282478857227e-05
5.3143640838009526e-05
0.0001292510046079728
0.00029310387149762175
0.000327539344869257
0.0001477396535133042
0.00011862484393648254
8.738070087014627e-05
0.00027057392792201513
0.0005522912883295327
0.00038460473960354023
0.00012124120589336091
0.00030111465604874273
0.000642235711781032
0.0001152639800057986
0.00029496079068849925
3.440310690201674e-05
0.00012640914715531724
0.00035404432153855536
0.00011512850431888892
3.404776606673368e-05
7.759583120850227e-05
0.00018381169349782514
0.00016188616753502877
0.00019405796334184182
6.614636077156623e-05
0.00014168263247521656
0.00014282224502268963
0.00023133463576419168
0.00022298278689154077
0.00022484156732029674
0.00038589752228576006
0.00013022606367036536
0.00021908069757090728
0.00024579247535432675
0.00030990636202449674
0.00012764694350556814
8.462523578811304e-05
0.00033082691079465475
0.00025891204010928235
0.00016615280323315125
0.00014136803528657564
0.0001980461514809186
0.0001391735007502228
0.00014102246251378607
0.0003554169673179814
9.159845909221518e-05
0.00010384268798948193
0.0002533150445419779
0.00017695280064130238
0.00010536922162967013
0.00018084445606166808
0.00022288085319689915
7.188775298595772e-05
0.00026764269587605444
2.6698580361426798e-05
0.0004303884260486526
0.0002260254875212064
8.009045112675953e-05
0.00022480290587723292
2.359507113235453e-05
5.9435245333666566e-05
8.337528743829819e-05
0.00030023470281945083
0.00015821898607213221
0.00044339772115777054
0.00016336103462878183
0.0002652636899484443
0.0009227965411737736
0.0003383561898457443
0.00031401111290499525
0.00022029716745505044
0.00023227048864860335
8.453313064585034e-05
0.00023750944623761915
3.6463164105272977e-05
0.00010013396173893344
0.0006086599733086411
0.0003172547112129292
0.00017130048433803432
0.00030831672317661884
0.00010774251016715859
6.4567090443434e-05
0.00013739433621327163
8.190065671441118e-05
0.00035634361070076677
6.48703732671213e-05
0.00037647019902693415
0.0008155886226053545
2.7723882484471565e-05
8.894406835946942e-05
0.00020490669911321177
0.00030979644834516404
3.496741171750662e-05
6.317738667855296e-05
9.628008417256573e-05
0.0002584673643464516
0.00010007751123711255
9.529632010250351e-05
0.0003245041902996649
0.0004039953890224714
0.00011425209334503192
0.0001363870024829174
0.00014317643941572704
0.00044982839141576134
0.0004521595761984001
0.000102226702187637
0.00022201833916308134
6.0917645422500736e-05
3.8561013844054645e-05
0.0001247477537955382
9.997681229320693e-05
0.00032553320817395277
0.0004344407611926485
0.0001812056687811199
0.00018224754393217916
3.9938711940357446e-05
0.00019803479087614895
2.5392376115671418e-05
0.0003858843686202573
8.868848639307741e-05
0.00010136592937959663
0.00018085839092116463
8.214552514211315e-05
0.000311976278661307
6.602474542083883e-05
0.0007341941354349392
0.0001668683526973089
8.45217475207207e-05
0.00059761163365527
0.00011328346752096609
4.866982142665049e-05
0.00038145582561887454
5.5232998873834485e-05
0.00017036601114989115
7.052112269773106e-05
0.00016419609050594364
4.1654953417572076e-05
0.00031717364673024094
5.815713763142327e-05
0.0001379863544592907
0.0005617113594904588
0.00012794551558829723
0.00018965893633680946
0.0001404404777779368
0.00017827289550961684
4.270307239962732e-05
0.00016202083849541535
0.00011400561723880717
0.00013611216720950517
0.000263817095202183
8.712509609228603e-05
0.00037420159589396926
0.0002717216857024274
0.0005381909107209532
9.405425502888549e-05
0.00018937954691659628
0.00011763670670455479
0.00012855414625285725
3.6195707379996404e-05
0.00019205742879849872
0.0001085888823144719
0.0001276750158765462
0.0002113174983848948
5.309195231324702e-05
0.000549361050672101
5.7279891578720356e-05
0.00035987805561107656
0.000165333643341585
6.603394092798734e-05
0.00042412822238089583
0.0003302600266754444
8.668703331797873e-05
3.367305216978383e-05
6.339516094396264e-05
0.00012128982489370456
0.0006691282785363955
9.096430884153053e-05
0.00029963257591583773
0.0004976216768590787
0.0002678311262801264
0.0002847372715093024
0.00023678942218913402
4.8735886345600885e-05
0.000575749674839059
0.00023264808625028628
0.00014582271262778706
5.629870342414737e-05
0.0001349590015282187
0.0005020524144464204
0.00015312550524577094
0.00023012607112573894
0.00020116494794223687
0.0004486873709701072
0.0004172018330220131
6.843307471889662e-05
0.000452040551280703
0.00013440283084455062
0.00014683367827601074
0.00010080571089854593
6.779308335065683e-05
0.00035705934565726123
0.00020110970837598476
0.00038506043483809446
0.0001670067237699368
0.0005364746820692673
5.477259841304071e-05
0.00018012429295490907
0.0001099352394697631
0.00016451261316360167
0.00012638313288708153
8.768868672627661e-05
0.00010151236540787349
0.00017964447015478142
0.00011646783833586955
4.2425111561875584e-05
0.0002259865221253009
0.00022657066901766965
3.8495550318116926e-05
0.0001411227671543091
0.0001185898967343393
0.0003628040988239408
0.00011953588186861878
5.647164742989408e-05
9.591965271789154e-05
4.728799751482921e-05
0.0001401395251236802
9.28433971573216e-05
0.00010575821148579
5.147298469779092e-05
0.00039831078141117185
0.0004027840529892638
0.0001633202604673085
6.218470391705588e-05
0.0003017680770234315
0.00022035707179123907
0.00033082151461280557
0.00017382500331846913
0.0002817688002291661
0.0005572794734202485
9.03819378410437e-05
0.00017085609453969207
0.0010112524304527794
0.00042510664503656227
0.00012921745917864906
0.00024602972340891874
0.0003598850754506934
0.00043640654153807976
6.167478645031707e-05
9.971784841734103e-05
8.16905216013842e-05
2.9026832117696646e-05
0.000483643724074242
0.00010353375307907463
0.00012854084560015057
8.568972045191668e-05
0.00019086801348220045
0.00012322177727799944
7.07252671531751e-05
4.335359387658933e-05
0.00013374888247872735
0.00011943530070835456
9.030699421210174e-05
0.00025723488466831485
0.00010725760801373197
8.326461334724995e-05
8.705217465743198e-05
0.00019528650781246485
0.0002758260279003237
6.505948256061323e-05
0.00017263712881680234
0.00024466685781289243
0.0007044447123360325
0.00032568438687039213
0.00014839549660328899
5.247837404286731e-05
2.8684037473093136e-05
0.000106824980788966
9.08150432227301e-05
6.654190818515891e-05
5.9187937064802483e-05
0.00017892939809833845
0.0005757585928483691
0.0003662505989025411
0.00027575663909326853
0.0001024896681260038
7.010830510726298e-05
0.0001635045424526059
0.0002577558763587958
0.0001754735016104538
0.0003805127519204636
8.785560873377158e-05
0.00021097457843443273
6.0161027558446975e-05
6.272408880628445e-05
9.605218853518286e-05
0.00017888759644598545
0.00011666152910486263
3.508197783400812e-05
4.875758658258302e-05
0.00017800257037115113
0.00012157514843534216
0.00017720255724382457
0.0001529563164582043
5.2842408951687116e-05
0.000547534360376088
0.0001934953639165133
5.604805936427554e-05
0.0001173445201479852
0.0004185609938905457
0.000435533579680447
0.00011181287750119095
0.00012959158241315067
9.585499456704155e-05
0.0001668561539711768
0.00015714630240601252
0.00012268311353917218
0.00037958231004035016
0.0007042366465643328
0.0003045068141339163
0.0002562943673636317
7.374016111076279e-05
0.00025515966634858647
5.279024106648246e-05
5.390080184743565e-05
0.00036761404098117396
0.00019523996715599794
5.774297479918354e-05
0.00014005282052648494
7.575337562913639e-05
2.962740738104421e-05
0.0003011508812845013
6.147439468488437e-05
0.0002763837146809845
0.0001721403387721775
0.00013354493161232397
9.328347831183916e-05
0.0003610999659537297
6.420027106448348e-05
0.00015932066779366516
5.826431555544452e-05
0.0001903169813132158
0.0002915591517680551
6.953810265137214e-05
0.0001693942991862607
0.00013231798994711084
6.552614905190886e-05
0.00011859993314591177
3.4462092346698095e-05
0.00018576324526701867
0.0004356295145593881
5.337155924039129e-05
0.0002581028053664724
0.00036658991780901353
0.0001183311036450551
9.472553596569668e-05
0.00024541829086123805
0.0001587262899197104
9.352720412428571e-05
8.00907840524112e-05
0.00038587880130101315
0.00012701044254653492
0.00022251278017693763
0.00010850781313040644
0.0001135618792904896
0.00012094199787173921
3.0716007346503894e-05
0.0002031589916513342
0.00023941675390374922
7.934735197950367e-05
8.880556134903442e-05
0.00010369134116967692
6.706938974282225e-05
0.0004135762036975993
5.218027949068862e-05
0.0006220479144346081
8.274298603306802e-05
9.315030154559393e-05
0.00032671400165417786
0.00017314642388851812
7.302587629253509e-05
0.00010965168717266713
2.6763691207741665e-05
0.00047039165141283715
0.00020155532991937222
5.372629260700651e-05
4.783732660738122e-05
0.00010593179566984915
5.478193412782403e-05
0.00032392172545598794
0.00014324812645380623
0.00042688930150030526
0.0002409225522838548
0.00011306685408277364
0.00011269398808157629
0.00012072950043678742
7.499040166196013e-05
0.0002738575114215772
8.339398534221419e-05
8.574665973553034e-05
7.061561700066944e-05
0.00023007003814313776
8.438212553423598e-05
9.596684392438775e-05
0.00015346911950958657
0.00040494375593992703
2.642442595108007e-05
3.297988495320247e-05
2.8505543091836648e-05
0.00012058891381809436
0.0003167429918510968
9.526015138521549e-05
0.00031013285995398727
0.00011127897579939399
0.00011074772414251771
0.00022265167929233785
0.00020972014303482885
0.00017493854228153047
7.337584379086584e-05
0.0001453293070562617
9.826692893992867e-05
0.00030924870946566794
6.599879591733666e-05
0.0002378455771730829
4.96296032046854e-05
9.025802955580233e-05
3.6885986855134086e-05
7.319079888879187e-05
0.0004197709270357214
0.00011769840041304817
7.171898085388847e-05
5.8992181151670074e-05
0.00025986244127412187
0.00046523504250800356
0.00021338045007094115
7.889086710952832e-05
7.368255977902866e-05
0.00047633667013088806
2.8935857455774356e-05
9.896133254710107e-05
0.00011100369687624977
0.00030024051595744095
0.0002708261076467333
0.00013266119256479626
4.4722394653128614e-05
6.890454292136569e-05
5.615252500281002e-05
5.365549342205505e-05
0.00026430400659030695
0.0001546020725999673
0.00010946293936778326
0.0001089924899193027
0.00011700009774068776
4.8546655675340376e-05
0.00015086963537577487
0.00013735502686220165
2.9810376082965118e-05
0.00027512333312199305
0.00019842201219023373
4.0632622058134935e-05
0.00014004958937618384
0.00011804462406798802
4.597919565266832e-05
9.374038227351584e-05
0.00018809914274277404
7.228999540587349e-05
7.626809014859774e-05
0.0003550881846049515
0.0001912435110206646
0.00010657693308972658
8.015165850113861e-05
0.00017990934074817183
0.00013032062382050823
7.376099534005017e-05
0.000148190454035462
0.0003312751196561094
0.00027198363878341847
5.503856013444703e-05
7.783393753957447e-05
0.00010609579617826632
0.00013851992287132242
6.508617234368311e-05
3.2098383872491963e-05
0.00016946515806084487
0.0001813255768562243
0.00017701281805378884
4.566358078653821e-05
0.00015853264805259173
0.0001994147770557127
0.00018271942022143428
0.00014517341517178542
8.404537150947149e-05
7.894618166275057e-05
0.00023236690430648003
4.490377454686e-05
0.00025954030456730025
0.00012896661222086512
0.00030681037862726195
9.222460551885442e-05
0.00019858355037699434
0.0001303260108493381
0.00019424201386211966
4.259631160340057e-05
6.802005128525208e-05
0.00021158468511973342
0.0006552962692158417
0.00011180630406947838
0.00010374803720785297
0.0011190918150419781
5.497222447348053e-05
0.00014851310200101578
0.000538463863679757
2.4832059091589808e-05
7.786763759565855e-05
8.282515472115679e-05
0.00046241115135646905
0.00015869529447100296
6.952758513277813e-05
0.00047099192212009825
0.00015310922059147563
4.3617789210979926e-05
8.136728958315579e-05
8.121207359269076e-05
8.306756147627498e-05
7.443187698782586e-05
0.0001348440902524253
5.9410744315536114e-05
0.000527751888449525
5.950038172330817e-05
0.00013088324426133434
0.0004519626343813299
0.00018102709379750131
0.00013194267366017882
0.00029941028818315215
3.592271117957574e-05
0.0001546805251470668
5.743365970308589e-05
0.0003198702952256969
0.0001733382822436368
0.0001313606496364831
9.067908511920585e-05
8.508227950158424e-05
0.0003159836439199593
3.673057509077305e-05
4.838234988332978e-05
0.00017154907012777995
0.00016264242550546764
8.433251445257541e-05
6.781058848062353e-05
0.00022131149729098684
0.0001021431939830925
0.00011723713139203319
0.00014157399554930058
0.0003089458071001927
0.00010076213415401893
5.203207789111551e-05
0.00010846293194029899
0.00010313579825095893
0.00023382555360015777
0.00014634712545446394
0.000438467027295896
6.970816819841311e-05
0.0001796655764837502
7.707275565743224e-05
0.00014789397892881414
0.0003147834477355776
0.00027486023727341373
0.00011601485870193019
0.00012950623183247402
0.0002045440522035675
0.000582742870286748
0.0008565970180503251
0.000437320227264465
0.00011457381591049329
3.3651722655944397e-05
0.00013314790979941912
0.0003717250058744682
5.63747568389419e-05
0.00019873907935198708
0.0002587916968957053
9.739604943481181e-05
6.4731156893296e-05
5.522861356845126e-05
0.00018304424384169325
8.19685221374268e-05
6.446476469600312e-05
0.00012967219889008718
0.0005882893154362121
0.00021082242239415906
6.349398084533647e-05
0.00020452664050754965
8.654396915234113e-05
9.48658508154115e-05
0.0003359042033371447
0.00037825275453164526
2.264920507424075e-05
0.00024418690770200673
0.00023727874793573464
0.00022148777866846367
5.518761790222013e-05
0.0003032288520078015
9.512390833178907e-05
7.523488784172857e-05
0.00012579154276308222
0.00025389335513505585
0.00028455675632374717
0.0002640022339029613
0.00018402655878167664
3.5355793894016156e-05
0.00021743825804943311
4.5120042324818626e-05
5.764335456862949e-05
8.845190574058237e-05
6.253510774512434e-05
0.00010767463793102566
7.11161747830921e-05
0.0002141406674475992
4.714593963034416e-05
0.0002003715986988449
0.0004853596025628052
0.0004953265695160226
8.570630119236445e-05
6.271151804097933e-05
6.612192895642075e-05
9.23493122081895e-05
0.0009062823652073808
0.00023935342552788442
4.7156086886603314e-05
6.329330963590848e-05
3.0437381723558843e-05
0.00032205987374078553
0.0002588581948308983
6.432146115609074e-05
0.00017848500104079043
7.955890056592772e-05
0.00026661085836406003
0.00017335523265826392
0.0001249539456354671
8.667049209732743e-05
6.19471716985679e-05
0.00023973733241996047
0.0001024683218783345
0.0001539849343144006
0.00030272612151310135
0.00016369265709797754
5.451588294227027e-05
0.00011340045031941349
0.00013023176564463642
1.2576546827743252e-05
0.00011179466229115372
0.00018968872021941815
8.119846990151739e-05
4.249372625086487e-05
0.00011358625484606615
8.141465638880315e-05
0.0002536221994499414
0.00011781488154845468
0.0003491617805248326
3.87091843381014e-05
7.412791899654479e-05
5.131179285599109e-05
0.00023519984052628367
6.553559629444714e-05
6.756122613125513e-05
0.00047988604099231247
5.28566694148947e-05
2.9384867324871972e-05
0.00012570837530445771
0.00017381326189313525
0.00024336635918291064
4.110065711269531e-05
0.0001023192487739676
5.825250871410405e-05
0.0002058081942145394
4.369485377488762e-05
0.0001489702680120204
7.354071845445793e-05
0.0004169417519824053
5.912415325533659e-05
2.3730486512505085e-05
3.8747096197531833e-05
7.52545855452184e-05
0.000152828615507028
8.981594401459946e-05
9.006623330874617e-05
0.00023153599315052446
8.608019255154894e-05
0.0004061110469528225
5.140941665766763e-05
0.00014386252502356865
7.890608941566383e-05
0.00033869281734204737
5.624442011757559e-05
0.00016970391993784834
0.0001462112347036772
6.118900926720322e-05
0.00010402021220016615
0.00035482422684387756
5.39220544290934e-05
0.00013236491097436807
0.0004063296728508776
0.00014798506832711637
5.961415594602969e-05
0.00022371791250667194
6.692674338570087e-05
6.30762069270816e-05
4.995883638496396e-05
0.00014941503210071558
0.0005844714505204685
0.0001145947711814298
7.726710747321649e-05
0.0006294179756372674
0.0003990227714400644
0.0002753121834318083
0.0001479208634048842
0.0004239158196681565
3.876024363113713e-05
3.6953552554093006e-05
0.00014685860917043473
2.7488152058613204e-05
2.8276743520008066e-05
4.944019971280676e-05
0.0001306849436700353
4.140608759439229e-05
0.0002454248134231632
0.00029222723631432975
0.0002585642529650049
0.00013435317134729083
0.00044633492049231166
0.0002211566420516337
0.0004389494709324693
5.763826524125993e-05
6.833669016865719e-05
8.20430248362826e-05
0.00011805654047200307
0.0004792635324879223
8.776145354809601e-05
5.1557079857053385e-05
0.00023407023005304886
0.0001294111071484138
0.00011039049521478803
6.26132151651068e-05
0.000110433545130535
0.00013325856574940702
4.2120125562243725e-05
0.0009857163689040457
7.72125439266513e-05
0.00013656091848371777
4.70128743537881e-05
3.532505311320461e-05
6.792825252443436e-05
6.164311299848724e-05
8.429467803237012e-05
3.7944451660837814e-05
0.00019069767276167637
0.0003936862125121689
6.461459867683249e-05
0.0002932299616775204
0.0004248524439278396
6.17084117257602e-05
5.986845069866051e-05
4.732292558558538e-05
7.275158875154025e-05
0.000161734206139834
5.3028129701521754e-05
7.925326136657587e-05
5.0252400811060935e-05
0.00033372597392557614
3.4081348713414604e-05
0.00012641614679246213
0.00013145928650494073
6.827046741410342e-05
0.00015200579932015686
0.0001336041990142194
3.583163088957589e-05
0.00013341115746155302
0.0001022554540346021
0.00019214550401068362
0.00012777303485029588
3.288413404554135e-05
0.0001295354596685776
0.00010092604791808519
0.00032744681176202686
0.00017960908845275763
4.4115136358377796e-05
3.5992327436564845e-05
3.5360726681934895e-05
0.00010990281056406599
0.00018450447478839983
0.0002691895333876318
0.00014280790465598836
5.719417563022347e-05
4.846314181561438e-05
0.00028644945894019816
0.00018140024695399509
0.00013008966184778847
0.00013222203897714937
0.0003199763752816608
0.00022378103815296507
2.95697170360977e-05
0.0001402176416448472
0.00013042940115569148
4.65523935123007e-05
9.381446609883278e-05
6.23423433271852e-05
6.366994412709685e-05
0.00010953431845279102
0.00011972794145078047
3.6423420731512604e-05
6.294113589037548e-05
0.00011841288296079937
0.00017966027085794154
5.746652551988794e-05
0.00016268402952425396
0.00013804855648604585
0.00035750169361766545
0.00015048379890813325
9.450110083737626e-05
0.00033635716797244224
0.00010603486478224639
3.467324705444788e-05
0.00013330476203051757
0.00016344677194228294
0.00013455933449887467
6.355234970566376e-05
7.853267548926275e-05
4.8751885797952506e-05
7.065048971774313e-05
8.181823935172808e-05
0.00018492258450749654
0.0001612936091755742
4.9758956131746714e-05
6.7849153927711e-05
8.770184621835527e-05
5.272726174817455e-05
0.00017398459386573845
0.00015008475191201093
5.049982553031018e-05
0.00019052908724581644
0.00019106251487674932
5.733350867364111e-05
0.00011099772198429709
0.00010032046613485202
7.44481469056059e-05
2.464852788240832e-05
0.00031677388749086363
8.999948094915557e-05
8.637490492599979e-05
5.885134931858745e-05
0.00013672872496648048
5.748039665176173e-05
3.1594854738159356e-05
0.0001108900350903822
0.00010089432404658323
0.00012480590397880083
4.966336161456233e-05
0.00024900180587583085
0.00010093040873497154
0.00023913601715419165
0.00020751899895994044
0.0001311352207328397
0.00015015514526004777
0.00024957840131416894
9.898638967559931e-05
0.00011125859867767491
4.768221089045396e-05
7.013945570661726e-05
2.705610572542895e-05
0.0002759382552130103
0.00012263892493725157
0.0001222534786968204
9.381770845193029e-05
2.118955121797794e-05
0.0001557613541813935
4.165064133715694e-05
9.352189482233148e-05
6.789168015435309e-05
0.00011699697073451172
0.00024496662350489935
3.3851353694245806e-05
0.0002071919608334129
0.0002954179679844876
8.369141481870523e-05
7.1173664896261e-05
4.4157297729488996e-05
7.128795267871425e-05
4.2378820102973114e-05
0.00015881010221340536
0.0002256765387971524
6.61515133572905e-05
9.310472892645611e-05
7.147237723817463e-05
0.00017148589872951296
0.0002067605896731089
0.00013251245071885793
0.00010935378632739387
7.746633684184833e-05
0.0001242314436587993
2.704419046785033e-05
0.00019580670040510206
8.454141838813214e-05
0.00023417711687288083
0.00016372370709055175
4.6796882675281564e-05
8.106034047338007e-05
0.00011052554442687541
6.971549181427121e-05
3.599705154196063e-05
0.00014184915827255147
0.00022415770367093478
0.00014188118342624818
0.00031385479374270944
3.252042095318864e-05
5.415286270094228e-05
6.959197587790091e-05
0.00014679702259229725
3.6823282770891754e-05
4.358306150383172e-05
2.7837348714133986e-05
1.8245053298863887e-05
9.39611754266886e-05
7.364894159966259e-05
0.00015307312138914764
0.0005259776051425273
7.389767765683204e-05
3.7935011904762985e-05
8.155723310986655e-05
3.0080839830868928e-05
6.146425511950527e-05
4.792661468349168e-05
4.5420623757553125e-05
8.49910584373808e-05
0.0001826143616591977
0.00010591681969546304
4.789802895854871e-05
0.0001287350879757016
0.00016119257446676742
0.00016666825101717373
0.00010485960510902046
9.265153506979701e-05
5.8155308259823925e-05
6.687764014564532e-05
9.654882672870784e-05
0.00024060246309022632
0.0003580981343354533
6.69277010090298e-05
0.00010848981619806901
0.0002165692449512102
7.598580912881107e-05
0.00016476614922501933
3.7246336923889865e-05
0.00023259196317659098
5.025609933264082e-05
8.244530682606298e-05
3.393526034256847e-05
3.245575581611355e-05
6.493383081038773e-05
0.00018116521783630458
0.00020812645425708466
8.434201963156098e-05
0.00037481838523038114
3.777236461265147e-05
0.00010788115001905266
0.00039341322886291366
6.585296935134147e-05
0.0001297136004461802
0.00013442962475640127
4.7961349757424354e-05
0.0001438759523989357
4.786954780891783e-05
0.00013895814183116257
9.65813726515634e-05
0.0003817408932024855
0.0001195467215302859
8.067550251875219e-05
0.00010071562973603694
0.00011139344466302137
0.00014651572945425734
7.037481142833948e-05
6.543007615139937e-05
0.0001272289232673446
5.635213015255417e-05
6.30808571423256e-05
7.297105897130367e-05
2.8684117899991255e-05
0.0003106479168203885
6.705189483000116e-05
3.088646634753268e-05
3.391597877339379e-05
0.0001431776682397864
0.00015096852594777884
0.00012929998111686444
5.005242400973272e-05
7.394046887348832e-05
6.441199001164923e-05
6.978570670363503e-05
0.00021536596291272286
0.000325002010350828
0.0003231954856224165
0.00015852308552684988
0.0003182832007823868
0.0001276360081621585
5.5441383922211276e-05
9.794076016753013e-05
0.00012031115919418997
0.0001455390406649186
0.00011088177781178578
6.371242231202261e-05
0.00016491018776605134
0.00018179821473127545
3.915671223455336e-05
0.00020177149917488768
0.00018494706096306264
6.84167450259771e-05
6.752682191967759e-05
0.0005119198173799011
4.485953250281453e-05
7.897532622078939e-05
8.520509570142071e-05
0.00011558652546595462
7.925469102020362e-05
6.278816499752165e-05
0.00011002266364918197
7.682006879325045e-05
0.00011324393868080499
5.8679719022296894e-05
9.553894455497226e-05
0.0001429220010482608
3.614700157131649e-05
6.205860395962617e-05
0.00024773918353597377
4.506117767078199e-05
1.7230664679226158e-05
7.29413123507859e-05
5.841968976727477e-05
4.498199429734357e-05
8.188219957141774e-05
0.00013107454566726033
3.569451720091789e-05
7.65927095893802e-05
3.8258981665437386e-05
4.472008606053227e-05
4.322991594798609e-05
6.360993616263088e-05
8.297594627146074e-05
8.508857242107364e-05
6.048333343639547e-05
5.329084003021829e-05
8.30028935699567e-05
9.095981086401006e-05
0.00012308690119165405
5.425172386666035e-05
0.00022532397567297087
0.00013057126363283798
6.792496984208966e-05
6.325408898980507e-05
0.00012439702749872215
8.626266456978863e-05
6.708289548472848e-05
8.18736711739051e-05
0.000167238801289404
0.0005258626776594108
6.111747077697562e-05
0.00010237756117374542
0.00018546505843293842
0.0004353168516959514
0.0001446665608268984
0.00015061030550162568
6.224869390775898e-05
5.9197692919648325e-05
4.884851407539303e-05
4.683135221130081e-05
7.61751067670701e-05
6.51589230211292e-05
0.0001537991567543522
7.209212648574449e-05
0.00011108450238831303
7.249668108734523e-05
0.00019190235954888286
0.00021910623364660486
5.091156913301935e-05
0.00012621694659898004
4.025440521325456e-05
0.00010745197190757939
0.0002003324796834933
0.00011916990724548024
0.00027245441645925694
0.00017296416369064465
0.00011081553134827654
0.00029448414140556924
0.0002451142504499954
0.00015174955111548445
8.595918780016951e-05
0.00010424856657381995
0.0007690831109148961
0.00030673247501025714
7.657382598697683e-05
4.4788678059948e-05
0.00014133876997854207
0.00019343133963035394
0.0001587761285350324
0.00010716870076361753
4.2320126769001514e-05
0.0002069539654424305
8.940400787163095e-05
6.29175287468155e-05
0.0002081852104099266
3.825952543149022e-05
5.201917230936005e-05
0.00013515536233142154
5.522281054860727e-05
5.1307109259884426e-05
3.082367540642004e-05
0.00012648704637015755
4.005770806026215e-05
8.612663706369044e-05
8.64130241637287e-05
9.562157760110152e-05
0.0001068389237662478
5.6655065537059136e-05
8.303813749492866e-05
0.0001744947681469164
9.291971187807352e-05
0.0001146805500507762
0.0002130675080000384
0.00041973946850040034
0.00010207185743424373
0.00014424812919813882
0.00037449074188312465
4.211183004464037e-05
0.00017960614249934234
0.00020282984625301595
8.458190944751698e-05
0.00011377333323103827
0.00012762493802725278
8.324018413439212e-05
0.0002614162095638869
4.971513545542332e-05
6.104141911119524e-05
0.0001365572016769547
0.0001150881815526811
0.00010646184050045454
4.283024147442895e-05
2.933702795635555e-05
0.00011417880743078577
2.194172772372139e-05
0.00014386251886936522
5.83029499344657e-05
4.6412164778446065e-05
0.00010560590215365049
6.660907480480996e-05
6.950952885129964e-05
7.595028316007865e-05
0.00031866451692506663
3.510742771826111e-05
5.980698286159598e-05
9.429727237709598e-05
6.625846328822412e-05
0.0001179001104363261
8.736853629647684e-05
0.0001527996388712645
0.00013321981441902073
4.502208724026875e-05
2.9665486942452277e-05
0.00022890615147321
6.479869688798227e-05
8.837428106811334e-05
0.00012007519516625397
0.00010323022919781117
7.10078701102806e-05
0.0001950077703480297
0.0002624014319251554
9.105559360853577e-05
5.5091224348466994e-05
0.0001580956467203021
4.984873502874042e-05
6.34356961463121e-05
4.95613745616604e-05
0.0001297555816168921
2.9367937301867267e-05
0.00020717548567109832
8.569727974234236e-05
3.3992266850195e-05
5.158920204860403e-05
8.929087975943976e-05
8.914919450584558e-05
0.0004119495494467229
0.00014235534097372133
8.671755353336311e-05
0.00013935485078070157
4.123713609336348e-05
3.119096851730814e-05
0.0002567685515910731
0.00010064258043122816
4.7605717856809493e-05
0.0001440587184128939
0.0005267952009379974
3.551779425960018e-05
6.62476588658255e-05
9.017157192396965e-05
5.667655004851502e-05
2.1167873334054992e-05
5.992051787086811e-05
7.835083828352328e-05
0.00011385553567295825
2.7581427298556875e-05
8.442619602019658e-05
0.0001246765334821629
5.964896762735014e-05
0.0001596959568428855
7.323066518670142e-05
3.618690843223812e-05
9.072198070072573e-05
0.00010889380515777806
0.0002399695794545347
6.263114230531584e-05
7.814746949893544e-05
3.0053835192498787e-05
0.0002024673664053276
0.00011847108763360344
0.00010886496149398985
3.894924823258735e-05
0.00010738991597674233
2.1708660039355504e-05
7.988374206587639e-05
8.452843560904123e-05
9.60037896489425e-05
4.123604403345767e-05
0.00014447905495706465
3.647480708069391e-05
0.00015987617530681473
0.00043639116131479643
7.601006555172308e-05
2.552168195834468e-05
8.484898835696482e-05
7.645188153373075e-05
0.00014073546921076883
3.9996372751543825e-05
3.182361184696484e-05
4.972759189594574e-05
5.7346578369988434e-05
4.531973646740996e-05
0.00016671499533816157
6.251480097915412e-05
7.716761970125411e-05
0.0001073680459302335
9.428787346236758e-05
4.16730263745706e-05
4.8977048971248676e-05
0.0001805445871740764
0.00013168470997702232
1.611073744085648e-05
4.2743311914520505e-05
5.859618503249524e-05
0.00030916396536030926
7.937312653964557e-05
3.721062767519778e-05
0.00023950963435345721
0.0002564977147756738
5.478421297556751e-05
5.435863052798543e-05
6.609112254881584e-05
0.00012819045323808633
3.544720299490791e-05
2.286828170164932e-05
0.00017626075443801718
4.1621103757252715e-05
6.30757544500795e-05
0.00013568348367181922
0.00011856116734636153
9.457221525358869e-05
5.135447044856165e-05
5.5347402427339374e-05
2.317980722646762e-05
4.1406412448917016e-05
0.0002380156597433672
4.1060994016461003e-05
0.00016278241955248928
5.213989637604017e-05
0.0002166499623394487
4.099600588894268e-05
0.0001630926928633811
3.7083379180925926e-05
9.35527287940818e-05
0.00025662090932200224
5.5081252442539505e-05
9.029746104445192e-05
0.00015833653380161686
0.00017865228037601243
0.00020622892113495323
4.640626293833383e-05
0.000562061712461239
0.0002557299734695176
6.427844883774258e-05
0.0001754341009748643
4.244545471672424e-05
0.00018729693415633268
0.00014996828065331154
4.276795020489911e-05
0.00010657339698540513
4.8981207378320724e-05
0.0003048892369645491
9.352431374369249e-05
0.00037100228294283555
9.542261068443925e-05
4.928431058164805e-05
3.259942685788957e-05
0.00013792747112478074
0.0002104813869024521
0.00015575413363171228
0.0002447253790182148
8.872686461131793e-05
3.759102384345118e-05
0.00027456889796924794
6.447306610098674e-05
5.789704437101208e-05
0.00011936208560959825
6.928030933951235e-05
6.739950317407769e-05
9.594683634508579e-05
0.0001096387702229115
0.0001709704554143152
7.327958771810068e-05
5.1721024126318797e-05
0.00010250926220346931
2.2535787735113105e-05
5.1620139275107645e-05
1.0374165896259316e-05
2.620248952182736e-05
3.520055075061338e-05
4.616072820667302e-05
1.9744069765166764e-05
8.128850381525559e-05
4.6694401995605515e-05
3.739725600638676e-05
3.0686993289205705e-05
0.0001542609298984015
0.0001417974880630477
9.953815065579969e-05
0.00016686731106398144
2.759112649796795e-05
2.8872233501278508e-05
0.00010802578164872667
4.814208756864374e-05
2.3560777762616987e-05
0.0001250197459202942
4.2047108060026644e-05
4.682486055183864e-05
0.00010539134758765974
1.4431369157676268e-05
0.00010735468315467969
7.156663078802292e-05
0.0002688478191065214
3.651223868489424e-05
0.00011196105344096123
0.00034740894472065544
4.217253633667548e-05
0.00013019255691183927
9.342278609507983e-05
0.00011042419713464614
9.664498486276604e-05
3.914545131790636e-05
2.7789943971297706e-05
0.0007619833961011094
0.0001810710571799345
4.4980031581002326e-05
0.0004758933486802791
0.0002041683023882428
0.0006897355636823982
3.722226335400653e-05
5.622766838438475e-05
0.00013607411181979924
8.525837529375671e-05
8.185434565651515e-05
7.55563081815334e-05
0.00010758021798933188
4.168981002638954e-05
4.6315160783821505e-05
0.0001535624027039332
0.00012673648302623494
3.293173565228383e-05
0.00014947969716156505
6.614950650000831e-05
5.482503820599248e-05
3.27417161881977e-05
0.0001559293562373153
0.00026047980854736023
0.00022649372124170528
4.09291657669611e-05
0.00013558566116318895
1.940575746396204e-05
0.000168315724202747
9.126475155936133e-05
4.59788444300694e-05
0.00018486232948883587
0.00018952395594795644
0.00011719376292687993
0.00026778933453753075
0.00010250057460766681
4.250132773382137e-05
2.3352269824401828e-05
5.6318371819562876e-05
0.0002079990487599941
5.6423887732156263e-05
0.0001337160606695518
3.275798748786511e-05
9.308958161519442e-05
3.4966820446616356e-05
3.381812876484052e-05
0.00012623716764853177
0.00029156814600824084
0.00010171645071360216
2.0340988307370497e-05
6.413152533937684e-05
0.00025295606822823733
3.4254404653789786e-05
0.0001485834961671829
0.00011061563691920674
4.7914395267915027e-05
0.00023997490111568874
0.00016378699330895535
0.00021549687206019776
3.841843319950282e-05
0.00014232591779210472
0.00010278146158553675
3.179108137273206e-05
6.712668618072187e-05
6.923126313566686e-05
9.791646335802713e-05
0.00011106167851943496
6.150730334928527e-05
0.00012444567806160382
4.0001526245659576e-05
0.00021505643773795885
8.434452063945798e-05
3.304741731063284e-05
8.739125301673893e-05
9.890250658688724e-05
3.769381626507425e-05
1.5474880301839342e-05
7.042082204451195e-05
2.971693384577522e-05
4.686132979967228e-05
7.155231162192918e-05
3.68198821299938e-05
9.60282027434717e-05
0.0001543826294383925
0.00013909197683813413
8.90008591654619e-05
0.00011145185359248673
8.571358574494294e-05
4.4339019556052e-05
4.209948955838573e-05
8.385491631623535e-05
6.289819036271122e-05
5.5854974646879647e-05
9.383394123629367e-05
0.00010207484943876913
0.00012445743398462462
0.00015700649108459612
5.161597275296518e-05
3.3014067843922916e-05
0.00013324423473430177
9.558638043143091e-05
2.6799352764600563e-05
9.91946162159874e-05
0.00019812487311114256
0.00028895014395920345
4.2899781236051596e-05
2.5096986907717365e-05
2.125825811151301e-05
6.189733161031972e-05
5.6700033175694006e-05
5.817880754225077e-05
4.6635599250046784e-05
0.00010536406884230209
7.933268458581942e-05
7.434131909457392e-05
0.00012165016982428681
3.801151885979064e-05
0.00013749847657584062
8.497851531987066e-05
4.152288841791244e-05
0.00043019683907231
1.899669497806417e-05
6.62961558115965e-05
6.382613999465363e-05
0.00013879652907091499
3.222059088067315e-05
0.0006250053719672029
0.00010957375137511886
6.202109337475714e-05
5.566809648469802e-05
9.646460698540121e-05
6.992998929082896e-05
5.1998922322564195e-05
6.033550506839956e-05
3.413351997337388e-05
4.715950764338913e-05
0.00014197821336196963
9.476009878112122e-05
0.0002211025741625985
0.0003365060164174139
0.0003134748003709087
0.0004231897199300621
0.00013059298639641245
6.028123585744931e-05
3.7466081669911234e-05
6.10581638175614e-05
4.867966083527047e-05
2.8963650083902457e-05
3.0120979383910552e-05
3.840450274966061e-05
4.870237123744382e-05
0.00010208648079795451
8.291461996219753e-05
4.529851948120842e-05
9.322712142230176e-05
0.00015446273779635446
6.861757322179571e-05
0.0001893023813988226
5.396383410090088e-05
0.00013309708991900366
0.0001412021858119945
4.558268603708914e-05
0.00024863204466908455
8.047722762978973e-05
0.000282567608066089
4.357543061423847e-05
4.87517796182928e-05
4.113088353355476e-05
0.0001920331661702053
0.0001562961387085402
9.913770162561345e-05
2.5072705875243398e-05
2.2867267240227753e-05
3.541443736503843e-05
4.443994375930418e-05
5.8830982999790166e-05
0.00023957909605557082
0.00014770387785743424
0.0001535752472781543
0.00011294115158141761
0.00017705246659444063
3.905384781268048e-05
7.621025234888668e-05
4.067051376845998e-05
6.897489674323851e-05
0.00023400881193156103
5.050556141181834e-05
8.531753705165254e-05
4.908796096164323e-05
3.132772967682341e-05
0.00016379525717099397
0.00016504167376006987
0.00012887365483544517
5.22273843634873e-05
0.0001082354897016343
5.8397149935807446e-05
0.00019191775379799754
0.00010437601931548186
6.134025768760722e-05
3.598215650311598e-05
0.00014639521243191316
4.2516531142734034e-05
2.3610351837674012e-05
0.0001636221867718149
0.0004854837250681781
0.00023719528837760483
9.138817214430588e-05
0.00010729062536971509
8.714266618607451e-05
8.814863597478211e-05
6.956606653531731e-05
5.481863374747809e-05
4.0775858570207004e-05
4.592384014381227e-05
6.0788081435126805e-05
3.646589709580587e-05
9.427674584358602e-05
0.00015177597189016415
8.835628492600555e-05
0.0003835979485797309
4.266237573672956e-05
6.33927918383089e-05
9.230566442925424e-05
9.845544286649492e-05
7.892451164464743e-05
9.757043400218422e-05
0.0001242124755795395
2.1401563439142514e-05
5.215433770145985e-05
3.2255459185390566e-05
9.834876306354623e-05
0.00014785692870305578
4.830220771062461e-05
8.001497760669314e-05
3.171533290553371e-05
7.77868520948964e-05
9.332517949141014e-05
3.910879936460869e-05
7.351945702995475e-05
4.444732357946808e-05
8.493945971312668e-05
3.277247087374137e-05
6.406226004524009e-05
0.00013724135132099023
7.657922565799002e-05
1.987973594389797e-05
0.00015615436171094636
0.00015768643785941087
1.932896860147644e-05
2.6359447161924367e-05
0.00010315078306378431
0.00011352519614710397
4.142705035054082e-05
4.379935971595078e-05
4.122591422794681e-05
0.00017020874122743713
2.7718768046641526e-05
6.216801044405727e-05
0.00011136978588083945
2.732934912740812e-05
3.322836537007633e-05
0.00017009107841168392
3.517020410807603e-05
0.00010663266623805796
0.00010003704307148796
0.00015166905540289283
7.462344372038303e-05
6.722218688924331e-05
8.2135849472427e-05
3.7025336514465875e-05
2.6251287741473087e-05
0.00018716338719751264
7.190961276342448e-05
6.808486398258755e-05
3.7768731607434114e-05
6.694502760289346e-05
0.00013043327556094768
5.44946152157214e-05
5.410662052488473e-05
5.137154418919327e-05
5.9010288718753115e-05
7.233941816690605e-05
0.00012493261920703202
0.00012309182237251346
0.0001367827002812583
2.8190557751433278e-05
7.40297654544475e-05
2.561454402027807e-05
2.7436644293044548e-05
2.329297010121118e-05
0.00013119819256144955
6.769904048532508e-05
2.9699037006220508e-05
7.705050969780858e-05
0.00012654194699266322
6.853103108295857e-05
6.320655846012597e-05
2.7651508923612433e-05
7.083620471555885e-05
0.0004281874778987855
2.28039436645173e-05
0.0002576003312521898
3.905265744209428e-05
7.956694145445929e-05
3.653475734830415e-05
5.1213648070463456e-05
7.464968824882674e-05
3.7461521160656215e-05
2.855817930451715e-05
9.360131651563828e-05
7.288839243958274e-05
0.00011630974643202445
7.94244936718718e-05
0.00010981872373574048
3.322105707303977e-05
2.5216895864985284e-05
5.691940502262842e-05
0.0001300711427533193
5.266706592833389e-05
2.5625367580494955e-05
4.0273347983702873e-05
9.13369915379753e-05
7.90105051414234e-05
0.0001456392738737897
4.1723759921248026e-05
5.356785881818473e-05
0.00011657812473205465
2.9340826662271914e-05
4.0511874726376644e-05
8.928947441240413e-05
3.474730137923543e-05
0.00016813121304906327
0.00016946306926846533
7.217669810448653e-05
4.641293055912923e-05
5.239061500156796e-05
8.839326327200559e-05
0.00013005944977009082
9.507353241248552e-05
9.268125294625092e-05
3.9440380264179915e-05
4.075091534623757e-05
7.214192891631755e-05
1.1322656350304149e-05
0.000135957915140451
2.972231114658158e-05
7.579312557449649e-05
0.0004032364074273022
4.814017454339535e-05
3.928525248980609e-05
3.4893340544014726e-05
5.554775507349107e-05
0.00010895276607599871
0.00011778313177702424
5.951639243669458e-05
3.8759801805269734e-05
0.0001729259324987399
9.9885062376033e-05
0.00012603126374673414
9.68358207820593e-05
5.9518674214274953e-05
3.568501041192684e-05
0.00010443003131390298
0.00013002274428308992
4.325748170897785e-05
4.356067433015054e-05
7.770320174794424e-05
4.209972184293954e-05
4.7244020740516865e-05
7.283619210123481e-05
5.284951560324816e-05
7.995401981198433e-05
0.00022583871967154408
6.0449467750616014e-05
5.985290049998627e-05
7.576603739219072e-05
5.9705293313149185e-05
7.90220640243812e-05
1.4758103189531132e-05
0.000182563232098874
0.00016035301728369933
0.00011195795965526964
3.926413560601834e-05
1.8296366481856187e-05
0.00010861322928566985
2.190789278757786e-05
4.302118836088372e-05
7.252748522282824e-05
0.0001314623395451308
9.559748768009048e-05
3.9485419924935006e-05
8.268234884198989e-05
5.190319060954846e-05
7.145270242101769e-05
4.308357161944975e-05
6.398906222006245e-05
5.128015909065504e-05
4.784700804187937e-05
3.3563965333492785e-05
6.918393144984217e-05
5.078035863907685e-05
5.1848229156134114e-05
7.673272005790967e-05
5.014744418727e-05
4.613556710168915e-05
8.683174344669504e-05
0.00021683204391720389
3.110683185777199e-05
2.601975887767564e-05
0.00011518831052754255
7.575529698821054e-05
2.390418697173745e-05
8.353058910875383e-05
3.0126124141703528e-05
3.8327746253240024e-05
3.369189390797506e-05
2.7142236185391268e-05
3.6591025419831254e-05
9.86874113766749e-05
6.350470131983294e-05
0.0002564484067652492
6.941109940363367e-05
7.060936737878969e-05
2.7085984711565342e-05
5.523404645368865e-05
6.055153298271307e-05
4.637054975808757e-05
8.916143133381126e-05
5.2698977144107133e-05
2.2798137462317033e-05
8.266878676884203e-05
3.9582808320107e-05
6.0628128370113465e-05
9.187023730747521e-05
0.0002356014082137001
0.00010788045043121784
4.624686832597037e-05
5.9597891762098287e-05
0.0002387075829720543
7.060455346382145e-05
3.1681306295796076e-05
6.406417339068624e-05
6.964559118248671e-05
8.174239201409464e-05
3.623846063972008e-05
5.710991005649535e-05
6.883814937938543e-05
0.00011191297109745147
1.247467650369277e-05
3.815345449708094e-05
8.482126599494567e-05
3.2321440211462813e-05
0.0004810894786308921
4.821387879086479e-05
0.0001120683202818557
8.75564635483884e-05
3.2122105023920836e-05
3.300763841457815e-05
0.00020813115272810977
8.924146939413487e-05
0.00021222129594165252
4.056839482843582e-05
6.300504116634701e-05
0.00010924253601113696
4.4066995606525304e-05
0.00023244945950770331
0.00016185973164842008
1.9283946705794658e-05
6.396656377292718e-05
5.273926395913699e-05
5.255578435684074e-05
0.0002112954014668253
5.515583719560294e-05
5.777956503000165e-05
0.0001402636915229022
2.6270437610698076e-05
0.00010192117504893654
0.00014663559236645962
5.6045364637726334e-05
3.377765073184414e-05
0.0001243540382347818
3.209841914097246e-05
6.555428947845845e-05
4.00178330109357e-05
6.16201503468613e-05
2.744350197248784e-05
6.553935089623974e-05
9.608326112699662e-05
4.041324549209433e-05
3.345830838526175e-05
4.0083343890620294e-05
5.943867494178943e-05
0.00031920041762129324
8.970239369239142e-05
3.3017905916995465e-05
0.00011503210418056826
4.4202999098293526e-05
4.795634177680932e-05
0.0001523283257104091
4.0752509024231943e-05
5.2377623774899026e-05
2.884913912264195e-05
7.60630265459278e-05
5.941492328547018e-05
4.403040704110641e-05
4.928210845140122e-05
3.47594282921405e-05
5.542595782614337e-05
6.831777678840582e-05
8.334920808038103e-05
0.0002608630644759694
0.00019667170323390664
3.698063926506888e-05
3.563042612294538e-05
6.862473961853772e-05
9.610661696252822e-05
3.1378519933627975e-05
3.9164286794218073e-05
4.469269996217073e-05
7.525602349932027e-05
0.00013381692316461537
0.00015613201583142256
2.6782041146205904e-05
7.80542749076427e-05
0.00011775443124089721
5.2610191296839175e-05
5.484211309254921e-05
4.398268267520507e-05
3.2590662532479404e-05
0.00012202306114088
0.00017903430683288186
1.3918465421651248e-05
0.00020108500985310327
4.029140732998333e-05
0.00012767731286320307
5.3583845226850795e-05
7.333514388754183e-05
6.615894171218333e-05
8.983782136335662e-05
8.753678214817686e-05
4.260414133386103e-05
7.5748809092389e-05
8.339072030435522e-05
0.0001560118934261622
9.92321893747352e-05
7.900051602168118e-05
0.00010503730665880334
8.71296939304993e-05
0.0001167042047374824
0.00022508915228043917
7.673703446211684e-05
0.00015863832554711908
0.00029563872432356286
3.1020425690031054e-05
0.0003747108569258983
3.9088248900758344e-05
5.873561153460746e-05
5.8347932952315936e-05
6.62862480720979e-05
5.371691287632191e-05
6.222571246045423e-05
5.706084612883001e-05
7.002253389192018e-05
2.9792754428070395e-05
4.960153675077913e-05
8.538573102943738e-05
3.8525364302866446e-05
3.2433518919496267e-05
0.00011939315365785682
9.19762457903572e-05
6.503766239980937e-05
2.2788166245096136e-05
0.00011458347074231421
0.00026382592497566044
0.00011039462284983558
0.0001221388369205002
8.225203715734117e-05
4.984986534932321e-05
3.403532511310282e-05
5.978986855959584e-05
0.00015341890252144606
0.00015837099477028951
0.00010634395869053377
0.0001692538719418471
6.750694570599374e-05
2.6319742393421633e-05
0.00014144043110556366
6.233306561100177e-05
8.633518660277241e-05
9.452600155002088e-05
6.65561162881953e-05
2.480708828300602e-05
7.4065169397748e-05
3.505697237399574e-05
5.569966519106635e-05
6.96379968338585e-05
5.761798495270508e-05
5.544326406046262e-05
0.00013943064161402033
9.590268094569183e-05
6.42638189258503e-05
3.0048551495269602e-05
3.310045425138255e-05
4.397870803560047e-05
8.521698131342145e-05
7.568862928221946e-05
4.810044810481998e-05
5.3136865653665124e-05
3.469032074915302e-05
0.0002535197090266814
6.455887464771093e-05
3.832655428728969e-05
0.0001355532123753072
3.419059991208378e-05
4.394420721643523e-05
2.1196295561199177e-05
2.8276500883516773e-05
3.884842686736339e-05
0.00026450923432076723
1.907546209145097e-05
9.598375132289899e-05
6.0374795949008155e-05
1.8485262881107277e-05
0.0001544303846792691
5.7944911214207305e-05
7.595036396373017e-05
0.00016392590654159427
4.1248328715347994e-05
0.00022077750497108656
7.925885741803366e-05
0.00011842351958498505
9.172122732539651e-05
4.716381886403359e-05
7.047761851904991e-05
0.0002694405948659019
4.98463127494728e-05
0.00012533832091219426
0.00010750942640750883
5.8558706851928346e-05
7.002889062746911e-05
0.00017307078663787056
8.376425797456159e-05
4.8231289074652934e-05
4.706889538179639e-05
4.1408973044476984e-05
7.101171364084386e-05
6.834137451453057e-05
0.00019300228952539528
3.305897273107116e-05
8.771033628244027e-05