0.09821600495740375
0.002646735923208445
0.02789573199693408
0.09968933114868538
0.10505440477909708
0.049800716143171816
0.006414954589457354
0.004190677659246941
0.026196655501591653
0.007281733232127414
0.06942372736965335
0.058406866557489445
0.011083947349926303
0.07042535095486957
0.012005590811463773
0.027889326203271714
0.03330116059119288
0.03560231119749291
0.010430363161502875
0.031084995947326412
0.01252411091692203
0.027696585045951946
0.009049793015608596
0.0028465751248128056
0.0185457630865053
0.0014530570295758004
0.007212119730874393
0.0202176978200705
0.0057327034190331645
0.008437988513725184
0.004978504082136873
0.005627417900418104
0.010190232568758487
0.006478747806864751
0.006188276590275195
0.013280761578470248
0.013245478472590829
0.01246039794411106
0.006072371310102458
0.008534975532716458
0.014521785911840177
0.010800693607549311
0.030595714485225994
0.007505630479475364
0.002502014775878186
0.006686793653679094
0.0015968649269266
0.012002796684375906
0.012011712848745344
0.005105230747116733
0.0051927077906169595
0.003952999730751693
0.0009486646116047775
0.002183742307503974
0.002595472005707187
0.003781656805067737
0.007552328812389622
0.00996087067064708
0.012011687965442445
0.00152572178519417
0.0028256290395903085
0.0034064396175759667
0.0049707335676028915
0.005684638225827638
0.0015853819164993886
0.0013211548576451658
0.0029188187667918324
0.005172767317244449
0.0046860695121905965
0.0029767709964591553
0.002056330546474534
0.000746474548597362
0.004071461296041046
0.0027190029387911116
0.0017669756490217817
0.0036011078253821677
0.0021279989225134995
0.0044054998000930675
0.001007199977562824
0.005085981648196605
0.007000036510568016
0.0031888740654919846
0.00582426719328549
0.000934838191040689
0.004020111353296317
0.002293912795961223
0.003611851466762485
0.0035156995208608394
0.007298109649867769
0.0053660070487426895
0.0028818742249035224
0.010996435372001002
0.0075262084093876466
0.004811164344395736
0.005826556084610209
0.0006705176776537376
0.004950766662305886
0.0046241773872956835
0.002362149088551271
0.003179271809938469
0.003672702530715336
0.014741153836325663
0.00467248404464446
0.009322170546476143
0.0003705224140968561
0.0006087855980883068
0.005521606643500966
0.004678075781440407
0.0027522378803387605
0.0024170660086784914
0.002271662186941485
0.0011825235744769172
0.003250688145161881
0.0018495818313877669
0.002083807201625669
0.0022802796678672533
0.0015625374893107938
0.003253161927314033
0.00504302312910577
0.0007905392419846538
0.003849232325956996
0.006219704177037925
0.00016936718876872848
0.0014987203443443346
0.0024994731403360855
0.0032880021063263687
0.00156834455531217
0.003609398472056893
0.0012780624313518658
0.005497496248546246
0.0051837468435525485
0.0028716378704817668
0.0034844623903984863
0.00354047539263756
0.0032516779493150013
0.0021824866772643154
0.0014425665727942117
0.00398329531768079
0.002634230782545392
0.0016019794968499092
0.003240624803166548
0.0015019366190122132
0.0023072318192914015
0.0028863929943331455
0.003025701019921938
0.005020444137222836
0.0032987687360659062
0.0024263913369524633
0.0014900211071107268
0.0021485207470715206
0.0013702086667883326
0.003349007914531739
0.0018235034841518607
0.002333355530432508
0.0010967169753368015
0.001523149081308535
0.002375760159578351
0.0011724609214831848
0.005387887984374243
0.0024158749976368773
0.0002456914592683354
0.002203067982038537
0.0025510722378282347
0.002554838795570909
0.00025641046243529594
0.0004277872162936657
0.0003078652581613216
0.003376420412213971
0.001933226210907913
0.003483786964447612
0.0018371902703995721
0.0009565343608197153
0.0012593523821268254
0.000671023864429912
0.002232001091978943
0.0009256786794780304
0.0005129655448367381
0.001529566131360641
0.001965405005799981
0.0023836917631743174
0.0035585596686573697
0.0010800036818501405
0.0022913795184729985
0.0011477607871282097
0.0015360011970932733
0.0018978898103343108
0.004308692118227349
0.004717773031421323
0.005952065172648354
0.0007174972843334549
0.00152652346136197
0.00023327465967167647
0.0027445768297705286
0.0006514155698224215
0.0007355854666138848
0.0030040441521592964
0.002485094064294823
0.0009010516285298491
0.0028757094252830732
0.0012102825119695384
0.001509144080492056
0.002376466865427129
0.001993038509091056
0.002183838857370319
0.0020446072093095796
0.0009010175719443162
0.0006256672667593159
0.0007558063612449457
0.0016296716043223507
0.0021296620256001245
0.00306087173671561
0.0011846113234615075
0.0005391237862198998
0.0026055920107612433
0.0006218140889667172
0.0009927214214168801
0.0010851942082790984
0.0018445955225637105
0.0010234999603207157
0.001027694219652558
0.00473291050549321
0.0014306823918179181
0.00020284687751542332
0.0026434507895166785
0.0047307879707730914
0.0018321957223226425
0.005887979707167666
0.0010203406597135577
0.0025257033290866896
0.001956320591250999
0.0004613537975624245
0.0010915021311504792
0.0012405159070939388
0.004893155341879515
0.0006042755973804841
0.001511654399262677
0.0007934057854212133
0.0005021159882755361
0.001075117909113931
0.0008101550255132052
0.0014733429663852
0.000515230472637012
0.002756519225037134
0.0032479352471004703
0.0012356295827553915
0.0031703036679662246
0.000795684490269688
0.00048443996406855326
0.0015010130469099551
0.0006281604267375724
0.0014903347377321907
0.0008303287785938262
0.0026008308260776253
0.0017624342928633243
0.0027114654639931687
0.00029336749792275543
0.001443743353289199
0.0005211019595075317
0.004271109944901203
0.0008457719758183602
0.0008264907985730997
0.0015815212179376267
0.001067429396040369
0.0002795881718638793
0.0016282285592710295
0.0032055031921888774
0.001302360834519835
0.0023802068050949917
0.004408259034745575
0.0007383986559390338
0.001983862800367376
0.0004929557691017574
0.0003956321657297674
0.0023724784293248373
0.0003625543487696194
0.001517957988438062
0.00036358953570902986
0.00020444969994725998
0.0015781228861921396
0.00018614999077688223
0.00152267630209273
0.002261369576293248
0.0025602970880889407
0.0008425833930934643
0.0011009007763706554
0.0007844039047155897
0.0010627151210750366
0.0004850912071707969
0.000966121514575256
0.0006848708557008432
0.00015186959229777835
0.0009730807396885264
0.0011789940968110547
0.0025343807722056863
0.0007519020523283049
0.0007021426022890152
0.0007867122674832459
0.00012988492828528128
0.00042086671912223197
0.001282290171492235
0.00048459355640342774
0.0010942102943231056
0.0006237031743080334
0.0013607107933877377
0.002229061703135232
0.0008912041222898778
0.00019208025957216069
0.0010059822509554533
0.0014138122683116172
0.002302354526711891
0.0005652828049457874
0.001176072422702349
0.0014552166746718577
0.0030105575767079597
0.004085106850082822
0.0031060194707318613
0.0011786267181581559
0.00029587528309673076
0.00210042200227847
0.0004597577697238464
0.002161097017957078
0.002101269108126215
0.000831690011365108
0.00114301522035713
0.0013307727823207514
0.001163678601436677
0.0008827479312608646
0.002350807945740791
0.0005732772284979386
0.0005110126385954239
0.000980895752586922
0.0010278945178923465
0.0011900251560416333
0.0018930362037496023
0.0008645467384255232
0.0007335705006297393
0.0006814006802343672
0.0006605936664583144
0.0011175828030954844
0.0001513103517955356
0.00025423501176498217
0.00252070713937316
0.00026827118256470906
0.0002280977785219885
0.0018815626418300017
0.001152904417881667
0.00033267478181625977
0.0017945506735703276
0.0003864859028585236
0.0006651037103613834
0.0020814690616449607
0.00044753777328253053
0.0017196326833736196
0.00034311401980540335
0.0010673494003689728
0.0017004305335300294
0.0002468048105064001
0.0018643090308878368
0.0004785812376150845
7.58365230701186e-05
0.001044986136645962
0.002440437023740642
0.002641334194218373
0.0009401477604896145
0.000767082230671123
0.0017004015478147628
0.00217171981867014
0.0008103964500979519
0.0011385326768576494
0.0006626455330551683
0.0004065667721372062
0.0007146828276112667
0.001248835826323177
0.0008342077348122919
0.0003052337228205321
0.00044183013788197324
0.0011023398745802595
0.0010071917133295093
0.0007314680010658636
0.0015560499119071703
0.0006528868072144532
0.00131625005003606
0.0007403459283826156
0.00013438106338133662
0.0013088097522927923
0.000934200322379448
0.0007417154755806439
0.002408940369405664
0.0010868577905351984
0.0009530271753646161
0.0004888894373935187
0.0009499012372844856
0.00034030766620803983
0.0018447802293356335
0.0018252390383178068
0.0007531984118607851
0.0015126836270062697
0.0011797337394050642
0.00034251018399404583
0.00042836447630231024
0.00026085607901793815
0.000789098835724182
0.0003990148152794869
0.0021606042559867717
0.0011871724035824825
0.0005249163071934301
0.0013732751764343198
0.0009626886421973729
0.00026151518637645337
0.003148660542020934
0.0003842230348011045
0.00012597941180851754
0.0003976475892409838
0.0002218987069048905
0.0008291036790698019
0.0004893742590637551
0.0017407019475956052
0.00023011400356930798
0.0008407854435833295
0.0006288459887506449
0.000177151340719839
0.0009884293235828052
0.0017987114512043568
0.0005743152062122039
0.0003166877406818378
0.0007961360128096168
0.00030942593574965864
0.0005390865077265036
0.00030218405588866787
0.0002479564371752173
0.0003991520309866043
0.0003939256033048239
0.00022477559301582476
0.0012184365535870734
0.001993086190972423
0.0007415005821301816
0.0009851215106538832
0.0013848656737111178
0.0004272357787720318
0.0004383678034178918
0.000592192679379682
0.000738391366208413
0.0007858962573515241
0.000738409038163887
0.0006283096282111451
0.000610456767079233
0.0004352294410135666
0.0010602808616272492
0.00040502173260191884
0.00023175622335773008
0.0005812894876203947
0.0009805750820001363
0.00017501362564440443
0.001132425881541419
0.0006831399235147743
0.000378835169924647
0.00036614238981783054
0.0005178442281389298
0.000186141062253459
6.394769089673859e-05
0.0004105769502158336
0.00040630827911951594
0.001110992217712996
0.0011045253345902545
0.0007956148112572079
0.0005657918093328947
0.0008378919377916913
0.0013677316748317138
0.0003028458522938885
0.0008984600192768364
0.0029482529762838217
0.001115552197254053
0.0011266782719901375
0.0006490202505272511
8.217222908275043e-05
0.0002947177447365891
0.00033000552126156253
0.0004858549290843748
0.000383510424895087
3.397738493012837e-05
0.0010132231804380208
0.0012587347830339004
0.002475119712386401
0.0003661385637027705
0.0004224222768614407
0.000902953749251309
0.0002533430620621613
0.0008379151826354211
0.0007792527178556911
0.0018352439189328734
0.003770930118745199
0.000965085274922593
0.00011841156049390723
0.00045015749615437065
0.00047596896566588916
0.00040329927043822377
0.0020382490823944214
0.00021329261790665772
0.001097119349921865
0.0002231943909101203
0.002452098478586743
0.0004092407474225071
5.422886163107331e-05
0.0016761144767277415
0.0008750489782033699
0.0011052116149610591
0.000938813120278631
0.0008019956305951087
0.0011754727372717095
0.0011188775897934436
0.0007174074732688391
0.0003467467540085095
0.00030379028987985354
0.00047616998972581305
0.0014598422419173308
0.00026948682371472906
0.00044752864279405305
0.0011319897789245556
0.000215551707800973
0.0006117403868514751
0.0002865681680162606
0.0008190960954540869
0.0010519787962459306
0.0010017814909661468
0.00036021823762029766
0.00020275452695200694
0.0001526047784235653
0.0005202139066445139
0.0007373355223561042
0.0004158257250938783
0.0010756829722989637
0.0018822130134844809
0.0014406252206276946
0.000461859918918898
0.0007692026354850741
0.00040576918668778263
0.0022847758899018286
0.0012910703983272365
0.00035695126249691076
8.656523312402281e-05
0.0003304311741669269
0.00029056788823283286
0.0002621575055453803
0.0003585461615521447
0.0006619236170677915
0.0002624525669419883
8.649214082590405e-05
0.000694093573876378
0.0010362265795839738
0.00088330806712418
0.0011952236288566265
0.0003381364968750487
0.00040254916217676717
0.0011412853514216601
0.0010092947656619084
0.001614305880420581
0.0010112830409358706
0.00022879319732248371
0.0002050943226334005
0.0005023808831202539
0.00036951923898015414
0.0015649869284211928
0.0005066544118706318
0.0014331392537038539
0.0010195851086483329
0.00033583395881737923
0.0024572393710048522
0.0005181914585166337
0.00031417717269077825
0.0005232128873691526
0.00113543651376376
0.0015227024287663613
0.0007219496257517585
0.00022056453050632298
0.00013232672399459677
0.0004200373399095229
0.0008291556809898375
0.00044902105027397684
0.0018759424179638393
0.0008205946795391878
0.0008628321302756556
0.0008246497685129151
0.0011497677094967236
0.000660030770726951
0.000681279205499974
0.0007612455690670898
0.0002869592029273973
0.00035917242258556647
0.0003316215309443553
0.0019093550945683282
0.0002337224294299184
0.00034445153954955804
6.250707045397785e-05
0.00018382803186447374
0.0003591134247113592
0.0006918831305446648
0.00013899613626159574
0.0002235498706270534
0.00016171750136124006
0.0009064791549440513
0.003022836025838336
0.0003377606105952561
0.0001758866190233862
0.0008172539240973515
0.00024465853830486415
0.0014267774748424659
4.3773614249703994e-05
0.00045644517128472554
0.00021027867981247516
0.00023716530452779484
0.000728632842129454
9.13944456035546e-05
0.0009106384784144825
0.0004498702503047348
0.00032797350737285284
0.000532257442432191
6.744510097677106e-05
0.00011952591925248944
0.0005058826659439477
0.0021702742016478905
0.0008787773951685708
0.001462576755019617
0.00029406652863091644
0.0010113682419761877
0.00023709166948491706
0.00039955496403115107
0.00011900145430644984
3.8252916504284126e-05
0.0015334335919690745
0.0005654891319258602
0.00026071115047719695
0.0002381625928930687
0.0001680977751650655
0.0006157787267715339
0.0009585033257055539
0.0010004656192730372
0.0008074462824506756
0.0001783499815031088
0.0005432284678703891
0.0006041564264721296
0.0005852903949158559
0.00026553329303489044
0.0006642027797604319
0.0006480554787262627
0.00038645250772489757
0.00017291193311665188
0.0006285027837302477
0.00014602443235279535
0.0012893447751739623
0.0006195318814066456
0.0002578438270281072
0.0008545395740402327
0.0005087813041408877
0.00013576731612487052
0.0007864075943499016
0.00012885612734596827
0.0002474595630922827
0.0003019563981046529
0.000622737344940859
0.0004624697529622203
0.0005329397922186268
0.0010304814827193835
0.0009603172105749814
4.8565532920799836e-05
0.0007479347873865564
0.00028405147819970293
0.0010663723940451575
0.0001640623123622825
0.0005446009980897246
0.0008857191406194443
0.0009645993344502481
0.00032973931976793827
0.0002555440882260243
0.00017987500732724593
0.0003203138305648545
0.000666270061961563
0.00016022083748840386
0.00032727927143043974
0.0017857254122080402
0.0010321757408340794
0.0006771076205157345
0.00021127368107644957
0.0005480316079628144
0.0006948236422729352
0.0012627924497039186
0.0007218842978125772
0.0004992971928884003
0.0007109797843753402
0.000564413413293107
0.0007932163531509532
8.191396080198596e-05
0.0001850012202032561
0.00025607647473974447
0.0010534535952231793
0.0002440778749551154
0.00011207736660830105
0.0025648329680711753
0.00024197246118018605
0.00012645969195617217
0.002843072942861001
0.0005686074529939481
0.0010789390699696506
0.0001493266495222619
0.0007787179886366791
0.00033900312074670283
0.0006970303963170776
0.0004265847350272187
0.0004876317224803114
0.000647560031963127
0.0005722775375486027
0.0007995893788060244
0.0004931674002344203
0.0010625137465749962
0.0005183889682288301
0.00013152182552853494
0.002823637423049449
0.0004439743228855358
0.0011763686837248219
0.0002608469572227909
0.00036570712813302123
0.0001880203135076623
0.0010335695756825013
0.0006869935992939993
0.00036730319677112416
7.634309585981772e-05
0.00024837665385415964
0.00034510862658278485
0.0006791335113955696
0.0011426246069479997
0.0004523959480187034
0.0010765684282431822
0.0007336841811121378
0.00021850260438561803
0.0004448502943322133
0.000599415868690993
0.00014474198253092962
0.0005056306303643498
0.0005241653417919427
0.0008028374672205746
0.00018174400449458072
5.647847461503782e-05
0.00021023172095527702
0.0001894840652372016
0.00033797465354550385
0.0014296522409480877
0.00034090726895041976
0.0010320701697041966
0.00045191192601783163
0.0002385346331974262
0.0007370489358571171
0.000515425198813084
0.001559479246974729
0.000274248240137936
0.00030556373888714604
0.0007922506126515608
0.0002613125743098937
0.0016084207021865413
6.389045893354331e-05
0.0006434161192767145
0.0008454569700088263
0.0017235111399087003
0.0023015435036471735
0.00019409085739632777
0.0003612150914113135
0.0007487488279618862
0.00012432390755659825
0.0003164594716457352
0.0003829855918571466
0.00016794236186602561
0.000254163186829693
0.0002242005845909156
0.0010613207033199432
0.0005207909703641604
0.0001720838659612749
0.0001957214203864656
0.00020596898889135935
0.0006642436850273688
6.992538870027705e-05
0.0009076019085838596
0.00020085634244930214
0.00027179974462640397
0.0004327817684264116
0.0008156944724867515
7.131212465132523e-05
0.00040259363169450457
0.0002570179267862075
0.0004057140167811679
0.0005616037465385812
0.00021027036529659614
0.00024095240599048088
3.7198635701785956e-05
0.00012792597202045111
0.0005448872563247528
0.00040531962806714486
0.00037202809525730193
0.00016939494487514382
0.0001042540799562471
0.00042073815206293
0.0007477190404519769
0.00018975515673782956
0.00024032098664121703
0.00022424478385342584
0.00037986659954372567
0.0001500705637290372
4.071060280768657e-05
0.0006576110532977518
0.000427972035620316
0.00027943436205034506
0.000677103455158707
0.0005279583865122894
0.00020997130186292622
0.0006209449801894459
0.00031979984024315403
0.0003775487508948544
0.0002077709966867211
0.00030673186466894064
0.0006966006577552816
6.494339037064571e-05
0.0003271124100423571
0.0009030800890749188
0.00016123312658352073
0.0002295204513704667
0.00030653456946686165
0.0006866328426519894
0.00036558107441359917
0.00011389944146531296
0.00015392484577457052
0.00041454111103287104
0.0011774179995112503
0.0007272399851367421
0.00041756279114045963
0.0002426184694694288
0.00017030978077029572
0.0006499148484508605
0.0007227690794667324
9.894453005297306e-05
0.00015957179219605383
0.00031077062042945893
8.087603665087373e-05
9.648164383642128e-05
0.00030054121246713756
0.00020275757673726943
0.0002641666481126859
0.00024293632501729012
0.00042538303642662137
0.0008005258236613312
0.0022760521591255953
5.367265952018425e-05
0.00026614268601352705
0.000890610270658325
7.016778821512298e-05
0.00021121399631578492
4.5601835619210016e-05
0.0001511462381451209
0.0001974768788395918
0.0005929904901498858
0.00027358677535663174
0.00014172035182606583
0.0004011581601534605
0.000579963094858974
0.00041503475220418023
0.00030966487964557813
0.0011599552825590897
0.0009143953342273337
0.0007671102496471594
0.0005931232628914985
0.00011699714632829725
0.0007001317650331613
0.000861520910592615
0.00024302679374444997
0.00018194455004742727
0.0004048316360414867
0.00040393874573998084
0.00041357913600081046
0.0007077912990047316
0.00029567457219626785
0.0005160388435916157
0.0002102704321176249
0.0001445789552088408
7.2584903989014e-05
0.00086215572985836
0.0007716159997640287
0.0007417670986658827
0.0004362079862083932
0.00041907897006123693
0.000354806128642365
0.0005401762057277985
0.0003791788010983743
0.0001682033510074301
0.00010076210094927392
0.00012512662796042165
0.00012252944984726682
0.0005573284007245209
0.0008413401736580372
0.0004614355815119471
9.512718522285474e-05
0.0006302332783467148
0.0011862628517993845
0.0008662148864562418
0.00025737914465683107
0.0005306871782105529
0.000349844734765572
5.657202303293902e-05
0.00019295122330827147
0.00030894111563833953
0.00015474985430767224
0.00034863763704714117
0.001497387940394666
0.0003738074786568694
0.00010054476523550158
0.000427340435823181
0.0011920256327093365
3.7028229784051675e-05
4.3588232319364325e-05
0.00061260463556094
5.657598141661029e-05
0.0001234002633372394
0.00016325910231232085
2.8927325980182286e-05
0.00018019542900408022
0.0002932502634236298
0.0003152011490317597
0.00039325841859073424
0.0002837046123082844
0.00027246677128097704
0.00020824259800584103
0.0006545669964815823
0.0005430471411875586
0.0006917822471336931
0.00010399448319546246
0.00034891874108001374
0.0009247933863908918
0.000290757167218132
0.00011112077179477972
0.00014874477554147574
0.000420380643061298
0.0002475339300591725
0.00029301477518843197
0.00022861261126948037
0.0001320216410432606
0.00016430824802402222
0.0001195817075518419
0.0006002492173548255
0.0002219318061911488
0.000505897253156709
0.000858321393881611
0.0005961888808954057
0.00022254177881238772
0.0002770288551731209
0.0001705993560179066
0.00042672685186524804
0.00017136000102473413
0.0001830913658197512
4.258705239127254e-05
7.470953073789415e-05
3.460374464100224e-05
0.00036709950866524254
0.00019773714588186363
0.0002444460683888734
9.501395481237198e-05
0.00015238492572171747
0.0003955648347473249
0.0002889917755674074
0.0004784823692157941
0.0007616189710485432
9.124806991617419e-05
0.00011648337214826094
0.00014131181797075792
0.001129994823446437
0.0003908795115158093
0.0008286467649307953
0.0004440578291432023
0.0003130572360635821
0.00011111262963834738
0.00021068432568444514
0.0005681246340636661
0.00034081569718551414
0.001006775861620527
0.00036289816082530013
0.0001963756750779409
0.00010270081484342109
0.00015738411061483684
0.0003578170034661486
0.0002415929425709313
0.00013490227982840668
0.0007249191754423196
0.00026235809763958747
0.00048025986186981886
5.581719753359447e-05
0.00036452541214422807
8.220031419050474e-05
0.00018465500220398302
0.0003804244799532508
0.0003558012014798139
9.43051394109919e-05
0.00012088829416563831
0.0001464619483945013
0.000817292090815759
0.00041768836081053324
0.00013036310005162775
0.00027635902381051183
0.0004734518333182584
0.00023313140874340734
0.000350528338778053
0.000235646717207471
0.0004728186805738612
0.00037117396275459017
0.0003765629206958569
0.00039769369985358087
0.00023869297935799055
5.734270005627019e-05
0.00048261262831329386
0.00012304835757432218
0.00025719903474875086
0.0003094981291738627
0.0002687254027598629
0.00018241233877090162
0.00015956603096488667
0.00017269834587924386
0.00010203997106237007
0.0001909672310831507
0.0002346550268561983
0.0007405339084454422
0.0002064875857635596
0.00016488038161038924
0.00014420513453604515
0.00014912935574992563
0.000187059240384749
0.0010064319822249848
0.00018247318344575335
0.0008593960834977337
0.00032328897066240497
0.00019724430178880785
0.0002091545351590701
0.0001914794065131041
0.0002680301932009757
0.00010339319184019388
0.00029464673667163626
0.0005008810213136455
0.000250327476410585
0.00012974627447112397
0.00010526518919185263
0.0010695131045471552
0.0003844394949039365
0.00037838262651440657
0.0004537785134823792
0.00010112254277107091
0.0014889993604030138
0.0010363479500927614
7.661729911234331e-05
0.0008288402473875023
0.0004788515724673559
0.00015360335291018327
0.000203199695626322
0.0021379487769570315
0.0003311599011882924
0.0002453723600913852
0.0007297499735123669
0.0002919850126538191
0.00028798226378573246
0.00037622695746833054
5.362413369977983e-05
0.00030563422844489803
4.982309651666657e-05
0.00032750695749914354
0.00011730473997027155
0.00015377415082806168
3.0083172087914424e-05
0.0002740804955051142
0.0004357994471586053
0.00015041515974929782
0.00017019841783194256
0.0007023645728308736
7.002999874911743e-05
0.0001398450653862984
0.0008045570611727898
0.0001861138351120292
0.00012073545717540179
0.0005945322867987116
0.00018151986430468375
0.00020079459347573756
7.313994933615285e-05
0.000269338063993586
0.0004344376362566555
0.00021755976844211862
0.0002503948389764889
0.0007342019014005185
0.00013491641337196484
0.0007196174550193426
0.0005705609779745595
0.0001396602047366483
0.0009666144097535437
3.716121936033611e-05
0.00016699663322040473
0.00028447029470225364
0.0008119820367449747
0.0003441375670175507
0.00039908964132816553
0.00013564319663759384
0.0002165812301516818
0.0006227741211413122
0.00024592779910146025
0.00045402659401157946
0.0001338218533019105
0.0002794808852128606
0.0007037886623820362
9.28499046693732e-05
7.377072136017757e-05
0.0002860690327229462
0.00011570880276719058
0.0006753798124299551
0.0002907281082254037
0.0001986015391832401
9.621943017882268e-05
0.00036882319902099885
8.961954170833236e-05
0.00016618112650674602
8.454191296465898e-05
0.0006197091764263663
0.0002454833488819569
0.00010499456018158458
0.0001626450925798254
0.0003602974421099228
0.0005451281572669596
0.00025391457085513584
0.0002698778396515178
0.0004129997445823699
0.0002351161933727182
0.00012408741075737654
0.0002644232665117359
0.00010285390073240648
0.00022415699354533114
0.0006705920993338695
0.00025223620289898866
0.00018925490600116366
0.00037355980578290576
0.0002864049514921137
0.00026496189706825586
0.00014431205981387308
0.0005597365424387074
0.0001754462015868588
0.0001562776217633466
0.000499720632567975
0.00022235036598351502
9.591656936549691e-05
0.00117313851759909
0.00027318963379059023
0.00012341532065507612
0.00020297580826119063
0.0002704800891103098
0.0002983110614412398
7.173738965487469e-05
0.00033119491122930115
0.00018219414286341993
9.336526638790206e-05
0.0002664014057842533
0.00013771429236833252
0.00015937408003596483
9.806202546251221e-05
0.00026724422608844173
0.0002098511081158103
0.00040542855151977093
0.0005194248417218193
0.0003851117468418834
7.620429844088627e-05
0.00011623878509916445
0.0001438150834893341
0.0005145669233211099
0.00011192374333506401
8.940084859816608e-05
0.0004395415206473083
0.0003249979039080087
0.00018772145990780134
0.0005497683542951912
7.864663167703355e-05
0.00011016925294835976
3.630614175072651e-05
0.00016313077374523538
0.00015623713893986473
8.733636581199656e-05
0.00015286215369076468
0.001126126346413161
4.1778256074575877e-05
0.0002000757543946993
0.00022843264116987288
0.0006245777165736246
0.00036191241577609865
0.0005336017931758353
0.0006576535067842946
0.00041710179993773385
0.00013129358041486465
0.0006814299025019039
0.00074309166990895
8.306624795011281e-05
0.00021404684208867393
0.0004165330859267633
0.0002715788240687636
0.0001889217383731812
0.0002429418861703743
0.00043394512021917596
0.00020432668672126715
0.0001339548203514016
0.0001359365937732608
0.00036405192074799895
0.00039392418337319833
0.0002802995053310087
0.00018809771353359473
0.00022723778472742568
6.527559563667784e-05
6.003898972338093e-05
0.000429738165423951
9.555570252435269e-05
0.0004670072080824059
7.9018303421165e-05
0.0003367694402548337
0.00011099246726948496
8.792568050205765e-05
0.0003416642780414155
0.0001750757779208892
0.00019610902555408812
7.148083848405298e-05
0.00012713521007901458
0.00028059698922564235
0.00019577633456991975
0.00015208782463754713
0.0002565696411306214
0.00017846844254321834
0.0002648093926433163
0.00017956369418594895
0.0003562911439116737
6.594933433000017e-05
0.00013649164913299159
0.0002510569637491502
3.758997302620247e-05
0.00026746716978140564
0.00020382508679677976
0.00025786856815450653
6.893563789900047e-05
9.390904391085821e-05
0.00020351134190846332
0.00019288698481353475
0.0001962466648207747
9.126274188885952e-05
0.0001790168160690047
0.0005123843214403098
0.0002962556909412367
0.00013701021468997976
0.00039417998576497874
0.0006447150577903303
0.0002196524879559952
0.00011443088735326452
0.0006601010851781279
0.00013802681825176403
0.0001556758514336879
0.00020904245814065334
0.0001245602602851984
0.00011949707665080692
0.00019185226045749325
5.086058352894613e-05
9.557000530050698e-05
0.0002215254155978891
0.00023667886906631087
0.00018298165009297717
0.0001296367681479648
0.0004559991109953878
0.00020218773819054878
8.340007595797759e-05
0.0002648933900147208
0.0002413304496235241
0.00020438065038916848
0.0002823321354747444
0.00016964844224609074
8.293680762278476e-05
0.00011349856173958623
3.716791168993319e-05
8.905320130710138e-05
5.66738367854458e-05
0.00012474154483364014
0.0003258726000406585
0.00025763303412400154
0.00015734318997219555
0.00019710398835473105
0.0006075181350501055
0.00019797676342109865
5.143433181849903e-05
0.0002158384586837308
0.00033688305066085404
0.0002284701970529381
0.00011890728632761483
0.00029061571115347913
0.00026336748859418624
0.00033588466026215316
0.0003024930738215604
0.000188430482911964
7.953726842907325e-05
0.00029153746638286605
0.0005808846176911444
0.0003138486837550533
5.137242084481034e-05
6.717296105881649e-05
0.00017606896745572277
0.0002645834489701638
3.330833325683217e-05
0.0002295365143108694
0.00016713717072370897
0.00021007161239113876
6.668347253526082e-05
7.94378561468543e-05
0.0006392410625933901
0.00021197403723078093
0.00019221542158766796
0.0003442205052492108
0.0004151684824922924
0.00024199610462615636
0.0003080316115487892
0.001075188538319031
0.00023603636617439843
0.00017353640583590626
0.00028772064987304187
0.0001485062577128963
0.00046661556690412193
6.0228550646567894e-05
0.00021444719151048815
0.0006673575202527354
0.00023154595601082852
0.00011372618584004871
0.0001768852788162842
0.00032792424116154646
0.0004883527056873838
0.00041234497553906173
0.00010801576517447558
0.0002571458941548543
0.0006577634608050684
0.00029009080134161254
0.0005103077406064294
0.0002714243202404235
6.589932096820799e-05
0.0004484906351960664
0.0003222747749600247
0.00019493154132814954
6.796588720488213e-05
0.0002001259078375579
0.00010617445877744006
0.00046489729597903824
0.000134267359649661
0.00019449420814878786
0.00024598360175616705
0.00028368767158316676
0.0004430789296324194
0.0004243900028921203
0.0002933534733296742
0.00013011853983547068
0.00040754360012899393
0.00025262358353123055
0.00015016740970947968
0.00011138256945999271
5.15679096419032e-05
0.00021954836795045157
0.00032589791064966366
0.00016500205278391084
0.00021767411642583846
0.0004086193123068385
8.01474313369422e-05
9.701975369812423e-05
0.00042074863780465585
0.0004264075231321079
0.0003490236295221982
0.0003883878953028326
5.211544581221421e-05
0.00012491949155711755
7.055259459554213e-05
0.0007842147930971929
9.65271568915724e-05
0.00013747038063994106
0.00010569351575032344
0.00012923074542660183
0.000294976509940995
8.953400347051264e-05
4.922900582660712e-05
0.0008182146481931379
9.130074434666248e-05
0.00011436762671269344
6.720361887020344e-05
0.0006555127441073358
4.7987440100444437e-05
0.00010499049916522713
0.0003303462112073855
0.0004123297991004235
0.0008169453992017142
0.0001398730730033192
0.0011911610496464344
0.00025667051840817275
0.0001263989277039405
0.0002157526821204427
0.00024064456852913792
0.00020516054927230488
7.936562757058622e-05
0.00014745006215831057
0.0002471813806199069
0.0008197799556972158
0.0009019997041942703
0.0002798985373640385
0.00030954993372849855
0.0004859950911102433
0.00014536410110941315
0.0005676760416282792
0.00019000269560927218
0.0011868090776510187
0.00021083666728391822
0.00012788640733017246
0.00042866593057819345
0.0004527629545584172
0.0002707857406108382
8.008998522197103e-05
0.0003164227776603865
4.5088161956760394e-05
0.0012652938244060053
0.0005581363434427462
0.00014030097633636085
0.0002205672095226954
0.00012473025806104812
0.00029705899809553244
0.00025817435988306943
0.00010321747244935057
0.0004005687540641995
0.00016771004789129694
0.00029441295937868183
7.14732719002645e-05
3.7417517178057254e-05
0.0002170265861763743
0.00015983280889957037
0.0001168782604916287
0.00018396844151673952
0.00016614530494658364
6.040431414723237e-05
6.642990228705396e-05
0.00013641318215335498
0.0005028429470534544
0.00016530091967529575
0.00014766838887666735
0.00011849026344434656
0.0001390820826007678
0.00021533976146594745
0.00026241926185679814
0.00021264684308985648
0.0003407438080820473
9.692736558311328e-05
9.205754113003102e-05
0.00018326197443291852
0.00038296992628023045
0.00022736380559405027
0.0002886618751002721
0.00021183825654993733
0.0003191384321988265
0.00011442514225253179
0.00021461812889992217
0.00017997463046013148
0.00015816056045112671
9.381819144593751e-05
8.735065023891601e-05
0.00025771877565044853
0.00023958226385125116
0.0004986700731985688
0.00010072424421276796
0.00034543983264347555
7.862037034165665e-05
3.1355698356241915e-05
0.0003741769220171465
0.0005701920981209184
0.00021687355323035367
0.00043698247053941894
0.0001237610515356355
3.393378426668838e-05
6.592132984240595e-05
0.00012453785072441545
9.378844045888337e-05
0.00022789616960759216
0.0001951983531946373
0.00021584808971173756
5.1270672263705724e-05
0.0009642620261696243
0.0003089886319094806
0.00019740857885700757
6.061213953922968e-05
8.04280625415775e-05
0.0006239506889154424
0.00018620053974145392
0.0001794990472994312
0.00019256246888768475
9.823017471076876e-05
6.519847340922725e-05
0.0005186909528060881
0.0003979551139707785
0.0001594809196821956
0.00011389653862314333
0.00046084219387070155
8.925442712620511e-05
0.00015830475168409055
0.00011816900856482395
0.000248016773665392
0.00021520430854884084
0.0002477395727552153
0.00038284615509755345
0.000300504080644434
9.235474266510064e-05
0.00028096717394527525
7.756449673552368e-05
0.00029925116182195834
0.00010574252060941889
0.00017398605142122397
0.00013597073229201193
0.0004088242281806716
0.00019513033594716002
0.00011770635282950353
0.0002566126106577657
0.00019363250434719693
0.00016222778832223215
0.0003452166670644976
0.00041046614179967927
0.0003010566735637826
0.00022720163064242737
0.0003856859893525463
0.0003197543975298847
0.0003737599902834046
8.729108432958395e-05
0.00019356587637307768
0.00020234826414665768
0.00016893513003673273
8.39362416824565e-05
0.00020817301914875222
0.00013848717874259165
0.00015561762159288308
0.00015511912060783416
7.04650654505966e-05
0.00021631287263439343
0.00040961020107405734
7.116342840763631e-05
5.228443126942531e-05
5.106274888627404e-05
9.551536816468615e-05
0.000145701584008958
8.225713879701588e-05
0.00012655312792645126
5.354514433761468e-05
0.00012796359830801122
0.00023339960730758345
3.599941355543605e-05
0.0001858971606178239
0.00014211769030130853
4.838701909317369e-05
0.00045874769778834703
0.00042418914724203795
0.0001564905976720912
0.00033499157850394183
0.00012537241127066838
0.000189637023986478
0.00028186040460768095
0.00014862837745982825
7.251832643634926e-05
0.0002568738360835186
0.00010490433937845872
6.493768625426535e-05
0.0004845774898123103
8.777950867957086e-05
0.00020111268157742098
7.553822383695785e-05
0.0005092466085459794
0.00037491751534119485
0.00022127706710664547
7.962500010039122e-05
0.001288573560866287
0.00014243122143842805
0.00013330121229257358
5.702807431954623e-05
5.259846453489862e-05
0.00012098016278962652
6.592318621374868e-05
0.00020365649338507653
6.44601289809683e-05
0.0002389356798503647
0.00048213579975702657
0.00017798910117344352
0.0006074534548941413
7.40533682050922e-05
0.000244295704802101
0.00021713086819984714
0.00026108847952345613
0.00011318101603366514
0.00010872129936842434
0.0005079691347065023
0.00035714455855943893
0.00010451347902097352
0.00025732457763090265
0.0005208397676414821
0.0002606522537105676
0.0002174096247084896
0.0005997412341278164
0.0002920909450730391
0.00018277676438039012
5.480676171836656e-05
5.614068285215748e-05
0.0001438894747963676
0.00023780949365254661
0.0001963580436661556
0.0007980910465483449
0.00011767926832891201
0.00019760123129025704
0.0004138912467030194
9.027273325058959e-05
9.631878453469262e-05
8.133170953752633e-05
0.00024108692465540178
0.00012186795058711735
0.00022008998002965416
5.72900021921558e-05
0.0001594973185470592
0.00017403436288379763
9.551849133838881e-05
0.0005684901674338964
6.029385460729676e-05
0.00030324487554988984
0.00017317759611132819
5.701876052882335e-05
5.699346980500053e-05
0.00031037368438651335
0.0002669514465014034
0.0007015768997693143
0.0001008438450356236
5.772576503921006e-05
0.00016797595970974852
7.457731303101524e-05
8.182837356529533e-05
0.00010099812148359538
0.00017177887222405362
6.965011005505232e-05
0.0001477906189889236
0.00048289904236975133
6.600503398241161e-05
0.000266048471974036
5.6308445774139305e-05
0.00016312398836244827
0.00014064114197698117
7.790868603341095e-05
5.509778913926174e-05
0.00011102444640953805
9.675677353497588e-05
0.000122170004091448
0.0004122342903283899
8.4228144898318e-05
0.00014453867327289766
0.0005113078229415549
0.00020848332950570191
0.00012006954124827071
0.00013012176170730744
3.322187971769897e-05
7.658770193618777e-05
4.044031423655188e-05
0.0005530893400715848
0.00025797639869550406
0.0001162790831490886
0.00016909046300739766
7.016723976966569e-05
0.00012800768386016397
0.0001238269366732558
0.0001292378130756303
7.547763504917974e-05
0.00029899522676644745
0.0005249079756135436
0.0002657437533127504
0.0004334801111801917
0.00018577953105183438
0.00023020868348197076
7.443796726731065e-05
0.00012709824076699905
0.00020768411560621538
0.00013017330392358444
0.00024250185957638384
0.00023075461295289434
4.7132573248357205e-05
0.00020150932101721834
0.0008415491791735358
0.00016391310095856216
7.034504215781233e-05
0.0007444111501300303
6.219135134679353e-05
7.6668098935851e-05
5.043067151600692e-05
0.0004923370265152169
0.0002487982753162971
0.00017193500319470005
4.469460130929339e-05
0.00018009617011662023
0.0005236193564168381
7.143716792407505e-05
2.0651923151272987e-05
0.0001869197450729393
7.577234944926661e-05
0.00011611208017101595
0.00021781221388823905
7.702118726681999e-05
0.0001966887744447131
7.121032098844419e-05
0.0001377185252159139
0.0002771008331647787
0.00018708203959763372
9.89354788728275e-05
8.814978529402844e-05
0.00044168444296661984
4.084511041563958e-05
0.0002583794739353554
0.00011793453127986813
0.00030491023011409356
0.0004444547420033002
9.327967407658727e-05
0.00010384334690801516
3.016109489834504e-05
0.00043980993354834474
0.00012652877958431883
7.28379212987707e-05
0.00033005256393348666
0.00014605977749218162
0.00010877010335659661
0.00016795776509821093
0.0001674244916051652
9.221715682649678e-05
0.00020368788695961042
0.0003779197572167796
0.0005576064517644519
0.00037358609852939186
0.00011904572046276818
0.00023728261658084092
0.00024862378871858237
0.0002707599320754147
6.187993668249797e-05
8.455588022332536e-05
0.00016558097132703505
0.00015818822328890296
5.897871878220087e-05
5.4301764367690996e-05
4.567929058198172e-05
0.000309161818239247
0.0001362180191371683
0.0003096191452645664
0.0008795471513420108
9.817240082806653e-05
0.0004521954076185701
0.00017828665604439827
0.00041180151808442464
0.00012894688652337514
0.0003129809062834414
0.00045120051460622007
0.0002833988094675165
7.76560752336723e-05
0.0002556682216656423
0.000131017804574069
0.00010338369118420301
0.000289152902783581
4.674544293903784e-05
0.0002761992968876326
0.00034618407579156815
3.374725977676326e-05
3.531928277839038e-05
0.0002771378957528905
0.0008424665819233445
6.598444018576913e-05
0.00010010695287857729
0.00029763126953025713
6.405613105543198e-05
3.2764102271924084e-05
0.0001588133503404004
0.00021514151435929278
0.00010630171354443714
0.00012321752762523545
0.0007238601717300604
6.662779746575494e-05
6.214908083906884e-05
0.0009250588927499717
0.0005935149763818505
5.3677080181163075e-05
6.006217661249376e-05
7.379793603069387e-05
0.00010646427780691094
0.00024877319690176295
2.743200340761044e-05
0.00026755707976803286
6.0232504419818755e-05
0.00046968768381861755
4.8885430160587506e-05
0.00025731779607843805
0.0001931821522478431
7.937182148435036e-05
0.0002150785635170295
5.19835244536817e-05
0.00017203174860620316
8.737128654642266e-05
7.692709642442258e-05
0.0002983450544168953
9.270968528379421e-05
0.000272691031199323
0.00043515275095068755
9.292302312777786e-05
0.00011766200252227934
0.0001038826156176439
0.00013871732314408845
3.900301623465533e-05
6.886081313948915e-05
0.00017548953959884477
9.88323622233243e-05
0.00010470876367045944
0.00016105050771825322
5.983302876229761e-05
0.00027762880830829007
0.00017356549173121497
0.00010001881658910495
0.00010810066665754488
0.000130406875527869
0.00010701841893263089
6.342059232074304e-05
4.960847568899668e-05
8.48087453693594e-05
0.0003196093405474081
4.9640837079725284e-05
8.334512000549829e-05
5.515037786180783e-05
0.0003189671536448352
0.0001286148787425229
0.00013745624660897323
0.00013263249271797012
8.577138055823414e-05
0.0006563033290391977
0.0002536480772384152
8.489147724106906e-05
7.728982462170063e-05
0.00011139403980795227
0.00024941972901692904
0.0003813317889666106
0.0002857395737579911
0.0007060446488642301
0.00010533510450319262
6.638701731492154e-05
0.0004969944101839361
7.993704138096276e-05
0.000205758859915972
0.00025701424693794233
0.0001407804284642813
0.00010196190449383596
8.523969895929721e-05
8.498245857905019e-05
0.00012829232057992248
0.00024366138867270198
0.0001414586842987067
0.00028828467966811257
0.00015556734811549025
0.00011385269980931059
0.0001271544550956086
0.00014245190891709424
9.710019564514734e-05
0.00040012625995099817
4.6724158079430454e-05
0.0005322232791042293
8.334454964069618e-05
0.0007467155306432145
4.076870244681124e-05
3.5819872012017144e-05
0.0003749679882524475
0.0005718923114849022
0.0002228179643641498
0.00018665199471567
7.832950342387011e-05
0.00014496172800780815
0.00011769874358544819
0.00023692376096130452
0.00033838277856285164
4.0201568042160385e-05
0.00014589378780998616
0.0002304610560652578
0.0003343840329569757
0.0001841797747067033
0.00032683347478181603
5.6255938412457945e-05
0.00027897900640416154
0.00016489940806945996
0.00011413665227676889
0.0001135000277537701
0.00018600998607133984
8.169313365043723e-05
0.00016849263760001577
8.93150604857984e-05
0.0001769587427865844
5.580386090525227e-05
2.6189971648062017e-05
0.00021183152293651934
0.00013360003838625603
6.93539253020294e-05
0.0002984569961097304
0.00011127714874698828
0.0001684955815860594
7.492778945402155e-05
3.2435890418646364e-05
8.435906527217361e-05
0.00011517707806855512
8.229483325402334e-05
0.00034222077661871477
5.287618199628629e-05
3.4902371097206565e-05
0.00037294748692282
0.00013751847185574325
0.00013471501903341787
8.953255594472892e-05
5.0076160737928115e-05
0.0002996783201287731
4.2862588255294476e-05
0.0002136326942519242
3.67682338724437e-05
0.0001509052851233182
9.809126402413167e-05
6.0131746208555454e-05
7.071430246076241e-05
0.0002272050860799592
4.7656395490058216e-05
8.413492519504699e-05
8.017194963588062e-05
0.00011559052627599454
0.0001250825471255653
0.00010264705855764287
7.669284932471476e-05
0.00017007486938585065
3.166868289818104e-05
6.3718571330815e-05
0.00016621303783807001
0.0001715112354694232
0.0003090495095971367
2.8564297547231004e-05
0.00013562313784316242
6.435398901351102e-05
2.9254132209098695e-05
9.170122878380305e-05
0.0001092820428467863
0.0004723411371742349
0.00015019892533066367
0.00011345045556595374
0.0001232528467467299
3.382536179488739e-05
0.00040407022616302166
5.7301060342693826e-05
4.8139558510809074e-05
0.00012854584742782868
0.00048189957093086003
0.00020157310455753738
6.319887904544082e-05
6.243018131501278e-05
8.992755603328281e-05
6.959514693503169e-05
0.00041225766054000666
0.00032115037156893304
7.517407104593992e-05
8.068495944610457e-05
1.8686269821597604e-05
6.845800244308156e-05
4.1839481040367184e-05
0.00017938991637747926
6.82119837350568e-05
0.00013465722706543237
0.0001398383038659681
0.00023464748548187168
0.00017663873100639966
3.378701376348645e-05
0.0006611967984841118
0.00010210989723947921
0.00012846828658968231
0.00011521236475748003
0.00016447468129467038
3.5255310010518694e-05
0.0001411839910214527
3.8242879594068016e-05
4.300455683734294e-05
0.0005298324386138328
0.00010264023145902906
0.0001237888124841416
0.0003193391878888802
9.811222255596728e-05
2.6905931812167754e-05
0.00011247751912807825
0.00013518708456757673
8.553674366486407e-05
0.00035992494268573965
0.00010137260419859895
2.070502497930481e-05
0.00017493471838515596
0.00012795682576298371
2.6076776405133513e-05
0.0001862687938328535
0.0002614810114705104
0.0001279427755376972
0.00021699729639447415
0.00019046604454156561
0.00017653988000476754
9.797408882152488e-05
8.619261826436605e-05
0.00010846149326092914
6.240437018225047e-05
8.892326505819753e-05
5.9974179090117646e-05
0.0005416443909351984
0.0007117743191526029
0.00014869768633775067
0.00031573213060894656
8.00089263050606e-05
0.0002589142530553132
0.00017143866148451006
4.895402145816695e-05
0.00015324088683396425
0.0002682265443801193
4.3491607777508986e-05
0.00012839820579249692
0.0001390263208082195
4.0142313151650704e-05
0.00015920957137926327
0.0002810177352857966
6.801010425707081e-05
0.00019082449820300714
5.7378799381188744e-05
0.00017744474833637238
0.00013774192167454342
0.00012754217600237272
0.00025714641263985076
0.0001812691630983386
9.615500894374999e-05
0.0001539856951086808
0.00032720089274819745
0.0004010700547426188
0.0001328290265444837
0.0005265421491978033
0.0001146888479889096
0.00031002584561455403
0.00022352577776824388
5.0992301805240923e-05
8.884543243838432e-05
6.58352374510353e-05
4.397641268441663e-05
0.00017699976708978693
3.624888476804728e-05
6.64974293229187e-05
0.00015566846177365108
7.340521844710815e-05
0.00025437941772528557
7.815271974421558e-05
5.0017327324985265e-05
9.510229140009757e-05
0.0002529428978117858
0.0001439084328264713
0.0002669929982852577
9.276435705669437e-05
0.00026466560989740366
7.628143507485068e-05
9.226750739899915e-05
0.0001359487466129965
0.00010143818197971823
4.575283795261928e-05
0.0003789782746911846
0.0001808528908466108
0.000174336363064717
0.00015759243607790511
0.0002122043446167522
5.129305796677896e-05
0.000529082062358109
0.00013547677067827764
0.00042683109220850463
0.00019593924030065655
0.00015593116793470027
5.217747262592117e-05
0.0002411480023281174
6.090246361193437e-05
5.2432555516287866e-05
0.0001979482432093584
0.00015689658195916503
9.378659300332497e-05
0.00025959971006920667
4.1280902924140096e-05
0.0001385679235589077
5.9309184362253577e-05
0.00012156336178249955
7.361829271622356e-05
0.0001496073463231293
4.26181751271341e-05
3.805117256422943e-05
0.00016240368720245687
8.846805466048382e-05
0.00011930377255931912
5.433314778705691e-05
0.00011784062578638889
0.00016835683235965447
0.00010543637046280495
0.00035042632410677704
0.00011738241303823687
7.174445734074436e-05
0.0005806340350484633
6.999038345867779e-05
6.505322964454462e-05
0.00010456586141097491
4.541197454122305e-05
3.163309545897232e-05
6.338092997607749e-05
0.00019942378510053643
0.00048482714512057583
4.183798437049526e-05
8.943943328615863e-05
3.2644300898457085e-05
6.211598470759019e-05
0.00016961571194673707
0.00040142589682931325
9.480095394428976e-05
2.401607565827139e-05
0.0004659149631943212
0.0001045320225210823
0.0001263544434087005
6.92663875211865e-05
7.651035519676932e-05
3.446712175542109e-05
8.638997372016933e-05
0.0002761756226742403
8.69870327171138e-05
0.000106814007379093
9.57141971053172e-05
0.00022489837268438293
7.251832981324014e-05
0.0004177075683883855
0.00013240600966014246
8.28334172936952e-05
0.00017204313161113977
5.503226200376273e-05
8.046001567514442e-05
6.15766640319013e-05
5.67759962892448e-05
0.00027174983009277837
6.130393266728746e-05
0.00013111469836051963
0.0002512266963514025
0.00010555174390153176
2.5417901231384477e-05
0.00011111999537725587
0.0001478704402313698
0.0002366421134674238
0.00011420043030941653
4.8910088547926876e-05
0.00017019370758274976
3.786216172798937e-05
0.00010312724314411407
3.374081400615759e-05
0.00010622098390559835
0.00010112400912104665
4.76192887350057e-05
8.012190785401751e-05
3.223315807204258e-05
6.321753668721943e-05
4.139395461758664e-05
0.00019174421456848184
3.910470007570219e-05
5.300470021476985e-05
0.00039567341933052465
9.823755521605701e-05
0.0001124453949842764
4.526863465733279e-05
0.00010834305710026636
0.00010275491221687635
0.00039928211812829094
9.904000412133339e-05
0.00012400832078366007
9.591597933036397e-05
0.00010313710526756567
3.774044181745591e-05
6.821167031084999e-05
0.00013047022638292094
0.00014291297218387266
0.00015056148711910963
0.00012314410863444223
4.8388137871924264e-05
0.00017538117068259903
0.00014089944989138664
0.0001705256746817489
0.00047347048133311603
0.00014746443388063372
4.638104961235123e-05
5.684344922079288e-05
0.00038537724362224614
5.827112660335432e-05
0.00022829723954933626
6.067991869998909e-05
0.0002493163725280494
0.00011820936491975833
0.0002885536747737342
3.982889182676455e-05
9.66959470827434e-05
9.560068547857158e-05
0.0001498156030555733
0.00011354619933170914
0.0005893856879880153
0.00019224755344960385
4.7568517926258504e-05
0.00014462344207791212
0.00017792243536371202
0.00015769089401092997
7.584295175458314e-05
5.989236036971289e-05
6.439639666968995e-05
3.9774629967144465e-05
4.583841804025415e-05
9.36814006449499e-05
0.00018784608303661247
3.106758029620356e-05
0.0001111111947909285
5.644916556082295e-05
5.678090049824265e-05
7.460746590024683e-05
7.755485468198119e-05
0.0001336063105687573
6.616451051605949e-05
0.00017945368948228655
7.28069091997011e-05
8.019742901173918e-05
3.2333860215561296e-05
5.303039394174447e-05
4.6286276013413145e-05
0.00012643032112083247
8.669265950825832e-05
6.659126499078459e-05
4.743094919857437e-05
0.00014293838434369669
2.0827139728649707e-05
7.119968809143368e-05
7.769867154151917e-05
0.0002510306321889605
6.521244560134946e-05
0.00023936557274010083
2.9745686681462543e-05
0.0001522042251159135
0.00032839801466071197
2.5629466470030972e-05
4.4033279498491026e-05
4.6921803780155885e-05
4.202995336425643e-05
0.0002784171290616799
9.304507308546997e-05
2.8838172484254558e-05
0.00023811451555716116
8.276163384757103e-05
8.462381959914107e-05
0.00019616223500620945
5.7225255441514426e-05
8.995028973381111e-05
0.00034330624112920355
0.00011390482033103028
9.274851639975286e-05
0.0001569774993115486
6.163883845209971e-05
8.683412307759793e-05
4.641895769619425e-05
8.17697637252368e-05
0.00022188954759563048
9.473653750406611e-05
4.796848323383126e-05
0.00020829748627725856
5.457265940368682e-05
5.9800793073989926e-05
6.432832787383833e-05
4.391258610515937e-05
5.665000213825431e-05
0.00012635508522652953
0.00011099675972134476
5.826319121015541e-05
0.0001599593265530217
0.00036502714245608466
0.00021526425594185837
0.0003688729580920127
0.00014104678759115422
4.1459291009299846e-05
0.00011116541436349325
9.047821130119304e-05
4.900214713474686e-05
0.00011571723398249137
0.0003117781948342393
0.00016293551046933855
5.1454712429499494e-05
0.00020555970262582727
4.833513041395593e-05
0.00016005617222536545
8.431535443649881e-05
1.6144511204190805e-05
0.00010929926279444435
0.00011406384514714747
0.00030325753090151895
0.00011631168597158675
5.583665559794278e-05
8.462830511630159e-05
0.00015372903970457694
5.458613632276511e-05
8.546858198761095e-05
0.00012352268728619563
0.0001738817661133486
0.00025498393167579697
6.622485222058914e-05
2.3465773090469496e-05
8.228820767686148e-05
0.00027144304371819764
7.331463842301283e-05
0.00016382925292896477
5.6745441538425396e-05
3.6992047804462e-05
4.7203899216822255e-05
0.00024304448670413878
4.830999748237131e-05
6.101209496687407e-05
0.00029668816573735014
8.293626016788956e-05
3.988486495077456e-05
3.743768717186415e-05
2.8314370299454433e-05
0.00010537057301077357
4.5171400425591595e-05
4.6335596715194105e-05
5.079760303881814e-05
0.0001876643519758466
0.00032989210775464335
3.491473067528505e-05
7.663509471697907e-05
3.31898961870676e-05
3.7168971838944376e-05
8.115934721575399e-05
8.305853285417378e-05
7.042433274411151e-05
0.0002382130466429584
3.4112234105987784e-05
0.0002488862335307098
4.260414664057154e-05
7.781297973811738e-05
0.00017665078148686435
7.150707200304855e-05
7.486856971975895e-05
0.00024014323626350386
0.0001329207336738966
0.0001457575484632123
3.180295013760357e-05
7.340053751395481e-05
3.959092665093429e-05
0.00010043700296615228
9.480006799620704e-05
0.00036013555370876334
9.36392988914922e-05
5.186790335989937e-05
0.0004976921677635025
0.00012130940729504429
6.53708796051562e-05
7.792435278757762e-05
0.0004500305839876371
8.83316794465931e-05
5.7011212581634594e-05
5.8822395578489724e-05
3.902956410209248e-05
0.00014621734029504074
7.589037792309349e-05
0.0001505736427429529
4.981381701626082e-05
0.00010360570269787075
5.611631642311712e-05
0.00020102353017390336
4.246441559559863e-05
5.926548915041119e-05
5.896198508368521e-05
6.554434091354481e-05
2.704201405390389e-05
4.120028331502801e-05
9.844323646407496e-05
0.00010505643102708085
9.16750552699973e-05
3.178759962277831e-05
0.00016370586986581473
0.00016298739035491592
0.00019686731688215995
0.00011355713151186532
0.0003813766467138458
4.149340408874523e-05
5.645834406171788e-05
9.329199952995164e-05
2.198874034453449e-05
0.0005630103311295007
0.00016737249944878343
6.529718347987773e-05
6.755540646234418e-05
3.8554053499822916e-05
9.127830344108189e-05
0.0002435700454750977
7.393353665958606e-05
0.00017662049304548224
3.6414916151822375e-05
7.114389040490709e-05
0.0003732759503895303
6.303478918917027e-05
8.21887752145181e-05
9.101474803893519e-05
7.188839393491893e-05
3.1916677195559094e-05
0.0002370100676129579
7.967554708889334e-05
0.00011877812036538245
0.0001188132558917228
6.951084697440548e-05
8.909287512005508e-05
0.00024859388732004467
4.9727881371829476e-05
8.883690524145923e-05
3.2836198947687726e-05
4.8084606949366366e-05
8.320799634957577e-05
0.00019419388092368418
9.883495591423654e-05
3.9323610056207444e-05
0.00030334644575937556
3.392481788765392e-05
9.649979941696722e-05
3.5548858953879865e-05
0.00028152197502272756
6.0514596284019086e-05
8.96302921118176e-05
0.0002876364148904155
5.675031203788041e-05
0.00016440743222100542
0.0001164523639185025
0.00013214459228216277
6.252150739708215e-05
2.7723793438375384e-05
7.236505134914795e-05
8.138680512816554e-05
6.390025911678653e-05
0.00010171314682535392
0.0001941932409669295
9.528779092987456e-05
7.870342227547767e-05
9.657687604737342e-05
0.00025988046731999237
6.0672659773000594e-05
0.00012604673668499991
4.6323717826768726e-05
7.01936672681473e-05
6.238993296321859e-05
0.00017799574865140106
0.0004943436539320691
0.00011238567064309865
7.696843145282945e-05
7.328932083761282e-05
0.000110671294801665
8.923853155226159e-05
6.510577215521452e-05
3.180660370774404e-05
4.1782700210252384e-05
0.0002844898373462728
0.0001632204067868446
7.228603584793201e-05
9.149785998664272e-05
0.00014831618972205852
0.00019709854065645655
2.55232574464554e-05
0.00010525663915299653
0.00018998667417539482
0.0001098214949240562
0.00014774051468141095
0.00010150911347782007
0.00041492207348412826
0.00028347808973406196
3.397120513865982e-05
7.37492591484531e-05
0.0002205714873714088
4.9949913818323975e-05
3.4162084208386055e-05
6.333874755668396e-05
4.2523883061246054e-05
2.9263426917904187e-05
0.00022800875759771512
6.714743681363809e-05
0.00012067624277343002
0.0001024581605854458
9.980834467335269e-05
8.386137875385459e-05
8.592910445134835e-05
7.665489899410087e-05
6.958455529219056e-05
4.23024454156272e-05
0.00010991700353946939
0.00013572557155109704
0.00019818010136852688
0.000153662280356399
0.00011428228540400189
0.00017599974275881692
5.6344756919384966e-05
9.555327016577851e-05
8.717565740319038e-05
0.00015873045099589655
0.00015957788001059428
3.398705958234489e-05
0.0001348094509959728
4.760046808551296e-05
0.00020171434721810678
7.54748755258662e-05
6.423238780473474e-05
0.00024271042573006444
0.00024467488555577336
2.2742612139924172e-05
8.382719096334607e-05
6.75452525288317e-05
9.806987945484829e-05
0.00011438643843942758
4.8713802677008396e-05
2.90508375941226e-05
0.0001778283363396879
4.3352645101133754e-05
7.172783655120538e-05
7.466159655317935e-05
0.00011888403901667549
4.528855647279258e-05
2.63924075995612e-05
0.00017195216593581065
0.00013794995269902493
4.935656038493721e-05
8.270768260400589e-05
0.00010393877210089843
0.0002835440245809783
7.833409598254202e-05
4.964417060992135e-05
9.305621451583599e-05
3.8537349741106444e-05
0.0001697919329511729
4.893663523788192e-05
0.00011490659529947645
3.7236795874715504e-05
3.801050007106586e-05
9.301852755324497e-05
6.447687334876337e-05
5.0801067555876065e-05
3.965265191445659e-05
0.0003742150550053947
4.671852092910653e-05
5.470746864905265e-05
0.00037998273948882733
0.00030116691351761914
2.7857581689131312e-05
3.350582983020082e-05
0.00023821687735105232
2.9250864143699363e-05
0.00010448720730374381
3.764325576059924e-05
2.868742912518946e-05
6.671393782737783e-05
0.0001099474153869386
0.00026724098208234315
7.756125886853838e-05
6.336708925335088e-05
4.72580444664818e-05
0.00013704155410313796
7.943968280501169e-05
3.5756775301202336e-05
0.00011305298058369214
0.00016162253518636755
0.00016368576470816732
0.00010111176298334408
4.601054289463837e-05
9.560749619520665e-05
9.582858723953764e-05
5.66770824067133e-05
7.397534774254252e-05
0.00017864453433485695
0.00010210757969328624
0.00013254361998064776
9.592209168805571e-05
9.752946748349309e-05
0.00022152480903485152
7.799733629005065e-05
7.745131381458502e-05
0.00019341689722475626
0.00019523264498673586
3.616039916574346e-05
9.407537393097231e-05
0.00024601363472105605
0.00019713058022507968
2.7712378154793562e-05
0.0001341677363750229
0.0001198823311807898
5.323971900501847e-05
0.0001992144845977848
8.211243137280678e-05
5.05304672087862e-05
6.745855705760488e-05
4.536511813472076e-05
0.00012202761850546175
0.00016071906030085855
0.0003298233570459244
5.9549114478709154e-05
4.4926993504412375e-05
6.43233683642514e-05
9.603818196200662e-05
9.330154179395578e-05
5.1132570553049845e-05
0.0002581886681313689
4.3310365445541745e-05
5.7892420402242173e-05
4.271713229803685e-05
0.000260659206036656
6.088649049956734e-05
4.1872514938610295e-05
5.3865017456291004e-05
5.956077552299316e-05
0.00010563889883458366
4.7703836415012155e-05
7.300371894408728e-05
9.95277185780919e-05
5.4635871093570094e-05
2.352643893171138e-05
7.361722702818335e-05
0.00012473878609541204
0.0005275119111513118
9.093127197209225e-05
5.4249210413981684e-05
4.174205961138114e-05
0.0001580931600710145
7.735708023442154e-05
0.00025446696079505356
0.00010973537232252166
0.00017675169534488172
5.724267274070486e-05
0.00012167525109486394
0.00013572104826111448
5.138479922181948e-05
0.00040478921075512225
0.00027331024709913176
9.422835990706538e-05
5.031641996924504e-05
9.528211459993635e-05
0.00014936709909467712
0.00014376072568167251
0.0001318892824344514
4.8088004523442314e-05
9.13576741951054e-05
6.510973134026384e-05
4.97954363464974e-05
3.841768644821613e-05
7.574592778535779e-05
0.00023240242287703305
3.532366958731454e-05
3.484523004143177e-05
6.947524723238327e-05
0.00011208264850127104
9.343770840561061e-05
0.00011616011211551823
4.646576194626844e-05
7.555886767431702e-05
7.069795376462703e-05
5.198580908962828e-05
4.291657927543566e-05
0.00012974094937988071
0.00017779315017150523
8.683485199380813e-05
3.4588789119614706e-05
0.000443693935429053
0.0001325339595871105
4.7898414831866646e-05
2.934971176849507e-05
0.0001648145754708951
0.00010173582308980997
4.999936045253486e-05
8.647511432053557e-05
0.00023592395441906843
0.0002058377170019446
3.0704149742601466e-05
2.7640104349234473e-05
8.832634165286738e-05
7.518797388982897e-05
0.00032151040875736086
0.00014293260896468187
3.6948019238415446e-05
8.005897628291092e-05
0.00014915779650987005
4.038697772272928e-05
0.00013574884064641103
0.00021509533849747116
0.00012017900487497529
0.00016977680010202766
4.8618235046864385e-05
9.97657617768841e-05
0.0001002832921811725
4.4638153856316103e-05
0.00011353640242165404
5.9357121027111985e-05
2.4539597554268447e-05
7.963739133844607e-05
0.0006318838031030617
7.801437704466596e-05
0.00011246254776745209
6.694433597303863e-05
4.0062470897362414e-05
5.424401582554856e-05
0.00022911466173348194
3.424908408252196e-05
0.00028621628936984633
9.103247901913899e-05
4.007005266953158e-05
3.5866116904113314e-05
9.09752928602356e-05
8.899115778568988e-05
3.742784005187833e-05
0.00017905897121165844
0.0002451287300188856
2.9397450898899642e-05
3.773688745297727e-05
0.00010229896221748766
5.955987284631092e-05
7.508334917721161e-05
9.691335691580561e-05
0.00020235327247918302
0.00013101774145640654
0.00015107409938085656
0.00013182852443848882
9.016383856343261e-05
7.693031859468851e-05
1.9479349046848426e-05
5.3802888077700555e-05
0.00022247795717619646
8.66625459659733e-05
0.00016070692616822001
6.55982482588901e-05
2.883247959672571e-05
0.00017734946902681629
0.00018299224545656608
0.0001476799945932712
5.327998164732786e-05
5.868120772194058e-05
0.0003009915247531948
8.672170664005279e-05
9.170529346295259e-05
0.00011535153601246732
0.00015214700620150854
6.806309910313516e-05
8.544945651204177e-05
8.545676375079784e-05
4.573640804127402e-05
4.131622221272991e-05
5.684626753285572e-05
8.363666977441578e-05
6.816914214385467e-05
0.0005286351325090565
4.652318267751882e-05
0.00017844888732264296
0.0003260251513640986
5.648985543235582e-05
0.00019710611702938313
3.764867689819007e-05
4.299366623524027e-05
9.155522979233844e-05
9.613812634806082e-05
0.00012005165658769808
2.2653329331613007e-05
3.4488169258605184e-05
3.9321784197138756e-05
0.00019143865364860995
9.938504721698794e-05
0.00015348269509644403
9.444198641544166e-05
7.26516669236492e-05
9.306210598306417e-05
0.00023807532882028784
9.042964553214866e-05
3.2641349651898473e-05
4.63803061553285e-05
5.65432278756335e-05
6.145230991625952e-05
9.865806907178203e-05
5.795749352033653e-05
0.00022671336675963763
4.996356442378323e-05
0.0001331268153282399
7.008617916358702e-05
5.6708415158139745e-05
4.620182942724789e-05
5.278874197116113e-05
3.1680361532245576e-05
0.00013123636788979937
0.00012793899615572667
7.123050458864752e-05
7.835960113900058e-05
6.37540762257561e-05
0.00014698412943717266
8.74716453476385e-05
1.7519390382950422e-05
6.964033941725578e-05
3.82222500102287e-05
9.461647550467574e-05
8.696706502198802e-05
2.7265254417722933e-05
4.678292743803901e-05
0.00011290310257817379
0.00018794694531456174
0.00022005027018057042
0.00016070074593315138
8.976912072690584e-05
0.00012868402905298805
0.0004295051166557436
7.9179469151065e-05
0.00016685958855035962
7.416283420613941e-05
8.310241429848387e-05
7.286808069567788e-05
0.00021392023049187899
0.00024790713389815484
9.571330192356099e-05
9.306852675694676e-05
0.00011730701127993243
0.00011617291399103729
0.000242830974564136
0.00010542508866402706
2.326733770849099e-05
4.857532329530751e-05
8.295636949112987e-05
0.00016075260837294017
6.21216649829713e-05
0.0001105131165083229
4.992338500251741e-05
5.2225355211950046e-05
0.00016152288399026834
5.005193150388064e-05
9.040103399002074e-05
3.0504224816347543e-05
6.337931728692021e-05
4.868135717340526e-05
9.173859854772262e-05
5.0486901904426736e-05
0.0001418513834393522
4.889037762418491e-05
8.092370302031703e-05
0.00014698991338039046
2.515063429961671e-05
3.3140180416293834e-05
5.881169586490731e-05
0.0001944130181208569
0.00015171906310132964
8.88690243115983e-05
2.225593097503904e-05
5.681392265671097e-05
4.991943229854188e-05
3.6961036123960066e-05
6.217300534910994e-05
4.3072545880430014e-05
2.8303874926468884e-05
4.093716435416694e-05
0.0001278128014742748
5.1302267897616245e-05
2.5438966354708682e-05
7.089470453303978e-05
5.83747179300107e-05
0.0001017608858002493
8.979821338050737e-05
5.580587351819931e-05
3.73887426186786e-05
6.47048082450726e-05
3.7216302094444536e-05
5.45283220917549e-05
9.566317739957525e-05
4.157657964861057e-05
4.225644239765509e-05
9.377442742727425e-05
4.479830510002608e-05
4.0568820648484005e-05
8.355178396845081e-05
0.00010075211305811064
6.422507434799159e-05
0.00010811943724522543
6.24665546815399e-05
4.7923219084906814e-05
0.00010426776945342128
3.5836430613694415e-05
5.426613636201173e-05
3.898221028876147e-05
0.00010470387943654784
0.0002498752669368793
5.434667108111223e-05
2.5491975521601545e-05
6.590831509076975e-05
4.7010428591107156e-05
4.191789672134264e-05
0.0003159690111505884
2.7152035889365536e-05
0.000168122957172671
2.014819086189795e-05
0.00018682449829041198
6.63037638114952e-05
0.00014089873019250738
5.509000644068235e-05
0.00013914287763517675
6.241503851767152e-05
5.85588802187287e-05
0.00013034708957405152
9.880974218651856e-05
5.189920563220543e-05
9.31231970503494e-05
4.080455929157644e-05
0.00014409658780370878
0.00013210073029559056
0.00010117683492775644
4.042925586420484e-05
0.0001264752473470764
4.382764383317175e-05
4.894406055970217e-05
5.978457562758325e-05
0.00025766698224049156
4.1681210269098624e-05
4.583663081121694e-05
0.00022850942634334212
8.369471794857791e-05
0.00017246576431527498
3.977517614193352e-05
3.5585194935760167e-05
5.0969284995854925e-05
0.00012166873580654733
2.6154295215678083e-05
0.0001262904499075757
5.296054213718173e-05
3.426679402064161e-05
4.431348262742872e-05
0.00011853497990434246
0.00012687029955558263
0.00024144448458558794
2.3389801508225257e-05
0.00015345615284739352
0.00013539135441009026
3.773935810843402e-05
5.871395693605957e-05
4.377874947586676e-05
9.917995405917057e-05
2.337178498769204e-05
7.004147191062473e-05
0.00010556067107341766
0.0001537580501852878
5.0542093515820045e-05
0.00021816377863548682
5.28068624810412e-05
0.00024179766904415388
6.914662106892017e-05
6.676088580605483e-05
0.00017695460396477996
0.00013749192333123173
2.7903854796325116e-05
6.730561675823335e-05
7.484120571202785e-05
5.383189760103891e-05
5.600420573564556e-05
4.9704840956744065e-05
2.6245479292241648e-05
0.00011434301017135109
3.588254668017553e-05
6.387049289985347e-05
3.366884483845087e-05
0.00029337910586689286
5.803641462859801e-05
8.30373336730272e-05
7.340100082274156e-05
6.408011804268539e-05
7.294366150386508e-05
9.849464835547607e-05
5.4025249600175576e-05
3.179592694482325e-05
6.872238050774057e-05
2.738077822031827e-05
7.833561051792114e-05
4.9419010986893784e-05
4.7991288268966e-05
6.648334825113894e-05
0.00014270480190865914
4.756562825321374e-05
4.454222670625225e-05
0.00020827516672456144
0.00010568118284096282
7.436052586851002e-05
0.0002457799973860068
0.0001410014639412794
9.4300509194298e-05
7.039468666422506e-05
4.362962668262234e-05
7.723985001747582e-05
3.843046424646162e-05
5.4899925541563235e-05
5.638178134547454e-05
0.0001322112024529593
0.00014358975020274315
5.587395197010276e-05
0.00010667574363701363
7.777212868940066e-05
0.00011334700660508525
0.00010769736349351057
3.6370644433509634e-05
7.248504610600963e-05
5.502541889710617e-05
2.690546351146264e-05
6.723783260334818e-05
5.18057222021444e-05
9.95920581530403e-05
5.4599730085225975e-05
0.0003278608381420534
8.05490259771949e-05
6.94055342615311e-05
5.2520800716605635e-05
5.262227898139954e-05
8.071368685172076e-05
5.604592735474234e-05
5.4699559745551185e-05
6.438759566164854e-05
4.1816372516648165e-05
4.688747595634962e-05
8.83718948487218e-05
0.00017717439789068323
4.884940668136784e-05
6.85792835693359e-05
4.619895359785237e-05
4.456552669618985e-05
0.00012142746092433013
4.2349847360771486e-05
5.7932664723427344e-05
6.868820879237438e-05
0.00017754781163807244
8.791071319906693e-05
6.19670853867391e-05
9.220314613077078e-05
8.049844821956769e-05
0.00019929697841437817
9.457317903642104e-05
0.0001666891061616451
5.779202062461951e-05
1.782991930962154e-05
8.869566372517636e-05
0.0002747545643620103
8.913411382481827e-05
0.00015480533594121256
0.0001907518314359649
0.00010668946451967263
3.614843151329551e-05
8.973402258319209e-05
3.743529141281995e-05
4.551511922539245e-05
0.0001285572787709573
0.0001398175307237205