0.052586054450965765
0.04857646463042704
0.006312593433948199
0.019267913423369868
0.1563179476638718
0.04998589464308993
0.1031251167967416
0.018628963676155793
0.06106955742671094
0.017879943208284264
0.03313467762333142
0.016902862749082342
0.05074490897322833
0.024048144150124177
0.01462215801188518
0.0023187931457934532
0.03250026668048586
0.0405776591070468
0.013753523706933382
0.064366948159072
0.008144090737497974
0.0016178350372925473
0.015503618650071143
0.00716671325808109
0.01652378171519094
0.009523405157011887
0.004169887504999427
0.011185515575070032
0.015038141953480513
0.011130375638647006
0.003584792744631014
0.007555082030232715
0.0039348122108196
0.013161168922365142
0.0042162296664633205
0.01399653736281857
0.007904444249674352
0.004700846114165986
0.002793056453476039
0.003332422752902102
0.0012309993250951673
0.004811812515645668
0.017206790085909272
0.005698849115462029
0.00441992141816146
0.005932783461862635
0.007284416797488802
0.005852368203475593
0.004019479698522425
0.006217324396372257
0.003937232746173716
0.004487459652651124
0.0036995744318101056
0.006196040946149247
0.004213415692934817
0.009255387369127087
0.007224041152247792
0.0027520569186207057
0.004973736022673372
0.0015002539045695842
0.0016124287318854517
0.0031994353614784327
0.0024608162679008584
0.0066952026900731635
0.011343055334935256
0.005144646192525498
0.0072666586859388305
0.004292772337969493
0.003949350581058459
0.0012147475581956195
0.004067048161988252
0.0013129177147505578
0.0017499098709177889
0.010697673888787342
0.004793684760172446
0.008484582344572266
0.0035444205410692367
0.008473055670674275
0.0026083891415412445
0.004983787440636982
0.0014471823682884262
0.00293859769638577
0.005189152689262521
0.0018563151407805555
0.007605871376761005
0.006736568498925592
0.0033956994242873425
0.004829459455226161
0.0030307029988782394
0.0022329871701247204
0.0034090072716646247
0.0018796139124940576
0.007350735569831013
0.00194299033207552
0.0006648016587233851
0.001121974967561921
0.00266356773007017
0.001189898757300872
0.0014375440902740007
0.0028258500910230424
0.007570555457500201
0.005485900457931645
0.0022432742797672163
0.0008390298163128588
0.0032053165166848183
0.001783797509744997
0.005979936281666927
0.003092842808084616
0.006742603819790895
0.005518567168431666
0.0035174654789472477
0.0010679831689387105
0.005082544072362225
0.006980219209143875
0.0010424511455663344
0.0006466284141255366
0.0015518755457112818
0.0046144518248560275
0.0009302955574989873
0.004486899743035223
0.0029585256650829918
0.0016039803900962646
0.000523819475237655
0.0029838005061640937
0.0011130570176108748
0.0016949358536132674
0.0005053241991005648
0.002024789575371474
0.0017865143369565515
0.005622888410872918
0.0010044532266248645
0.0035039211368057
0.005281209764618205
0.0026783298370897583
0.0012762826775844444
0.0025123550727524694
0.0030483257705185393
0.0014624801307518164
0.0017533885835476699
0.0008544259417556274
0.0028230773749287875
0.0018619956919457773
0.0008997193684062966
0.0026895145788017752
0.0026391060181466855
0.0005146507538642693
0.004584419402754107
0.0065152804029704504
0.003994296446417535
0.009412651815883728
0.003386748509225438
0.0015474397144113977
0.002236385647972234
0.0008728620260210925
0.0023395605216733574
0.0006088727592927009
0.001886962185585767
0.0004385390887885207
0.0009404454466245824
0.00041612362857415417
0.0036149953469421423
0.0015541451671738336
0.003782029171433811
0.003803890548248323
0.0013236859761942559
0.0028904705379287606
0.0033262489763649728
0.0016357374651439398
0.0018193296715248875
0.0029122057493138308
0.0031772828628465048
0.0018982575330551445
0.0013962586764877886
0.002542333293908485
0.0015423820216753567
0.0016015356788489149
0.0007637322326787937
0.005966978154479076
0.00047669120137080334
0.0012291493988186083
0.002970728805743149
0.0006202252860856624
0.001524187706089633
0.0012758538891274394
0.00044953806987439845
0.001476332027373398
0.0021440879897166826
0.0007394880602141125
0.003985482680287569
0.0016979422373662302
0.002120490372100663
0.0025833541468227718
0.00194865793011214
0.001902723214336793
0.0028705395744501585
0.0007892926030241173
0.001210206888873773
0.0008368984940874818
0.0032799903134079654
0.0006901569650416857
0.005312137563923808
0.004635140823498986
0.0017841040599909494
0.0013528133843784805
0.004984676138993621
0.0012342365567150617
0.000666823276589349
0.0004299986867468719
0.00023682397931579008
0.0013095344736787262
0.003023579048499074
0.00231875370901336
0.004093023170496038
0.0012617579202607594
0.0012127275653848828
0.0003424467432606059
0.0009924567273486117
0.0014158653577511485
0.002257559770863897
0.0038897333234618925
0.0006224200764595374
0.0013827726407316828
0.0002628941878498692
0.004313829762273143
0.002602680968625733
0.0016469365662745872
0.0033559443567189986
0.0015514356041459905
0.0015967573289408135
0.0006540504481841301
0.0021581543082561643
0.0016350599784197928
0.004978092106991047
0.0006007636772882921
0.0009548112623520166
0.0011521930892451164
0.0022000883837910057
0.0013887393579145844
0.001199152031331084
0.0003298409321094201
0.004367066962555493
0.0006866762511244085
0.0009608441658526134
0.0008708437436335296
0.0017351537375521584
0.0007491531086064971
0.002111787905193421
0.0013107368014339657
0.001466713285516617
0.0016793651751587863
0.0008293650282992465
0.0013419686306921446
0.0005554430280006061
0.0016753977739068565
0.0003170374149897119
0.0010824716051386974
0.0015949807559335128
0.001959868441077958
0.0025186013375945063
0.0014543096762071907
0.0017316933732192746
0.0013301736675129876
0.0012585310140234617
0.0007412502786348032
0.00048666436932965604
0.006813905926723471
0.0015618558258293689
0.0023741542527690278
0.0013281463042997398
0.0014708248392108709
0.003977219559271518
0.0025088306410363326
0.0010723473106172168
0.00048604446746581447
0.001532554234193228
0.0012205718982596708
0.001297356754132754
0.0014649302336583695
0.0006100937129430286
0.004079923231288759
0.0007987114415142401
0.0010502128899254311
0.001169111339797072
0.00035206263879268324
0.0008107871742374372
0.003011473142524463
0.0017322382406836634
0.00040317315630042995
0.000459003644509862
0.002457126386485926
0.0035623159739423993
0.000789083204957114
0.0021493903267054575
0.00037125724777322343
0.0009624819110009889
0.00045268471289842494
0.0008954122455682977
0.0013504427760676078
0.0009475148253911505
0.002483872960216471
0.0006063605719007834
0.0007570775603507424
0.002119128330687646
0.000810483410495931
0.0010368083961816766
0.0026316807805412067
0.00030875962373558833
0.00011696594442797212
0.0010540413029304415
0.0013617133275343652
0.0006174459680172726
0.000469564750573452
0.0005221571237103991
0.0010832859896050724
0.0008597745466138434
0.0004875019672390229
0.0015283063995683076
0.0009715113912993461
0.00014962074950325026
0.0011209587432134823
0.002454491433390229
0.0010126627062440837
4.7437429539259054e-05
0.0013882150334227018
0.00180904761835896
0.0014076014760798716
0.0007011611094004336
0.0008813928160505068
0.0015900696908758354
0.004997090543558417
0.0003039541858682199
0.000498686441505121
0.0010319138401602885
0.0003133034900977721
0.0005072851267304787
0.00280454970672153
0.0011593174068795827
0.001822210392695835
0.0023524728439454235
0.0008570623697614613
0.00017472180433044987
0.000615364623836917
0.0007211336210238439
0.0013277100941530553
0.0016939807737113219
0.00011022208998494197
0.0008208247445302833
0.0012882907081404166
8.662992069035946e-05
0.00033994731033354397
0.0007334413764758801
0.0016752388756759182
0.0008281193878480862
0.0014050084442536496
0.00048767208212153004
0.0007668553698257389
0.0006664387868000751
0.0010108474730762488
0.00026610045732034237
0.0011645322202292246
0.0003826835289105072
0.0005400537715236122
0.001818081177632817
0.0005484099243316889
0.0018973021283158692
0.000810151064780714
0.0015282571611938205
0.000357275521356652
0.0012663000070343312
0.001056963229504399
0.0033497082274900826
0.00047472451713265597
0.00022401769641802917
0.000948272332677143
0.0006803467180680898
0.0011655065628009592
0.0012218901634553797
0.0007612347886971771
0.00044491639729542465
0.0019396322605930208
0.0010406112881564868
0.0005091326996069932
0.0014697651208626045
0.0009945358142051483
0.0008261089876814095
0.0005099193469816435
0.0015981199953350276
0.0005358100264568523
0.00029657927428150283
0.0016765625583483185
0.00017939691426782046
0.0026703692102075876
0.0010358998375509267
0.0016997864015575429
0.0007399725421176086
0.0005878592984925033
0.0008240390274990688
0.0008642845983882921
0.0020227344668865594
0.00022435495955503608
0.0009559590191942126
0.0005893431170899411
0.002058902229713039
0.0002916291248344668
0.00031330871274744287
0.000854053016146852
0.0031077160355474625
0.0015399145813398511
0.0006276199693806458
8.951329396771287e-05
0.0005253974076428463
0.0008062042484868594
0.0009158935884362031
0.0003079683032407348
0.0005359099852695206
0.0006088259489967993
0.0011236916868460937
0.0008282748292272406
0.0015998175990911316
0.0006546394945181905
0.0006907384816809206
0.00022265495316501813
0.00037089010323221593
0.0003590194113286558
0.0003661175351125129
0.0005600767517579525
0.001232763266018623
0.0005464756941171563
0.0013773658872892286
0.000553646441155454
0.0002806750391497163
0.0008602282344715371
0.001222254320157172
0.00044943676999585175
0.0017419696286167857
0.0006904515802601351
0.00265892040240379
0.0008060515220176344
0.0003129679206399052
0.0003766739167845029
0.0006911508658768676
0.0006951619687262228
0.0006574482697131597
0.0010253171488253986
0.000782278590858872
0.0013614829342510106
0.0004333903252255725
0.0012349208207307026
0.0006468190634578517
0.0003132205860645757
4.184649840481373e-05
0.0013029202154959685
0.0004992778602118857
0.0018005210407072419
0.000401128182011135
0.00021639432506596998
0.0009515825034618764
0.0001229950131430763
0.002793607947130617
0.0007212785876433259
0.00020644210357295006
0.0002848381053274295
0.00032607202378501194
0.001215745838837068
0.0007843923547979818
0.0014783969356485349
0.0005732013565741144
0.0007699591195158706
0.0003281301118915672
0.00048675744992067953
0.00020241281366121267
0.0012245607856194907
0.0013279248883989682
0.0006940420963053082
0.0011376809845163865
0.0006033760900467347
0.002488219382154127
0.00028953638245728705
0.0009237072730662584
4.7632129951071375e-05
0.0010158494839819226
0.0010416017631308244
0.001621644799403851
0.000979792252871582
0.0004807333792656943
0.00041235626193744104
0.0006237455834225348
0.00021846240445116814
0.00038002388281922696
0.00019233485219718593
0.0007865332574393746
0.001027044747032922
0.0006254091589951395
0.0007220443105336896
0.0002605928242974657
0.0005098499727869528
0.0006343850481666867
9.428545838173194e-05
0.0006309947556344008
0.00042480030472899445
0.001660815737993555
0.0004966504181059321
0.00028700823278590584
0.0008748193760238823
0.00021206052715288097
0.000645377589242637
0.0018051232422014402
0.00019824926205826623
0.0014002047631184746
0.00010480287617282292
0.0006706062794224177
0.0002697951690856545
0.0007874480680715181
0.00021173943937972587
0.0009847663729201314
0.001114340581299241
0.00019022889001936623
0.0006721830223229755
0.0001612801537915217
0.0004920460077698923
0.0002609927153372105
0.0012082380259676735
0.000539078402787111
0.0008583665510557417
0.0004429313501520497
0.0004791818829039911
0.0009406181101753963
0.0012489361814926564
0.0004819099109049655
0.0008790493027645173
0.001339854420839556
0.0012849125289850103
0.0015346085450051567
0.0017429402252433334
0.0004624309854099809
0.00019753774421338045
0.0012846834560927012
0.00021010367984804876
0.0010639920950483459
0.0007162377363802129
0.0003807221843996708
0.0003423496150240449
0.0012001054973523407
9.619429067516088e-05
0.0007866254266466358
0.0007437436982223714
0.0008182980243957628
0.0002991724552034136
0.0003091829006593661
0.00038525142059172386
0.0004799653978634358
0.0011819777294389238
0.0019929009892482932
0.0006152132358588682
0.000876542213011855
0.0003531944153311538
0.0004699510588681252
0.0006158175868447904
0.00017091665122235904
0.001078542081182937
0.0003719647807769299
0.0002463265172225376
0.0006919985633449614
0.00020861731552183414
7.631381193634628e-05
0.0012239094843993405
0.0005151604109916985
0.00021713827077218147
0.0004215209342511014
0.0002395638003290013
0.00035631200891960254
0.0013722697237761343
0.00044262462711196394
0.0005176387419964554
0.0003306808103590881
0.001141071942123804
0.0026063220945270337
0.0005818995749196207
0.00023084406473143613
0.0014039542622321286
5.967164621822281e-05
0.0008037150969318078
0.00017001314102254962
0.00031662530676613334
0.0020226063035039847
0.0008398156904046363
0.0004363797286217696
0.0010418013654052733
0.00019779264917142933
0.0006286015726587682
0.001299755064084501
0.00046723994144120157
0.0005966707885749399
0.0003756922892140029
0.0021994868989561687
0.0010230008049014736
0.0012270071593948374
0.000606073834676182
0.0005246875827325501
0.0006741429274918054
0.0002523664017352445
0.0007157794118852207
0.00045183172779558777
0.0005390963217363311
0.001436573654481473
0.0004802222510865767
0.00036241029145306174
0.0011081652538343625
0.000511237261198489
0.0003030441765605446
8.998898525382544e-05
0.0007342138379893535
0.0007376895953698596
0.0006580786770109206
0.0005447332977825024
0.00035527116165226194
0.0011522487574139413
0.00011723835860696492
0.0002202487136659219
0.0011880781070798617
0.0007254011182336604
0.0008886532968977389
0.0004533692633742455
0.0014875530274027317
7.25154368347672e-05
0.00041420241349484043
0.0006510849620461885
0.00028105604132642423
0.000570457575079817
0.000888712474799801
0.00044291374966798954
0.00048660960458185294
0.0004827458957921424
0.0005927384501587284
7.930318997742516e-05
8.489670070761126e-05
5.2532057569189905e-05
0.0005897131456443314
0.0002627511351338774
0.0005375745389084243
0.0008729933866260687
0.0005295778741200307
0.0006191918250009934
0.00025602930319123743
0.0006042563208162854
0.0004674161435009237
0.00085205510984194
5.1051703801673634e-05
0.00015100421383133997
0.0004384695829875408
0.0003123694734233556
0.0013127738839733502
0.0006152151828916502
0.00026278110793080694
0.00047593022785341843
0.0004327481731984193
0.00019580351247480224
0.0011590523280158504
0.0018863059138332198
0.0005256016003563204
0.0003573424358187968
0.00028693812659685364
0.0002244880825287166
0.00048587909123680304
0.001559121240426024
0.0007873391848946871
0.0005395133274054181
0.00038331024819022433
0.001289116467176305
0.0006626731544354507
0.0005616616894017991
0.00019034369397846792
0.0002890998001006739
0.0006776640934111015
0.0005323165674420468
0.0011586325039559104
0.0004066960117284737
0.0009819862777033035
0.0004007206382288379
0.0006512785192077778
0.0009605486906749855
0.000391573599916492
7.246531523463457e-05
0.00030501895358938204
0.00019270545972341303
0.0002258319309558976
0.0013865697420080555
0.00040017170966200115
0.002659849605969187
0.00039314093905958524
0.00013499985740787608
0.00046748710024456817
0.0007606124116755218
0.00031815408144041243
0.0002835808834057
0.0009787119177090855
0.00030697039966471614
0.00021049805753857624
0.0006528710118187299
0.0003969540939882536
0.0004426788872012808
0.0003136489851391479
0.0005337571491011839
0.0005504536025473812
0.0003326203622749446
0.0003178424735971732
0.0009673925744060936
0.0005040655166527032
0.0010335427666945585
0.0013515706676134076
0.00032770458778238077
0.00034965660597096275
0.00012522180960773723
0.0012362642854500947
0.0007990716702197878
0.0005148838928742069
0.00016423360174735156
0.0006545661128167343
0.0004933556125727575
3.1095995268671236e-05
0.0002648531479191473
0.00028505625334635415
0.00027489179390677185
0.0002825758545370252
0.0004998382734786673
0.00101266401088753
0.0005265602313606194
0.0003060235801223348
0.0006678545629019217
0.0012202102160529295
0.00033583963603305966
0.0010623426806836934
0.0003379866002244332
0.0005867500157078617
0.0011287994380166113
0.0005461598797400238
0.0005034314116713307
0.0004995442384791059
0.0008109943542258217
0.0008630628687582488
0.0008270577078479195
0.0008940781475228051
0.0005423993304908104
0.00028633851367694876
0.0002079727184695441
0.0016270665984614626
0.0004513497377302689
0.0006928556298318188
0.0002578360783492562
0.0006247474127069188
0.0003482020962579132
0.001209344766471572
0.00034038219657833523
0.0006004672144363867
0.00049176062723971
0.0006585497754139944
0.000124540979916585
0.0002439269540318966
0.000578472584690062
0.00045516691226108114
0.00043080536245796244
0.0011031921667185932
0.0005800527354649801
0.0001202446703842571
0.0004980744754928942
0.0008911520516316639
0.0010688456411792704
0.00016276734322980923
0.0008430186035511177
0.00024315348104640914
0.000283094848617973
0.000602432876821544
0.00011283556295000582
0.0003623233027834919
0.00033968741968115867
0.0006267514247141268
0.0003675715498324917
0.000466617919294373
0.00026618271226876253
0.0007879352892589351
0.0005163309473036383
0.0006495464506583206
0.0010136235717155273
0.0006265418267476435
0.00012668403485991965
0.0004894778747060182
0.00040163789832438964
0.0018398910594558716
0.0002036456909709452
8.760087512208939e-05
0.0007018053709777693
0.00011253130059339285
0.0006557505897770185
0.0005221974585849388
0.0003573084569661507
5.127039493616329e-05
0.000270405490593065
0.001115176167591136
0.00013087964699403406
0.0003627660915779121
0.0002366501377624212
0.000607178083803003
0.0005766838376977678
0.0007137099004394396
0.00020909155843700783
0.00017890198806855205
0.000644842428757786
0.00010512587041553778
0.0009125799015574856
0.0004603177023212371
0.0007084677382744444
0.00013943315687933602
0.0008735716668091764
0.00022594162444707446
0.0005837566690006576
9.878635554361846e-05
0.00029601369589766976
0.00011996069273862147
0.0002666512657325531
0.0012792102533932146
0.00028485700423451363
0.0008081020615764321
0.0001861348656589178
0.0009106073141407469
0.0009138096953170066
0.0013199818963024305
0.0001747057370914246
0.00020667692454263005
0.0005625160744567127
0.00018821766719012923
0.0005395454123397533
0.0009390055911800767
7.004181658590804e-05
8.19116309803525e-05
0.0003241830520613245
0.0017401722838897814
0.00028108318665466276
0.00011081918296265097
0.001775741942201756
0.00027004216701458376
0.000707486786795882
0.0006702617865390168
0.00037425319612426565
0.0002314015583915888
0.0006722940534821044
0.0001432272949467263
0.0004222402710567696
0.0019990565332242785
0.0003392240631271397
0.00021200291083280036
0.0002968082405406432
0.0002674115128661111
0.0008589458231358421
0.0009430518178407877
0.0009480109333928309
0.00024376963607302912
0.0002770574906718929
0.0005846711624995262
0.00044357207555633066
0.00019598205450309042
0.0003043446649075284
0.0008146431193018873
0.00022683480821131767
0.0001886694876630826
0.00019066138530457948
0.0001321098208705811
0.00043666262136793767
0.0003612748219677562
0.00026317043061117754
0.00011983269929558859
0.00017034708293291485
0.0002913053963523162
0.00011928597720395795
9.078508263544572e-05
0.00030848651426643094
0.0003639048331559524
0.00018579834950533514
0.0004457996428442047
0.000224051301996777
0.0004250368143912337
0.0008688988095423516
0.0006225219789444007
0.0002530655564804607
0.00034410153955479383
0.00029800392443575177
0.00021431191147769783
0.00031856835721580834
0.00039990183612440764
0.00012453722701805185
4.143936803578913e-05
0.0005941606826175317
0.00031176732353757755
0.0006054176752973351
0.0005236878310006179
0.0006230068206299841
0.0005426341375627769
0.00015893867505882312
0.00017955309530351827
0.0005981231375935683
0.0004170786182102479
0.000538325293125786
8.197263306040722e-05
0.00021232752652261829
0.0005747624457761581
0.0006771767956860698
0.00039806173295100654
0.0004327965017473692
0.0003144287753777114
0.0003148888930100047
0.0006608762664732577
0.0007151185154703618
0.0005955279918501692
0.0007036252401537945
0.0010260175735783564
5.146008073308515e-05
0.0005029678814304937
0.00042907126004857176
0.000235302538635627
0.00027833639440352624
0.0009017198561322332
0.0005187792691093812
0.000501640257175291
0.00034161520639461665
0.0001917485263200629
0.0003413892248141027
0.0006505732753600154
0.00036390883294092264
0.0004255053401128415
0.00038252188440684987
0.00015995510804434412
0.00026818863111691864
0.0003666799908017877
0.0003585874327065251
0.0004994163763361311
0.00024306254161359273
0.0003050282759961061
0.00042571879822108076
0.00021433782945056074
0.00011419620077057698
0.00023348244635190877
0.0005405513416202748
0.00020434049865439226
0.00042865001826123414
0.00012486193261131287
0.0007676483392444164
6.493141259336692e-05
0.0003655633685136934
0.0007325976126546025
0.00039200421557305783
0.0003802628828156873
0.00011698681141399602
0.0003265722521646355
0.0004518127588756766
0.00032752581258837414
0.0005684784432946836
5.764045769800573e-05
0.00014690466044425967
0.0001316229473461719
0.00018367277921744446
0.00010760066846385182
0.0002668917660875967
0.00017224963322401478
0.00037785330749390083
0.0001824589382180225
0.0011164972603802865
0.0007151932416520462
0.000706828607212063
9.550003837289131e-05
0.00022677682681662302
0.0011168000042413304
0.0001042684151744276
0.0005373587269019973
0.0011566552201531836
0.0005341347141232769
0.00010515928158607506
0.0003462239031547365
0.00015199188859460233
0.00024054629215086604
0.000291477061916544
0.0008198566552395557
0.0009390700687767877
6.964021215463588e-05
0.0003975469532480077
0.00034248942238607823
9.041702861925424e-05
0.00017297449977630462
0.00013533450558194486
0.0009303354620652906
0.0004529121399274822
0.00035695213021050043
0.00015279689574990165
0.000202157718639085
0.0003403916785448404
0.00039784179595056817
0.00029868475661613364
0.0003631615314891294
0.0002798826049484279
0.0003003875170073014
6.337908509118058e-05
0.0003342123729267421
0.00046775611449963785
0.00044057933590369085
0.00021345555608610876
6.825812195052334e-05
0.0005876794464636151
0.0001648525568958373
0.00032342312589553346
0.0008290656456843801
0.0001906301931233274
0.00020531337035567646
0.00039015597123548743
0.0002986477814120732
0.0003261772373829549
0.0002196843234887512
0.00016749022365499026
6.32826831001779e-05
0.0003626395201263442
5.602827253419824e-05
0.00042141594738782045
0.00010433444304943992
0.00023139829312730236
0.00032769399324604574
0.00037981681935704364
0.00012504793290988827
0.00037809938055627444
0.0004137280639355596
0.001077164831435205
0.0003862459407698311
0.0005520962674837827
7.891132243061541e-05
0.000338507154783947
0.0001698624765288962
0.00027514341039410904
0.0017440768040660269
0.0002647094759611746
0.0003270591900382989
0.0003400914132307175
2.3394662788587238e-05
8.346743787705923e-05
0.0004422347748406922
0.00010244824912993765
0.0007387717827159217
0.0016581624087452541
0.0008759984595590542
0.00020890497745952824
0.00032637884208566205
9.792978188309671e-05
0.0001847032939985301
8.491008675504247e-05
0.0003821537730117445
0.0006379278536375625
6.516106870819874e-05
0.0003833671386939573
0.00028558409606529127
0.00023299988937450903
0.0005288283475686384
0.00011992487687702489
0.0006588808656419282
0.0006061994276104146
0.0004517335099391424
0.00026506932212496287
0.00022504713472845694
0.00034996916685432603
0.00047101053704327775
0.0002750568913410924
0.0003178295047711885
0.00032504616276664034
4.196698539519926e-05
0.0001809037025430862
0.00028099576266505294
4.9307120420746746e-05
0.00044954930950924667
0.0005068367406157396
0.00022573938993122848
0.00014491913874823683
0.00013449958437572424
0.00038984962796302603
0.0002902239231432964
8.457062878328619e-05
0.0005005858344775907
0.00013230152990335056
0.00010060141020713877
0.00024318913073102382
0.0001514184553822883
0.0007463012166189588
0.00013770280690749285
0.0005262016995929544
0.0003606365539408681
0.00027018849798811904
0.000644579914900265
0.0010847734519672447
0.0009355364870588418
0.00033690592832785624
0.00016193284009753613
0.00010622467633192321
0.0002021401030009555
0.00015717781167882096
0.00011902005702104527
0.0004902897962531545
0.0003067010713178535
0.0013627752507785363
0.0010142840369436565
3.0466300085584046e-05
7.786217445724763e-05
0.0002744097125679754
0.0002195036444351269
0.0004073370945175138
0.0009193355839668902
0.0008437071697251481
6.604363025765763e-05
6.045141496104029e-05
0.0007284995339611851
0.0007483196232504265
3.2258113259608156e-05
6.566502092530804e-05
0.0009227356232045943
4.230792021188242e-05
0.0003529045791252949
8.580404413286362e-05
0.00042593658665369174
0.00016943408445585533
0.0002604783903466716
0.0005092408156638043
0.0005686281452567867
0.0005401521137633941
9.962720105017237e-05
0.00016394159462145325
0.0004180399010687007
9.895665074575134e-05
0.00025976126672495534
0.00022751473334232947
0.0006899459520686533
0.00010148062760281048
0.001044751872479851
0.00048232030491620416
0.0002930797750188503
0.0003186058858410021
0.0006892631797542491
0.00029016029371062963
0.00021949504161788906
0.00045133934118642236
0.0002045530065909728
2.420609256581124e-05
0.0004181791687004683
0.00011814306586265361
0.0004888122861825211
1.877918494247583e-05
5.588408135213205e-05
0.000542823671787186
0.00024065396601235454
0.0006154341684964787
0.0002852933728856418
0.00018793074916967378
0.00018468324898566238
0.0005265595507338749
0.0006716835408040393
9.207465212203656e-05
0.0006383623379086708
0.0005916968655830038
0.00021622943629080754
0.0006016966581655367
0.0004891769833075409
0.00034721460634507873
0.00017479399157364583
0.00017175639785599605
0.00013224066909376227
0.00013101677821657513
3.5469034494624275e-05
0.0006919091719679095
0.0004675510829239506
0.00018126469618175611
6.303995383259943e-05
0.0009166486280650071
0.0004096422810148175
0.0002442614790056035
0.00019721850639928842
8.424398154383465e-05
0.0017556094155123088
9.371969097684561e-05
0.00020608214094371705
5.791314750561004e-05
0.0001139241316483482
0.0005386575351769542
0.00059152058706272
0.00017331584786935443
0.0001911739522999555
0.00025401282865393916
8.888353051060108e-05
0.00016294504335281706
8.630499556288812e-05
0.0002533538940498761
0.0003668425251179424
0.00021226614541830337
7.859889908722154e-05
2.8330108639224473e-05
0.00011927123334865994
0.0001245863463866755
0.00010848799731851401
5.595977246106072e-05
0.0003317126703566459
0.001349285699826652
6.691426364117296e-05
0.000494467045495059
0.00027270718996606454
0.00031383619109407953
0.0002631376593334401
0.0003021009913473673
0.000552718890688973
0.0003371966164187577
0.00036405643971086426
0.00019591300483763467
3.313452816473845e-05
0.00023400826627243172
7.592784448225769e-05
0.00014602792816188921
7.089519855742817e-05
3.8831090626674515e-05
0.0005911589484925454
0.0001632083356758559
0.0005137868290809391
6.493383628221527e-05
0.00012231902924939652
0.0002035006602519001
7.094009067261947e-05
0.00010956530984514428
0.00016299431261592538
0.00023058717890909504
0.00024139372819545902
0.000812554523376705
0.00064097645320138
0.00025757859856647943
0.0003673866091070481
0.00017026421041110778
0.00017421503178153397
0.0002233597750398753
0.0002135272759562936
0.00033901472757810416
0.0002667074886651434
7.842983460489053e-05
0.00016525237231515837
0.0002609886117416395
0.0003160782732071098
0.0007272985747431532
0.0005088886626380886
0.00044605743219717337
0.00025393188075894266
0.00030696603407141777
0.0002816792422890815
0.00010378013070287344
6.730237016654817e-05
0.00016795072137639825
0.00040508075829601966
0.0006598230347493467
0.00013218850427077405
0.00010732513485034731
0.00019113233747666125
3.611479225181029e-05
0.0002692147053968754
0.00027719792027167914
0.00015896100124922265
0.00016453483990837043
3.127947152957394e-05
0.000311847690279938
5.1654534386108664e-05
0.00017391451042415311
7.116094221226997e-05
0.0005691658874871228
0.00016881584863343718
6.351694677501915e-05
0.0001493112656305965
0.00017147526805175569
0.00031076808811125115
0.0002047054926745892
0.0005001344059251439
7.373612142858728e-05
0.00010911385440622132
4.381500211289529e-05
0.0006513159762000535
0.00013303726649651623
4.428595535717439e-05
0.0003203103972112326
0.0003793219814619573
0.0003413367604007526
5.644380658468882e-05
0.00029844367979844514
9.91377302062029e-05
6.888234541745097e-05
0.0001740807625044006
0.0005122937676677266
0.00011119430430726311
0.0007244022988473697
0.00014575252079459446
0.00019878166185091834
0.0007109963792242698
8.261056048147147e-05
0.00015965700807666621
0.001050244674464219
0.00010080543389891122
0.0002258340741553677
4.489618294892954e-05
0.00015789740388137344
0.0001423021495929024
8.344007732267901e-05
0.00014654868985345068
0.00025285313071413845
6.764297996063627e-05
0.00010782079893667824
0.00016368328348260262
0.0003452728126848848
9.839179541643175e-05
0.00017363328590349489
0.0001637085726161896
0.0005543344521330329
0.00017541644699904015
2.241697840738054e-05
0.0006309984984671702
0.00027800780436198027
0.000563519826358988
2.9340470391246676e-05
2.143118562612816e-05
0.0002720627677014209
0.00013255463280615156
0.0001100323190489212
0.00011428749422915733
0.00019915208805828405
0.0002597241107272912
0.0002921592654136074
0.000725687428391607
0.00019572915814035463
0.000691656720075583
0.0002810139604404734
0.00011492197804096227
0.0005561286121378525
0.00023429050116276613
0.0002888003038813437
0.00018018587808929165
0.000863462204763282
0.00028862610708579677
0.000471176040214717
5.411566800563305e-05
8.996841734382857e-05
0.0004521576906223904
0.0001858440454221952
0.0003412088582213887
5.528172552992489e-05
9.446070920852445e-05
0.00010447539898011216
0.00015770790318479002
7.955232984689037e-05
9.013140339243729e-05
0.00013123837021002886
0.00041859078404396516
0.00023723145522723524
7.93681808692898e-05
0.00039253660430825857
7.503087422291629e-05
0.00014420686347874393
0.00020017400347083715
0.0003031568673724065
0.00016310723394200125
0.0005161701549020696
0.00038892983584258285
0.00014210863156393668
0.00015708850715174733
4.456818196675598e-05
6.337920449184372e-05
0.0008136545846237873
4.632185529512027e-05
0.0002196143871639685
0.0005406795111205218
0.00013742541790788808
0.00019788855539482005
0.0004908315962557936
0.00029802689966479975
0.000499237397446298
4.7102428901874293e-05
7.96049238691709e-05
0.0002093219166967131
0.00020409000072011486
9.378125909984915e-05
6.156459748952027e-05
0.00030260443748232976
4.72941311324672e-05
9.270216532179768e-05
0.0001513046678188377
0.00012671146584805376
0.0002916046095165266
7.714229977680344e-05
0.0001462554925449034
0.0002685574267624503
0.00017886935122425285
0.00010371454880776768
0.0006117141027261137
0.00018238245635075192
0.0001362017675185654
0.0001838785103234742
0.0003031506290460219
0.0003139994266809462
0.000406752925190858
0.00011895018118504322
0.0004383079668696885
0.00047288028100000106
0.00015134552471693643
0.000307274542101016
7.646632286276964e-05
0.00016243210664787088
7.564369773168818e-05
0.00040357240421292544
0.0006485842516815166
0.0002025715125141669
0.00011990169775991888
8.577424982631325e-05
0.0003434483001032688
0.0002677149087004513
0.0007014145200397787
6.459661931496604e-05
0.0001237774132314653
0.00021332379227849307
0.0004239720525776552
0.00024818701407909886
0.00030577143128436573
9.534248695900583e-05
0.00025232816307991596
3.173388310602169e-05
0.00019160139721223713
8.325429412833853e-05
0.00036681155046833024
3.538581566100949e-05
0.0003067144502851233
8.211441495698993e-05
0.00022281087975000848
0.00018330509147000652
3.7048978619871535e-05
6.040789386910611e-05
0.0010512301631645374
0.0007512251637712359
0.0002685261357233459
0.00015397869538547656
6.81071175082701e-05
5.3639557588037536e-05
0.00021440747703902656
4.1014123670304944e-05
7.611028426629375e-05
0.00023141465241005696
0.0002319596563979579
0.0002280039643750231
0.000371000248830148
0.00017048513315578564
0.00028231221269865036
7.754520098491686e-05
0.00011649333796499468
0.0005961215941433659
0.00022697095908718885
8.212099720668381e-05
0.00045220909979195467
0.0002578956804931155
0.00044922475421850256
0.0006690040761484828
5.703154449543187e-05
0.0002343803666686325
0.0003828041719070467
0.0005430510477815859
5.8674263423914945e-05
0.0005934279736737835
0.00039845899265766974
0.0002842027478714769
0.00029609831603424517
0.0002430153825379734
0.0004756962450395889
0.0004416013569514775
6.685126051463023e-05
9.76624384825559e-05
0.00010146910054261819
0.00010995341276364344
0.00011661530163138704
0.00015927237843860328
0.00043863729029147247
0.00013781627475245356
0.00015349026020585702
0.0002505942357623924
3.918656078402179e-05
0.00016317653352331465
0.000121678881054844
0.0002456396181892465
0.0001504674999613576
0.00010262801708977448
0.0004486365718758387
0.0002908470219845745
7.681354812671231e-05
0.0001748046808741431
0.0003356772927482598
4.63674916795516e-05
0.0005280769486060414
0.00041298134726784955
0.00014555893132537083
0.00028473257118862325
0.00013098115594689538
0.00021722902720274265
0.00016921919870953802
0.0002793112579883151
0.00017211773848901745
0.00012402879766680385
5.9724655730412175e-05
3.986201437276764e-05
0.00024934565719652365
0.0003023031946735494
0.00047546807896901925
0.0001568639571447201
5.5977411404332886e-05
0.0004522648695929214
0.00041955255066663914
3.461407100703608e-05
3.406844710138919e-05
0.00016724758406678377
0.00016161316027661805
0.0001983604544182666
0.0004408275322116613
0.00017761315590896252
0.00023591809708979188
0.00014308033401574092
0.00010659746863691287
0.0001613942388486886
0.0007390199077181497
7.187240956257245e-05
0.00012690367212181254
0.00015772766522341742
0.00014558542966841665
0.000268076024409825
8.142260072960172e-05
9.25921359421534e-05
0.0002613367348900061
0.0001388622974130065
0.0002338366419470748
0.0003959813877388267
0.00016277351775164308
7.51623940337841e-05
0.00013835173981796456
0.0005926596197049103
0.0004320315513867652
0.000823491981432837
0.0001314284815967158
0.00019598532468476052
0.00040440464207262583
5.450290890809289e-05
6.723660258578335e-05
0.00022066655824545857
7.53541497887326e-05
0.00010493177878683832
0.00011298925883060276
0.0004283314688344636
0.00010788321458841007
0.0003820092425066355
0.00012523541658391313
0.0001757713385654385
0.00018598500309263902
0.00022277735936167265
9.99728423104584e-05
0.0002199484489732436
3.9327420104291325e-05
9.283281595885285e-05
0.00010944312655901528
0.00028101187410176776
0.00031906447481947197
0.00014982593547569582
0.0007480685755480712
3.924763384098796e-05
0.0002216173009345507
3.538322224364716e-05
0.0002524120280248263
4.652736060995776e-05
9.683439430101019e-05
0.00010416608417884084
0.00033487404638198227
0.00015546505993057879
3.389974138662774e-05
0.0002614351262077864
0.0007105722632576526
0.00011512891640293876
0.00010188643119958155
0.0008134852186545302
8.202356332630208e-05
0.00015864521039482055
8.36832109448184e-05
0.00024257879476623543
8.459043146268526e-05
0.0003048272127022838
0.00040786396995329824
5.318599115309533e-05
0.00011417124292655779
0.00015164660924252721
0.0005418503514497599
9.781297955490582e-05
0.00010152799700298644
7.066725608278203e-05
0.00032859260845773217
0.00020199866752311138
0.00024904904021505204
0.0007492762872237128
0.00020722288926822025
0.0002704019820005989
0.00015462599254684276
0.0011287355799195844
0.0003472023748453064
0.00011736024980219058
6.586310731174407e-05
0.00021347235550171368
0.0001035247228475744
0.000485341045931714
0.00022284690383498487
0.00021489194272504645
0.00013279928431540462
4.474574347235054e-05
0.00024698922298821896
0.00015777929453402478
0.0002640370822471804
0.0002962486220862652
7.850298635474468e-05
9.789571860379273e-05
0.00014938499351794534
0.00010465605829873264
0.00014431917349798463
9.606055617702732e-05
0.0007631413973617322
0.0007376186696459771
0.00011334348156615565
7.094883102928319e-05
8.298718082147639e-05
0.0004394900028834918
0.0002466680410556453
0.00042556565593243465
0.0002311786158898445
0.0003028742867071301
6.793915506892535e-05
5.846533670204876e-05
0.00021392188627625733
3.034422245032189e-05
0.00010786671504638277
5.316465423155669e-05
4.191480465458081e-05
0.00018652809431277158
0.00020586779942160247
0.00013427474557580588
0.00024230979817213596
0.00027493009673587837
3.9382673588832224e-05
0.0012516044698952613
4.276829156144705e-05
0.00010842117268990643
0.00020577774974698084
0.00038388674898225973
0.0001340715152231829
0.0007915709002149372
0.00010813174101349483
0.0001497655846548209
0.00019245860864591774
0.0002379725898524175
0.0006798856665665563
9.246585967999898e-05
0.0006042266952950957
0.00023558601991866077
0.00020219022292161548
0.00037714524682100424
0.0007818795977728948
8.448943837812812e-05
8.983224699354883e-05
8.24415647170346e-05
5.81959152197642e-05
0.0003469995933911962
0.0001115608077801392
0.00026721702526543464
0.0010209114466825315
4.0183607245536256e-05
3.603578715721202e-05
0.00014763619360589838
7.821904071695249e-05
0.00024794046877132806
0.00019365930711320487
8.756216687770942e-05
0.0005284733937223473
0.00013455905796351018
0.00011801737810989962
9.56031370315954e-05
2.0233507614829572e-05
8.936368981658095e-05
0.00026154943035764695
0.00010832535444763071
4.640270023098029e-05
0.0005964719712697259
0.00018493952859994687
0.00020311305511400398
0.00020647355276189476
0.0001539820620681934
0.00014514466323040117
0.00024109810512270468
4.132374252039209e-05
0.00016480465219276583
4.6828657454208973e-05
0.00016031603839936838
6.246530915431405e-05
0.00012902203323334678
0.00046474219205993824
0.00033880810032517066
0.0003566028305095579
0.0002879218411281564
0.00033848807270372283
0.0002911157187281086
0.00013761161151711518
0.00037787456192557323
0.00028735454216345684
0.0004172097351278183
3.6012509303038166e-05
0.00016011057221683057
0.00048707417699122045
6.163265502320281e-05
0.0005174011564339988
6.225880701646764e-05
0.000408587074908558
0.00012058815566124868
0.0001771944825802859
8.881980271904337e-05
0.0011185124988575303
0.00018810826670941202
0.00021519200318146996
4.740505476394414e-05
6.874840861641256e-05
0.00010519149990712136
0.00013347369095366852
4.058262844792145e-05
6.089632893053545e-05
0.00033017998531629936
5.6022387650175747e-05
0.00026664808550953676
8.95623476224491e-05
0.0001920314918223445
0.0002974366274632956
0.0001769147085416287
0.00014974203312265966
5.143886208274172e-05
0.0003042932766351454
0.00010171684589287225
3.163452977281576e-05
0.000171680619229835
0.00010850960158123291
0.00026644735026895697
0.00014783657653944117
0.00020440352166521455
0.00018853903965026833
6.722253923200168e-05
6.515393765414388e-05
5.269304675003875e-05
4.768672425402307e-05
0.00019220676347275252
4.784132481796661e-05
8.584583736176667e-05
0.0010463453253156338
7.85137562773911e-05
0.00011364892564641299
0.00023559190687177605
6.167550624689873e-05
0.00021331372383270305
5.0970123287465525e-05
0.00013487105220451285
5.69865812449088e-05
7.780069169199632e-05
0.00012787813043928296
0.00019399283426003208
0.00019527322152377994
8.475699518237688e-05
5.25357595180115e-05
4.613689671950581e-05
0.00011065807402602531
0.00017591483849520705
0.00018030265254201415
2.256127719959339e-05
0.000348373865400857
0.0004002833733010603
0.00013378967818165918
0.00012505694726951155
0.00043569588009811125
5.062483857114541e-05
0.00012975568234519308
0.00010058311292285032
0.00035109457107059406
0.0003139457981863949
0.00019220079639630305
4.027378496956486e-05
0.00042468064330433887
8.821800343177822e-05
0.00016910299603943303
7.184883374035432e-05
0.00026692529321049874
0.0002936215927036348
7.581866425995859e-05
9.24147006038989e-05
0.00034263100638783506
0.0007829241589496649
0.0002754363984242902
0.0002850718301603005
0.0002189473738449695
0.00013901678375395401
0.00016027809691342138
0.0002849754823370444
6.337281212273454e-05
3.694095292507503e-05
0.00036082678867841887
0.00043463035405790623
0.0001189409455117504
7.145395627626066e-05
0.00010319519237248717
0.00022372911857194687
5.893722815604899e-05
0.0005714229997433552
0.00018014863114270864
0.00024036670261743268
9.628304964632903e-05
0.00015871748240709903
0.0003621360689381553
0.00014268284488336128
6.280871453233175e-05
0.0004248576099221926
0.0009361341559136264
0.00012811318053160007
0.0001799936964455177
0.000202862864805694
9.189004288777017e-05
0.00012320695333837122
0.00011408090445496382
0.0003036227423500114
6.948908114896869e-05
0.0001409388414715014
0.00040016542479341986
0.00010567698936514761
0.0002485919644501758
4.4444317312775824e-05
0.0001145424484323524
6.111693220024479e-05
0.0002764710960302589
5.077291759604924e-05
0.00021153314966143805
3.424541290811861e-05
0.00034590396239287985
4.995146184963515e-05
0.00017526621868906917
7.141795537387361e-05
9.04221767995472e-05
0.00041907740182573074
0.0005058463602304251
0.00033937975780573635
0.00018025283028618504
9.277310929160706e-05
0.00033834651091948863
0.0002483704813364847
0.00044038606386002336
0.0006666010391480203
0.0001603347931717852
5.594679096708505e-05
0.00019088842639118194
0.00019898427503445466
9.615395311909625e-05
3.809070293347601e-05
0.0001526452791094841
0.00022649596772387782
6.809609801577107e-05
6.333113380155544e-05
0.00015396058203417243
0.0002921175638810932
5.292762510696932e-05
8.983249708680591e-05
9.025438222356205e-05
4.382777596870669e-05
0.00024336620393729965
0.00010420547565422918
3.992277682369545e-05
7.252484830069825e-05
6.247664534013669e-05
0.0006340278143929079
0.00012920787277600536
8.103221952522553e-05
5.486155191118968e-05
9.356268739904938e-05
0.00020103235134432524
0.00015253764658156802
0.0001392792765982814
0.00031292897112774525
0.0006414406878222618
7.485364243565866e-05
0.0004874922267181389
8.34177405301029e-05
0.00010226979246152138
6.436589182300203e-05
0.0006889413149598506
0.0002790288305304447
6.606512443176421e-05
0.00014780377901387853
5.615592441617121e-05
7.992381466203186e-05
0.00039527044873970834
0.00016500571505659927
5.199425024161536e-05
0.0005893276705105201
0.0002042156790428517
1.9258587347285944e-05
6.613177448770741e-05
3.389882918783979e-05
5.682916171549335e-05
0.00011399431711714119
0.00015762023285276547
8.782245946765322e-05
0.0006514325999661261
0.00026491867326518503
0.00017366134052194574
0.00013247673705607318
0.0001999561865784737
0.00016261468041348155
0.0005730062748957337
5.2837963202091616e-05
0.0009139861928305608
5.8104422969817704e-05
0.000350728629609456
7.189134688662333e-05
0.00020731991993983684
7.715389484037258e-05
0.0004785408781461457
9.07276732470094e-05
4.182010687492904e-05
9.569109088844982e-05
5.163432769806122e-05
0.0002606646157993807
0.000228756143594525
0.0004108078899156908
0.0002887411198118359
0.00033567846770012587
4.76905876863491e-05
9.547366372321388e-05
3.247972483402062e-05
4.106182375779705e-05
4.780700633478886e-05
0.00020584159999320725
4.091472353721801e-05
9.551363013237777e-05
0.0005360155272716054
8.984255818485932e-05
4.4780030082253564e-05
9.283612500486345e-05
5.8951440684634894e-05
0.0001711593505218751
0.00020020031727706274
4.121305856438698e-05
0.00018599362304661643
6.499270225326359e-05
0.00014132226940034956
3.183168710566447e-05
0.00018502672943000018
6.309656288330971e-05
3.055061634979027e-05
8.335023037272039e-05
5.890198954816538e-05
0.00014796175627492233
0.0003048329134620007
0.0002520028197482466
0.0001363096635919199
0.0009066165608149252
0.00013471509028170704
5.724105924238124e-05
0.00029597831309892186
0.00016121787454945557
0.00012743892483216268
0.00017651163170821245
0.0003064027237437374
0.0002333991891120368
0.000240538435429956
0.00013002503767014275
0.00011060197861633577
0.00041034984819242993
8.465460389634304e-05
8.874277558022884e-05
4.406359293336913e-05
7.574854423127189e-05
6.795241145666067e-05
0.0005389742056331006
0.0003544815452300693
0.00017344598581908594
2.8027460894620308e-05
5.8520130070944475e-05
0.0008784618088100259
4.661109785151266e-05
5.81014750912333e-05
7.72139460861507e-05
0.00043196039676485535
0.000359022065523773
8.103847020604353e-05
7.323978881733625e-05
0.00014128388274824987
0.00022470919274408224
5.663155878468312e-05
7.390093193706072e-05
4.1337350870041606e-05
7.8839097249946e-05
7.086267376646341e-05
5.550873101315549e-05
5.389162013284436e-05
0.0002577399611718052
9.926344671012423e-05
0.00014674102950957887
0.0002335967542228464
8.43766505944812e-05
0.00030787329530248907
0.00011340095241301464
0.000186957280410655
0.0001404165450197888
0.0001871334048648603
0.00010085990478149516
3.278541377433422e-05
0.00019240509561681754
4.655873290570331e-05
0.0002633110675115146
2.9158794000310065e-05
5.121850268538181e-05
0.00018880552754017266
0.00022743788702269004
4.646913921206919e-05
4.3203708218445626e-05
7.018687462390261e-05
4.3934001669430974e-05
0.0004005987236112671
4.875280191676083e-05
5.666109801751553e-05
3.885016522746357e-05
0.00017905810492066325
0.0002498805263035411
0.00010419795425661034
0.00021103067430306487
6.778845452073592e-05
6.294189722505031e-05
3.8773956908370735e-05
3.66565203911042e-05
4.026050994017046e-05
0.00015807867329551935
0.00030296141981390573
6.794316009379427e-05
0.0004414516607394746
0.00017277527284364325
0.0001923219452395661
0.00040398617000345354
2.9290917918595296e-05
0.0002761876255489283
6.765533218131706e-05
0.0001390667686200464
0.000183031748116292
0.00017834611088379646
0.00012388633691353215
0.00013168393656100237
0.0006212197661719619
7.118676727903824e-05
7.692666281255234e-05
0.00016773337550710486
6.9935113080215e-05
0.00014821237117185643
0.00015359102352573145
0.0003103337652671315
0.00014841147937183271
7.026952158942459e-05
6.998519560446835e-05
0.00046982521183345464
0.0002597638202732486
0.00013245031275184766
0.0005657475821759857
6.958987372419086e-05
0.0001639453505613963
0.00010849943892728442
4.4215893262377534e-05
7.774134835855812e-05
0.00019598446949414022
6.232109360721648e-05
0.0002708101937756666
0.0002567921687956315
0.0005938422894228323
0.00022673320057620645
0.00020945130839917817
0.0002745541811214485
0.00016753869894609873
0.00031739815823996485
5.213552689098515e-05
8.479777543055171e-05
6.369503773606894e-05
0.00014988711789312487
4.547092935022658e-05
0.00035120029757528014
6.976118519546575e-05
0.00017902098421708427
0.0001987449850070421
4.9579075231865016e-05
0.0004484516405745573
0.00014474133478415503
7.129832113187284e-05
0.00029628508713393654
0.00015571306015300013
0.00010226170193387172
4.2849069953954903e-05
9.57021091492057e-05
0.00013680358751130183
0.00032209767667984907
0.000239279421010489
2.9603862585838546e-05
0.00018279927711116874
8.654151465276905e-05
0.0005744148623834523
0.00010816813338670476
5.0168692959470883e-05
0.00011712007323344136
0.0007902471861384693
0.00020508916986092715
0.0002615980879760209
0.00011867823931968533
0.00015775593052544818
0.0005115453928734672
4.062013020380526e-05
2.8267435568553927e-05
9.84191967990946e-05
0.00011824785126230007
4.568587086231372e-05
0.00019548426619337626
6.40472757046685e-05
6.415849983861614e-05
9.865808785499623e-05
0.00018262930285466682
5.0173334769709386e-05
6.246619412606113e-05
3.7741772383450895e-05
0.0006193588554945845
0.00013582964242446613
8.594940663775464e-05
3.581679630340975e-05
0.00011091717886319137
0.00028540789518899503
5.168409180084339e-05
8.405368055272332e-05
0.00034436223714199286
0.0002604108673361386
0.000251141458976253
0.0001021980279274999
0.0003935116932666588
9.139403288005844e-05
5.4739861268913534e-05
0.00021515905353580245
0.00013925306201281536
9.871115687895146e-05
7.686676361681249e-05
4.9787575100816134e-05
0.00011446976997585764
0.00010445877109712447
0.00037837700804094416
7.34212737468084e-05
0.00047649708482513676
5.744030916968399e-05
6.028266006678984e-05
7.22335302002609e-05
0.00045511496997414187
0.00014986300680484938
0.0004105730586191505
7.29281055955236e-05
0.0001227609651064182
6.615018554286695e-05
0.0003030502716615651
9.230278114370808e-05
0.0003689229953707811
5.238978466384978e-05
0.00030350432488190487
0.00031927672492511696
0.00013798098369767941
6.497463769392341e-05
6.760685446969704e-05
4.768912882053446e-05
4.60597794834723e-05
6.125875535117995e-05
9.157463614010896e-05
9.911046730225187e-05
0.0002532845242962556
0.00024431272810775736
0.00031924354982157437
0.0001422473181368324
0.00012585777818445456
0.00014065310885084899
7.668765146882338e-05
0.00036408379318433176
3.4234451698737636e-05
3.7333726605771065e-05
4.817700934595232e-05
0.00023113476969236318
0.00017447247806110135
7.408857729547289e-05
8.246818537545501e-05
4.4335788072484205e-05
5.3311367647959234e-05
0.00011817164767034149
2.4232066027532604e-05
7.864221931952363e-05
0.00018618087619690386
6.0339401210096056e-05
0.0002840711136172019
9.493790809994745e-05
0.00014258972450910688
5.4485142664159306e-05
7.089018820088041e-05
0.0001870589507100885
4.802627192020808e-05
0.00013202931148903726
7.138253644141061e-05
3.1847591011937566e-05
2.9236297997981586e-05
2.8129229956651212e-05
0.0004569806914073278
8.081330302186121e-05
0.0002098864976936775
0.00031541466987968696
5.858908451271176e-05
6.896965749474624e-05
0.00015738271474118265
8.683686733534667e-05
6.575758914012353e-05
8.662565724966555e-05
3.696450693222195e-05
0.00018022438080297814
8.259912776899374e-05
5.01114070325212e-05
0.0002695691586984682
0.00010431647717887451
0.00011255302161255648
3.7511114657834104e-05
0.00011489988298001067
0.0001256187668941367
3.7606558740317237e-05
8.21168199970096e-05
0.00042993150484351816
2.7949890858099257e-05
4.2068436395905385e-05
3.103238909222424e-05
9.444206958495976e-05
0.00012891714322001336
3.938527184055561e-05
9.705581160383748e-05
0.0003944033378408953
0.0001294541751998393
0.0005468170474267648
0.00010835137407640769
4.88357100816998e-05
9.588920787096678e-05
0.00016766306633824747
9.709632800172716e-05
2.7578118819917253e-05
0.00010164795825078335
0.000126407028393285
0.0004021853741815334
5.80508552862404e-05
7.133438539776664e-05
6.746802842349851e-05
0.0004137518594232653
0.0004004995552596206
7.679056736567034e-05
0.00022700751231634727
0.000269469083222336
3.446200367415832e-05
0.00019024654796581216
0.00015506642085609431
4.1444681774159966e-05
0.00033664263551612254
5.6269236163502755e-05
4.126350635897097e-05
0.00013778348770125248
0.0002443951521389507
0.00037297085694229753
5.6134426284987386e-05
9.917984370676032e-05
9.860060481556709e-05
0.0006148642644527112
0.0002374397837271176
0.000215624741953614
8.226098916562772e-05
9.528863844056653e-05
8.332843101174676e-05
8.422598280187627e-05
4.627205891311075e-05
0.0003572249104712482
5.0945865118487956e-05
0.00023438412074121612
0.00023592016537762707
6.479717640802428e-05
5.970060237414418e-05
0.00015934144798240447
6.537832723282026e-05
6.786946145418935e-05
0.00025153008567025846
3.676677927032373e-05
0.00017471509621291286
4.7118725748123814e-05
0.0001877626916783791
0.00025416991623835016
0.00017969705652664118
3.218186703957015e-05
4.1076048438412296e-05
0.00011825622855368047
9.159976383340201e-05
0.00015310645519522637
0.00023166047246182838
0.00015093489493604785
3.943153817616389e-05
0.0002509834311824434
0.00011115459551213749
0.0006786281772719062
0.00017203156164444052
0.0002225021409643406
0.00021179982065717872
0.0001252634095567282
4.5450946098017136e-05
4.52170113277414e-05
7.193267453041437e-05
5.2730456895263375e-05
0.0003787275629527168
7.178649818562781e-05
0.0003403318031152159
5.769192873342705e-05
2.633956423255233e-05
0.0004504633850492132
0.00017342759315830893
7.64611387692516e-05
8.668665852793522e-05
9.633711546627406e-05
0.00010419632150910774
9.011536665327376e-05
0.0001854003306764862
3.6016316865353484e-05
0.00015226845284587926
3.6771976854877056e-05
0.0001395580293549129
0.00011934065078099934
7.87774437749073e-05
4.561855188484329e-05
0.0002106291630528232
6.445243153099102e-05
0.00016988038502367296
2.6309198365678286e-05
0.000268218672698153
8.282245411417873e-05
5.282964876708238e-05
2.8434635435297865e-05
3.285527326781911e-05
3.754655134019306e-05
3.7193968924499e-05
6.975006296698029e-05
8.896400940894335e-05
0.00016756049132310338
0.0004313490726346178
8.030958117873183e-05
0.0001640776271566974
4.983217867063225e-05
0.00016090271485434362
0.000496102308638609
7.048786837254477e-05
0.00024052344033632288
0.0001608994758206405
0.00017841529663864607
8.449881099439579e-05
8.273737761345925e-05
0.0002074181797749565
0.00011650371152034142
0.00029632170112182693
5.322051569030446e-05
0.00021328289751656196
3.882836948486246e-05
7.096122784805402e-05
0.000572986890565749
0.0004017905622391511
0.00012422910579564758
0.0002988666869726994
0.00011602334941579598
0.0002878311052104451
6.528986518623292e-05
7.129087710876022e-05
0.00019421887953554313
0.0001346639005647781
7.664814352130453e-05
0.00014393692169196713
6.417390816082006e-05
6.885074204851403e-05
5.9338950303247064e-05
0.00016741208376417726
4.2410128211898864e-05
0.0002948753548653277
0.00011529780524320124
0.000184395278760496
3.784151684505994e-05
0.00029833485660312565
0.00016871307150434769
0.0002593740936865296
3.789664993347225e-05
5.097674854296776e-05
0.00010598607712948503
4.955200074376609e-05
9.520664829260627e-05
0.00012240631589331222
0.00011224464578376307
7.569701234452997e-05
9.520405145627505e-05
0.00031107764118815286
4.833706867524839e-05
0.00027762766819400215
5.939384697671911e-05
9.027120958947989e-05
2.4895852318108294e-05
7.594503834553194e-05
0.000134850343927669
7.258436634898875e-05
0.0005196894332336361
0.0002651797742713691
0.00013029233853698448
0.0002020717281497863
0.0003987450375747907
4.307546313365274e-05
0.00011779309097168598
2.5393632617728678e-05
0.0002650611083392045
6.684379489360181e-05
7.34956489313084e-05
5.163670095443724e-05
3.726462920421127e-05
7.60420298301623e-05
0.0003237368465892806
2.8234326263554057e-05
4.435623368987845e-05
0.00040802528225469744
4.075207526283211e-05
0.00018351596698546526
0.00011311354096498407
7.50534215808164e-05
0.0003286031095966791
4.054460382691772e-05
0.00018745401036100671
7.486158839467558e-05
0.0005652748510185683
2.5409932865451567e-05
0.0005209195983007748
0.00010369009458792
4.4367710206416264e-05
2.3773688708133028e-05
8.754149081577952e-05
4.4170835046845994e-05
3.701275565462948e-05
0.00011732287154393077
0.00018547773233463288
3.473267027825885e-05
2.348961342766399e-05
0.00021168576846536036
2.9391031501033946e-05
0.00019385800897288435
0.0001247390277630155
0.00048578085836302335
9.308680537292227e-05
3.4521376645593956e-05
0.00014356946675101405
4.1090735084430406e-05
7.459912532019297e-05
2.473708687956887e-05
4.0126548294255737e-05
0.0001364757663571696
0.00022756546302967357
6.305569332518665e-05
0.00012907449623844098
3.2749416506086864e-05
7.52377689559997e-05
6.91602602676543e-05
0.00010751397020034011
3.616999175528085e-05
0.0003274492319139601
8.32898655701685e-05
0.00012645500808324917
0.00011172683609529438
0.00018094116052473866
0.00022755283634355358
8.9406372766622e-05
0.00021172527314902806
0.0001390774045975118
0.00018210091530111857
8.972778395116432e-05
4.00696556070491e-05
3.3634653740297685e-05
0.00010654626214601696
7.070055969404191e-05
7.960184518578533e-05
0.0001835209965788628
4.450848350659933e-05
6.486492486234225e-05
5.272531268783767e-05
0.00011946586592401184
0.00010258037489641618
4.550328277764044e-05
0.0001823266245007114
0.00012646288851786994
5.5800281115778355e-05
7.348395988049268e-05
7.939808946585308e-05
0.00025767859865280903
0.00021025618511329064
0.00033781840111983037
4.5081264784700714e-05
5.876142651641423e-05
0.00017733402330182853
5.854175347990531e-05
0.00010332719832832689
4.283090023013294e-05
7.677159540143628e-05
5.224952559434057e-05
0.0001741578239671426
7.245723294116354e-05
4.7460240619226776e-05
5.020588632431234e-05
2.1236665102777057e-05
0.00013951923339725528
7.972701846084591e-05
2.5415438384302603e-05
0.00017758578814782097
0.00021366790318092926
5.256805269717475e-05
0.0001042253909232431
6.664284354843509e-05
0.00033452353542416424
8.45155092489038e-05
5.2441140864222015e-05
0.00011291259128487145
0.0002672481997964207
0.00021570581407807956
3.672438308010823e-05
3.8149611027018455e-05
3.015090034762158e-05
7.317641407935004e-05
0.0001339919998318435
0.00013661181281928516
0.00011776310750394116
0.0003448585904380791
6.393461215174078e-05
4.5473655839312555e-05
6.656398972901751e-05
2.2465897361740605e-05
2.8439853194196686e-05
0.00017790989831162967
0.00023606433719108134
0.00024307934375083237
0.00047053575841741595
0.00013433162086327484
3.294234243162474e-05
0.0002307680056722773
9.348854781784951e-05
0.00022385140823827707
2.9617811025473103e-05
7.76118351307931e-05
6.968278341880849e-05
0.00018438852855156315
5.5313654195576654e-05
0.00012511111330378166
8.216189468894022e-05
7.182307431393752e-05
2.7028362207902353e-05
6.614446705488464e-05
4.917263671374674e-05
0.0007129012815873823
0.00016399302398495115
0.00026988834549059135
0.00039002832423060943
7.509589297074733e-05
5.021079313499192e-05
1.7924061329398597e-05
7.648848044549361e-05
5.493321983997025e-05
9.172035144644696e-05
0.0003420481606235084
7.072351059104409e-05
0.0002433612278848825
5.616960396324901e-05
0.00011417388811242577
3.1237545343986074e-05
0.00015668289521155468
8.959606758094336e-05
3.140817531499251e-05
5.9986896534391354e-05
4.067119152287988e-05
3.213398307416075e-05
2.2655029260024764e-05
2.4422940050097156e-05
0.0002642662575460406
3.22501407746441e-05
3.688616002988459e-05
8.274733789825094e-05
2.7439604785642162e-05
0.00012935674531064787
6.231294734739932e-05
6.433334755896927e-05
0.0002534484364811222
2.7173366246147127e-05
7.815985634632574e-05
6.1016783337141456e-05
0.00017043530722730878
0.00025265943615087884
0.00010517880330050096
0.00035670071330330205
5.651180035254413e-05
0.00011450191559418484
7.292720144183498e-05
0.00018529820516439524
7.030862134501323e-05
0.00015385488044756103
9.44657913778951e-05
5.8545796235214334e-05
3.392070544782973e-05
0.00012659958727585533
0.000209612322458053
2.3588530825295525e-05
9.84645321340131e-05
8.4569256605475e-05
0.00013272681879570615
7.05116887169671e-05
5.155306553839047e-05
0.00017607795625961684
4.3551605006422196e-05
4.859663858341513e-05
6.711454533163323e-05
0.00017612687293793537
0.00020731751327099677
5.268441784855446e-05
6.763308159225312e-05
9.032734072299568e-05
1.3630267659852981e-05
0.00013837909293882308
3.598852192137657e-05
0.0001667119519255974
0.00010795820442878541
3.3872157923297313e-05
0.0001046037255469836
0.00014925630480506257
9.370790986226144e-05
0.00010566677801566378
0.00023602902206335756
0.00011156236526649722
0.00012297157076295736
2.247845470197193e-05
0.00011804154582948047
0.0001714020568039345
0.00016582032661120678
0.0001096522443441301
0.00020132671612456152
0.00034866916598126976
0.0002580128847687895
0.000606257580811515
4.718609389646016e-05
0.0002582969794846641
7.627479023588016e-05
0.0001283695153009108
0.0005585091381030101
0.00028359724371361224
0.00021912648236180045
3.517379900300548e-05
9.089668730962209e-05
9.072652495763719e-05
8.186856699438074e-05
0.0001807395367764857
2.8789947270661656e-05
9.123749936494167e-05
0.00012642671063327278
7.373142580785033e-05
6.61952272560056e-05
0.000291425233650964
2.307400889799876e-05
0.00010388622983949665
0.00010347904612570623
6.154476886378688e-05
7.497443942771923e-05
0.00010637785291912831
3.9244071150714564e-05
6.391864922357649e-05
0.00027542853667171497
4.6432044266060807e-05
0.00013828221523771878
0.00040604860852108937
0.00018936917618926264
6.834462084090612e-05
0.00015217465265575456
5.388645068727924e-05
2.834483877510346e-05
5.537297117705312e-05
0.0001434195863351344
2.6238449103959095e-05
0.0004237802778083299
0.00021705182940448626
0.00026524673426251956
0.0002045076460985074
0.0004806140161491288
9.735843276519338e-05
2.2165799611931178e-05
0.0001709830909583912
0.0001570907194325076
7.614334532998392e-05
7.114414503826061e-05
0.0002046403109150139
6.7603191362426e-05
6.819429190615047e-05
0.000144544467699773
8.073982480939658e-05
3.1493895879759434e-05
0.0007273518692697441
4.898485620564143e-05
0.00012809654206148098
9.099569981327973e-05
0.00014695711701938428
7.738921993518378e-05
8.656743519326588e-05
0.0002103591461705317
0.00013595817068624903
0.0001956526169716038
0.00032774322900136883
2.5584968936989553e-05
0.00015540050975788072
4.3341851030204834e-05
6.860486187030961e-05
0.0003739576489077659
0.0002487178244203574
0.00029348742581152134
0.00012684297046621176
4.356633766691889e-05
3.813807711334024e-05
7.916900276538182e-05
7.509149847595802e-05
6.566157717793765e-05
5.2304728809905166e-05
0.00010877868735439429
3.368915132827164e-05
5.373833352326628e-05
3.303008914110774e-05
0.00012066816390993579
3.529048485925471e-05
8.614056570468763e-05
3.6225876010144964e-05
3.84103244505231e-05
7.746209472690672e-05
8.545937064932091e-05
7.67781944557939e-05
0.000217425252381908
0.00010290063976853506
0.0001939578223900085
8.009440891030846e-05
0.00014555254675884812
9.648949848107048e-05
0.00014546033479386923
1.7119482861927065e-05
6.617607630975565e-05
0.0005044696278456691
4.76604065619404e-05
3.557744599442263e-05
7.121159739622582e-05
4.38824277634749e-05
3.0091934986273314e-05
0.0001281269129510715
4.51771649113044e-05
3.080163657340089e-05
0.00039882628288324495
0.0001892867970425009
0.00010478368126869374
0.00016084105878978462
8.181932947733507e-05
9.779558450705786e-05
6.274437794266139e-05
5.2186717066173466e-05
0.00013499055926891344
9.3087663823318e-05
4.835671896598439e-05
2.2575758622467962e-05
3.2728363993252276e-05
2.393241036446515e-05
0.00015066804187742597
8.957813533114499e-05
0.00012966438611451431
6.533912565088407e-05
0.0002038967645180192
8.562408995404147e-05
8.877670066801489e-05
0.00029510639179371466
5.07567337580353e-05
6.556113494396891e-05
8.235697372960809e-05
4.421866159549399e-05
8.406771093252259e-05
9.737288317236292e-05
2.1902426688030338e-05
0.00020979449467714052
9.701661576182482e-05
6.160012822293706e-05
0.0001446132628392318
0.00025870702191930584
0.00022518561913898222
3.2581258031094536e-05
6.872725038013662e-05
0.00017009516915882016
0.0002970705278024084
4.8913276622831694e-05
0.0002944667553014392
3.3374910916203066e-05
2.939595869489268e-05
0.00010133520338405857
4.4524418720905485e-05
4.9748669235330454e-05
8.075839647872808e-05
5.558352360454933e-05
0.00012796861689375584
0.00019907590447134407
0.0002939555731775205
1.606541423390008e-05
0.00014094113322381865
0.0001479312810753979
9.052949397031684e-05
4.2966588942796897e-05
5.193558192590304e-05
9.812228736449146e-05
7.27189091505817e-05
6.835777619431585e-05
3.3093916371257206e-05
0.00025976228772688244
0.00011570054713107175
3.1567335768111785e-05
6.271498702021997e-05
6.93809117447972e-05
0.0005274627682817563
5.306620356036383e-05
3.487631435891424e-05
0.00010320137608527003
0.00012450342019590003
9.23962549654905e-05
2.3161323502432115e-05
4.7162561829458045e-05
5.6108055693833624e-05
0.00014170794728977083
6.770362516686313e-05
0.0001897819432236812
9.867223071567774e-05
0.00018467306876984984
6.894420949061791e-05
0.0004435313008576321
0.00011744677603407939
7.940823786292407e-05
0.00014826946028829018
0.00016601976963959223
0.00012268430617757173
0.00010715570030390471
5.607627764882432e-05
8.835743455563543e-05
0.000156389077335144
0.0004729664410444062
6.468423264296273e-05
0.00025603933769066786
0.00018958664963074308
3.127367126089763e-05
3.721117580140258e-05
7.915174426193254e-05
9.881492291968933e-05
6.480718382321845e-05
0.00018304054612946666
7.059614720543316e-05
2.9675483301543093e-05
3.452204951720111e-05
8.372741173321433e-05
0.00014920113864744559
0.00011535910387128479
0.0001241869371558166
6.798351553945627e-05
6.630357607960441e-05
5.428353327828036e-05
5.6503492468166044e-05
0.00011754097279374914
4.7091898024795856e-05
6.426635245969016e-05
2.9375074013767194e-05
0.0001919766227759333
4.9129730810589734e-05
4.622363829278503e-05
0.0001993164587091081
3.045924756647684e-05
3.822880639851252e-05
0.00014303038098213805
9.721456248682363e-05
1.0458936514824104e-05
2.7980774569583416e-05
4.39959235474995e-05
0.00011030852580066412
4.003669654729871e-05
5.722519513072794e-05
0.0001241532750285666
3.32363639617832e-05
3.554078181055383e-05
0.0001047545997261816
0.0003722985986541574
1.9839656327613e-05
0.00035567913504815866
2.8928808225357773e-05
7.091256301131202e-05
2.529639791427656e-05
0.0001256715479193999
2.7671575971131378e-05
2.559626666007538e-05
6.661980523734541e-05
5.020612980088693e-05
0.0001549025920854571
9.630307390128688e-05
0.0001211829932646413
0.00035380350790888485
5.9203806294570595e-05
3.0065010853707884e-05
0.0001920972040666968
3.971580270639623e-05
3.277929064196642e-05
5.751804215734423e-05
0.00021010756077548723
1.553767802657235e-05
4.536310983707168e-05
7.537510681127722e-05
7.734399560096065e-05
2.9524592055067025e-05
5.2397330158263806e-05
4.3263195471453005e-05
4.2545978633367425e-05
3.717023094012982e-05
0.00011337730446537325
2.2636801473564495e-05
4.9464446483034314e-05
8.812916178846738e-05
2.053741485445188e-05
9.431904872512359e-05
7.480929645575539e-05
6.977909686111002e-05
2.8530093358683156e-05
0.00018303878399594122
2.015624147428691e-05
0.00013810805735402999
8.407743463818254e-05
8.531994652587993e-05
0.00013208992011309848
8.92802816880663e-05
6.351638978512744e-05
0.00015952014252499952
0.00032942074078171974
4.922875814697279e-05
7.09783386208773e-05
6.478941422044331e-05
7.692682276755022e-05
5.437283490260943e-05
0.00016467725835622938
4.042707500365379e-05
0.00011281536997722711
5.0331243367966855e-05
4.34258018929367e-05
0.00010291991276905996
4.6639971196501427e-05
0.00010646563785065904
0.0001583010808501928
2.4874449048093827e-05
0.00011677792951143863
8.712969872872202e-05
3.373245466318828e-05
0.00023051909322616303
4.8312083557930765e-05
0.00010573432721099074
1.8146163801381603e-05
6.253367266614493e-05
9.99030697885631e-05
7.242852929226324e-05
2.6742036869330498e-05
6.772490093940991e-05
1.7101413248507162e-05
0.00012060001413611146
0.00014593612898495463
0.000171364806163248
0.00011900911048865367
9.154098277703809e-05
0.0001383329759207719
8.199062773816171e-05
0.00021744849763865782
7.662868290274486e-05
3.194579508227571e-05
5.648476100893298e-05
0.00020924311704718308
3.1773379177695693e-05
0.00016230062455880402
4.6759453365342044e-05
6.784070234285612e-05
0.00020938640534678442
3.0027343038247028e-05
3.2229551461079044e-05
2.2696667728005183e-05
7.21201551518873e-05
8.29154387372226e-05
8.844496193068639e-05
5.641808139351044e-05
3.9005656846349525e-05
5.068784475767572e-05
2.4715803525140264e-05
0.00025965829506674975
4.1237228550022954e-05
0.00013252659292893108
5.180180926761929e-05
4.0042333233817887e-05
0.00012429356426373026
8.55899986260988e-05
3.4720471320493016e-05
3.880030207684683e-05
0.00012078795646783657
0.00013074643000716342
3.3555106544555405e-05
4.047190008013782e-05
0.00025876799902113657
8.593166018607116e-05
3.0306226186817608e-05
9.954049647620495e-05
3.872315468403154e-05
1.4595227309024912e-05
0.00012104892345589618
0.00011759285577191818
7.639295036085256e-05
3.422297177306049e-05
3.908895083005353e-05
6.012445519718346e-05
9.010375806556631e-05
4.028953273703166e-05
9.358296140067522e-05
5.856241543665505e-05
6.532629583386593e-05
8.684825987896815e-05
5.7287702016368514e-05
5.8714263769264704e-05
6.883631237480089e-05
0.00034278645259670456
6.194726577742024e-05
4.049844294289459e-05
0.00012292801340627223
7.12973506300667e-05
0.00013090117468139757
9.60216042022688e-05
0.00014776598051256652
0.00010600089481176017
0.00027874976719981736
6.862153979366065e-05
6.328724401516713e-05
3.549503750366055e-05
7.055400852577766e-05
0.00026937656101433947
4.578267362062069e-05
5.7861811334758824e-05
3.9155068327730484e-05
2.9364624646446315e-05
0.00028378495068723725
0.00012406919957924807
5.494041260040584e-05
6.282170250287048e-05
7.57213122027645e-05
2.635472424571062e-05
4.988092228879512e-05
6.156356605997692e-05
0.00024391492705985827
3.030212814370817e-05
7.79916903740708e-05
4.450641790152784e-05
1.2662974753090669e-05
2.451763745557674e-05
5.3473565008536635e-05
0.00028413160394219006
0.00018807347066782798
0.00012531432493667152
2.81658541550863e-05
0.00010617405394213932
2.020289843719822e-05
2.6484245639292878e-05
7.169736498323881e-05
6.996504365143361e-05
2.594721784389952e-05
9.429504958569844e-05
2.7321247957081975e-05
0.00010130775633761233
8.266476029305003e-05
6.483876424974403e-05
3.5129091853763055e-05
4.209694264944775e-05
3.103182724690621e-05
6.338473310108739e-05
4.97627588848711e-05
5.4199135597539674e-05
2.6492655126290042e-05
8.701042795013241e-05
5.6953207787061796e-05
4.6555774161723494e-05
7.49278624670569e-05
0.00027721682956452574
5.837389861567973e-05
3.923310710662608e-05
8.012041747070469e-05
5.0593012822893146e-05
0.00018857562010591905
2.3867046764817554e-05
6.301020749619604e-05
7.764039344153431e-05
3.561238687637074e-05
0.00013934182629482303
6.541407748658261e-05
0.00012744480598516578
0.00011284064241058053
5.9197877216481985e-05
4.2276186167264045e-05
4.8682143638459456e-05
7.200500772462599e-05
0.00010410892553291334
3.3269262739608014e-05
0.00015381594051561926
0.00013452037104183393
8.417158226225561e-05
0.00019372189529332973
0.00018882272320275701
0.0001792285618735024
0.00017352047770460637
4.565278843780886e-05
2.3134953122879886e-05
3.745609704142836e-05
0.00012234868328689577
0.00015109007641653276
3.567816602222676e-05
9.531142755161463e-05
3.1438581657737694e-05
2.7109264928504808e-05
6.866967846983786e-05
6.318709150620333e-05
0.00019568952334932826
3.1406999704489564e-05
3.3212062287464256e-05
0.00013177486804444871
7.594807260187655e-05
0.00014751947025026853
0.00013446514135729006
0.000137565530903257
7.239681864186449e-05
3.437275801574317e-05
6.396212432985656e-05
7.74531962790142e-05
5.282084965061816e-05
9.546056810340136e-05
0.00012966442856602252
3.381704816114461e-05
0.00020002960713911172
3.488208458171754e-05
0.00013228428512714947
0.00012882522118611898
8.326451998625838e-05
3.147481004823886e-05
0.00020493058859981416
8.269635098310529e-05
3.184393903131906e-05
4.041421548317362e-05
7.058498949340292e-05
2.1605393236638653e-05
8.113010637339607e-05
8.966502531635583e-05
6.094478272273144e-05
0.00048072807683811463
0.0001675142551045127
2.5791875404408397e-05
0.0005212861929255744
3.0163716024440584e-05
5.742924889707952e-05
0.00010159439233174179
0.00043752539425858246
7.368227379068827e-05
4.795563045774064e-05
4.88396277722493e-05
3.720323322037947e-05
5.479559844983986e-05
8.054284675354815e-05
9.339791448201454e-05
3.198074712520824e-05
4.8747881739272944e-05
5.3122886679749416e-05
5.32965464064729e-05
3.738255095544712e-05
8.774451273850783e-05
2.3560255385803388e-05
9.60769757916856e-05
4.556957151384593e-05
0.00013915379248938988
4.041999155504167e-05
4.6239203394311595e-05
2.1957575119272633e-05
5.3314796596501576e-05
8.14174116031484e-05
9.397847396190592e-05
7.642453114797386e-05
2.89564711250015e-05
2.8713566213947054e-05
0.0001431847549356866
3.456025031499718e-05
6.708833994515564e-05
0.00010816535436922558
5.4990116800464754e-05
5.035886257488293e-05
7.023574442314808e-05
0.00027662728029231805
0.00029711690533803755
0.00011216757243379241
6.285008106772428e-05
9.726697348938138e-05
9.856407304121488e-05
2.6763465208097438e-05
4.849296725656548e-05
5.080807521662417e-05
4.438285081206042e-05
5.596572829918972e-05
9.631358885105986e-05
9.186089651027329e-05
5.244530944646465e-05
5.78328717826289e-05
6.411584426682565e-05
3.4820986407287565e-05
5.422602568552078e-05
8.589652916287161e-05
4.442376429980248e-05
0.00010193523222487546
4.2231655950187575e-05
2.9165593061019445e-05
9.609583639227555e-05
2.5323782048741122e-05
5.5316779603871074e-05
8.795947377181036e-05
4.1027084424959643e-05
3.0999629076459014e-05
8.891840899336045e-05
3.196192157033581e-05
8.593684150368535e-06
0.00022157980933003698
2.1556843363631818e-05
4.956580135180855e-05
5.31617217051856e-05
4.151928201947385e-05
3.786431883390033e-05
2.2965479635813398e-05
5.256489373214979e-05
8.283725710788951e-05
0.0001851095861687796
7.211620576069505e-05
7.573982843529993e-05
0.00013890997398053633
7.889932377963523e-05
0.00014631611589337935
6.162567084642279e-05
8.276045891738698e-05
0.00010051349060586436
3.597645046597126e-05
6.855105260976933e-05
5.486291595568363e-05
0.00022553964080346104
0.0001274735493254154
0.00014874495804367943
5.229366859634939e-05
0.00011265698659048632
0.00021220320985106437
0.00017176510648667703
0.0003127252140309767
2.94870279690545e-05
6.884109675695216e-05
5.4381878690587624e-05
2.4777070120506058e-05
2.5600586616857174e-05
5.347521025537433e-05
7.982360435803834e-05
6.140688340046842e-05
7.41235620873992e-05
4.018242419619695e-05
0.00012864812915211102
2.7503011389618572e-05
4.5606285257608526e-05
0.00012395551205837335
0.0004775350409590729
4.078317757091838e-05
0.0003170872755333503
0.00020507676974518312
0.00022145702142017042
4.723375507279812e-05
5.1996000941764395e-05
3.693668681701106e-05
0.00022324225365528676
4.035113874331516e-05
3.1344890385497574e-05
5.121435025084246e-05
3.399269667800438e-05
0.0002818728990859745
6.41731978878165e-05
0.00016550474272990145
4.0390519235928475e-05
7.885081857022753e-05
3.3000368397582184e-05
8.816518608168751e-05
6.018685422250858e-05
3.907235817431777e-05
3.7502961172824615e-05
7.800627342736078e-05
2.4459114302465785e-05
2.346432727446124e-05
0.00013915257176239863
4.111283853536224e-05
7.153793983957693e-05
3.740447089149428e-05
9.277641690143474e-05
5.0440948826115704e-05
7.15116430150176e-05
0.00021612831691192007
0.00015127783612705657
0.00021583136739240623
4.366926759223991e-05
3.876762539280789e-05
7.555864197843163e-05
0.0001205321506691496
2.984727004151268e-05
2.8473952791259833e-05
0.0001026023903589767
4.8072218016376155e-05
2.547486203104952e-05
0.00014959688408288578
0.00010160895070025633
3.830283688169344e-05
4.214350456874644e-05
5.047463105237744e-05
8.557659620291852e-05
5.138979742393172e-05
5.668747959520728e-05
7.323073721919227e-05
0.00012077365818033714
7.206907555090318e-05
0.00017250970548519476
0.00015614426568884098
2.9557193458078484e-05
5.390784752089019e-05
3.666287824140819e-05
7.371943458015351e-05
7.134126433917927e-05
0.0001176611619007729
0.0001244105863787394
4.7942329882952934e-05
4.624947575667594e-05
5.5175510857373764e-05
9.231957151952295e-05
4.762047530237803e-05
6.283603182558507e-05
3.635861730038655e-05
0.00023929752976481315
2.8473375527002757e-05
0.00030627100888953255
3.111551233074011e-05
6.115759262767034e-05
8.007549769460491e-05
8.607114208403393e-05
0.00010847376338499537
8.984758648747705e-05
9.098625542531328e-05
3.2510749018647594e-05
0.00015008794057019736
1.1377072595182125e-05
3.7050885803500374e-05
1.794440367087899e-05
5.999505212171952e-05
5.5926807636599437e-05
2.9294561204351732e-05
9.515166118291498e-05
0.0002095010078402067
4.240633515373367e-05
6.467232972294713e-05
8.501442852936019e-05
7.880913820525902e-05
5.590124972287532e-05
3.410150096952795e-05
2.510113690470151e-05
0.00015447836220554005
8.905311532748384e-05
0.00012482584904700624
3.617515369925358e-05
5.565802727667045e-05
0.0001884583757735263
5.473480804680522e-05
4.870425197209709e-05
0.0001608978577207721
0.00011214033438054241
6.0634966398704044e-05
2.448646979309829e-05
7.310722406887506e-05
4.11030913557837e-05
0.00030353993975101433
3.536579465964617e-05
8.254468403126234e-05
3.829779683747126e-05
0.00010743687970756121
0.00024208164726622676
3.424082684368749e-05
9.636429627889091e-05
9.687965074419084e-05
1.3533485751317657e-05
6.293139223807256e-05
0.00013012032816017924
2.9906872274056456e-05
3.516471921437893e-05
5.4751678701116803e-05
9.681155991046578e-05
0.000289360045353903
0.00010236227561362141
3.212218222153156e-05
5.799193209155878e-05
0.00013489364413346586
2.269693721025526e-05
3.182192579291421e-05
0.00010672220885941762
0.0002012224971531388
5.5545055600397724e-05
1.5758478142055673e-05
2.884651394642391e-05
0.00011743256877641573
5.153684791030265e-05
0.00015763613909769311
4.0756021232609774e-05
3.0188648805230142e-05
5.742059523638865e-05
0.00020909128025880646
3.773865707829059e-05
4.638941584937161e-05
2.9816184021240876e-05
0.0001238338854174698
8.390104594272564e-05
4.065484064884361e-05
7.231409462832343e-05
2.9190245070594843e-05
9.386866341036118e-05
0.000238653927358828
0.0002848692036375957
9.745509441174006e-05
2.383253985282436e-05
6.758730589399385e-05
9.311712998766309e-05
6.463516362814209e-05
4.327791954044093e-05
4.4453514334995346e-05
5.390181976814339e-05
6.74032350922655e-05
0.00020332511419460394
6.217661394733286e-05
6.65226375576785e-05
0.0001329072281924488
6.282977343183835e-05
2.9992592820936058e-05
0.0001846507846022188
2.2330250858137924e-05
3.5875771068293583e-05
4.727466201945847e-05
2.5032487527892558e-05
0.00015191967777165402
3.326895904776398e-05
8.705440629106661e-05
5.2079888399134254e-05
1.7842064667823213e-05
9.012900210614064e-05
0.00033518692565487546
7.618833251086088e-05
2.3265430589780172e-05
6.103444020517666e-05
0.00012668290433560223
0.00017249449596680919
0.00016400719038705628
6.589904091607536e-05
6.899451935661747e-05
4.317861532503906e-05
6.798482842465811e-05
5.7437769572305444e-05
0.00012612456544014284
4.13657033741605e-05
0.00010835866854480159
4.5862061994964625e-05
0.00029037001237167657
2.5601031200540823e-05
4.925440488650234e-05
5.3175363774947256e-05
9.912156603982347e-05
5.1633505361760474e-05
0.00015156125016019386
6.91410861183466e-05
4.9733021568711626e-05
5.548773312097537e-05
0.00011139933795581521
7.581801668504337e-05
8.606094972133256e-05
6.170514849420025e-05
4.858387794933037e-05
2.7147885341933517e-05
0.0002042656573987322
7.427328770970705e-05
4.9888889091527e-05
0.00028640337872437886
3.662240420873602e-05
0.00020205250192663625
7.574558870275506e-05
0.0001968981928277781
7.05684075569871e-05
4.6181734672308724e-05
7.027843857120696e-05
4.9317906150517274e-05
7.597847947813184e-05
2.508139619526596e-05
1.6032983831351668e-05
5.193357401334906e-05
8.939315065952751e-05
3.503620914792604e-05
0.00012657503508226023
0.00011233841492753922
5.378808009121815e-05
9.88357951064219e-05
2.341229967485454e-05
4.905176138786911e-05
0.00012984367821305905
6.296846693685279e-05
3.733287255460932e-05
3.102245387279279e-05
6.655329649948013e-05
7.20665663277617e-05
4.37146875268513e-05
3.930609925862389e-05
3.8185287892492616e-05
0.00010034977684381211
4.626544494000352e-05
6.38431949719404e-05
0.0001358917936674182
4.410347101311424e-05
4.6236800712819585e-05
9.21994290250825e-05
5.516609433229308e-05
3.444825598130556e-05
5.4213898454845336e-05
9.212936281494206e-05
1.7415760532942608e-05
9.831936826573405e-05
8.610980375294373e-05
2.764353891280308e-05
5.6440046403833055e-05
0.00011999879171677706
3.732835217759746e-05
3.78922758116817e-05
0.00016761539759600947
4.5206900968202964e-05
7.693032649541642e-05
4.4634313450083936e-05
0.00018658153471740838
6.939534124294029e-05
4.221516432617186e-05
7.527428674562514e-05
7.371551839355322e-05
3.8825177177585525e-05
0.00011141861190657421
3.6468698961334094e-05
0.0001227139355958517
0.00012647824999536698
0.00015684053807582939
3.174774111869985e-05
5.21162182826713e-05
1.6403835478303293e-05
4.957122067293879e-05
9.5794628183487e-05
3.3879123384875707e-05
0.00014051109127518588
2.6453255513782552e-05
9.955605820512626e-05
8.45363364532031e-05
2.2929385589860527e-05
1.9355208819389938e-05
3.501273765307381e-05
4.330209615924017e-05
4.628994216797385e-05
9.803579344768237e-05
4.195407737336818e-05
5.268227280563556e-05
8.56325107765068e-05
5.58009222475823e-05
0.00037846107063981547
0.00012551081829267308
7.15079499994565e-05
0.00010032146742415897
4.119644713729694e-05
3.5984236728666346e-05
4.4842548453573276e-05
5.632858058523277e-05
0.00010126695848858039
0.00028602378353314467
0.00012111252825140441
4.2677059066277746e-05
3.9968047083892944e-05
8.643855371608613e-05
0.00011774363576042914
2.8009505914924302e-05
4.7903138575169886e-05
0.00021265223963586733
8.400516383484949e-05
0.0002279513636758595
5.1576458861406556e-05
0.0001184522015505566
5.343002515792151e-05
8.417944062497688e-05
0.00014398582320952102
5.255273036860324e-05
4.23986689918753e-05
6.31929168025981e-05
0.00021624358450509889
8.600534898839313e-05
0.0001380793913315042
9.266627005871047e-05
4.952683491836547e-05
2.9579848972025255e-05
8.184937438825454e-05
5.180629300551381e-05
3.940489919521457e-05
2.9990969224686805e-05
3.113800577287107e-05
3.9621252921566644e-05
5.352109960307511e-05
7.838964806482064e-05
8.537393976954004e-05
7.523469640992084e-05
3.468406501748847e-05
0.00012018213516023147
5.0350548320350764e-05
0.0001229602167782903
3.3453872375574516e-05
2.3306375010984255e-05
4.831251156830553e-05
7.303071204197667e-05
5.280675622482717e-05
2.887743817206977e-05
7.280983451598792e-05
8.360751971938729e-05
3.950995784634873e-05
0.00010348105996913931
0.00015136991326669734
5.622672190775643e-05
3.0267294342653864e-05
5.481599408731528e-05
5.8857398439755855e-05
0.00012395058233586896
5.8865981707729756e-05
3.904046079285292e-05
6.710505955385653e-05
7.873464896057932e-05
1.5387905052427686e-05
3.00126550466695e-05
3.4969379159922944e-05
2.4874167997559202e-05
2.1132133951766688e-05
9.010149244633947e-05
6.41570568626981e-05
5.8776891751901605e-05
2.6567300842553758e-05
3.8623396058537196e-05
6.476754870345001e-05
6.213661381558533e-05
6.361802594098184e-05
4.6210664912047174e-05
0.00015440928092616977
4.170376709351161e-05
5.566893028933164e-05
0.00013789137113738052
5.3737818308753235e-05
0.00014577438939587282
3.068173515017627e-05
5.3120441990068175e-05
7.28991318000738e-05
9.175162601295555e-05
4.947345417150939e-05
3.715895637379503e-05
0.00020437889895975994
3.50370922863377e-05
9.853029757066695e-05
4.172324592881065e-05
0.00011001959363997274
3.6088693220438244e-05
0.00021506031597731
5.831129748077464e-05
0.00012445048623357835
0.0002853018718577429
5.241639948968343e-05
3.0202882903668073e-05
2.9686619617330673e-05
4.937409150600523e-05
4.016354132773742e-05
4.429409679158818e-05
5.815980715704288e-05
4.8883430736470606e-05
4.201437766714866e-05
3.5359966808104655e-05
3.492599282776951e-05
5.561729410658493e-05
3.442782247578124e-05
2.833843411554022e-05
4.624248802117195e-05
2.348101792480253e-05
4.653921816727437e-05
5.6705272435682805e-05
5.2034127645013656e-05
8.718051676171381e-05
0.0001416314132191203
3.354300042278394e-05
4.779142798751074e-05
9.28014245227059e-05
3.938486683728709e-05
3.083311210549873e-05
8.715401969496473e-05
3.0332332210898273e-05
5.536450032227118e-05
5.494389804466758e-05
8.784926610294185e-05
0.00014418093828831184
4.65587314431908e-05
3.554941011942328e-05
0.00017057633688136222
5.011714051295258e-05
5.500056776161048e-05
0.00034849924277795475
4.384837367484849e-05
7.54320330132352e-05
2.616550171164956e-05
9.026268402842154e-05
2.4758707240778822e-05
8.832364636870998e-05
4.5975739132604716e-05
4.278835234352456e-05