0.07833848664809134
0.10275361865501373
0.007913172271700599
0.06161292610743481
0.09463710366319869
0.035615351317578176
0.0702737090403315
0.007057747746409123
0.02231689942865921
0.013035115492365594
0.03575594301150435
0.02060094770069744
0.01689325183295575
0.037703357697379196
0.008266188624424223
0.014034100626842906
0.024224732329022912
0.025401725505275946
0.01657435257475914
0.022342236911717737
0.021253651475980163
0.026114571063954924
0.008051941879580497
0.005509242651703148
0.021616882113490714
0.005858018784631386
0.0234261297389781
0.03542379166176776
0.020035201878651675
0.018057328677459482
0.010507249412558175
0.002703819637220096
0.00430157596622977
0.0017135158473045213
0.01925967995312707
0.00610670608259629
0.008005558783302382
0.007817191035612486
0.0057568709426996795
0.004504882288392639
0.004484000824500699
0.00663298994653509
0.004900931721557817
0.02415745946363537
0.013323894333140842
0.00707886553398346
0.0037057518254030104
0.0077889654500019065
0.007970029216059799
0.011580533324244873
0.011055116237987161
0.005868797585526867
0.013138123973479571
0.0047302542843784285
0.005850171339821105
0.0028583406879281285
0.005123184230048896
0.00704982112978831
0.008053199489171577
0.005909369357703935
0.0034785794668631626
0.004497645977543115
0.007469224695726137
0.0039113267849055855
0.00735923668502765
0.0074538462119524114
0.002309501530977668
0.006193144774873337
0.005085910352154664
0.0025605383988460215
0.0009733618090215108
0.0011919968096383393
0.0030202835104405057
0.0009638517288456799
0.002380816100251772
0.002718445031196463
0.00358455547331856
0.004036109782837324
0.0029994648883849375
0.003061188206531264
0.0032296950986326362
0.008644017803842873
0.0028247643422974465
0.000975512545554148
0.0019009490595087652
0.006674358232653454
0.001118079021166022
0.0007852200922086486
0.0028311588061637164
0.0011769878547179186
0.003754226349119054
0.00223085375675748
0.006110588894944925
0.0017149554107341487
0.001738164995472379
0.0012576344419579642
0.004289889696481904
0.0017470681673581805
0.005012678341693581
0.002627163034426049
0.006092320521165365
0.002581404732577347
0.0014981723357402096
0.00215875299085361
0.013676182000779791
0.004451859527942457
0.002134590537912332
0.0024003200908269805
0.003310106184462934
0.0013490180304577464
0.0030033415355442236
0.002052910331130507
0.000699676973873186
0.002039131344279616
0.0014889798643413497
0.005254184814233265
0.0013212699793035878
0.0027668636127002643
0.0022639198928685856
0.0009837351380555656
0.005878564372924105
0.0017017211894168709
0.00562245098701068
0.0023275588608758046
0.0016098233046829159
0.002902745531548285
0.006017340644114148
0.0037273863634100517
0.002591532810831016
0.0022615517747557124
0.0010941105741079317
0.002062240498742072
0.0055495212569692766
0.002311271293469676
0.001631796592105016
0.002953175303939785
0.0003205045628125892
0.0006137502463545445
0.001997671624152024
0.005671104841358232
0.0019018504942624906
0.005638884548032453
0.0017613675804903665
0.003437468840496482
0.002753308012663024
0.00819009952348202
0.00264798674307996
0.0038469460033493494
0.00044778679396252304
0.0014590959890397666
0.002356569919022696
0.0022298836617469404
0.0016408088068285
0.0011699957680556495
0.004103715496335572
0.0015330159564230213
0.0011712133580582674
0.0010014821568524307
0.0016537146207807032
0.00013182598929461549
0.0011841125330449905
0.0019347091821011633
0.0048565947445333366
0.0018927262808551683
0.001686273359904205
0.001038931630993039
0.0017871194101081592
0.00113569793572107
0.001260580377070745
0.003848416613012837
0.0019169786468335177
0.004134293634354481
0.0009141043648584842
5.619947362934178e-05
0.0032538207908896968
0.001027098465098737
0.003448169295399586
0.005721637603114843
0.0009100851254145496
0.0019992311331815146
0.002036277991073718
0.0011161169548800224
0.001073109301999305
0.002730691740241962
0.0017789364835875128
0.00029922809751532076
0.002696929746680245
0.0029207769501004136
0.002199992140496938
0.0009227950803555994
0.0029568063605284038
0.0012639171027527337
0.0004770707284707639
0.003186952915786738
0.0004954715048366968
0.0021554024550568705
0.003887855832271619
0.0066525166065692235
0.004887198853586906
0.0014804845651776655
0.002855862496483366
0.0016526003817973341
0.0014484487383734028
0.0009391705561324045
0.0007402151756080836
0.0005406435365148146
0.0013304319344836439
0.0028650833344809803
0.000543344867319528
0.0022021010269422064
0.0016103505234194909
0.0006034384188325388
0.0018419625033152009
0.0005372100862548267
0.0013638054364518612
0.0020830601918730095
0.002392491184718118
0.0012447085251014259
0.0017678000477755241
0.003213240792076615
0.0016358111060935541
0.0008896622258546036
0.00311355582753876
0.0006912705271024752
0.0008984562661901831
0.0024209137193260503
0.0007370678716187609
0.0011643942994577678
0.0019591733524602513
0.002495244483542196
0.001704081755051661
0.0023501790951615136
0.005833576164338436
0.0009074031362867096
0.0029938250874485877
0.0012408988487414738
0.0028488484727369648
0.0011612866670902033
0.0008338536040085034
0.0035232901990622243
0.000981422820393532
0.0029570412855016654
0.0007686172880963525
0.0019250690786956851
0.001299525647266785
0.0032530687136509513
0.0011992142200221553
0.001385567044103456
0.00042954304895813627
0.0006446427462191663
0.0035013606777284803
0.0002917772677788965
0.0009111485405279999
0.003296572514131002
0.0017895913598316986
0.001611688978673671
0.0033074390676229716
0.0005748842844688777
0.0015436424279599956
0.002130848078590767
0.0005369910237383746
0.0003899830732278985
0.0014937488480555137
0.0011176862365085052
0.0011309418095845085
0.001934604916101784
0.0012676570563540496
0.0017764078955345584
0.0011688231852448102
0.0014568448950484873
0.0014833685366236295
0.00039564634663974906
0.0025035840244965225
0.00018192481934052506
0.0016764741618740156
0.0018810581943575298
0.0006036550687605355
0.0015792738267037818
0.0010809591925219006
0.0002456373387442407
0.0012851039976965563
0.0007211869146665045
0.0006200568806721322
0.002224792639343457
0.000536811866833311
0.0018409183572435787
0.000795755938735977
0.0004537959118128994
0.0021323043959484292
0.0007018946026550809
0.0002563378154843855
0.002947508654231638
0.002387405876764799
0.0015648401005729053
0.0017571239465173935
0.0013230362461641174
0.0007612055096165993
0.0005673203419339938
0.0022659804471185257
0.0005722549470561127
0.0014509712647314968
0.0013554464068233692
0.0006919244478632294
0.0008633491802915121
0.0005880607022519526
0.00029313206834199405
0.002266669370269945
0.0005971647083134283
0.00044104542281175126
0.0007569239445509462
0.0005729750139572208
0.0005979280783737837
0.0021576732332127973
0.0010163309610567777
0.001548663513224697
0.002065972178510429
0.0014382446773563069
0.0015444058636548976
0.000995798036941617
0.00023979021080452356
0.004261887403035285
0.0018276815168321032
0.0005280469709840257
0.0007611881938584719
0.002624747900473772
0.002205499222129424
0.0012679714678827036
0.0008072533832011718
0.0016237240153228823
0.001247351175674882
0.0006746388748934338
0.0008359019196785221
0.001967791975347461
0.0005320174880668946
0.0010004832913325064
0.00038915533979160276
0.0009021694036878559
0.0007520112458484457
0.0001386742615437214
0.0006256430990910755
0.0018924597672118027
0.0010891096324390148
0.002288541981641491
0.0034419410742818134
0.0020197625369886467
0.0011867095186313304
0.00014141397147099952
0.0007060774368689386
0.0007439967130861204
0.0007850467974471187
0.002731576932650217
0.0003715207751196759
0.0014938672218998133
0.0008173760537518701
7.702524173146678e-05
0.0016971177462475977
0.0017177502078168563
0.0011438050333246192
0.0007897636702426898
0.00022597579770039893
0.0009331504621220085
0.0027843959990121237
0.001381934035058692
0.0005229974793903723
0.00031139469098110734
0.0022128394890316414
0.0016596281566255515
0.0002715402187486812
0.00026833958915409696
0.0010009831059678862
0.001258794253659281
0.0013833852540784378
0.0003574662870608119
0.0018640710761530018
0.0005518532903732857
0.001197883372477137
0.0034284406702296084
0.0006745131825962797
0.00047562396975352964
0.0004970856562697237
0.00323678113103639
0.0009024993973083199
0.0013210423346790088
0.0008055522333523712
0.0012249777997979804
0.00017207571930214359
0.000508249050064328
0.000124868087945454
0.0018001070359863367
0.0013579878407242508
0.0006550805935374654
0.0003076397602885855
0.0011100669590912845
0.00042118578463142686
0.0007369722763295192
8.149439893093149e-05
0.0017059696158902055
0.0015839166750010987
0.0006217490895462659
0.0010761189563593728
0.0006803715450441018
0.0015344862550531627
0.0018200308539484886
0.0006152209961121033
0.0016982692361521812
0.0007176069786870907
0.00185174614898076
0.0017849497179301156
0.00269978039944971
0.0017487051539240115
0.0012093290113230836
0.0008253027623055627
0.0004688257547321465
0.0005340026306052583
0.0007267565388054114
0.0005724882628253202
0.000499978196435219
0.0004818865733738292
0.00018458611504849193
0.0018783664780618995
0.00023715211591240865
0.00027761961019299737
0.0008970808867073619
0.00023329378111743053
0.0006602002333826357
0.0018121878839759493
0.00047305200822775453
0.001364836505277482
0.0018066106472788706
0.0008316907976159489
0.0009206484664285653
0.000884006056389644
0.000776611710104584
0.0016936570500346868
0.0006763084944271493
0.0031593975656514523
0.0011742552941912388
0.0008185159728588234
0.000287743630485251
0.001615007777763095
0.0008444889327317605
0.0006365860463517738
0.0016140321140501513
0.0006017484836940492
0.0008307064861528235
0.0005106424154478849
0.00033609841371448303
0.00013206618658395236
0.00013556358950132715
0.0012174605570151138
0.0009197985170374134
0.0010779749172069102
0.0009925264706176877
0.0008657184385804738
0.0006781326152749797
0.000260086741679396
0.00037865919461469827
0.000259679939358332
0.00017943772542106088
0.00022136125032055606
0.0032173994758193103
0.0010685858298085024
0.0002551497094710695
0.0003540366355142563
0.0004544876582181197
0.0018375429362952236
0.0015238114255006641
0.00018322701806977777
0.0015847358825294366
0.00037509453287993
0.0005719011743361393
0.0005460738260470702
0.00011828312341871365
0.0017257481772183158
0.0006206831548507468
0.0005658990765233842
0.0014447881078594477
0.00018198949057404547
0.00044514875403950404
0.0018820883156007696
0.000326162131378989
0.0005424871250491878
0.00148730140536913
0.0006868275573182211
0.0005110142570874339
0.0008846617924171147
0.0014647636245228059
0.0004245318375092411
0.00044864973396847467
0.0004962381888082685
0.0008167566244183138
0.0009447194400157223
0.0017680918447095554
0.0016668532211689929
0.00032448735492499644
0.0005839389562121637
0.0012863278319281523
0.0009030264545436948
0.0009905709132899344
0.002569556500436569
0.0004449493357915144
0.00047648564949116155
0.0007118254174469929
0.00022200833035370814
0.0010501755952044142
0.001999612672331188
0.0004275163278547182
0.0017780306299031447
0.00014581410094372167
0.0008245253302336809
0.0003561300755542833
0.0005555891272712635
0.0005496515808754085
0.0006966687188165622
0.0005104276170960843
0.0005449743890595899
0.0009622424151382352
0.0013398236089385302
0.0010878898245637145
0.0006539457115450305
0.0006660924533971331
0.00017581091733767328
0.0008652975605179677
0.0002718089275407505
3.978539069435218e-05
0.0006233184548316244
0.0003321579566629394
0.00026938984152681566
0.0012746172171198738
0.00025206567257855925
0.0007146147082117499
0.0002558344760290956
0.00035887846104432796
0.0037581844921616672
0.0001318974188837016
0.00036475196621182124
0.0007290054156383994
0.0005951647949281479
0.0002879804033155493
0.0003569846975226263
0.0004348806828090491
0.0011165723379885648
0.00021177609705545815
0.0001241283019331723
0.0007835804283852592
0.0001859577292437106
0.0006498239189066409
0.0009862675381846423
0.0004886238639269771
0.000637935537047734
0.0011163645640291531
0.00019285306148143574
0.0004744603878515314
0.000998723274404172
0.0008593302945848839
0.00031445526472637607
5.945149559483367e-05
0.00026611644041018727
0.0007120086951413456
0.0004068995995944995
0.000771210476843485
0.0020239788607499427
0.0014622051539097448
0.00030068479674368287
7.400745825780133e-05
0.00023644102749237773
0.0008172545079556027
0.0009665420464876991
0.0002981265541561903
0.0007478021286149246
0.0008969181076758852
0.0002996004947589938
0.0006543807549658588
0.0007878110419069184
0.0001270107482766289
0.000643793659121965
0.0005731391995168916
0.0006364127586880781
0.000497616690022368
0.0004157373389986374
0.00031563153109467657
0.00014339504238084112
0.0002676703226640761
0.0005940119426670725
0.0006480214933867853
0.000508236710184339
0.002201643977684256
0.00041683531146542767
0.0003523181077319383
0.00212633392232484
0.0002988682345087606
0.00013523543280880726
0.0006812001701080651
0.0005256430653204734
0.00016924699889779273
0.0005616406767573639
0.00029790251093503344
0.0013406333808403386
0.0004207453531065464
0.0004493818764564432
0.00026883421529780613
0.0004753167469315773
3.2982095957097096e-05
0.00037781247805829737
0.0011477864231900173
0.00010136471884344996
0.0004443515434791271
0.0006630380023657015
0.0007134454931176658
0.0015419264206966593
0.00015233548056936905
0.0006714009192827747
0.00011939362193293983
0.00022928309611446385
0.0008746961129974554
0.00053690084078686
0.0002524117822144302
0.00016826161637783745
0.0005383709615846808
0.0008962049462604935
6.391370967477225e-05
0.0005072879107715427
0.0004478675710852028
0.0004829824574680679
0.0006608214404544015
0.00015697845702067196
6.998094804783958e-05
0.0008221410738434994
0.001103827462287431
0.0007697225066592935
0.0004441175592583605
0.00044003112221911814
0.0008784328794987676
0.0003533365245894468
0.001291976798028302
0.0012621517062459226
0.00015995258486186355
0.0010521829195818885
0.00013082605279881183
4.385319826017235e-05
0.0006956734687134858
0.0004820347800371414
0.0015892458598549995
0.0003634576492480323
0.0005863450032807184
0.000464131076105734
0.000287201700088114
0.0005841193951735283
0.0010009143677896153
0.0005190698370976615
0.00031606832706479335
0.0004202067034369551
0.0009667423451619389
0.00029646676328495597
0.0005794007392522031
0.00041177985300580225
0.00036341471571556966
0.0005680052691539784
0.0005306518487854671
0.000715377182305393
0.002006604340588059
0.0002751783153865798
0.00019858768490920182
0.0003761716447574311
0.0008180237166552529
0.0010879484657877858
0.00048595679521493866
0.000293463824039661
0.0006333697524230629
0.0002368873713163122
0.00045282538250677746
0.0005113134026175756
0.00045714360881426487
0.000559760309311929
0.00016256957901979047
0.0003762498906091967
0.0006932325034922507
7.258433668204907e-05
0.0007710612273174755
0.0001631409817616659
0.0007583655533740527
0.0013761072179115353
0.0003232263928778212
0.0005101483596564123
0.0007800759760858244
0.000741246430286921
0.0009214770346844699
0.00043095834611697536
0.0002746640784390003
0.001264742297405291
0.0003122974946621289
0.0006314030866989471
0.00021195700400171297
0.0005647654396025555
0.0007769734472859346
0.0003341373290514868
0.0013738109831175982
0.0003214895572066297
0.0008934912226032504
0.001054864247942778
0.00016320665698310978
0.0002961886068820752
0.0006372957544371971
0.0002875925066724439
0.000566809301526011
0.00046067395692313604
0.00025824658700329434
0.00027421843459218674
0.0007854529401117773
0.00045520814302919024
0.0003296118840025189
0.00020066729084014962
0.00011004054209178347
0.00038499865456523145
0.0008591918518099967
0.0007392573210778299
0.0004481217986215914
0.0004274326696531107
0.0003555257888377094
0.000657433026741981
4.147678813290202e-05
0.00029599294083851454
0.0011556095319733362
0.0001738170813749048
0.0004958638612398151
0.00021675760366141668
0.00045319265796367074
0.00026141330113957633
0.0009888353739578952
0.00047084334026471216
0.0014557230001548322
0.00028265038724231375
0.00026575543780148805
0.0003292050429542051
0.00020289376046507646
0.0004640133603385764
0.0015781917789912192
0.0026864982799183154
0.0004489943442738161
0.0004270528413448369
0.00030729104073032114
0.0018605139658038016
0.0007045478803449937
0.0007216373015963156
0.0005151939209507917
0.001550289723213872
0.0003924972165026651
0.0010397917876972787
5.728778400899743e-05
0.0002762489631314545
0.000960290953407822
0.0004901581425578729
0.0015026372683980523
0.00021610284353167973
0.0004850559518900522
0.0005138444594643153
0.00033906631294219013
0.0005628245166337966
0.0007465108339401845
0.00028601357096930705
0.00014174995385988153
0.0007059705514511226
0.0001675280461000009
0.0006784633435747956
0.0019413147610821118
9.697459273148194e-05
0.0004652218104402235
0.0005528608303525497
0.0005111941353485164
0.00032913321380038246
0.0008692248182972368
0.0007544359511813257
0.0003472795288899233
0.0006576751961180129
0.0002958333197088342
0.00020381642362305387
9.343580893869319e-05
6.802467356544185e-05
6.349884034017626e-05
0.0003397623905105407
0.0006717009916050456
0.00029452458881262447
0.0007376006846045124
0.0006618153644025987
0.0007293756708557019
0.0001913017289579448
0.0005184443418581082
0.0005377655294524542
0.00018584834084399272
0.000293010930515255
0.00014922938063512836
0.0004604846624623102
0.0009968499425106628
0.0008587564824804178
0.0008242043622803251
0.00046177090422009893
0.0001827960312170881
0.0003839881553604343
6.949006400083323e-05
0.0001977777353286726
0.00014800638237566285
0.00017270639999505234
0.00019240521945154216
0.00019407978610191219
0.0006842092447554624
0.00025684990271860735
0.0004902927471644047
0.00027679706503760037
9.327344438273238e-05
0.00033334732966504136
0.00013776917746141846
0.00014430540539088138
0.0002978703773328597
0.0004402744574006256
0.00040389633817765124
0.00013683101833452928
0.0005173186721746897
0.000458061169863056
7.17038636444977e-05
0.0004529033048524914
0.0002310012797840347
0.00015723607513369896
0.00016818085968325227
0.00011603184237719407
0.0006520239297012387
0.0005212832647760124
0.00011606958411056123
0.00030686142178403664
0.0008081809544281773
0.00022848749410175724
0.00028804729527841743
0.00015081798457459224
0.0002132074518763737
7.98840762117937e-05
0.0016109841384753765
0.0019685251785505086
0.00043059542293910326
0.00023603111330069304
0.00021056999824271174
0.0002273560808638249
0.0009627367204954497
0.00022166228014615713
0.0004737190918298712
4.8100623236930756e-05
0.0013457268358311647
0.00033247098027004913
0.00023986286273329418
0.00012911504127770845
9.068492086593795e-05
0.00037195696738422936
0.00027358291022417665
6.669001318709916e-05
0.0007224092940830311
0.0007533241397995819
0.00045821577483475434
0.0004665982668459419
0.00034031878674769015
0.0008689653422009438
0.00040931400734143625
0.0005356502814647833
0.00030291967500203784
0.000265841003523933
0.0010105746069351104
0.0003733101009685866
0.00022283304533781214
0.0003619678957002822
0.000331349878070851
0.0003726327551749034
0.00031847811595131975
0.0009504351268251107
0.00044045349609677384
0.00040187558349452765
0.00022268477236656015
0.0004138102637523997
0.0012312617429938004
5.9401285692623776e-05
0.00035683952162562016
7.068423302632824e-05
0.00012428997963872095
0.0009276203930663604
0.00034038327556313143
0.0001339207522114403
0.00048525631410372794
0.0005266671369763179
0.0004869523123780865
0.0006576078626187878
8.74606963984881e-05
0.0006573993210821723
0.0001384805503969975
0.0004818532142975286
0.00015322344953602545
0.0001337872298964525
0.0011384900225883334
7.360561037859245e-05
0.0010127862524936457
9.326555143247166e-05
0.0003710638226474663
0.0006194821682719593
0.0009775909551273385
0.0010467134533591396
0.00034425526564971356
0.0005500748266225879
0.00021386025360975954
0.0009519099957114257
0.00018696759541349722
0.00011237487447932027
0.0017541638094964727
0.000895114656091547
0.0013687728020617903
0.00043833911759741156
0.00041335614292994856
0.00018336667425852902
9.757669538444973e-05
0.00031912943576913017
0.0004971574827189752
0.0003038195771273079
0.00040970265117764557
0.00012003965523384004
0.001622355486769077
0.00016468423983199108
0.0010126977801058715
0.0009424184108011002
0.0004740872669995047
0.0002414091023552623
0.0003447087298233499
0.0001298401012088756
0.001629011170576204
0.0005671619010254752
0.00012705639529799595
9.287784555053928e-05
0.0015254424853004967
0.000355102992579109
9.02317131569037e-05
0.00043627853273377806
0.0004393108054484633
0.0002443578052027211
0.0002892260516163292
0.0007118893419047426
0.00019319172711229835
0.0002733322859608296
0.00015697515728425139
0.0001979425461164607
0.0005069622679438183
0.00038359015889057865
0.00012814430507354424
0.0004160348676999345
0.0002500402654659922
0.000784584200216762
0.00014952073114778193
0.0003092098566439261
0.0004613483628358887
0.0005775754541847127
0.00029161923931743215
0.00046950515801654993
0.0004479627255401883
0.00014319114038662556
0.00025782299141566365
0.0007419421611020479
0.00012012872114000908
0.00023735121223543456
0.0001397826799679291
0.0005312228872955612
0.00046772694098403046
0.0003839679399828509
0.000290351383716761
0.0005144475736310748
8.797719652923856e-05
0.00011115016913172656
0.001554512680415621
0.0005801194761014375
0.00033478587744447796
0.0007031252465848926
0.0012874269002069365
0.00013280322472522348
0.00022499958441039457
0.00032605842631440847
5.3810616317726416e-05
0.00030079238765465634
0.0006963501089130898
0.00044580277964358214
7.803347979696242e-05
0.00018103299168054375
0.0007992690133923719
0.0003651981833768776
0.0009761296914521655
7.667832308608499e-05
4.164238469178638e-05
0.00022253807724617638
0.00035153484803135887
0.00020757560173287286
0.0004995461195313331
0.00038785126408277386
0.00023351257096736574
6.614302538075496e-05
0.0009174472347078154
0.0002574221747624442
0.0010700627542355498
0.0006323618222157233
0.00022793711894029497
4.726131029262826e-05
0.0003268744337582558
0.00019124719288653305
0.00014079499287763346
0.00018879414724102509
0.0006116694620490798
0.0004958797683489855
3.628679984041997e-05
8.799877505137905e-05
0.0008210304732513759
0.00010415901023218653
0.00010574373921100333
0.00011850965912424447
0.0007242578584642849
0.0002454856142313996
0.00015057449789563854
0.0004206310751691969
0.00027838159470551884
0.00011512542924726316
0.00032711303058554036
0.0002453016810859959
0.0006110742657720662
0.00035199187286425566
0.00033990221616552363
0.0003537854864936964
0.0014823083993106177
0.00025277477692120905
9.150553228172411e-05
0.0003242925682741899
0.0004154288369591351
0.00035162932449768735
0.0009591979419127272
0.00015283549310934796
7.540064978216291e-05
0.0009125372274949287
0.00013343800607149952
0.00022819556392727618
0.0003896277047911367
0.00019091349501643197
0.0003435771224994847
0.0003929879751880346
0.0007667023427862169
0.00015873270399527302
0.00041162155239962895
0.00036429611445741117
7.329932108461762e-05
0.00028724222403487285
0.0015438814875929371
0.00014665571439967685
5.6669670860723055e-05
4.145517588295719e-05
0.0004323735162195646
0.0006396978929580601
0.00018048155931514568
0.00019632138777612423
0.00018898333032320972
0.0003100556141427901
0.001075237820156755
0.00029068988565080075
0.0002848491973849228
0.0007383307835702629
0.00033885521023944987
0.0002757985976080408
0.00019467169613109723
0.0004904653113949438
0.00035894078904262266
0.00021574011759603094
0.0003865114855515027
7.607530866244455e-05
0.0006145027815920782
0.00038765634085436497
0.00016210834584480635
0.00035375179023094906
0.00039973587749556636
5.916233606219458e-05
0.001022923916590385
0.0005065547729923428
0.0002077504663529428
0.00013827146739877163
0.00022532659667472894
0.0006067973384791854
0.00017356195221165024
0.0006429421173637419
0.00020797667985698483
0.0002276605437409865
0.00021339499405922558
9.025756352146784e-05
0.00018214982263380642
0.0003645497583727053
0.000186442355737746
0.00037204826299309024
9.966673542690844e-05
0.00011356031069114775
0.0006327823758350117
0.00011035388492116306
0.0004749973049100509
0.00023177042881714592
0.0006217343182594545
0.00016774612563304946
0.0002263214260268058
4.085328557224434e-05
0.0007071101931327017
0.0002808452280787295
0.00015795115227365563
0.00023627218948747892
4.352610496563272e-05
6.692753708216283e-05
0.0005051024034390274
7.246266384337289e-05
0.0003107030209864861
0.00022200234607675127
0.00045953190705652684
4.1009644470155566e-05
0.0007834150104521367
0.0009274237238671144
0.00036408138970268504
0.0001908403127782518
0.0003161647812516712
0.00017064153132491283
0.0003586222945698525
0.0002856589776256602
0.0009967083758747554
0.0003608200574241141
0.00010156840804513199
0.000177739696628035
0.0002040765836250176
0.00013822580677807928
0.00021579881885901305
3.844908672300081e-05
0.0004117815993884017
0.0007245797563593364
0.00014707944327523926
0.0003421992183437501
0.0004897262739051775
0.0006737291892657632
0.0002555164991097379
0.0002784784638343249
0.00024045446641976143
0.000468264161281259
0.00016157403047952377
4.019740019439068e-05
0.0006203576311112032
0.0005945508715666346
0.0005615825879984968
0.00037512418713409127
8.004329617876397e-05
0.00011595361599073633
0.00040071350033386453
0.00011751352807985534
0.00026365565257533845
0.0006975883952364988
0.00019592617336994936
8.362774939940313e-05
0.0005739691508320699
0.00013297053844072305
0.0004362640930065299
0.0009237646818311564
0.00029151554092771473
8.337378829461802e-05
6.138485287688761e-05
0.00020097041141893348
0.0004019173368317581
0.0002646998487182231
0.00019120738353804644
0.0001367333024959505
7.300497602782491e-05
0.00019250546336103554
0.00026344701950109566
0.0010680862448595625
0.00014871877025709232
0.0003539511161369471
0.0001440665172306174
0.00014608000361767055
0.0005991064886253053
0.00011370109023359562
0.0004373831196548812
0.0002833252558227007
0.0002654618033059782
0.0007008615738797229
0.00014916150827567
0.0003563482728637251
8.843751968076535e-05
0.00023760867244942955
0.0001622282913336115
0.0003419403568488804
0.0003521933404519197
0.0001746970783196499
0.0003728616597758831
0.0002771212657740665
0.0002350479647456347
0.0001621234877481123
0.0005609969929619004
0.00021146950419850683
0.00040605106401646963
0.001347095842658339
0.00046509882600446106
0.00037137575500040135
0.00036284872045079964
2.9782902713085174e-05
3.750542136052609e-05
0.0004323567415629132
0.00030928753338339837
0.00030450615337932315
0.00030823604934281844
0.0002131046756501145
5.207238358563138e-05
0.00018104907595897662
9.56480636741506e-05
9.418876862271493e-05
0.0005637234499940123
0.0003617274292934727
0.0005873986186560543
0.0008882458459674192
0.0003708758979714867
9.372965011500412e-05
6.433348088878326e-05
0.00027235232731653337
0.0003918514659745573
0.0001238109410324003
3.802680809866902e-05
0.0011417986087231605
0.0007814894214365005
0.00023663698798430776
0.00021857188842637512
0.0002227704779182657
0.0009164112310654326
0.00018021428366180725
0.00027893140807065594
0.00012485980579698866
0.00023410773804916695
0.00018487781009694762
0.00014668234373198805
0.00019238490042679753
9.34112867910315e-05
0.00022964235201691684
0.0004838203572594165
0.00013679241279213205
0.00010323630925820672
0.00018302437539276784
0.00011171355370059558
0.00025601834269495954
7.322105686922456e-05
0.0003607939154028102
0.0003926007628917517
0.00012733011680078282
0.0003243871564958652
0.00012201691774328426
0.00018360637746924356
0.0002494796485424253
0.0003786010680195338
0.00011262553157005836
0.0004773490264429093
0.00020732242433867302
9.191603709206816e-05
0.00018863736956974733
0.0002710445745210953
0.00044377554315572324
0.0005709823814074846
0.00013485142704024284
0.0002552056509850961
0.00014752081772071918
8.817652453080755e-05
0.00020154767720155807
0.0005634037459538719
0.000271399032124508
0.00010476104547100172
0.00041482600446981376
3.389349683190996e-05
0.0005229634303332753
0.0002024106599250902
0.00015026063888703644
8.03301040018853e-05
0.0003904766417514576
7.21547950144563e-05
4.5686841530125914e-05
0.000516075301187243
0.00036234552430651235
0.0004104489334479839
5.361855470224814e-05
0.00033323959648321085
0.0005355993938037662
8.168723047095092e-05
0.0003289738802426607
0.000557201724981625
0.00019938151370231912
3.4803641904756934e-05
0.00010337197334481123
0.0002782163721205913
5.0049400881161554e-05
0.0001657650467999509
0.00025796679994342236
0.00020733199295197528
0.00018893706144316018
5.6671556553216904e-05
0.00031489216961711104
0.0002058248945461485
0.0009387513448210446
0.0010035307876139728
0.00018754038292575635
0.0003625707266160198
6.542224383711399e-05
0.0001879015912944157
0.00014342989787976214
0.0002610953815429357
0.000565378610920383
0.00016446517709555695
0.00021364116477231448
0.00032514680848587385
0.00019319452395839443
0.00022127152528154492
3.25317785839518e-05
0.0007419724748873159
0.00030438712603001887
0.0003113358550389422
0.000262774666736686
0.0007205533644726464
4.9404493668691575e-05
0.0006272942607102696
0.0002040231578669754
0.0001300151727722218
8.832695113646743e-05
0.00011555723249270604
0.0010342384665718736
0.0005020071827873144
0.00032191039374027445
9.117001148416709e-05
9.384884103109695e-05
5.535358605228431e-05
0.0001394375489840554
0.0005249357165760526
0.00033179715419414947
0.0006923391886946871
0.0001366302479681539
0.00035549521120228336
0.0006213724669770872
5.4640291055415885e-05
0.00012217755916327038
0.00045961283295400214
0.0001549756157892565
6.63077826133663e-05
4.9426360663657445e-05
0.0007832863946997217
0.00019916372648067304
0.0002883525033667225
0.000689045702201404
0.0005805874871426499
0.00016325941330255133
0.00041646085353550373
0.00013046715303925867
0.0003214039425992698
0.00027537566793780496
8.972778531346969e-05
0.0005743348338061722
0.00015423177267674662
0.00010659529100880372
9.915471181007608e-05
9.674858530970658e-05
0.0002776274750365758
0.000120020930203665
7.849464260741487e-05
0.00015908147734801625
6.183315817876115e-05
0.00013529537780097804
0.00027808007341045495
0.0001390307384679235
0.00021230095497351954
0.0003631043601663987
0.00013485027605694586
0.00024264813183193964
0.0002449514043943182
0.00023996609118400695
0.00021658195383885068
0.0001707423382397085
0.00016486916967068922
0.00014308067423600645
0.0002046520086365634
0.000275740518858061
0.0001625581520324376
0.0003347990912582217
0.00012977185613305146
0.0003808946466335947
0.00016447390892700443
5.5358562040921874e-05
0.00016262137986736456
0.0003494210089865752
0.0003823308751229533
0.00028429200029846113
0.0006619116491851099
6.82462577157404e-05
0.00032454344181606344
0.000211382160060168
0.00039676266158524285
0.0004163019450303219
0.0002823726490856802
0.00040108537303809057
0.0002699862017952239
5.1321852760221526e-05
0.00019313964488621135
0.0008102959939871211
0.00025119482639406277
0.0002656203757677277
0.0008553050057589942
0.0002712577387148391
0.0005019873245194913
0.00012882325017097952
0.0009332749043167951
9.784424454717387e-05
0.0003658828742374466
3.970381613147407e-05
0.00017518187480105186
0.0005665027398043044
0.00017937243999494002
0.00011178256072118798
0.0008525364711109538
2.9003508508815537e-05
0.00016951925699183236
6.111110631747554e-05
3.4873965171211016e-05
0.00018398495106240637
0.0003804656303514745
0.00011483062459978591
0.0001008061972437002
0.00015171328793639387
0.000236286341947447
0.0004348146838387441
0.0004984693420119087
0.00012384232453513004
0.00015900359902191143
8.034360437032549e-05
0.0002170723205689866
0.00015262236037558082
0.0006436578042578224
0.00012517340402562615
0.000189129793861743
0.0007295045919542242
0.0002834626850278919
0.00018098169167657656
0.00016800157042889857
0.0005560297319311977
5.0578912902778555e-05
0.00028500678420721623
0.00025914723579698344
0.00011819750125557629
0.0003590279255453941
0.0002013203908259067
0.0007314688901632455
9.417436081083551e-05
0.00011812122847608499
0.0001850910355372877
0.0001058503336008918
0.00019896577835864642
0.00017214591291656427
0.00037141886548785894
0.00031712859522470917
0.0008981897034966172
0.0003056195604348578
0.00034644385761777773
0.0002008412773535005
0.00015226133489660188
0.0004166939537846318
0.0001321995081733142
0.0005465283001824817
0.00011166456926760153
0.00011921703420407766
0.00032300113144420606
0.00023949663726697827
0.00037552059494134446
0.0002168568112206501
0.00010923435462336228
0.0002209786915528601
3.858765739828885e-05
0.00025726661556826127
0.00010683072745583544
0.0001549362248983288
0.00021039009528736393
0.00018299133891059753
0.00024012860324939324
0.00020213929404000792
4.9045162124807925e-05
8.234585020957921e-05
0.00017192910543712163
0.00012731298092505527
0.00019485647879535856
0.00010790655078789842
0.0001673342076950282
0.00024094570290179512
7.053333579369215e-05
0.0004909789178130607
0.00010796313957943647
4.786481837223494e-05
0.0001938662646210268
0.00029465577039700824
0.0002407530368683076
0.0003063904583652222
0.0002649799736182368
0.00026730950309770285
2.3966590596399792e-05
4.0151567076439316e-05
0.0004284459972111213
0.0002786363840041477
4.4585739381905955e-05
0.0003415375251248256
0.00020902794986803373
3.867494725989864e-05
0.0007894388702746453
0.00037666629397316515
0.00015015137078735767
4.6573763560983216e-05
0.0002861394366671526
0.00033036889414317583
0.00012275030829477388
0.00018483193602178758
0.00013671240991691388
0.00021201403630217652
0.00021539341749336464
8.745825996713574e-05
0.0005414910187733666
0.0004013006354885714
0.0001767142299539102
0.000250098682698819
0.0004507527891031204
0.0004648919383396973
7.052371743709973e-05
0.0002884150943433434
0.00020976583268258992
0.0001074370871541908
0.00023221655172709293
4.934743448804801e-05
9.030671918192754e-05
4.677065545206004e-05
0.000322531112363779
0.0004635197822542512
5.528266947265098e-05
0.00014506956474770916
8.072679101996014e-05
0.00017866044628735633
0.00034304652641008784
9.183870473679144e-05
0.0001732286502262206
0.00015505447678452108
0.0003672932619664977
0.0001670194261515448
0.00033822747974324543
0.00023634721841755873
6.88583606879414e-05
0.0006538215469870423
0.00026509388207835593
0.00010598001465273749
0.000272383063489774
9.462567476993129e-05
0.0002780010089035857
7.146778763187884e-05
0.00027521070706437283
0.0003596020312073846
0.00019115046133842537
0.0008071384636062071
0.0003497587978613357
0.0003865764470921715
0.0005633412430992571
0.0003274584700860816
8.726955798129167e-05
0.00025846830859856655
0.00012243892386032296
0.00020978961299713707
0.0006054744407573198
0.0003246100545940905
0.0002676394377647196
8.992479534268298e-05
0.0008227427317250403
0.0002113377204184301
0.00022900355585686702
0.0001076441346355027
0.0003246960442427371
7.895995530753318e-05
6.762151394610801e-05
7.561798158918613e-05
0.0002531929971549917
0.0001011050235953926
0.0001854509493498371
7.271077115614445e-05
0.0004863978534720744
5.362447715284225e-05
0.00019544586929995858
4.2866840495871096e-05
7.3631356999406e-05
0.0002935908703102586
0.0003371612762606461
9.45819433794591e-05
0.00023029847695195716
0.00022281000686609788
0.00033467672151570396
0.0001317840632263629
8.370138685981868e-05
0.0002889440691244802
0.0003107083530225274
0.00012700140839389405
0.0002908841534368223
0.0003390554156825441
0.0009180737069779773
0.00020880239522237461
8.618827359658542e-05
0.0002737146092359775
0.0004422252603218365
0.00019635416405155883
0.00011648869682239244
0.0001404098527471019
0.0002396837800777766
2.55764884737924e-05
3.1070631985481674e-05
0.0001904170043416275
0.0008879093463546499
3.278775900774849e-05
0.0002426759326685651
0.0003182976723351295
0.00015297812661846364
0.00014062639771745053
0.00013729555838742384
0.0002898340797798215
7.208519371995406e-05
0.00012644871779384994
0.0001519680281195451
0.00018159025022252377
0.00018098556272752461
0.00013083380332434093
0.00020980154259200504
0.00025336979984625973
0.00038706161038235974
0.0003061728525523372
0.00019021278851718868
0.0004347682143747369
0.00011668160427929688
0.0001470780592502673
7.628792457412989e-05
0.00011035497629272015
0.000299878682685443
0.0001646271767649828
0.0009907629742282125
9.643408126184055e-05
0.0003195152461854858
7.231581820682995e-05
4.264380407581491e-05
0.00023036742449360876
0.00048158525951887376
0.0002263917748772248
0.00019848210822339383
0.00026754995816923125
0.00020494700895944972
6.103537504169532e-05
0.0001661224571271076
0.00025703778057796126
0.00011858403353180941
0.00030813626208081113
0.0004297870702619918
0.00043782045977150484
0.0007263327487668158
0.00017146059093248522
0.00012236213837944578
9.881060912626715e-05
0.00028159558130754706
0.00016165530433996032
0.00018537611287228005
0.00021782265633347358
0.0003166358582890002
6.78270620480803e-05
0.0004741042444537885
0.0002712474111702387
0.0003591469988323338
0.00018841223707139357
0.0001645834745268738
0.00017997871160606912
0.0002294990870145334
7.264661199407908e-05
0.00014374519767554805
0.0002125193606742126
0.00015517807874944112
0.00019481547874709393
5.229879018813558e-05
6.145803486016283e-05
0.00015323158253595845
0.00027396172962454744
0.00022925979097357559
0.00016314562263555264
0.00021910347465734593
0.0005179907874603438
0.0001684956763371096
0.0002799828367026236
0.0003329710274385089
8.083215298881706e-05
0.00014949203827453088
5.2558941516001536e-05
0.00023341172999189104
0.00027255048701389133
0.000438107935512508
0.0003060384237165626
0.0005403732393699024
7.016405691295935e-05
4.2439841135114e-05
6.147781157886705e-05
0.0003724779060050145
0.00023374817154471098
0.00016375248557562084
6.552118940632964e-05
6.0265847739765423e-05
0.0002359416440006061
0.0001070263622863704
0.0004426612649052767
0.0002140809736782015
0.00015056445409478944
0.00016870426934913652
8.190727802533473e-05
0.00018041393524070358
5.7000721823813764e-05
7.206229300214967e-05
0.00013092523627840892
4.866688270690219e-05
0.00025098709589826474
3.0574655881876705e-05
0.00010518242132781057
0.00019239138073412582
0.00035157106868241144
0.00015142243109379178
9.342807842028654e-05
0.0002035699442525555
0.00014169596696713175
0.00023074317772342403
0.00030602142336447587
6.278267568289976e-05
0.00019650409152403774
0.00018390437307831307
0.0001668725354968478
0.00022458927479834253
0.00023537115849662417
0.00034327747109980084
0.00012515184720728365
0.00012932087290200278
0.000615319155441933
5.875891368627613e-05
0.00011427138886159514
5.617911499000085e-05
0.00011675262372383165
0.00020767968325431348
6.922986270133871e-05
0.00025279466113103407
5.948545888265601e-05
0.00011537656138002118
0.00013152260102160715
0.00018061289546253024
0.00015601623977226962
8.4370440924905e-05
0.00011210824567250444
0.0001236421460848366
0.0001644877786060238
0.0003306747730789863
0.00022685804071445183
8.348043331069048e-05
0.000134351272037559
0.00036978199705218345
0.00025495527357421484
3.562251029475752e-05
0.0003212242705193781
0.00015461576030244818
0.0001203485294154542
0.0006313981254071908
0.00014122661020811434
5.783706094267427e-05
0.00022302906683429553
6.802421134260841e-05
0.00017704023856308647
8.683360249760892e-05
0.00018190194812737172
0.00022326836375278114
0.00029344216151485763
8.874976635413655e-05
0.0009704587908455106
4.0902372208309295e-05
8.090893865591481e-05
0.00016483037375263207
6.09136285265071e-05
0.00021738090723649625
0.00021304973769257056
0.00010813283030833096
4.343929076641342e-05
4.767778843161362e-05
8.458853558482703e-05
0.00027031476428885433
9.450334074968398e-05
3.743946960362792e-05
0.00013794951979764303
0.00028662680330766496
0.0002495769974885117
3.67148461759195e-05
0.00038369592394777666
4.421984038626241e-05
0.00011916487622253282
0.0003566541734405901
0.00017228828843623279
6.721591017051197e-05
7.006282371414722e-05
0.00031278239883068246
0.0003087238745863124
0.0001578642731529045
0.00013316014720647542
7.994349117555005e-05
0.00045830290721729305
0.00011645645765597946
0.000527197255970152
3.47748375379864e-05
0.00015634925434732702
0.00048703401467979336
0.0001247361613392865
0.00016070351969468076
9.882372862595854e-05
6.554047431628793e-05
6.422589272366168e-05
0.00020337627203673758
0.00014004015628575877
0.0005862149213686268
0.0008750215573961781
0.00010817309695537611
0.00015355973721404057
0.00011160735572084402
0.0003976964091491313
9.842220165886646e-05
0.00010391899506050989
0.00011597128805011787
9.67667218559199e-05
0.0001802318943046308
0.0008548993644272414
7.617052849152006e-05
6.975323268139704e-05
0.0003738369993289394
4.3928197491977325e-05
4.229677524342404e-05
0.0006726078396130088
0.00023186231795968982
0.00012097365127448007
0.00035897704290087194
0.00019899730907190134
0.00028372078518549567
0.00039425971075134357
5.915969553695852e-05
9.006305506807798e-05
0.00017293154299558556
0.0002167696863177896
6.631665423996095e-05
5.166986476410438e-05
0.0002886816003313002
0.00010263499803402625
6.445288017344566e-05
7.118970783596418e-05
8.256831751558692e-05
5.845658929058267e-05
0.00016397221125993765
0.0001142352715866116
9.209348685539323e-05
0.00033676521147218345
0.00023121232708228176
0.0002105827722446138
0.0001332994838243625
0.00028302609618291517
3.76098182235767e-05
0.00016031632598408787
9.902796516223343e-05
6.556244810731191e-05
0.00023414200284115072
0.000359711862897696
0.0001528642145954178
0.0006671787200060966
0.0001891736032589205
3.5834478398556795e-05
0.00017065690176586856
6.923361570492203e-05
0.0001430153594041434
4.8024565803142226e-05
0.000418361469725871
0.00013077338398035903
0.00028685636151813053
0.00012153317257353264
0.0005348007606124962
0.00010004923545066322
5.906171321040968e-05
0.0005423436149875314
0.0003702981131342935
3.8035492412870615e-05
0.0001372762482973967
0.00022227060077418105
0.00015487450826200726
0.00018580787371779927
0.0001407311652028558
0.00018413865903288572
0.00012395847734951763
0.0001610046175631085
5.041422081545362e-05
0.0002553842465585734
5.706578827478871e-05
0.00018238807721170084
2.939605942025544e-05
7.991493027789749e-05
7.124862566953018e-05
0.000210284386624243
0.00010327815064695956
5.091708596876888e-05
0.0001815003764213101
0.0004100291914899686
0.00043079643106932027
7.94608142024413e-05
0.00011417374855946588
0.00012090300133180183
0.0002608559108700856
5.6565741595470266e-05
0.00015159812207955688
0.0001998086343031636
0.00011743984486297076
0.00013722857282686508
0.00019087107727426499
5.372110962426796e-05
8.966575738496971e-05
0.00028865532588081264
7.4802764919807e-05
6.917488527333296e-05
0.00017263502668319084
0.00019029546359813004
8.116446876833468e-05
0.00011321325638375291
3.0104334395227994e-05
0.00011498167724209775
6.984056028551501e-05
7.278028248893406e-05
8.551604212554185e-05
8.206251959785426e-05
0.00023162995388179553
0.00013619061479702244
0.000319592667399585
6.51329805107736e-05
0.00011587787746553497
0.00012126668015113324
9.204227190244253e-05
2.4806296559343732e-05
6.790036482486399e-05
0.00031514080287594465
9.073080588815326e-05
4.2264656049323286e-05
0.00047211506292443617
0.0001507155738604129
6.406324079524686e-05
0.0001942853137716068
0.0004676224695645149
5.394861155843095e-05
8.27310053312155e-05
6.057832475765833e-05
0.00032521454283192903
0.0001272986468797526
0.00011856374785923298
0.0002158515059364293
0.0001341289624445317
0.0002574265974621046
0.0003553623603027233
0.00015238428396636017
0.00041777192976013016
0.00026688678840175467
0.00012186475894235134
0.00021519719494421502
0.00024123061718569946
0.0003289660826303671
9.886327700121239e-05
9.174799478174773e-05
4.026559853768244e-05
0.000249615775928316
3.756964818504518e-05
6.058076352070833e-05
0.00017822428724511275
0.0002514592773850796
4.478151832698174e-05
4.935010742488166e-05
0.00021794310018854413
0.0009427415695302134
0.0003591690736256255
0.00025707573610614755
0.00017480176010101816
8.421398235754897e-05
7.364253717721445e-05
0.0001343025429950076
3.7098043926449124e-05
3.137762392131856e-05
0.00018818731566624212
0.00020399375406787663
0.00012228639249759602
0.0002473734842304485
0.00023981178183886593
8.82219707041592e-05
0.0001274736673446446
0.00024356850906565752
6.759171872770433e-05
0.0001433218628433204
7.932795443522349e-05
0.0004936154770323969
5.488591773794862e-05
4.1977989418683114e-05
5.672909393318702e-05
0.00010869193748289956
0.0003849156895576477
0.00036893013389760015
9.78281792440789e-05
0.00022580866497177795
0.00020793834124128652
0.0004477720009188896
5.2625853502107726e-05
4.3595407534749015e-05
0.00013046465327279236
8.552044469615926e-05
0.0004927355212242467
0.00029702981068953116
0.00023213580361058033
0.00018121362299279987
0.00030108272517354837
9.302374135137834e-05
3.496342445913214e-05
0.0004895306925685439
0.00012732719658212465
3.696608568589964e-05
4.8649462895828386e-05
0.0005569031085601868
4.347717839971048e-05
0.00010314653493366458
0.0001534261632167232
0.00014630193028566973
7.555182401784127e-05
0.00018234180752713642
0.00010610629058123432
0.0003731211639356924
0.0003189894815957433
0.00010956656282601903
0.00033926310856018354
0.00011638001241824567
0.00021323340881076335
7.861838659357681e-05
0.00017173112941397351
9.950350682723155e-05
4.217289847668777e-05
6.447849532698813e-05
5.9349600947270215e-05
4.945129702220247e-05
0.0001089187223661852
4.570296362928228e-05
0.00024407605713208216
0.0004003497398228561
0.00044014351445586315
0.00010979394700574864
0.00016034107348195114
3.123542685093203e-05
4.497883858342826e-05
0.00014946051027950097
0.00073430978462642
0.00015879392556201346
5.5820126710505435e-05
0.00018569681064460508
0.00013236708928624722
0.00010738896922145542
0.00017392996524624572
5.112443522570232e-05
9.839754328761559e-05
8.614733147988235e-05
0.00023781560541641237
0.00032632200642961567
0.0003176534309546113
0.00019753363209565748
0.00020777707733319115
0.00013462905137385687
0.000215135055782991
0.00012139847046447259
0.00031485294267935576
9.40598210849519e-05
0.00012225450708742777
4.871900430392145e-05
0.00010370109823902752
8.44325727243918e-05
0.000262394195405207
0.00012028761638451432
6.0142893688515675e-05
6.18602784327986e-05
6.293511938445797e-05
0.0005749548574320486
0.00017247623114804357
3.314809846494777e-05
0.0005967821006975222
3.3299517101046275e-05
6.826845252290885e-05
4.928312992845815e-05
8.786991620346281e-05
0.0004453041960024203
0.00015593540107841305
4.861979441727231e-05
4.871133211919795e-05
0.00021494738018107537
9.622405506460151e-05
9.984524178748991e-05
0.000209480499303887
0.0004354332479691378
4.296372890754997e-05
0.00015932758467676088
0.00011634192791047308
0.00010978833901693064
0.000230852681298718
8.129067168633274e-05
7.006047630867915e-05
7.51670551302555e-05
0.00021303671252819923
0.000216589624886959
5.0231587732034516e-05
0.00024374708453550072
9.93264110775872e-05
9.283504964931603e-05
6.4457926485617e-05
9.249019116198338e-05
0.00014531002726839707
0.00012314482398140562
0.00019155930381481914
0.00011100308602090887
5.30835284520841e-05
8.984329091345403e-05
6.134877657674454e-05
2.530513360369218e-05
0.0007976666906174797
5.6346873619852375e-05
6.463222595316459e-05
0.00011069106546899927
0.00018138485691804643
8.73822605475073e-05
6.160599414725655e-05
0.00014747194254128925
0.00029620461312791194
0.00011564168803642696
3.3240166784103645e-05
8.511225663541044e-05
0.00017428555742583803
0.0001667433899882801
4.84214091919075e-05
0.00011401600689836397
0.00010613890405903608
0.00037080360533425734
6.178104684225085e-05
0.0003057957193440253
4.86251645334782e-05
0.00019922992418117504
0.00020632769557202616
0.00012450371407704655
4.0896069683742496e-05
7.221607606935191e-05
6.779066762757828e-05
4.820747310954023e-05
0.00012298998949525572
0.00011738419358676595
8.50503792188483e-05
0.00015775404882277733
7.429124489335165e-05
0.00024936464416478295
8.537480204278754e-05
0.00014883986614682866
4.414271808212517e-05
0.0003988901004955676
4.572370276563726e-05
9.880100286044921e-05
0.00010790089638743244
0.00030513115284645537
9.590526915834161e-05
5.02625557208126e-05
9.41568690246057e-05
3.3128167835076375e-05
8.518182917954119e-05
0.0001957743464874692
7.724018353180705e-05
0.0001051842290747248
0.00018971169854942193
0.00025340089152815613
0.00022090225352222682
0.0001210491201870386
0.00041626702901272067
4.7946537547230284e-05
4.077039424654206e-05
8.515203264920531e-05
3.9929693267411086e-05
0.00014973392137993698
0.0002953601278551092
4.301905163735294e-05
0.0001564922509618948
0.00011063546552030559
3.143515623887232e-05
9.249785144345888e-05
0.00041905574394118106
0.00012607982748849772
0.0001668418841868485
0.0001268155339827183
5.838479995602113e-05
0.00016116286639716006
7.380912749002654e-05
4.197503171663594e-05
9.066887392792729e-05
0.00021222456622448143
2.3515882151651458e-05
0.0003692192482459528
7.686102355942917e-06
0.00015912919262533166
6.786429848396351e-05
9.456639713186852e-05
0.00021826160266267685
0.00013515938486341388
9.635366930684008e-05
0.0005889829781720289
0.0003382877618095548
0.00015954220379152045
6.259914886116638e-05
0.0002796034041934969
0.00015520520965851942
4.3320467331391554e-05
0.00012324709915877746
3.792182311374243e-05
4.7859057872412595e-05
9.221287592851939e-05
0.00021307985649394738
0.00017185690906388367
7.101177254883807e-05
9.83411842230743e-05
5.470038598244048e-05
0.00015818044114667866
0.0002049381079529732
0.00024674967101871704
5.1483750107055356e-05
0.0004342736429941899
0.00021254285306897497
0.0005208515769039623
4.1778672975149185e-05
0.0003094983479226078
0.00018252785452862848
0.00023853019771576066
0.0006478984236525407
5.50550995696802e-05
0.0002960681467214929
7.043527566627873e-05
3.958743270668862e-05
5.40598137557059e-05
5.6777853331150874e-05
0.00028376026009740285
9.798168316206997e-05
0.0001378768067746356
2.559244454886094e-05
0.00021207553418529487
0.0001367777632092422
0.00024353828050472983
6.310300726299778e-05
4.0271492531285255e-05
7.987353680631534e-05
0.0002592645413088955
0.00035006975003967463
0.00012542768869896776
0.00013741450241265842
0.0001955241548168554
0.0004961436196419585
7.458645084119766e-05
0.0009291887059517561
7.928360489905589e-05
0.00020182730191340036
0.00020917821166042153
6.835315966313493e-05
0.0005174283393225562
6.991249697156835e-05
0.00010964519017935479
0.00017378475824038532
5.704306575245414e-05
8.458882440580635e-05
0.0007537646351279424
0.00045135270909473483
0.00010189706039510831
0.000307787519269678
0.0002867400595046548
5.407626272990716e-05
0.0001429048055018548
0.00010884736664989902
0.00012491523830837446
0.00010985670896859705
0.00018716593564976482
0.00024023548239833825
0.0002263492710954068
0.00031121609531931224
3.4038104811091035e-05
7.268675769560918e-05
9.120076663752428e-05
9.61589218045995e-05
9.149850781566088e-05
3.629657636053569e-05
0.0001599516105064431
0.00015903905270365042
3.0043755081621544e-05
8.034342033206943e-05
0.00010409756265461187
0.00017165798990662165
0.0002552952311632892
0.00016277560429010275
0.0001625304675665277
7.392739583476576e-05
5.466555452720756e-05
5.914536345832308e-05
0.00028583437021978143
4.0612053588194615e-05
5.7140613735414735e-05
4.54351515324529e-05
0.0001171194729784541
3.1503851918664404e-05
3.602121222413495e-05
0.0001358700079559827
0.0006733834974824911
0.0004225581928741027
3.7732602601968464e-05
5.389994144658115e-05
0.00013959106769083116
5.60162851128149e-05
7.072369927971788e-05
6.884188164193365e-05
0.000106366379546692
2.90266849780542e-05
5.8070515718646713e-05
0.00031314762044737767
5.196872179750578e-05
9.520014031369539e-05
4.729070611303315e-05
0.00035614959749561976
9.341345835352307e-05
0.000215234797787063
0.00015435918529019358
8.731354253441164e-05
0.0002889849357289637
3.1105709895574624e-05
4.877795122420577e-05
7.422439633363964e-05
0.00017934884651351132
0.0001040669843499229
9.309572325734433e-05
4.5013314699078887e-05
9.553679730756637e-05
0.00019125131073191733
0.00011212055139823799
9.107410258662278e-05
0.00016266162041911683
0.00011818415753502815
0.00012461427356313585
0.00011329941469703496
8.247326932555376e-05
8.994515128093574e-05
0.0001719031316949858
5.844341325536774e-05
6.439607154041603e-05
9.872463025599542e-05
8.07951942259165e-05
0.00010197666113270432
0.0004135942711025684
3.5786950501406985e-05
0.00048922658830826
7.685023371705249e-05
7.100513376489036e-05
1.7965247083593645e-05
9.200343195318854e-05
0.00011556807901928875
0.00022894764463487617
0.00020331520303170362
0.0001268175188332418
0.00018108378235457158
8.126197165625176e-05
0.0001235908045148693
0.00012911183280412105
0.0002876016037964378
4.3495627802727084e-05
6.956000962175179e-05
3.7887834311017135e-05
0.00010552970943427078
0.00017838158076055943
4.153809262754988e-05
0.0001263777978977423
0.00011790168372335748
6.390401266284208e-05
0.0001464571779941923
7.860576901052786e-05
7.16211274024581e-05
9.26920920403263e-05
1.45084557928366e-05
2.045880231101697e-05
0.00030694364226336045
0.00022990346527739842
0.0002701076363118166
6.427476775443379e-05
0.00013098781691847527
0.00019750172938833
0.00012932673742873112
4.900870680855281e-05
2.6104433176341625e-05
9.698680942963574e-05
0.00010550615398388686
7.726858915481434e-05
0.000256134792998571
0.00013344009783225006
0.00017941241597814903
0.0004681928759780161
0.00017727108087611562
0.00022604929040233692
8.675503506350744e-05
0.00010817636552367974
0.00011217367261533513
0.0004827825771105068
0.00014152998218341462
0.00012607381074714312
4.882574739118837e-05
5.9084041677938274e-05
7.942351645825451e-05
0.0001004113723201175
5.481198983707666e-05
0.00021653308509696066
0.00011177688958618137
5.221969186370159e-05
2.7341351795433152e-05
9.259806022034691e-05
4.9540224693423315e-05
0.00017083797784737845
4.8760617399158064e-05
6.445796626361538e-05
3.2020079239998415e-05
0.0001736777560900945
0.00010650028142696835
0.00024032370833376398
0.0003208173468454835
6.791048792848198e-05
7.636925479457263e-05
5.516531505399524e-05
0.00012932308686990543
4.8227472684138044e-05
0.0001688007641212797
9.85270580363217e-05
5.0389911526236566e-05
3.183880544045325e-05
0.00012661778124150588
0.0002668186896474482
3.575780187520528e-05
0.0001704141251172134
7.710206526003558e-05
4.978361506876074e-05
0.00021646886088011921
0.00019261684679034192
0.0002652665378003247
6.16921067339599e-05
5.200370006759121e-05
0.000793636709987253
0.00016889936455283025
0.00021805044347744914
6.382337748838895e-05
9.718275290881772e-05
0.00012308171655728918
0.00025543944841823136
0.00011539511520011994
0.00020131451609356317
0.00015954071274343936
0.00026041726410923127
6.891230938740215e-05
5.451616260584626e-05
0.00012225666192370417
0.0002624811549905356
0.00037196300770710335
0.00015446449997778624
7.073115047317787e-05
8.218901322188685e-05
0.0001847093992053995
4.674089297715877e-05
4.3988998100272685e-05
0.00020556168548498618
0.000126110967358827
0.00012024778019790668
2.7749343727275312e-05
0.00012654610905526604
0.0002770329499598033
0.00010416539601397842
8.1667548075339e-05
0.00014037330540832442
0.00018635093124094758
0.00019754463469009992
7.570002127528832e-05
5.8194343177703606e-05
0.00013863293182919591
0.00035498346825020956
0.00015566988504616005
0.00021639701171118514
0.00011461531289755266
0.0001533155686646982
0.0001295428178240821
0.0002706239983956857
0.00017715436198761258
4.079509277514351e-05
0.0002487149887598783
8.03751939891012e-05
0.00012787702735112043
9.230247296680732e-05
0.00048693282078784587
0.0002849968958248818
5.625323909555343e-05
5.348072748359359e-05
9.655787466262616e-05
0.00021546709300713764
4.380359254116571e-05
0.0002493533112882359
4.756977755678886e-05
0.00011787382636211226
0.00021756172473725094
0.00018866889382225126
0.00023579645955591261
3.0458549788699374e-05
0.00015686213108984614
4.369268577047601e-05
5.974908400155539e-05
0.00019541970351492926
0.00013149594327456737
0.0002804737069683757
0.0001131403604348343
3.940897252039693e-05
5.4328700425835535e-05
3.271305515378366e-05
2.9843503406679984e-05
0.00028882206564029
0.0003442175354085631
3.437543967138041e-05
9.040929704352149e-05
3.1327569857214646e-05
0.0001781861683410682
0.0003142637689981646
0.00011377078732515485
0.00014542380681517266
5.166715806997712e-05
6.695438367982075e-05
0.00018348212707572793
0.0001513764668684805
2.470151795716746e-05
3.238455786609789e-05
0.0001087905271293567
7.729708041139898e-05
9.881595544339311e-05
0.00010627835366668714
7.409510915611399e-05
0.00010409973132424473
0.00012387713953680477
2.401230564219723e-05
9.073181659255376e-05
0.0003030632833734215
5.5513022081802636e-05
0.0001426796064671037
9.06999812636479e-05
4.067849612901059e-05
0.00010841447575924543
3.28797377341756e-05
6.796364965001418e-05
0.00018315804268334752
5.797370153811114e-05
9.238602924743384e-05
0.0001595188338633331
4.185847229233709e-05
8.74990830961345e-05
0.0002901852544962512
5.621737698883214e-05
0.00011854260423698723
8.713278050299019e-05
7.219442636517414e-05
0.0003335724491434887
0.0001423245988720415
7.813462642083524e-05
3.214560942017559e-05
6.566502440119727e-05
0.00020619335474692598
5.8636726233674006e-05
0.00023248794505463643
0.00038895529769005687
0.00013828640339233378
0.0002280723543531072
5.0038423197750536e-05
0.00010369438958811891
0.00011046453916335431
7.451654794235307e-05
6.246881597928109e-05
0.00016818003291934242
5.089666180227164e-05
0.0002482827807690241
4.792007781021584e-05
8.251613968594926e-05
6.133661802279739e-05
3.814333723988575e-05
5.215380068909112e-05
4.899805420230214e-05
5.7484706706473866e-05
5.331570036645034e-05
3.9612986319034536e-05
9.752657469389259e-05
7.17389510089223e-05
0.00015887175386148045
7.215242698795343e-05
0.0001342372454676929
4.318639349986439e-05
6.381586023374738e-05
6.258544844102333e-05
6.792485229555039e-05
9.74259510910189e-05
0.00018481274213557225
0.00038652367748556445
6.461502065850211e-05
0.00010005129668314235
0.00013337990726752764
0.00012254833963607653
9.305049535559813e-05
0.0002626138874322177
0.00011205624439659004
0.0001635125800808937
0.00030175056827793755
0.000149338477032703
7.632015030992042e-05
0.00014394629192475208
0.00013239712613724217
0.00017259381352069562
8.370817323785086e-05
4.151522940404357e-05
6.330237044573982e-05
0.00017263349222708824
0.00011926809279373244
8.115641191397569e-05
0.00010836946190576654
8.009316109632673e-05
0.0004246778814192716
5.1506986358037013e-05
0.00015691851085251443
5.7091630868999774e-05
7.747296593439122e-05
0.0003100792390032773
4.8632355624542216e-05
3.228179393085656e-05
4.83385252445571e-05
7.080253603215531e-05
5.3275309387064756e-05
0.00012515355939348862
0.00015256205325798545
6.068255099479247e-05
0.0002457816203623945
0.00019378325338014436
9.33004424817877e-05
8.349629292372304e-05
5.929260974727713e-05
0.0002167625348501732
8.509127187389142e-05
0.00022987607649282388
0.00028560349635560597
0.0001714404920916328
4.364691138464497e-05
4.429726601476707e-05
0.00017647956614730956
2.6870505743423542e-05
3.384167669018758e-05
0.00023967117651522141
0.00017308950303482153
0.0001697514784305583
0.0003251205900211543
0.00016677560386591626
0.00029439344281901615
0.00014249450878824933
0.00022789848313224228
0.0002064029277178365
0.00032086448561515033
0.00012229280737726875
7.725456936258634e-05
0.00010528189154891257
7.593304187199946e-05
0.00023606967179958676
0.00023031944653054338
3.2636316083209205e-05
4.955913791179746e-05
7.033088868480169e-05
0.0001824218666854827
0.0002686998033301896
9.373515566580757e-05
0.00025972693103981144
5.128769577936751e-05
4.302291719138049e-05
8.01955252965345e-05
6.576915045014774e-05
0.00016145268152288202
0.0005792677327784123
8.561815866812365e-05
2.0968699751457163e-05
0.00026786231713644504
0.00019561067546008997
0.00011232478831102458
0.00011077494028083478
0.00010462483297283995
0.0003552086485392713
0.00031784600490734297
6.874348133146576e-05
9.189225204727748e-05
0.0002606163405610103
8.233347878217421e-05
0.00025473276544325747
0.00015005380363386522
7.984218054572546e-05
2.8222824663115937e-05
9.995604549563428e-05
4.1062893983667267e-05
9.620468960736728e-05
5.255583904013598e-05
2.2804626830392734e-05
7.992767722307487e-05
1.928256968767462e-05
0.00013212590978836126
7.412762204257332e-05
4.195885355150233e-05
0.00010236494842764653
5.724449442550857e-05
4.823919482607411e-05
0.00010711454598288391
4.3060438081630695e-05
0.00013523311132138845
4.232766791181504e-05
6.543766180204367e-05
0.00011074363747483185
7.37465938798742e-05
4.338162053842142e-05
0.0001024569495457461
3.9582086875493813e-05
5.490967039905532e-05
6.352693576712309e-05
4.6115202869425504e-05
0.0001301163308695367
0.00021859349707896447
3.7620996122192465e-05
5.38921025584723e-05
0.00022565015543311596
0.00018229726993981976
9.3496552664579e-05
5.642606446607244e-05
6.174597318000982e-05
7.064862074765661e-05
2.7673552397912136e-05
0.00016967031467054517
0.0002061641978165573
9.626845036151354e-05
4.2256504495307194e-05
0.0001272827685494012
4.8277154987643324e-05
6.176764393725244e-05
3.6553477025443926e-05
5.722839640451017e-05
8.025068861533396e-05
4.576003498245952e-05
0.00027267995750759574
3.417643085712875e-05
7.279566917001616e-05
0.00010211111139373125
6.1703574937036e-05
0.00018305958023973816
0.00022405844087942676
7.407027288082862e-05
3.570090134076252e-05
1.2630841792676205e-05
2.843915776581961e-05
1.6233811187565143e-05
0.00024059546523110572
4.877076694714526e-05
9.449361302136749e-05
7.632273431871532e-05
0.00013294987808869918
0.00012964624418864654
9.143442027676243e-05
0.00011862595028044725
0.000497291693277819
0.0001286224209396913
5.800599362725715e-05
0.0001090529724439552
0.00021741498460755445
5.1124113879524416e-05
8.716783480237698e-05
0.00015446278311951163
0.00013321524826679358
0.00019802012554079895
0.0003415050878261467
4.382227005564266e-05
0.00013953869830421372
6.276518756863093e-05
0.00025980936367125013
0.00010778420017029817
8.366303888366404e-05
4.2594052680063666e-05
0.0001552722445322785
0.0001565011280447649
0.00012487838358148153
4.8784518856882324e-05
0.0004491912485376266
0.0002756217204735467
1.5533417023368015e-05
0.0004096119696900329
2.4452655659763864e-05
4.30149913738844e-05
0.00021499901594833017
0.0001523165206819273
7.567515493297449e-05
0.00011699305849372421
7.882005421011313e-05
0.000159772877922245
5.5414307985653557e-05
7.57135305277632e-05
2.7756610035577598e-05
0.00016480927546098
1.9359109779044926e-05
0.00010364126143922691
3.595379033433112e-05
5.080130663860891e-05
3.527818871232076e-05
0.00011004115409863702
0.00010319458686273651
6.251579114559628e-05
0.00011597924365369891
0.0002022917264732505
8.18623331376006e-05
0.00026311548026428604
3.682914099631582e-05
3.6583036724265134e-05
0.00018877642673452072
4.9260607461584994e-05
0.00017293278849396724
0.00017408163905030402
2.9287607467771024e-05
0.00012700022968211287
5.8182553892139436e-05
2.5531552556434215e-05
0.00022474344004681378
5.714006127061642e-05
3.774694538388168e-05
7.21484734472482e-05
2.6632461216019307e-05
8.390963238005682e-05
0.00019211784317499855
6.227193763682093e-05
5.298568214305754e-05
1.455549567393628e-05
2.889600718466848e-05
5.605582377062823e-05
6.141818815157733e-05
6.668423194525833e-05
3.582309168893066e-05
0.00013284927160052583
4.196699434233811e-05
8.155376257149748e-05
4.288841756383432e-05
0.00042304837790334965
5.1956372138003005e-05
9.421115343712197e-05
0.00018521917665804277
7.987628863476826e-05
0.00012317787282815104
2.3857662563013266e-05
7.555833692108791e-05
6.452343526460836e-05
3.9258904945531057e-05
0.0001414233351268707
9.83679407601157e-05
4.263709726952275e-05
0.00012649070592007081
3.0200134658053583e-05
1.897385514996515e-05
0.00010899952061312491
4.2549326551749354e-05
3.411773502702908e-05
9.282880544185075e-05
4.766204243417368e-05
6.38131853621386e-05
9.424994193918581e-05
0.000253017917590392
8.626764242387357e-05
0.00015583720293399535
0.00012037522940282253
0.0001406804071527066
3.191511545969739e-05
0.00032086568193271986
0.00019989295613774755
6.436722943068482e-05
0.00011181629206237702
0.0005399634304798762
0.00014982113731473276
0.0001300490437889332
7.593940988852864e-05
0.0003651548860093216
8.45932629717555e-05
4.231296802381206e-05
2.8267958713273146e-05
8.678540297116974e-05
0.00023782923726158777
3.157656022894732e-05
0.00032354875739972237
0.00019178460343339756
0.0002287785956435215
5.058772095547596e-05
7.75797387320874e-05
0.00020401522231315803
6.672892229465916e-05
0.0003951442575597266
0.0003970537372828135
3.3973188907777274e-05
0.0002579846773439149
0.00032149276802910233
4.704969483530502e-05
0.00013059408233360162
0.00014935052747158559
0.00013032931928151065
0.00013906892305014056
5.009638230856843e-05
4.168736372809779e-05
4.4437927610585324e-05
1.913019617348697e-05
6.353855471923638e-05
0.0001375785186871001
4.9403296678885534e-05
7.142750010284314e-05
2.567808800351644e-05
0.0002058275592181772
8.071726967495316e-05
5.3169588832510676e-05
8.054960522553323e-05
0.00010441444092650752
0.00010536477049308386
8.039506507130427e-05
8.185910889304568e-05
6.076432560456223e-05
2.279072369423669e-05
6.715664244087443e-05
1.7357359720698863e-05
7.535728963846275e-05
0.00011815242006498901
0.0004581318601886928
5.317288421556599e-05
0.00012409330031295376
8.77679236540797e-05
0.0001475386951855817
4.820430548138174e-05
0.0001944575088293782
4.1589085344749284e-05
0.00027217968626566956
6.738797637053708e-05
1.9405383646419915e-05
0.00025517136790798896
2.5284367614426415e-05
0.0001529316839783542
0.00015005065759657356
9.038847948587917e-05
0.00016579750624040493
9.997358968876444e-05
3.6084545982791505e-05
4.5966281074780326e-05
9.939465345442816e-05
0.0002608605209882171
0.00010766269319282622
8.383110639030561e-05
0.00012726382606088174
4.320348528153711e-05
3.971598376005334e-05
6.0519666450708626e-05
3.3898780909438364e-05
0.00014802091127469279
0.00015193915572494894
0.00021264813527586615
9.365141263082622e-05
2.0372757049989843e-05
5.111622588213059e-05
0.00017016111058896585
3.5602623973979394e-05
0.0001456641234156225
0.0001587421927236929
0.00010738349481641168
0.0001773257595370499
0.00011325405773934249
5.600810689117137e-05
5.576542712550429e-05
0.00015728026779742452
0.00011013063081117062
2.1647220524570794e-05
4.822996851935728e-05
0.00043007551243051434
5.232953809655378e-05
0.00016058236179703636
6.15465815184787e-05
0.00016368165779885173
6.414517185140903e-05
5.2613435484340774e-05
4.537605319297278e-05
2.8363281215533532e-05
0.000168148343087122
5.2074383906003575e-05
2.4551757929907515e-05
7.435566644428313e-05
5.3904286613767636e-05
6.916793670315974e-05
0.0002989042536630089
3.636723935848705e-05
4.5291012531737364e-05
0.00015755141777785842
5.374266866269959e-05
2.804350852258866e-05
0.00043095140267212167
5.027587298201107e-05
6.546979609758706e-05
0.00010161168840419301
9.21673527750407e-05
2.616240971460749e-05
9.467857574717127e-05
0.00031369398270442015
0.00021398072377530099
4.319271145082961e-05
5.266482276497531e-05
0.0001050295309219917
5.278393892138336e-05
2.2945924114002353e-05
3.770658035369524e-05
5.0492405731741014e-05
2.1036057107223267e-05
7.170988410671942e-05
8.622442420141327e-05
3.334393053300024e-05
4.7816399655645625e-05
0.00016550733404394142
0.00011856469922567469
0.00013256312663345628
4.016745112188968e-05
5.104452878379e-05
0.0001034957870967704
0.00010700823019886904
2.883681404319698e-05
8.249831635061754e-05
3.3251018679296923e-05
7.511853116797791e-05
6.616200551304366e-05
1.4142611785075485e-05
7.890504961739322e-05
8.967075861471793e-05
9.885479905929594e-05
7.757765901450958e-05
0.00012251443755012403
0.00020260880879973883
0.00011341904834634644
8.570753238677621e-05
8.18870163500032e-05
6.74671797041766e-05
7.151064378643521e-05
4.184581212435921e-05
4.258279487294214e-05
3.148542640585477e-05
0.00038454194794489447
3.580458893617478e-05
0.00019202229399580968
4.4973380724462574e-05
0.00016439533097964033
0.00010596000707716636
7.184494434177347e-05
5.658330037039004e-05
0.00017196679881834723
0.00012249660621887638
6.168132326626125e-05
0.0001033141220172442
1.92091231572241e-05
9.052782685731022e-05
0.00013692510295624814
8.490884712978512e-05
0.00015927720279248106
6.959012389640987e-05
4.602512016470437e-05
4.624818285134199e-05
5.940267006702555e-05
4.831469565608272e-05
5.268671071136051e-05
5.2749962252718606e-05
0.0001380594802652275
9.175550369940771e-05
0.00010988032733781614
0.00019010727555203718
0.00010365479565523921
2.463402428344992e-05
4.927009460169781e-05
4.4029756995441234e-05
6.605454853999721e-05
0.00014937609561646616
3.867020926983594e-05
0.00012453646494358267
0.00016292195478916392
2.406364765672289e-05
9.363659234233601e-05
5.7693246985628e-05
0.00016844570255741196
0.00021429520897650302
0.00016981530617002846
3.710152270495225e-05
0.00022205054021950967
0.00012275444082919878
0.00018511945976171828
0.00011809951909199567
0.00010684282310331742
6.846126457766256e-05
9.270865289451235e-05
0.00012489534051819302
9.364471094526346e-05
6.680064062497319e-05
6.209323228921621e-05
0.00013137599996057255
0.00013638941963098556
8.356617081489544e-05
2.8770117442213165e-05
5.208582168377586e-05
0.0001596861579162293
0.00014061016605471937
4.759946101400749e-05
0.00010099597281766788
0.00011879574860499195
0.00023595429867066795
3.5300278697017915e-05
3.7251218138826006e-05
6.724265877229017e-05
2.4682004277396327e-05
0.00012907163232090795
0.00017529294239907714
2.831447418061481e-05
0.0001441236171333382
7.87054121704937e-05
0.00010854326332049436
7.641200441815314e-05
4.276901603745202e-05
6.091233960641537e-05
2.8512457511678344e-05
8.997413734487945e-05
8.822670457905183e-05
2.3475369974078342e-05
0.0001491576592147976
3.6412261058416105e-05
7.188004355138294e-05
0.00019141990839618558
8.404943079267362e-05
5.572217384718967e-05
0.0003152757910106989
5.4981786807661796e-05
8.996383513897008e-05
1.3818252590683672e-05
5.3485157049726414e-05
0.00010680139649886417
8.814693678949672e-05
3.7753155941594865e-05
8.673663793047143e-05
4.577563789056627e-05
4.860439843845836e-05
2.234653038445525e-05
0.00016835529677767204
0.00012614352302121374
0.00012167532021440784
9.604834288789021e-05
0.00013510649583591542
4.592179390456729e-05
0.0003376245611003603
0.00017070163586680533
3.899710622326568e-05
5.2395561954190954e-05
3.69947855651322e-05
5.716630179707488e-05
0.000305399533798324
8.746042953462727e-05
9.80756476980983e-05
8.554512461753104e-05
0.0001098907726692367
0.00011126163378213043
9.628004285641731e-05
2.4843310411659578e-05
2.1088878874178527e-05
7.045807493173536e-05
5.4233348265109406e-05
2.9181430266039144e-05
6.589904468735581e-05
3.931091468350035e-05
5.380370041864824e-05
8.083547006247504e-05
6.558994262722775e-05
6.573825370031267e-05
4.03372049371789e-05
4.187100919536133e-05
0.0001610344237551681
5.242053261875334e-05
4.3381119112901126e-05
0.0002301977160472293
6.738928382793155e-05
0.0002427354014201045
0.00011573562697354089
4.630325737119507e-05
6.281855926395632e-05
0.0001356884834340549
0.00012015544470479463
0.00012582815663760987
3.65738763946375e-05
1.3627796256526006e-05
0.0002111942566582178
4.50422476375855e-05
8.108241432232099e-05
3.649696194092834e-05
7.908744003721307e-05
9.544181575987059e-05
5.878896631030327e-05
7.167900381666574e-05
9.110620438592904e-05
7.59865741688056e-05
0.0001669147033945086
3.0063585152053937e-05
4.3488237752600655e-05
9.344833489936898e-05
0.0003231036439919082
4.082628747988697e-05
5.364405670565577e-05
2.7621656798288366e-05
7.546496225050616e-05
0.0001887261862432233
0.00013225026950985287
0.00011591979559641831
4.878429340244689e-05
9.539615895887756e-05
2.9695258482416667e-05
0.00014164064424230298
4.572527820346314e-05
7.273408004271078e-05
8.498979884172406e-05
6.092184394089474e-05
6.655855723293527e-05
0.00010422068705530576
5.142204844586446e-05
7.864622395576923e-05
3.055674967442348e-05
8.237768133490301e-05
3.993760562634194e-05
5.2643752720805435e-05
3.576389596743832e-05
0.0002131153536499011
5.51039660324454e-05
5.857905150183548e-05
4.0323142042513636e-05
3.815960035311123e-05
6.697280328904117e-05
0.0003320672386943531
0.00018472008992422823
8.833916737827012e-05
3.6145620431554196e-05
6.452702562139917e-05
0.0001290896977291125
4.748323062481924e-05
3.261526580624021e-05
3.259550177713965e-05
0.00012250620579688407
2.889699689069584e-05
4.70627133651345e-05
3.1237847362528044e-05
5.012278472496574e-05
0.00010275783363623011
0.00011373628332010514
0.00014121877522824838
9.182035360856604e-05
3.129807506437463e-05
5.333790272541242e-05
9.135426493399097e-05
9.858647867420839e-05
0.00025932623197743275
0.0001486879851434352
8.356793837654821e-05
2.2753122386855008e-05
7.701277453412113e-05
8.135620307882684e-05
0.00015667120135541242
0.0001450413701508186
4.6326363086999726e-05
3.599491940079388e-05
2.400775650424728e-05
0.00010619395048863123
0.00012576927619759487
0.0001836222877630569
6.705368230833219e-05
3.146224392913066e-05
0.000145541360650074
0.00011297018498890616
0.0002580575397494201
9.40901526033494e-05
5.274387338757842e-05
3.785651963472086e-05
0.00010065682626370944
5.475722302580086e-05
0.00014110004947106054
9.470074294190203e-05
5.866749668835708e-05
0.0001345093414478274
6.131027670762457e-05
4.820974466765443e-05
5.6139730879697976e-05
0.0001111760443622639
0.0001269591855749399
4.710998199217828e-05
5.987795164326966e-05
5.5425222662615165e-05
4.94259874491909e-05
6.07171854820593e-05
3.1474127664754254e-05
5.31612530206334e-05
6.844258572250207e-05
7.85424629783675e-05
7.094701105132419e-05
0.00011421480528973399
4.4219554904652973e-05
5.423698952225006e-05
6.151067270606274e-05
0.00019690322939818682
0.00013016655258479698
3.217124883127163e-05
8.717693081856442e-05
0.0003244593147655609
0.0001022802012838694
3.486278189369847e-05
0.00016680193019906974
5.107833850116887e-05
0.00035962093618220397
0.00021159150877191396
9.467004718345248e-05
6.131665793279529e-05
4.039506749196848e-05
0.00011335964063315378
0.00011685781156027185
4.578649736792133e-05
0.00010953902064326913
2.3854627204892504e-05
6.071731439289632e-05
3.2442138415918896e-05
0.00016650286972208261
0.00013115663897476354
0.00022821619954192335
8.192571192555461e-05
6.343779644160331e-05
4.450092703892298e-05
5.024453944046577e-05
7.826143020044599e-05
3.2034054986989746e-05
2.7116631349909167e-05
3.7164024123337515e-05
7.14599591605683e-05
2.118159857675864e-05
0.00018207003136292695
4.80483745063696e-05
5.274190073169413e-05
5.717109835542621e-05
5.2065168153695893e-05
5.837951623964223e-05
0.00010486674577375031
7.934412511247338e-05
4.1283190778005235e-05
3.674989725047626e-05
0.000273118336635462
3.988056681766723e-05
4.225479608345841e-05
0.000320354593516909
0.00021081833482259756
9.131786716770293e-05
2.9553478967419698e-05
0.00013568278664526887
6.606552978368677e-05
9.870045898805563e-05
0.00014396699907530755
0.0001468944767776984
4.722185896375414e-05
0.0001306812519371874
6.392344744859764e-05
5.294245670954619e-05
2.4087102452276248e-05
1.703157342675586e-05
4.719639297288692e-05
4.279722379922972e-05
6.465603722008107e-05
4.2427284235135596e-05
0.00010244726664844224
4.880387057392213e-05
8.857123703422508e-05
8.737509900713857e-05
2.7107742317762397e-05
0.00013498994299961805
9.116547447292514e-05
6.69818842756131e-05
0.00024709485534702113
0.00013979985787826522
0.00010198604039530407
4.035769445097121e-05
7.811995795927338e-05
0.00014312718961874524
0.00013156888551933002
4.434614831077833e-05
0.0001569820967234634
0.00026735285625658896
3.562525616195866e-05
5.808310921110218e-05
5.67370524803531e-05
6.660635136323195e-05
2.4702337910682757e-05
0.00011906736339813305
0.00012263613022873548
4.6685370759704585e-05
2.385412567901892e-05
0.00019488408344889638
3.604180345592175e-05
2.1373089821637524e-05
2.7013612340158363e-05
5.60227997961581e-05
0.00012534840422308134
5.144134988071038e-05
0.0001886254406588024
3.2352074845835406e-05
2.9290244767628982e-05
6.462569137263633e-05
0.00012726303367057869
2.8190820849018073e-05
4.681344398856802e-05
1.996947468892923e-05
9.051628754958093e-05
0.00016210819621396958
0.00011988148058026242
4.134127322514994e-05
5.968318063607196e-05
4.440597183805385e-05
5.2324066176069144e-05
7.631983434369621e-05
0.00015321717677815001
4.093216820020938e-05
2.2742969500806852e-05
5.1526737555015015e-05
0.00010571459413413842
0.00019064403778371476
0.00011039762608930787
0.00014483429525789413
4.2657308545036676e-05
0.00018342518052948207
7.76297559125343e-05
4.934770782976885e-05
3.7516361581248224e-05
7.670946542509082e-05
5.407107143937361e-05
0.0001266669647474301
0.0001007361774301175
0.0001570500620646086
0.00012289334834061284
5.9292659188576534e-05
5.64924394720504e-05
8.41832851635785e-05
8.429901102799877e-05
6.590822423869294e-05
4.675067578701944e-05
9.584992539088872e-05
6.25540339364946e-05
0.00010753540667696616
0.00012537261089275406
3.2462972946320354e-05
0.0001065725889813312
0.00011904261301201775
2.9936115334910956e-05
2.3431111073152286e-05
0.00017930379255480687
4.326824651649577e-05
0.00018817941339752448
6.85740017241177e-05
5.723040674950548e-05
5.166212896393571e-05
0.00012425264251570025
5.213615487880371e-05
4.824559415874612e-05
5.6198136882092256e-05
5.84639168261667e-05
5.812653283635743e-05
9.93074894398175e-05
7.392910465377762e-05
8.707569491431061e-05
7.551618190009752e-05
4.9980732458976134e-05
4.4036452607735765e-05
0.00010982619750128233
3.4838806700896513e-05
0.00011576952482496808
5.27766032323053e-05
5.333827525442763e-05
5.97282121209001e-05
6.134340221483232e-05
6.712150168776507e-05
4.507848705385324e-05
7.447570547427379e-05
5.789249858077681e-05
6.162878515390413e-05
6.823251008267073e-05
3.299486415142337e-05
0.0002095844143221682
5.486109069936578e-05
8.513135746827198e-05
0.00010275182529474993
0.00013459800129491176
3.959851208745123e-05
8.209470077826528e-05
0.0001010501507644898
8.885606226284048e-05
7.352214138214782e-05
1.7855506171957814e-05
3.894155646785385e-05
8.261815745201283e-05
3.944369229077387e-05
8.454576902969807e-05
6.752016077830232e-05
9.933597676511434e-05
8.318870992261796e-05
0.00013707339936615634
6.733030747916544e-05
5.5897022803150065e-05
5.04287564874676e-05
1.9625875709196315e-05
3.1151331979572196e-05
3.75896920775989e-05
0.00012439653419619065
3.426008581046722e-05
4.995168040679268e-05
0.0002067796750693155
5.5876986904008316e-05
0.00012326485682504103
7.023356444848432e-05
4.7668318250014034e-05
0.00010509837047605516
6.741389318280307e-05
7.751500222347395e-05
3.3793803769810725e-05
0.00012908111161336335
9.193246418456912e-05
0.00011942400224431045
0.00024549364658493084
9.785786093617341e-05
3.414058911680227e-05
4.008023969750488e-05
5.8070789697303614e-05
5.435663204914855e-05
0.00011582018898779851
4.234598159008209e-05
5.382848830569944e-05
3.076358065832053e-05
4.7880801449761864e-05
6.378334707832037e-05
3.63052533837791e-05
4.508201493674386e-05
9.208803281866813e-05
0.0001471230990574255
3.3003889048041514e-05
5.827534679367171e-05
3.153499228307361e-05
6.599060967344309e-05
4.253956098514901e-05
6.139088540263373e-05
3.2315160043719025e-05
0.00013252861124299467
6.152526283536204e-05
9.112477493790375e-05
0.0001829072067153816
5.0109474984779e-05
0.00011109990705436463
3.9633328087528694e-05
4.369611156914647e-05
5.9888657269063536e-05
0.00019096004107428452
7.943768636832049e-05
0.00012943828363478634
6.07306085416888e-05
0.00014438266497193556
4.210309091552621e-05
8.314876802291868e-05
9.576485649615545e-05
4.406801679321602e-05
5.654175393045149e-05
0.00013181415902773874
3.913481632911237e-05
6.772334615618128e-05
0.00012307853619591876
3.754203680526071e-05
9.039353416729137e-05
3.058581655082634e-05
2.766408204363122e-05
9.460294268772551e-05
4.2302669208339076e-05
0.00014147450089001433
5.781812437614585e-05
0.00022119373217078183
9.776882936087983e-05
0.0001160970762331726
4.48217726977182e-05
4.866216708623688e-05
0.00017771657279988916
2.962715361368894e-05
4.9505657447166e-05
0.00011908873634598762
8.418453805253652e-05
3.228639085745955e-05
0.0001646607463431505
7.499852520258053e-05
0.00010833370943683849
0.0001000990719246976
8.71489976742208e-05
0.000134252808884811
6.003625030947234e-05
6.743693422421567e-05
8.66932621293643e-05
0.00015818110506293285
3.6409312219603304e-05
5.978689290267772e-05
4.37535340053522e-05
6.691417437131379e-05
3.78478361858581e-05
4.404675983869972e-05
3.539208536306771e-05
7.189620795016223e-05
0.0001634330640958686
3.9163289766044036e-05
0.00010722494790481537
3.667935062881748e-05
2.9773397840294912e-05
0.00017492664735372358
3.005133289614885e-05
0.00025140226893600516
4.82538156673286e-05
5.645617246082593e-05
3.209428169185483e-05
0.00010076315830774774
5.525044173684376e-05
3.071412095172698e-05
0.00010079652591618762
8.41558178036719e-05
8.289001256611862e-05
0.0001074325586606782
7.671485193731029e-05
4.027512488391935e-05
3.962242623643764e-05
5.0053019902820206e-05
3.582725291774015e-05
5.520101543660481e-05
9.349098558741419e-05
0.0001275827876633617
2.2976197339390602e-05
3.441993777708201e-05
0.00010825186781302758
3.653563819250039e-05
5.239781302665121e-05
2.6394093105176036e-05
4.783335346865494e-05
2.2664839108875145e-05
1.8107652747635462e-05
0.00019577651648244843
0.00016941450600029136
5.2671085372986686e-05
7.700367293806255e-05
7.339117513679342e-05
4.3158744852135715e-05
8.86340815097088e-05
0.0001525492392793197
0.00014884134246880926
6.612045936471529e-05
4.627499982604653e-05
0.00010557386617511158
7.823553960102154e-05
4.4847845778009585e-05
5.9783974975874354e-05
2.049716834422385e-05
2.9106287992564982e-05
7.572363642363442e-05
4.738712976992005e-05
3.1951642299973285e-05
4.408064673023647e-05
5.7313404446634114e-05
5.603285765418269e-05
4.57891525166934e-05
9.131729195980577e-05
4.5921134845880484e-05
8.326599022658741e-05
2.3022688969472457e-05
4.0205119312639784e-05
5.108073401769088e-05
2.9331540616485132e-05
5.058963074443555e-05
2.736068812220479e-05
4.582466911248046e-05
8.621402548014939e-05
3.1948526139098204e-05
8.018933059841168e-05
5.974832733275848e-05
3.3189415063244974e-05
8.869975729807505e-05
8.227588877370167e-05
3.212802340996004e-05
5.195048356335444e-05
8.7286241885728e-05
0.00017975364391170832
5.917092346641961e-05
3.096278688119489e-05
3.874774958310405e-05
0.00010614450200336113
0.00010709477443940563
3.330832975207237e-05
0.00012167687289850831
4.433118037312247e-05
4.146139670140012e-05
9.608772640325553e-05
2.4600040727949664e-05
0.00019290655100388974
5.7843114805005714e-05
3.875817535657031e-05
4.632336491925903e-05
6.479820448571219e-05
0.00010791630059961852
8.602971415392457e-05
2.6128752614653336e-05
3.3518905867326294e-05
3.845165304124173e-05
5.7648916749284566e-05
9.67069215971348e-05
4.069192660766201e-05
2.3585753730061003e-05
2.7616636869842146e-05
8.796390470235544e-05
9.21913291456146e-05
0.00016376284362912058
0.00014963700476103875
6.330389010363824e-05
0.0001879629218753002
5.769920462275278e-05
0.00022349776730955028
0.0001910409893209656
5.4024254990114415e-05