0.03900656577134437
0.05056529129878691
0.006667411938731301
0.0783325200827667
0.06884003358180457
0.07293600792576442
0.020871674176410046
0.028685161501445483
0.04916659232154816
0.10961254589022706
0.007849493250538443
0.037703291642126456
0.019203342176074414
0.027644900470660372
0.007271310676047636
0.011538608384964259
0.008163722222359764
0.015346410439404271
0.05865350440623224
0.021133211816061866
0.024019104711592465
0.014974293078909025
0.01304238715458259
0.007532657955299324
0.006387536535232397
0.01614848022382697
0.008443260109485134
0.005460113563766097
0.008786585317878301
0.011846406949029935
0.003596641704616956
0.012453743860250662
0.015701117138021536
0.0036598809176388463
0.01630403831794143
0.0010783078246406515
0.0044957400523678295
0.01715125988863372
0.013007791956770116
0.007888518707689201
0.0011784975427926992
0.010838076369278677
0.018299839006983478
0.0070035292545668325
0.004312756948436976
0.003953878442020716
0.005709587755526904
0.0052390534738371184
0.02007968492356895
0.003959803404132675
0.005422324384214177
0.00437439429186594
0.010480355589720804
0.0043128407688341535
0.004595139245826754
0.011341405268894263
0.00225914767862765
0.002667824046763182
0.005987281818062509
0.003505280793789033
0.005832183652765167
0.0022634877987867826
0.010828887882404298
0.003276172775363719
0.01509158480107746
0.002749413208116387
0.002869889433677516
0.0004688679833170689
0.004024313139282381
0.0028032741313819966
0.009874407722213348
0.0017080265129170269
0.002001035312344355
0.006835887079987228
0.0036643588094915276
0.005707276062721432
0.012118423480646004
0.008039229480337308
0.002615258957719836
0.0029721267894637455
0.0018104314471717694
0.007965033649489438
0.005537105707343479
0.004299917494221632
0.0008914588584615218
0.008081991312602465
0.0019395328771208836
0.0029350694188172593
0.0019836074289825106
0.0017262101134895317
0.0035389173065848594
0.0012633712155127662
0.0019749121097385005
0.0038554660757108457
0.010913509046007167
0.0009359090641702196
0.000651529460773207
0.007241444630591795
0.007562511128985059
0.009242073193923653
0.012408262069229058
0.004294953874566084
0.0037025615802210145
0.0022408899790730763
0.0007434068393795706
0.004580872730215545
0.002478305776325618
0.0025570834142556145
0.0034645030407271364
0.0024211595943402727
0.002668919729945281
0.0072483398621911894
0.0033583228117237754
0.0021249008356791555
0.0011242650678528832
0.0016294774671311474
0.005427121592742771
0.001267047179552781
0.005300411205177335
0.002283042477308339
0.0008548714089389797
0.0028013044300198
0.004306045962639389
0.0015464358270221995
0.0011970623668062352
0.0004888711671043317
0.0038625548321623237
0.001801223475732845
0.004803095278502348
0.004236507287290409
0.0015869210072184186
0.002061864109078
0.004208772756017899
0.0023829116158138783
0.004277658697316865
0.002010055267255515
0.0010836385082415188
0.005320223643225249
0.00048197833324434964
0.0017283629554609512
0.004255572159245631
0.0003858697998861869
0.002583243620278154
0.0016537493564529391
0.0017419086434061677
0.0009773196630216163
0.0034124134879780364
0.004837285378513682
0.0030506782844301025
0.000917368794176511
0.002579757134904232
0.0005367092388930795
0.0031229613578559637
0.0035791497006286885
0.0018475012575420936
0.0038650487493487496
0.0028676233072936945
0.0047481467973293215
0.0026983894511161764
0.0009451835712752136
0.0021681374130941822
0.0036172058789662605
0.0021425634115248425
0.0013212384225237087
0.002570953677602974
0.0009886519546543448
0.00044774030637364983
0.0012734898793054375
0.004697147041617686
0.0013703140472962874
0.003147843182062785
0.0014781636578991666
0.0006602280817181761
0.0030609025634053305
0.0012562202031293698
0.004086637318232139
0.0032017849354532032
0.002569300602277564
0.004394784688342763
0.004281984425624542
0.00494925666648067
0.0022377709592759343
0.0016512797695910934
0.0007915840050949318
0.003971550360320516
0.0006296360808118527
0.0008365146169439933
0.001184918494105743
0.002556530345766069
0.003818118327932987
0.0014613493492136654
0.0004945906451128122
0.0023178117042769153
0.0010865501033519888
0.00410445809734239
0.000634894905760526
0.0013528346991831329
0.003828049099071907
0.0020440839729676166
0.00037418926084319636
0.00041489767686423947
0.0030791880127321197
0.0019704289412136107
0.0011858228100445302
0.0006073495419839387
0.0019919878570188905
0.0010108459863786149
0.001235327651190591
0.003058918588157613
0.0011302746623092896
0.003505305419808492
0.005173406556983127
0.0007298006609552989
0.004660257951359647
0.003815672074912016
0.0003765040691875279
8.623253006373723e-05
0.0013348022006028893
0.0030585100110737803
0.003245770533723742
0.0016426611777003025
0.0020434886798972635
0.0021207878057296703
0.00013775199325422952
0.0012602213181225773
0.0025018423157289918
0.0012061761458536445
0.001192997943853956
0.0004174643244217143
0.0024870364509459357
0.0013803385021739264
0.00123502763898266
0.0035869785435185338
0.0008622409385738293
0.0019334248325009302
0.00046423738197089344
0.002748737110537359
0.0023492284577280435
0.0013954180942656908
0.000893862854187176
0.000678243737604864
0.0027157702384193938
0.0011696795445190404
0.00088937722501707
0.0028929660069990774
0.001985278421286001
0.002040930232706179
0.0013870604568651452
0.0014321739161556849
0.0006902109494822118
0.0009262717455458831
0.0011209558033509794
0.0062349618971895325
0.0007149192525147967
0.0011687451679858513
0.0007245715482246352
0.0013247675834749785
0.0034637674112160564
0.0009083743850115427
0.0009240801494358274
0.0017639705821449127
0.0008752520251022713
0.0009691690426077332
0.0007168990287846327
0.0006620814294641374
0.0014963086686256173
0.0026342694629153266
0.0007713319593974511
0.000621007337108352
0.00024847231655697395
0.001559736663347556
0.000541121675605799
0.0030136045440855527
0.0006839311138636946
0.0023719211717465826
0.0011442769128580839
0.0007616166714490393
0.0011675949622325429
0.0005658354298534876
0.0006372413623091989
0.0007880377668872729
0.00041887827504937463
0.0011997547812203524
0.00021339030438917794
0.0026245672377694196
0.001738845295845808
0.0005140685249304642
0.0035865286869949907
0.0006767274778522809
0.0006352122469210706
0.00028904957265467833
0.0011891052364443435
0.002751264001494256
0.0013087332034449628
0.00038205124382505715
0.0034457555450356867
0.00226867602417878
0.0010300318083807903
0.0009102135144546283
0.0007645265531883065
0.001644606233872712
0.0008789086067365068
0.0006349772185865068
0.001209266493152546
0.004393813527852313
0.0010376674638812625
0.0021524070537053486
0.0012704747544823646
0.0004309927416524385
0.001485580236278982
0.001795087368384948
0.001444229191856729
0.00012844324257122908
0.0004159949938938182
0.0007145884378865864
0.0015323171994447672
0.002134162639544531
0.00044703344402193933
0.0026479505285936485
0.00031228695072501455
0.0006895295089081163
0.0009364132928156843
0.0004128238244720556
8.342920781270654e-05
0.00039349447275997525
0.0026218347290734583
0.00019935142761518554
0.00039050411287651766
0.00023673687591237145
0.0014414643776836256
0.0005726483402855964
0.0007202444590417584
0.0007266493494923022
0.0008219751461910637
0.0024078367117613244
0.0003793708962089591
0.0031452028135155914
0.001611941050453546
0.0010009277358380456
0.0005255539323258085
0.0010754447287461065
0.0006249986217179261
0.0004434381548313967
0.0007944474392415409
0.0008305905646228481
0.0008219299549204991
0.0014756538141454147
0.00030942319186107783
0.0006874825733959595
0.0007126243478566682
0.003538666150665928
0.0023515896365560434
0.0026445282379436138
0.0008580459271639966
0.001193008807887113
9.137008193647762e-05
0.0008997783081109309
0.0017650736611968777
0.00039015883356063153
0.0005779511121366129
0.0005911600643741669
0.00043809598615926867
0.0009834385158250024
0.0033535010504157302
0.0011012931438066078
0.0009758011347901313
0.00047679507475488963
0.0009034113995999702
0.0005180753546495449
0.00020901602002677117
0.0008601053868880708
0.002194522817073959
0.000809754016935746
0.0008347047281234639
0.00037747402477594403
0.0013290620127230058
0.0005774401410244174
0.00013939994893697865
0.0002498612826409179
0.0005925905788939436
0.0007770152376688059
0.0009161376520764466
0.0012600422915449814
0.0011590230792971293
0.00011404410599719485
0.0008090911632667247
0.0008536016217132298
0.0015265600058599576
0.0014448377854031822
0.000683737994695707
0.000493149603001993
0.0009749127119304882
0.0012128238259776385
0.0005519676756663973
0.0003373472803800372
0.0018631118794067544
0.00031209524038575007
0.0008091304317133195
0.0013693158281184448
0.001912094995624141
0.0017656690691632878
0.00020029813514205912
0.0011307495525419745
0.0010277666306681428
0.0014596844989110368
0.00023215599732288026
0.00022899985865738957
0.0001893040392276501
0.00010500168924712409
0.0013178143399244751
0.0009408915762142847
0.002304544454485442
0.0014745326934505862
0.0014885967508783962
0.0005204848324159768
0.00046527178471505233
0.0014625428168748684
0.0005618038246683627
0.00031913247396975073
0.0018754965815708262
0.0011081272511721265
6.786904564157256e-05
0.0009895716890756252
0.0014813529433418142
0.0006647953154858923
0.002695318862234829
0.0006656541297008014
0.0006799437702089817
0.0004204964156296617
0.0013321201503988978
0.0009413072968552119
0.002470999606290058
0.0007177463376554432
0.0005404507744764703
0.0004357090330211643
0.0002213419901009148
0.0004999359651495211
0.0005954954440903303
0.00014965161664724408
0.0014748431728507558
0.000737206554511784
0.0011729887806563415
0.000689139255895364
0.0004988894165643485
0.00014031925452946478
0.0004518487705814889
0.00020163561395232705
0.0002582014647917364
0.0013815284111815568
0.0002394771882117473
0.0006916909399237316
0.000652778195065448
0.0012513869225873509
0.0006639815912912576
0.0010168200828020821
0.0012783853763617904
0.00020557478951232654
0.0008173860576720347
0.0008307058353426462
0.0004075183828427357
0.00018405707570383714
0.0011278058384749344
0.000634283781472184
0.0006951344775738222
0.0005261340092987618
0.0015509556523237295
0.0013256934271397216
0.0011337179197786285
0.00034685154832807003
0.00033735198933510305
0.0005242444555222452
0.00019114610311753293
0.0004519091571099535
0.00042348411935594317
0.0012395053484063605
0.00011420455688826111
0.0002039918086679217
0.001400844761401109
0.0004929221805198081
0.0004717770844546374
0.0007043790236444904
0.0007235680702803499
0.0025973878095835756
0.0007007946276877696
0.0006368296142065771
0.00175198063022077
0.0004781359694013994
0.0003045107179667229
0.002700661803220439
0.0005427209550063443
0.0010205199581333584
0.0002923056397536575
0.0004010795948656491
0.0004535312334472434
0.0006572639176133253
0.0007375610646122788
0.00035378427997526427
0.0009608208999489288
0.0002971681387426535
0.0016914260529025428
0.000748171666528867
0.0013318270219043395
0.0005353028463829185
0.0006505517789142983
0.0006964206260579149
0.00036966482482795135
0.0026869993733942
0.00033522760279259823
0.00104168568917643
0.0003701048019790118
0.0015833491952553771
0.0007129443237359501
0.0015787746077313486
0.000544103672565371
0.001236286537783329
0.0003143922997473306
0.00015182164407230895
0.0007223014769736964
0.000793071681723444
0.0009850426651232785
0.0028499251093744783
0.00039559522775561325
0.0002867817959511679
0.00016796181257357944
0.0001558982708734851
0.00010066270397935909
8.300141858952009e-05
0.0005707261514355093
0.0005661219137142479
0.001957933395453179
0.0011110607137862526
9.706304137210487e-05
0.002524256223301508
0.0009895765019527873
0.0003562831795185996
0.00038039173250908507
0.0004546865774883727
0.00042614984055237034
0.00042716711031843754
0.0015784274802265988
0.0009907779456447617
0.0008867684202410381
0.00042712544467497175
0.00039268474807104545
0.0009693839746468944
0.00036635438534614746
0.0004399558607913626
0.0007997472724434667
0.0012274512793865873
0.002336060428420679
0.001070556083962013
0.0005099104209975711
0.0002699031501473382
0.0002461905514964919
0.00038278923665841923
0.0008564081174128156
0.0010741770931500018
0.0003232179154540775
0.0014520781828765274
0.0011088826055548208
0.0003013519717796814
0.00047092104658001433
0.0012625009117392693
0.00014008658010657588
0.00016954203463881852
0.0005057034914229418
0.0015543270949155332
0.00014289569463477454
8.792819642230458e-05
0.0009088573606527328
0.001152959685477026
0.0005069596591299216
0.001121860615779293
0.0002038788382170261
0.0008703518231752216
0.0004103505403537169
0.00026989563842146823
0.001420422928180112
0.0010683184170303067
0.0004279855470606981
0.00043725200362798225
0.0009172996453063902
0.0008827058843815441
0.0002243031589965553
0.0003241731455026702
0.0014489315085497495
0.0009322538309231868
0.00046135011563466414
0.0006667017696124474
0.0012611625285339019
0.001564538031692105
0.0005334987041532271
0.0007557797397858357
0.0004787219440153307
0.0002771069253123364
0.0002162088696248057
0.000933384898005954
0.00025329332862032065
0.0001939373453404137
0.0007363618810309664
0.0002295008715344331
0.0015230355157145215
0.0003583956155236075
0.00035912908898968896
7.693495288012016e-05
0.0006869806515276943
0.0006696344380380728
0.0008619706627971699
0.00023316842241220825
0.0005239980107658037
0.0018666594213468846
0.0003013663918594936
0.00118790718018098
0.00032664323807501624
0.0006860694350618011
0.00038453891911323276
0.0009206431159741021
0.000335931096309153
0.00010205502634308505
0.0004952484851006367
0.001273758831854359
0.0008575182426396632
0.00042922136604950687
0.0005792191863969475
0.00014144399904097443
0.00047208549097340095
0.0001670530263150892
0.0004195748344193772
0.0009301359894997376
0.0009150922808867125
0.000625795882639121
0.0002504156301800179
0.0006182229723190026
0.0005676259656568687
0.0007694885220256872
0.0007305891639832293
0.0013613987979856938
0.0009126628191413517
8.664257995190635e-05
6.870438006873656e-05
0.0014083516309755073
0.0007722951009676921
0.0011481472882818302
0.0012280130424379531
0.00013886292613784086
0.0006228157995570844
0.0010930411559719583
0.0007949737771323163
0.0012261427084060065
0.0003108249746726163
0.000706233708230217
0.00017682984992086796
0.0011183759316994186
0.00015545543227189057
8.368515825544074e-05
0.0006847374649975594
0.00019788254338697984
0.00290729503825679
0.0003053212809153207
0.00029799872911998103
0.00027039721888958405
0.0003732916886814237
7.993467368056558e-05
0.0003314178361940211
0.00032111961797655434
0.0003895921468583893
0.0012189936798851803
0.0010874560167458314
0.00035129062752909664
0.00017948018732561656
0.00010106324216001282
0.0003885463090672834
0.0006051323802474073
0.0007920469999525561
0.0007027472225439465
0.00041630936252346244
0.0002092019076209374
0.0002875445550067746
0.000787592004332989
0.0002830821659629187
0.00016681799228330976
0.0003290695474317472
0.00045175545373612563
0.00038816719271580027
0.0008671636670402297
0.0004407420443680665
0.00011443817397829556
0.0006020631051442871
0.00038333082331407726
0.0003850258704279411
0.0006135100546780816
0.00046493940923564807
0.001030266911061717
0.000564888179906193
0.00035655651097793635
0.00044734728591088813
0.0007801481004514097
0.00029793332076023387
0.0005171172945772032
0.0007866084415198722
0.0002145675955207507
0.0006321348741044516
0.0004822263975283069
0.0008945673993984793
0.00037724025126316244
0.000461295911722053
0.00011206252409832192
0.0006714145196867727
0.0009501273129026567
0.0004060423492545229
0.0017055109767630942
0.0001344998391269643
0.0004288921191824474
0.0002645119999946567
0.0008603682126611618
0.0013807414291231964
0.00034272841201064835
7.859871954851094e-05
0.00018761252017220423
0.00037329687347896826
0.00032568047963294963
0.0004798482816916928
0.0008040463662155358
0.00023480313048496898
0.00035952916013673924
0.0007662060620497157
0.0010820953294339753
0.00045886209185528465
0.0006045385364128748
0.000841170205357617
0.0011821799554271918
0.00023519341138403922
0.00033565833109526044
0.001081559872392445
0.0004278812633994562
0.0006084941287922269
0.0012671309579204177
0.0007818131639966338
0.001028098078394481
0.0006702463270087246
0.00023504783519679535
0.000523740217658056
0.00042617222018984644
0.0004025772967180958
0.00018184360369234305
5.532511971519311e-05
0.00032830356230166595
0.0003117041799260193
0.0001230402238231925
0.0008684210975489828
0.0003807829566292821
0.00010363405291740107
0.00032095949231004505
8.983603047333352e-05
0.00010904850369597221
8.524277949003828e-05
0.0001662394030747364
0.0006549606721198408
0.0008840325194235548
0.0013961827286637454
0.00042083466998845233
0.00012003185339281872
0.0011969173451648234
0.0004223716745317255
0.00018139486808583347
0.0005572840789922595
0.00022389528701685074
0.00021259290497781583
0.0011940863753208235
0.000193686133468696
0.0004604235410285382
0.0002611831662943957
0.0003435774958233646
0.0005458717973493291
0.0006442272195721916
0.0004632534720729918
0.00022044768040447443
0.0008557678135986415
0.00021350611216370934
0.0004978472160808082
0.0005217291353846862
0.00033534244806210855
0.00010702208697659306
0.00012336438905436877
0.00043459446942494955
0.000595820885085928
0.0004576820536484805
0.0014596241104311146
0.000392191946826873
0.0005237313296611098
0.0005870885557708277
0.0003759857720707104
0.00017469361025571886
0.00023698146949028073
0.00020965460524591893
0.00037220033816885576
0.0005444894360717877
0.0001310978305972657
0.0005225141599135093
0.0004100146642955819
0.00021910628673870342
0.0004733346976059042
0.0008565779001388681
0.002362604896783349
0.00030934400109533186
0.0009471390783952974
0.0002422107782625075
0.0005088102198219362
0.001522935550006217
0.0008648045401997653
0.0003957089619079539
0.0007304886449968501
0.0002339641377152621
0.0002560705004990394
0.00029448036516030066
0.00020951952969836248
0.0005345082409675797
0.0003567770358655609
0.0004290781183309302
0.00030997692941534677
0.00027624118962077745
0.001083250258788047
0.0005531263273686732
0.0003038997119973947
0.0002127926084468263
0.0007408330829328756
0.00019767522936507375
0.0005055988778360727
0.00034165132042749443
0.0005220419978419387
0.0003484518059296653
0.0008727306863008936
2.6580583462430656e-05
0.000124796882281923
0.00019389254964508252
0.0005087328008926776
0.00032991716716162107
6.977749665275652e-05
0.00017943716329663572
0.000856484187003733
0.0013849318671386335
0.00030232158065916423
0.0003352737951099091
0.0012399040023765796
0.00018852027456553396
0.0003427422021629314
0.00030629747550890674
0.00033788287515251167
0.00022197354289464792
0.00019701932864912752
0.0009413905547753058
0.00013697109409317664
0.0005039160251427186
0.0004016584971289744
0.0002470298107725871
0.0005811960806686384
0.00039465860152563116
0.0004499457098477606
0.00010904797137062145
0.0003203696676010632
0.0004424025263923425
0.00030933952881324477
0.0005420033226532092
0.0001139608995602045
0.0004695300913129834
0.0007708631230400498
0.0005868834459605935
0.0001780600112299678
0.00020838775043650085
0.00029934791021762663
0.0007090906931858137
0.0001821250415041169
0.00021766686710235318
0.00065591063199771
6.161869988429216e-05
0.0005771121253577891
0.00012339004700837288
0.0006883122567189748
8.342101328672648e-05
0.0007812776547417574
0.0004784318499211122
0.00010255719866839372
0.00035042398637422176
0.00028409753454271784
0.0004054554388502265
0.00026184935866509397
0.0004360695682644499
0.00046475129608556525
0.00044563603343104993
0.00043530677638017423
0.0004519082679052189
0.00039989669232390926
0.000289212730591271
0.0016266559932137195
0.0004003017744901007
0.0001961613510160769
0.0004760836194026676
6.245370548012224e-05
0.00030763859446693786
0.0003036225649025936
0.0005796228859946411
0.0004214216842194974
0.00012693243133860804
0.0001161258971853742
0.00022711926731914538
0.0007388784308894017
0.0009316713631197064
5.813752044932044e-05
0.0005972191580039556
0.0007082628448193186
0.0009385139946922833
7.03333102523125e-05
0.00028408493192407354
0.0001180306507651465
0.00048678443164152697
0.00032894267791377593
0.00020941309708318663
0.00016560492077332968
0.0005040758427576219
0.00015372110732973066
0.00029116698954533406
0.00033727764531703275
0.0003084316351066468
4.73525186774862e-05
0.0004955143960633383
8.77523159612566e-05
0.0008794091567753247
0.0001368256096749678
0.0007154813749413135
0.00039599453253057643
0.0004324267612126777
4.384849986312112e-05
0.00046582733218059145
0.0003994940378185952
0.0003533312470944174
0.0007496989473283467
0.0008534405635384208
0.00046659863117690716
7.439702960867375e-05
0.00041681768541564133
0.0008437344597560734
0.000441759118898431
0.0005053291846006836
0.00044902328109808844
0.00010239190038366693
0.0001235741468114369
0.00026876946383017926
0.00041703958462032943
0.00026801054034744106
0.00022560840956032215
0.0008539794128334718
0.0007709511573174778
0.00033607206127600774
0.0014696311619649435
0.00010840106019290098
0.00018842118725199207
0.00017662383546417413
0.0007164390570482233
0.00023016257859560023
0.0003309026278451814
0.00040507874241576153
0.0003379519695082459
0.00017651070764256087
0.00012051865011507122
0.0001807527454028623
0.00025785810737194036
0.001178803372186172
0.00010253941174642019
0.00012891784814628987
0.0005531296513345697
0.00016209892658302594
0.00019860582473881722
0.0001264772852453255
0.00026071636081810324
0.0002669454829193338
0.0004446439973244812
0.00038130849247667437
9.665786156586244e-05
0.000772759544040923
0.0004099388753660537
0.0001301666235618467
0.0001390946888239422
0.0008635223771501284
5.745717748024323e-05
0.0006213438083928098
0.00018116469441424102
0.0002116201522813779
0.0006893971663588118
0.00022012610243334578
0.00021268026779784749
0.00014228880880333688
0.00031090574921090327
0.0010280492753388761
0.00027627064863437815
0.0007002955897468096
9.411158617839067e-05
0.00012047005565821865
0.00013369098100531773
0.00012427023490476591
0.0007871596159303321
4.752686528629127e-05
0.001330326147097346
0.000695069275120572
0.00025627211623665327
0.002928515696435693
0.0002689128130517026
0.00043871998495814604
0.00010877855404672958
0.00014814525772470892
0.00025968382781103416
0.0014379506127649426
0.0005901600420876075
0.0005964639809624945
0.0001773204424211786
0.0002677322894084042
0.00017191007438337
0.00039416212030921483
0.00042643218940413097
0.0006676746057133915
0.00014920848746260035
0.000144276970362776
0.00024163650278831482
0.0003259635383575974
0.0001875214284217129
0.0001948455174181752
0.00040465874811026255
0.0001998089374900688
0.0004962200157925394
9.547697782936485e-05
0.0002962162878234677
0.0008570943895487556
0.00010215200670086325
3.543654383612445e-05
0.0004658932110514077
0.00012012016930984317
0.0007475474357035979
0.0003991099449750456
8.054898086949801e-05
0.00019490501983326846
9.879314543899203e-05
0.0006062909910025338
0.00020977603596810396
0.000486938583224836
0.000284976795637062
8.667500450713729e-05
0.00015927081306495798
0.00024242620255192075
7.886037960971085e-05
0.0001937358246964128
0.00027269561409720727
0.0006234872234427819
0.00011201418324217447
0.00028044227449354
0.00030843867780084834
0.00041622754070202647
0.00016686194863816179
9.784507840175194e-05
0.0006339810602971462
0.00040408830636736267
0.00020774826269397262
0.000280340360248251
0.0009692686598144067
0.0006334091133475792
0.0003726387807577761
0.000522037209897495
0.0004567441981024413
0.0003508773205505694
9.78949624017066e-05
0.000279721942432043
8.924622413990975e-05
0.00046295018431475644
0.00022033082349118247
0.00030706849649686757
0.00017700875811290498
0.0002476809548837487
0.000339624838480476
0.0003187899962488625
0.0003716354665842088
0.00021548853853089567
0.0001120528711632682
0.000569131235423416
0.0003437937170459875
0.0017358467379728906
0.0005778947348913839
0.0005093040742677865
0.0003564369502712039
9.740632520634395e-05
0.00019517117618379063
0.0005163026421554586
0.0001682015905621135
0.0006395945147627248
0.0003086913589338238
0.0005179132803497491
0.000517144657729815
0.0003261281466703906
0.00024412135799191593
0.0007658963240099424
8.818360055034056e-05
0.0002201813871036455
0.0002322090320962372
0.00038415398739145195
0.0002893553638606025
0.0011354497994735498
0.0005722550881554113
4.350131272018361e-05
0.00021515592924090023
0.0002319869135021873
9.676292977553749e-05
0.00045150829177962297
0.00026110322985411
0.0008622895906498623
0.0001919759400011974
0.00034707656526439327
0.0004981924584044801
0.000476806054527475
0.00014263495903374634
0.00023146630346989127
0.00023326640109915035
0.0006883134371441552
0.0001073172314568939
0.0003401105082605424
0.0002386667936216502
0.0009248111977346285
0.00010601692418891497
0.0004955860326478975
0.00010286673452170725
0.00036148425336242156
0.0004883093582017185
0.0003069507181047377
0.0002665759394702055
0.0002839366290755018
0.000268183941271568
0.00026765498778453254
0.0003477292381275661
0.0001230200332805817
0.0002005314490353592
0.00024493184184789493
0.00018950999597215748
4.818594221961573e-05
0.0004959540676459234
0.0009020255145709004
0.00045937002534674154
0.0003118534737477254
0.00032352428841140674
0.0003321056615609549
0.00034495354403866796
0.00039973410026524744
0.0007894700145866068
0.00013586235281805656
0.00017505006056550744
0.00019507004987105083
0.0003790510123794832
6.618857143839115e-05
0.0003461876789294956
0.00028970036335839794
0.0006148217487748606
0.0001220809407594593
0.00031800092581126617
0.000230306710447515
9.219221283744648e-05
0.00035234559599074265
0.00047956209265396604
0.0005253711659681062
0.0002185215983557872
0.00012877099301999019
0.00046474705945079823
0.00045458707915006
8.953965447807454e-05
0.0006929469151658236
0.00045685103095890887
0.00021391994271241214
0.0004317857388870873
0.0001842022757887652
0.0001772828840681114
8.406776343287388e-05
0.00013143963434833256
0.0005594685736577563
0.0001346773588090139
0.0003494911479327736
0.0002545924047041178
0.00017366863632389606
0.0002378394849547995
0.0002670263363681807
0.0008149008358364165
0.0007565068254909041
0.00014317258555966738
0.00036185598422885327
0.0006292608539445985
0.00039998529994755334
0.0005281611627401259
0.00010070563106131645
0.000413920310289712
0.00025257856489348994
0.00010721000425352545
0.0003135542550271179
0.0004160079463008811
0.00019305014241571193
0.0005353594863569779
0.0003732894103741584
6.24958986187083e-05
0.00015550489898675816
8.214978300479467e-05
0.00037115403965635497
0.00023673478222121787
0.0005967007827009327
0.0002024057895603756
0.00010861691431750158
0.0007000085475436989
0.0006363604974955073
0.000181357850204196
0.00010640402624240641
0.0006644671297023691
0.000169903562652797
0.0004067318453694049
6.89379393572166e-05
8.657954511617994e-05
0.0005792383376762124
5.922341965866703e-05
4.440422161948513e-05
0.00019265472715994803
0.00012255983190500973
0.001853208201106337
0.0003057814829728634
0.00015682992827128727
0.0002429674021865463
0.00045034511110462203
0.0005851380357931773
0.000623206229023097
0.00012018092633199786
8.18845871895693e-05
0.0001433229337650171
0.0004391180831558075
0.00016250201633975236
5.0996132163692456e-05
8.142116918122483e-05
0.0004558316131657117
0.0008305358871111591
0.00028801613102557585
0.00025639602348793484
0.00017703193936698873
0.0002729937517826968
0.00021863841371070933
0.00018117393695475125
0.0002262383339392431
0.00033494544655218077
0.00041640547540411165
0.00010681143810391
0.000246950867360316
0.00013110794910165544
0.00013800214436343852
0.00024904175081093765
0.00033486063891122224
0.00017081560559883564
0.00013000894552925969
0.0002031243504769572
0.0002164811403843818
8.97481458093316e-05
9.731569386385107e-05
0.00018695633398703522
0.0004280319528840167
0.0001388070466373667
0.0001348809852274336
0.000531087197368756
0.0002823846636453574
0.0005513715073229576
0.0002469624347211415
0.0008365234422812278
0.0005844606417835549
0.00038281430119613464
0.0001738798712844124
0.00027972088658484857
0.00014330497510216055
0.00014825870119976778
0.00025479787564625214
0.00018033765852521516
3.6635782207904274e-05
0.00012549697503969724
0.00023826996922485214
0.0002370698996702455
0.0001614708883721755
0.0001922752688522201
0.0006989584872565125
0.0006708904004379178
0.0004207260774924501
0.000755735138951161
0.0002544588573545405
0.0002456138279637424
0.0004045859429155095
0.00027955100054507647
0.00027133714763290126
0.00047185397854394487
0.00020542351743715342
0.0006216634631275062
0.00013786796111220286
5.9434946253637594e-05
0.0005119601447048349
8.207596228833279e-05
0.00012091786684988229
6.750977511082057e-05
5.079812020689724e-05
0.0006438960692166093
0.0004337796326993422
0.00045622233277865814
0.00012793256064466734
8.996918365251583e-05
0.000332541048898108
5.215936452666371e-05
0.0003414084757137381
0.0002971512436081439
3.8547162733923215e-05
6.95070699968635e-05
0.00021902949109693648
0.0001238211108955423
0.00016783997989678023
0.000179104298676485
0.0007045538159006096
0.00017819509052062886
0.0003050109706006346
0.00047558803621782224
0.0002687233526258434
9.353378814563005e-05
0.00013064320900063502
7.91854337015477e-05
0.00020457991405120528
0.0002199423652644014
7.616945404477577e-05
5.958519023142557e-05
3.9293116933003466e-05
0.0005064316167111572
0.0002751569477433213
7.858096960675849e-05
0.00043599027162962513
0.0002106281771185089
0.00011883440213591123
0.00012596023567118528
8.425908703993457e-05
0.00025107086452720806
5.63245326679862e-05
0.00029183458464278767
0.00013529080619101297
0.00015839983293046187
0.0005551042547222361
0.00018205472939255917
4.335719937966303e-05
0.00017003859540430302
0.00036895434587507875
0.0005846977956896247
8.250974889385172e-05
0.0007162495489846537
0.0001110192133715895
0.00017559024392336617
0.0004995636978075227
8.676038828231338e-05
0.0001643275300599928
0.0003978299553530024
0.000367605079391742
0.00027310328845238477
0.00019112138568343627
0.0001826761016040602
4.347824691092992e-05
0.00040016960265560676
0.00010467724968240234
8.146983629299007e-05
0.00015792288010558288
0.0001239706446327571
0.00019171544637501393
0.00044293013035429866
0.0005456866182787871
0.0006310773680866235
0.00029744350852866925
0.0001725493042224703
0.00034711099197848804
4.9373069087493616e-05
0.00010518187217786322
0.0002669703804772905
0.00010347887897703536
0.00018668140988776775
0.0003385095206089833
0.0001259437116359071
8.905170622456964e-05
0.0001598943470077337
0.0012477898788779591
7.955819425502834e-05
0.00016130980496507292
0.00017976996912796907
5.2430384805641423e-05
0.00018002258954832677
4.258479553663554e-05
5.1546203724120294e-05
0.00018808010551340176
0.0003525302742178244
0.00026287694004594733
9.707523911225876e-05
0.00010943774604951324
0.00014003809874677716
0.0002636248449376263
0.00029414883176841536
0.00026052475160416946
0.0010770543589117775
0.00015634168092697867
0.0012780471555477355
8.900256928938579e-05
7.892881009494454e-05
5.731575439964069e-05
0.0003181209202910358
0.0004163635240271069
0.00022683936221643716
5.4732253039160585e-05
0.000558825402608122
9.401809364629862e-05
0.0003714005978991544
0.00018930848069547172
0.00015053299217273223
0.0002080321049452337
0.0001933318861090188
0.0001081019109597141
7.403479935447133e-05
9.158694988891182e-05
9.405655604399005e-05
0.0004634566379272088
0.00032905557764696425
0.00019498137061515515
0.0001452710624178269
0.00017575812602063767
0.000216732358311951
0.0001823778685803971
0.00014268568439847594
5.238676755934429e-05
0.0003036876870017359
0.00011286129919951662
0.00021192651048603818
0.00021517915263293496
0.0001654586202053812
0.000488051033201718
0.0005752669484821948
0.00033562808948615924
0.0002805990415275129
0.00010316229652635387
0.00013599873245557581
0.00016728842251721127
4.591638162873582e-05
0.0006936059797567107
0.00011862959923229056
8.354400027213252e-05
0.00023146481937580504
0.00011193321114971948
0.0004288845362753539
5.7030020021833246e-05
5.907433302614232e-05
0.0003442976179104486
0.00010406013688910001
0.00022426902046060001
0.0005689320914442596
0.00013993308474525204
0.00010968398319900573
0.0008248738623822645
0.00019611011236156527
0.00020045927747740176
0.0018438369328410398
0.0001346366746640598
0.0001380613809731266
0.00021366605458459734
0.00015652014227679017
0.00024894556779771535
0.0004986789293958865
0.00048502691954838297
0.0004356337018927025
0.00017418302780127637
4.0522544781442156e-05
5.923590145960693e-05
0.00013567389797161295
0.00019497652145391423
0.00019648793553970757
3.8968425738427866e-05
0.0001619352783628523
0.00012831198758552772
6.806583848000711e-05
8.117048662461925e-05
5.200182857071053e-05
0.00013140026439775632
0.00015249953708729934
5.369222446623668e-05
0.0008631437012175351
0.0005102727469853006
8.510574503291761e-05
0.0003261150839744494
0.0001192903251611643
0.0004872473563393792
0.00026959319473692016
0.00016385459383000235
0.00019476409230102912
0.0002578199197668954
0.00022068974266879854
0.00013405961616648278
0.00048798676868380935
6.86658786148107e-05
5.911741347405244e-05
0.0002250862400065438
0.00013182245449152094
7.694604107520517e-05
0.0005022099522430467
0.0004973866085997803
0.00021763717980505696
9.851391144586252e-05
8.906094482893204e-05
0.0006196788044038583
0.00037920328720834917
0.0007060476593370553
0.0001626175251495624
3.737224373713561e-05
0.00025052777882921933
0.00010163559783800498
7.484914642891577e-05
0.00010098698181363626
0.0001596683152509853
0.0003582927605402692
6.838285662703313e-05
0.00010204775160560826
0.00011237451500776556
0.00039161080921219993
0.0004479697247493099
8.587865803435398e-05
0.0002596014986024096
5.1505641052554765e-05
0.00017316829090733513
8.146930006608694e-05
0.0007421463847634997
7.133341743924035e-05
0.0001482096125178532
6.191161080568667e-05
0.000848071734163966
0.0009057225089226571
0.00017154793395489723
4.072921584614642e-05
0.00034692397083371324
0.00022114685097522754
6.083571731966465e-05
0.0003272756177187131
0.0001999467241124741
0.00018088396400442523
0.0006553038453261202
8.679879508793294e-05
0.00010128591342917602
0.0005593388619665105
0.00020812580124378094
0.0002965984456002292
0.0002456552022173468
4.451673884547589e-05
0.0005755528728309254
0.000311430319938499
0.000556118477221575
0.00013548318721287272
6.826536422024175e-05
0.0003308059641621425
3.6062702421844954e-05
0.0004948236274922332
5.182896738417667e-05
0.0003134728163961036
8.0630742442608e-05
0.00029220678862927293
0.00014335821886574636
0.00033506775388232585
0.00010423695669636751
0.0007425813519928398
6.59711272843651e-05
0.00032441628085276173
0.0002806650602459259
0.0003123753627314518
0.00012427707246267646
5.0990633236013394e-05
0.00012821773406771042
0.00022062498934590622
7.372375933275905e-05
4.456622323371713e-05
0.00019888150558186368
0.00025825021006493486
0.00030017161674356253
0.00027559293696786073
8.15837271574512e-05
0.0006770924203467185
0.000294456954755501
0.0002148771548778167
0.00030869342383014364
0.0010501970042937085
0.0004160022631984064
0.0006728186888975555
0.000155298862034685
0.0004469884678247108
0.00025417412251088026
0.0001982601174540814
7.478533384400394e-05
0.00020871151485687362
0.0009784252413379505
0.00013563835328440153
8.210984768576693e-05
0.00036499232462818996
0.00014133472199960568
0.00030223002736202173
0.0004986605071771073
8.139465520635507e-05
7.076060379422426e-05
0.00035950569822546354
8.92541103802883e-05
8.431479025469375e-05
0.00012888939714695235
7.949490205037876e-05
0.00010903840069186723
0.00019166985460565068
0.0003942532824710555
0.0002991081263180414
0.00019480714780356314
0.0004676239856061271
0.0002597518037570523
0.00025052852432836824
0.0002062237607109372
0.00020900495347974592
0.00018693437569935995
2.636514168307414e-05
0.00030669745255206704
0.0001933431415211233
3.442963287446491e-05
0.000125378377953698
0.00031175691495927024
3.131095897259367e-05
8.648384690232368e-05
0.0002458535946754552
0.0002783197723648304
0.00016121300194822422
9.657038940949104e-05
0.00017796893158484526
0.00012072556212132416
0.00015922889949823176
0.00011750461724392088
0.00011256944603291069
0.00038035030994515846
6.075875244638301e-05
0.00042251461038648184
0.0001354630380770027
0.00046134431258130484
0.00020314722021176154
0.00040017283958240573
6.358558758709065e-05
0.0004704459068467513
0.00013139351348797227
9.892612767105795e-05
4.672776616695046e-05
0.0005069487155443288
0.0001707133898664176
0.0002115412527406742
0.00016259937055474922
5.3628447049919085e-05
0.00026932225537522054
0.00035393736133636406
0.0001799796236845843
0.00036065436668860013
5.438555974310518e-05
0.000440026243377849
0.00025640572614553695
0.00021776984208691545
5.3264108654788804e-05
0.00024881350500050226
3.958832820770631e-05
0.00023940037179071304
4.200301929217298e-05
8.590325025525946e-05
0.00022667524726241258
6.25396059285314e-05
0.00014172080517247776
0.0001538279165021929
0.00016819095953671753
0.00013291380099614508
0.00010783734795251941
0.000516617486490397
0.0004230435820413892
0.00013009313728048517
0.00034108814951036294
0.0003622671424603083
7.056121183212419e-05
0.00014874923017824213
6.205991106166957e-05
0.00010658559511299667
6.467601886979696e-05
0.00041774335123228446
0.0001575316516948212
0.00018493830497983487
0.00010213673984791283
0.0003936028805029752
0.00040915284448156397
5.122903358375362e-05
0.00011986725173032401
0.00020443588067162028
0.0002564725081588922
4.786338896060666e-05
0.0003827160494282065
0.00030613274173774195
0.00010746796498214865
5.531054870658172e-05
0.0008464565640812577
0.00048115276586260135
5.0674959082703185e-05
0.0004639283446843406
0.0004273007917257977
9.446538934458793e-05
0.00010334779349775639
0.00026690945822666805
7.727531219711715e-05
6.422570790397425e-05
0.0003981976456732698
0.0001620408593905643
0.0004175599287538691
0.0001323578353266538
0.00012255133757280176
0.00022232196380167344
0.0002313402418183375
0.0001071539643982091
0.00020557266421103104
0.00011476213860319474
4.176266954174607e-05
0.0004572015705712092
4.945742920702051e-05
0.00014240566003731613
0.0001713149906904165
0.000388484816031011
6.998779594727451e-05
0.00015560482431047323
0.00023399589922757795
0.00036755527648401525
0.00019590632161256612
6.827864928247674e-05
8.637182498701115e-05
0.0002192243826756218
3.9150157946683154e-05
0.000718736297949545
6.454974289825665e-05
4.7049824406123333e-05
0.0005169437920065074
3.91129567755947e-05
5.972032418791854e-05
0.0003383734877508877
0.0003058772956249997
7.258780996981149e-05
0.00034942789826862975
0.00011493696328235115
0.000212888343152182
4.708344584003954e-05
8.935762318512746e-05
0.00017120738731786286
0.000346793369482767
0.00015469309407692314
0.0001465304646695982
8.860152499718574e-05
0.00045872304433215244
6.299196347504121e-05
0.0006671407583391677
9.616178007738705e-05
0.00046977808772036294
0.000142972467134009
0.00010683929510004668
0.00020362726243624237
5.644019108459914e-05
0.00060741630968264
9.934577547577218e-05
0.0001839688125287865
0.00014931413947267449
0.00017592313520333413
0.00010591682399328659
6.992890062599555e-05
0.0004573799944660826
0.00026304417916945514
0.00031756136378058525
7.128592449651398e-05
0.0002897123388944797
4.800558070586401e-05
5.750463245670983e-05
0.00025712007555062517
8.443150719223918e-05
0.00019933100848736537
0.00018525757998248373
0.0001635957791548154
0.00010578312726568196
8.911397207561331e-05
0.0001531471674467899
0.0002410000744273871
6.309768268518732e-05
0.0001702001869325281
0.0004479350446960681
5.0188336754766e-05
0.00014404643372465946
0.0001880868177061268
0.00013835026984935776
0.00030133118884907993
3.5720228389119374e-05
5.1429168166898326e-05
0.00022113738714213911
5.520466168733309e-05
9.903583673893158e-05
0.0005128399810192163
0.00017231346965854288
9.686932256309285e-05
0.0002064560399760156
3.3185734859989464e-05
0.00017587934783902163
6.38620142613979e-05
4.3036676202014615e-05
0.0001787854042282754
4.532339080890294e-05
0.0001484478356188615
0.00018023075260054403
0.00014892785276191114
6.559209921340474e-05
0.0003291976665004754
0.00035601069244846573
0.00010875805767672165
0.00024257492227885473
6.737826244232542e-05
9.413904330713083e-05
6.230966263037337e-05
0.00036918608190119836
0.0001651472410745616
0.0001728193950903181
0.0003546650821669355
0.00023270286910936642
0.0003748849429404352
0.0003357788023618034
0.00018550906109869873
0.0002644086601534645
0.0002916230971666577
0.00029744471361930867
0.00014111841813514977
0.0002911049354951179
0.00014456797974297903
0.0004543681990173583
4.370261215200206e-05
6.068385889130669e-05
0.0005031936633696793
0.00036371601400324885
3.978373983984065e-05
0.0002268068604135924
0.00028159929239423393
0.00038566778619535856
2.4410391280718382e-05
0.000206138534658245
0.00020645618993712914
0.00015951027656641026
0.00038262913859110826
0.00015406943147630483
0.00011845764905548347
0.0002030406627877736
0.00020984150503488026
0.00018667864396668617
0.0002628242329857731
7.028782316829703e-05
0.00021400178311657895
0.00012535449178066385
0.00020291397036334254
0.0005061956536997055
0.00011580013898971136
7.041244390905958e-05
0.00045048163293248276
0.00011893925202048293
0.00023205411717887198
0.00017211608106934253
0.0001943188341098804
6.946752630097842e-05
0.0001334696778908881
0.00029475276820185674
0.00013072715939857143
0.00021650890931955522
0.0001279226932498333
0.000172027106114935
5.705314507473677e-05
0.00015722160261664658
0.00013619577971495908
5.404185305844938e-05
0.00022248038207713366
0.0008827876375584555
0.00020595711843387658
0.00019351418057638093
7.284506214957475e-05
0.0003367647119702677
5.365367040807893e-05
8.783456062612323e-05
0.0001973637178166804
7.556024744698108e-05
8.098100292217679e-05
0.0002756737605082822
0.00028723270572764874
0.00010233247547004788
9.496227801799121e-05
0.00020059614495532852
0.00011578440031755805
0.0001115606353318642
0.00032111939226717835
0.00021152834574196603
4.43608541652011e-05
0.0001639559615436704
0.00017343185332012229
9.347509715144463e-05
0.00014310394403132303
0.000184434388958993
0.00019407256445552474
0.00018865312160659916
0.00016121014583233138
0.0001687113184843538
0.0001116757763851093
0.0003483969191144594
5.368651421083862e-05
7.037914801862764e-05
0.00025365953265955524
0.00012894349447608073
0.00010742900292250449
0.00014685248432341232
0.0002992232373412538
9.55341486678123e-05
0.0002146913477946128
0.00021215057578356008
0.0001780030970769071
0.00022985829443529553
0.0001462474889126889
0.00011261616798156558
0.00019151599572292654
0.00021025431189363833
0.00023231193504377648
0.0001309177828389166
0.00016452128211510972
0.00023611029056789607
0.0003259618635140227
0.00019299637055783392
0.0001451643216382114
9.605193018992355e-05
5.8651155386318665e-05
0.0001077664880221757
0.00015767603815070445
0.00012101510407391419
7.955506389049166e-05
0.00021325544440845443
0.00010254963079790983
0.00016226429128094215
0.0005606932397477128
0.00028930123290872215
8.72689421992645e-05
0.00013665602397953326
0.00018806540818361656
0.00026123241723070346
6.546734031817001e-05
0.00012046682009269945
7.599004004607194e-05
0.0001993258853951378
0.0004041653671395912
9.476414867155487e-05
0.00011730873564341857
0.0001255438232736404
0.00019756751780481053
0.00022218409022125419
0.0003110472798638943
0.00012160241379653377
2.367086051644251e-05
0.00013446909738697656
0.00024403121363639942
0.00031619934221096673
0.00019796849308701217
0.00021159718598245093
5.0546453979391535e-05
0.00013171055333089347
0.00011765814090620893
0.00018311698752114067
0.00014558551058904709
0.00019481867070969636
0.0001913693721419599
9.380012098645115e-05
0.0001507624137774679
0.00010192124318224198
6.316760177591263e-05
8.98888928408357e-05
9.205544310093971e-05
0.00012951217637711376
5.3023773064873574e-05
0.0001998741567092422
0.0006301808431582578
0.00013053327612573028
0.00010317752282870918
3.965207990882802e-05
0.0002243114604353228
0.00012628252539369006
3.2992777863629566e-05
7.766705834105551e-05
7.241339903763692e-05
9.375354200097452e-05
0.00010766941102045454
8.391905420423583e-05
0.00020987626844925106
9.851104820488489e-05
0.0002285126770140421
0.0004392945891776971
3.1372250228508606e-05
7.573698853994617e-05
0.00011655809324018415
0.0002428027982045723
0.00013248603568002384
4.215123613842889e-05
0.00023150258927838726
7.888022393684704e-05
0.0004146599204401558
0.00012260083050753346
0.00012723705042187253
0.0002751788050708526
0.00017522079156764782
0.00024012899003322284
2.2681593919636143e-05
7.823005739868506e-05
0.00027562088733210034
0.0006399767535856413
8.967361782783515e-05
7.746642676373898e-05
0.0001057606456227264
0.0002106027139693615
0.00047574948365143176
0.0002549988221961965
0.00018532864102644293
7.461911994695791e-05
0.00013235600216965107
0.00012367861190115716
6.888154977266586e-05
6.86886811079383e-05
9.739260731551541e-05
0.00045684452745655226
9.853965608786783e-05
3.109836594477615e-05
0.0001411638855171019
0.00035834480893108913
0.0002037073613928891
4.8686000775702474e-05
0.00011783071232372742
0.00021126811254389537
0.0003954157427700476
0.0002102921695143169
6.39192954337742e-05
0.0002879722598297506
0.0005902494364889013
0.00013432280976522534
3.166007500518124e-05
0.00010304146905564219
0.000479274313528622
0.00023106717306466942
3.997663318069307e-05
0.00011050932970837973
0.0001320778662981108
7.363070392444483e-05
8.543422687286314e-05
0.0001877757602738524
0.00035150768169192506
4.153041010534144e-05
0.00022555987228003186
7.734309648268028e-05
0.00010053805689647636
7.69057610240354e-05
3.656809573365148e-05
4.0302271343771326e-05
7.977971141765948e-05
0.0005270117022482392
6.38598968996398e-05
0.00016446155847799464
0.0005265631219060548
0.00015997115757394916
0.00023832407335293878
5.612801667149998e-05
0.0001298325250444086
0.00011268759736065504
0.00019614122445183038
0.00012822471244228428
0.00010174737693186185
2.5013057111039804e-05
0.00017861176714869804
6.100122851703845e-05
0.0007324414571446772
9.92995688206112e-05
0.0001638720805426177
0.0002753632044560086
6.02330732111158e-05
0.00011429270413027258
9.218264240282521e-05
0.0001523994313570026
0.00015667240208459582
0.000335526074406722
0.00023824878579929893
0.00039816869369029137
0.00012741973587461364
0.000121946795039993
7.855280199371419e-05
0.0002135702507342554
0.000471723039857758
0.0006302943033518982
8.015608867133047e-05
0.00015933914317209334
0.00027680187573870065
4.288575902661119e-05
0.0002090411882489557
0.000152782375291409
0.00022997282617164813
0.0001875119450431574
0.00010732875076289218
8.76808317297349e-05
6.555249284812623e-05
0.0001403655525687303
0.00019628566127801193
4.8625012721625446e-05
4.053756284176624e-05
0.0001256459903796254
0.00014789970350074204
0.00010958234677264923
4.589935084926776e-05
5.2935945608694985e-05
0.00031300861054940117
7.851195364971851e-05
0.00011733792012415318
0.00017421116457699598
0.00028361770623327076
6.955826603833466e-05
5.680778114931199e-05
0.0001274729460594988
7.02466669939307e-05
6.277641358790754e-05
0.0003706610950244711
0.0001949987685221784
5.323103094036579e-05
0.000203112655672912
6.690900689840742e-05
8.86544689100802e-05
0.00013038191638726498
0.0002049969019304055
4.55606877618443e-05
5.987376120660602e-05
0.0001659735775128277
8.680610340837623e-05
0.0001013931764128521
0.00013765651768372022
0.00012262205221910338
0.0002588960440064362
3.1372264542067584e-05
9.138978789129348e-05
3.691547012614778e-05
6.036259702930444e-05
3.933640961612719e-05
3.235868510159847e-05
2.5514551560119297e-05
8.527933440976077e-05
4.352765221236547e-05
0.00013852316933229253
0.00018545790806109112
9.120858877715741e-05
0.0001765486439698052
6.648214050447317e-05
0.00012804766165775485
0.0001574706895056012
0.00019404119885694588
4.616004436135321e-05
0.00018732622631452352
9.509720977680494e-05
5.039187329828184e-05
0.0001290043337656273
0.00028823005442028907
9.509490168126292e-05
0.00010553932892857952
8.11610711668923e-05
0.00014775129473137302
8.082957903755852e-05
8.31929974867017e-05
0.00010816352031426563
3.818875230826522e-05
3.791292163936584e-05
0.00022577560784417736
9.640665688035253e-05
6.501750924878003e-05
0.0006500650300980408
6.036255853481847e-05
0.00011962201205598792
0.0003503130603914709
2.8688317036975266e-05
0.00025595775452286814
0.0001925503606671622
0.0006970107532094585
0.0001350357291429587
9.320659347941007e-05
6.200953738746314e-05
8.417628091239594e-05
1.8569154483706966e-05
0.00015920306784814785
0.0002305075584379339
0.0004944764739601327
7.240480911073251e-05
0.0001414610551017759
0.00017159346966048942
0.00014451677559742978
9.428896857248959e-05
6.540149375405508e-05
6.146618889699047e-05
0.0002355022917354132
0.000145577114411888
6.493394151582944e-05
0.00012662716137288834
0.0008356625383969569
0.00013850400923865193
0.00016845810991151982
6.372998851441889e-05
0.0001297992977313653
0.0002068340729865188
4.3682908651150015e-05
0.00017603468657700113
8.108036235575849e-05
0.00014066285906989625
0.0003961048891911415
4.188096588674528e-05
5.0334109903293094e-05
0.00016850140383706025
2.1116338824062464e-05
7.98390786883143e-05
6.425160767452343e-05
0.00017521852499710733
0.00027898167195498176
5.292081000542872e-05
4.955480993672985e-05
0.00012059711953307088
0.0002511577284302967
0.00021251296696150939
0.00011572448584663554
0.00013725852309990236
3.161153403576595e-05
0.00021220776882946066
0.00010149002549630939
0.00013815564602177692
6.946243244890762e-05
0.00011375293861041733
0.0002215735847721051
0.00010908265166623654
0.00013870134138519526
7.070447618834556e-05
1.7142289068585972e-05
9.6060588660311e-05
0.00011966516240578645
4.9837422622014774e-05
9.790415260362394e-05
0.0003897310439875348
0.0004338756272147447
9.039146725976609e-05
9.110984958774218e-05
0.0002846302298155638
5.446990309155419e-05
6.6924239041059e-05
3.575923170035947e-05
0.0002215014082898748
0.00028832980731503306
0.0001729167351500604
0.00010671407178888488
5.791985261728175e-05
4.7414703621259785e-05
3.492283374877749e-05
0.0001317190358962233
3.99218463562665e-05
8.699056016830514e-05
0.00018003587814875949
0.00019136551749003464
7.91598357065192e-05
4.001581470862558e-05
0.00014551584751092784
9.666111839455096e-05
0.0001839711960728492
3.110420351997649e-05
0.00013076591986091929
0.00011478709681742122
0.00030874176006058323
0.0002494155145211124
0.00016338971077429042
9.96978176993247e-05
0.000234948184186086
0.00010814760458259985
2.4603204835778047e-05
0.00018740537717104342
0.0001755915722016615
0.00016046972510497923
6.885276026603197e-05
7.234050046593148e-05
8.250930164386809e-05
0.0002854330874386884
0.00011319975293783163
5.358756579257361e-05
7.026063759558818e-05
0.0003173961649496393
8.348906898794722e-05
5.20726016596859e-05
4.714070000133298e-05
0.00020025547007913394
3.058258996431958e-05
6.378945709465318e-05
0.00011635164407842632
2.2812605245874162e-05
0.00010610183175214271
0.00037173667724947125
7.440911362480456e-05
0.00011586915957912838
0.00011193503023846705
3.777139856870417e-05
0.00025926491725916813
8.668199353725986e-05
5.7544042852349554e-05
4.058406380512643e-05
0.00041642703185247343
0.00020501782556957266
0.0003398720005074658
0.0003631673548840982
0.0002447895966497635
0.0002503582567382419
2.8739364092947917e-05
0.0001767778081272349
0.00015641937303722262
0.0004251814565160479
0.00011335329091944969
2.6391635341284522e-05
0.00013897525454698625
0.00014175076670411461
0.0001575161847061881
0.0003627825230486957
0.00024613355871023064
0.00011342320401027145
0.0004231300592506842
9.926515111025436e-05
0.0002312166046882021
0.00016116668879777096
6.044811283231926e-05
5.433929917573262e-05
5.478752049677785e-05
3.644642549356587e-05
9.501918858675733e-05
6.713493964648991e-05
0.0005263809521822185
0.00011489155009389358
5.019552348180455e-05
6.177485174622973e-05
3.897293350483161e-05
2.9998514363004266e-05
0.00019163345017626562
7.164213642007144e-05
3.20772839376734e-05
0.00010459093444935267
0.0001621782716849595
0.00011396342194829906
0.00019032154864704056
0.00014349789446190442
0.0003488814641917681
6.947518184901601e-05
6.764806433155324e-05
3.486660302152417e-05
0.0001079089073254992
0.0003018975171460353
8.820270875494545e-05
0.00018924739947584634
4.969696785863634e-05
3.2199485043507e-05
8.888400353204087e-05
2.4709634745489853e-05
0.00010817389671640875
0.0003460676541830309
7.92797185179842e-05
6.844582642171042e-05
0.0003529520171372509
4.662969820639457e-05
0.00010989840712264886
0.0004072569738109528
7.913784365350529e-05
0.0002473481390073868
0.00017702809434721244
4.9154933756962746e-05
4.845431890846306e-05
0.00019154880991332588
0.00012610114671262487
3.237266602788164e-05
4.987965554393745e-05
6.415779545741714e-05
6.789793487379824e-05
0.00010724158676865878
0.00038124725211573804
0.00011828238758506755
9.879462970636151e-05
0.00011404342532349765
4.619118398579153e-05
0.00018232113073427694
7.667190269098927e-05
5.10079320121409e-05
0.00015559384884497853
4.5858544193150876e-05
3.680587907171368e-05
7.641255829310231e-05
7.784206154876874e-05
0.0001414401647583024
5.498399166637688e-05
0.0003479459886139313
0.0001027988429113514
9.295039066387703e-05
5.7139638504389494e-05
6.43695475173171e-05
0.00025657738928658335
2.949254313630333e-05
0.00023349237441229627
0.000544678950269203
4.4563249698331666e-05
5.0813569578297494e-05
0.0001870820047338199
3.8422590668796825e-05
0.00015099999248535813
7.593672635715681e-05
0.00011954541871815551
0.00018678040252604545
0.0002476742760229295
0.00017683996126430357
8.574500002099853e-05
8.004247962423936e-05
7.51081262187223e-05
0.00015622062181253743
7.254068109093713e-05
4.074067752266876e-05
0.00010897884080929
0.0004224295906723253
0.0002408506629113806
9.256335829771359e-05
0.0003008956812321799
0.00015020295781303526
0.00016443713472122533
7.04935147036071e-05
0.00024941498665807593
0.00019090273476168556
0.00015609353559165284
0.00033863695257712147
0.00024588106893042846
0.00012721055759733476
7.084811735430665e-05
5.525725538427839e-05
0.00011125018181449153
6.847950030298325e-05
0.00014368232893944568
3.9660406611001335e-05
3.472674986656291e-05
2.5028172745830578e-05
7.641999027621459e-05
2.0903405164990665e-05
0.0004581522604137305
0.0007579123920168052
0.00020313761665689738
6.27908852674861e-05
7.587326378489308e-05
7.387498549775062e-05
4.5339539536991514e-05
7.901716016481136e-05
0.0004872927922793753
0.00012830025271298688
0.0005389176686782922
0.00021602616128752142
7.76757295331318e-05
3.220718788631142e-05
0.0002522835440173602
4.574666433394571e-05
8.168931369910278e-05
0.00018260041164482589
6.16634537587769e-05
7.925628980981688e-05
5.878292334972043e-05
0.00028157375518059847
0.0002058559452191926
0.0002937045492346293
0.0001437021113958238
9.431483812226443e-05
8.448105461621863e-05
7.676213892018964e-05
0.00011258276241899584
3.4614229141372046e-05
6.620810238859366e-05
4.963424206531926e-05
0.00021074456402942265
0.00014368792527229247
0.0001102997229256901
0.00014304465848619124
5.5912468761595915e-05
0.0007243028488382037
5.622990323911336e-05
0.0001399861367728161
6.284023953987433e-05
6.149677616411839e-05
0.0003320794209669159
5.270529298874182e-05
9.370213151230824e-05
8.280251072727076e-05
7.794480545015843e-05
4.353628104193557e-05
4.4390581757338605e-05
4.66842001402139e-05
0.00011524065358329517
8.528767837861504e-05
0.00015594861172507242
2.9044413760297148e-05
7.023586416376196e-05
5.2743347449098294e-05
4.853949368593422e-05
8.527228963044934e-05
0.0001035426385569209
6.552165115053049e-05
0.00014116950283323543
0.0002795405025811416
7.347406457534745e-05
0.00013415604101812113
4.381883409956796e-05
4.846406953466288e-05
9.05849823603939e-05
6.355510538405299e-05
0.0002934611761377265
5.369914046952164e-05
3.1826623786561314e-05
0.0003778976583127553
3.5383102945009827e-05
0.00010598889346240689
7.426567537508562e-05
0.00012712712438845493
0.0001478609477048091
0.00017614546419934384
4.812104911249418e-05
0.0001578430127597501
4.931348267603088e-05
3.847354896551234e-05
7.409890467885294e-05
5.274501457006353e-05
0.0001921062059310962
5.8890875655806214e-05
0.00012041075293331783
0.00020972968707966933
8.796543568766723e-05
0.0001657241635807637
0.00011027760377508493
4.053304550152087e-05
6.627448369057569e-05
0.0005121406823775943
6.396114680594353e-05
3.421469652136988e-05
0.00010378815341531106
0.00011346804189273328
0.00020980711367857348
7.840063401294262e-05
0.00018769175809099198
8.099745490518948e-05
0.00016005485397506901
0.00014510084302729094
0.0002528539830332281
5.298771496613961e-05
7.781666622719313e-05
2.7103749252726673e-05
2.5672447505288574e-05
0.0001889554347786857
6.61087248332347e-05
5.6592007591908537e-05
0.0004268945375022436
4.7609433460594754e-05
6.294893035664801e-05
3.902442593022886e-05
4.383639732412147e-05
0.000181126209109252
9.82179182489513e-05
0.00014687478330173163
7.375357986692523e-05
9.132980629822775e-05
8.02278068530136e-05
0.00020127388323377724
0.0001073433611252053
0.00021552514931725221
0.00013441788871123398
0.00012349609064137994
0.00012947819927204438
7.039462319400438e-05
0.00010155800263063983
0.00016090764200340092
4.735654943608831e-05
4.330166888736811e-05
5.6353229488992765e-05
0.00020741294603515454
0.00020287626101163055
5.98884903293563e-05
7.13145330493871e-05
0.00014141142046325366
9.589209175172476e-05
7.919820591562413e-05
3.9073218974055024e-05
0.00021175661257728809
0.00025000725355098214
4.1813726058487856e-05
0.00010789690506329365
0.00010239310626658754
0.000266473203645583
3.401611922399787e-05
0.0003519702069507648
0.00013174114964360894
4.992700570822075e-05
0.0001392011518109313
7.970105755928155e-05
5.545887887018757e-05
6.991933585813085e-05
6.729313295615999e-05
0.00025842465400566656
3.9000593150096517e-05
0.0003823694153637455
0.00015293772819496512
0.00013336485594811246
6.0112292005525516e-05
0.00010514726442662987
6.570074713351708e-05
6.435857835935698e-05
0.00012698268779707367
7.29411591757653e-05
0.0002731199203486963
0.0001406109323454653
0.0001855396158006318
6.492763219133064e-05
9.304242030389966e-05
2.7407767925460492e-05
2.509818055499273e-05
0.00029029131531135935
6.694505291988793e-05
8.391948307126906e-05
0.00023327399160617728
0.00014461570981444386
6.000266968570344e-05
9.870585707791597e-05
6.507164930227163e-05
0.00011499919335800772
7.859051409274968e-05
0.00020091021460195573
0.0001336062252084062
0.00012075478285330601
7.62153899374723e-05
0.000109148738242293
8.734561027203683e-05
3.8103552381645894e-05
6.145040698309394e-05
5.532865312947985e-05
0.0001919388127589327
0.00010960080229995733
0.000142314528235756
9.484941081387538e-05
0.00018727537298312958
0.00027127653626530027
0.000112018920300825
8.700773719029308e-05
4.6628912221615386e-05
6.4277643662655e-05
8.634433200764864e-05
2.3277328335358723e-05
7.453879317875354e-05
7.136082569792291e-05
7.125418805097856e-05
0.00011604770086898838
4.2636549930513904e-05
0.000110147150648258
3.8306081630606546e-05
6.066942218568021e-05
9.951449359780606e-05
2.971226810359646e-05
0.00033144029265522824
0.00010184814609726415
4.4430051448147425e-05
3.486153559873086e-05
3.108181957765933e-05
7.098966672477315e-05
9.130375460624015e-05
8.69985221689993e-05
4.076626825568137e-05
0.00026442819782732633
0.00018202940480404294
7.518837661938702e-05
0.00014772065361097866
3.804150954793579e-05
0.0001709018739004464
0.00011607412527824458
9.920842680792166e-05
0.00022912003940315468
7.411917850957115e-05
0.00013349550411539528
0.00013171754306842427
9.678281376561863e-05
8.447831019889684e-05
5.9361064251565395e-05
8.819591110783934e-05
0.0001700688246039343
0.00013566608386401865
3.898781930896461e-05
0.00011412035144521413
8.542429970081743e-05
6.862760744758828e-05
6.59170154679772e-05
7.974838991566622e-05
0.0001459993583706987
7.335157243932265e-05
8.85934317855341e-05
8.844574725851948e-05
0.00013036561557060666
3.0736630160237826e-05
2.2360442206277332e-05
0.00017546078873627636
9.468004027123963e-05
0.00030447742178028674
7.416540243796585e-05
5.612360995471309e-05
0.00013987265927791894
9.757767951867031e-05
4.767658839062801e-05
0.000336221560907015
3.416247635497332e-05
4.5650974177458006e-05
4.321379848940052e-05
0.0001558930239858529
0.00023617306972026114
0.0001142471984086879
5.6267544004224685e-05
9.494123572123073e-05
4.6351444763293785e-05
0.00019496584694435258
0.0001488546778558527
5.69782675337452e-05
4.0762447858445574e-05
0.00011820853601089197
4.666305721450129e-05
0.0001984702970004348
9.345320192407094e-05
3.56216344860387e-05
0.00011386666717431061
0.00018469233445473574
3.907333251827276e-05
6.286617792255797e-05
0.00018950258298368653
4.7261210505625294e-05
4.2297942602796704e-05
3.121561207596749e-05
3.300194756492421e-05
0.00013488371187692007
0.00014476039473559134
0.00023818214889139143
0.00016201074429991833
9.433697213951174e-05
0.00012131819398063257
4.897039381369074e-05
0.00019700356342199467
0.0001461165680233737
6.292730028721317e-05
9.671612996903303e-05
0.00010347088341830274
4.6934449888755035e-05
0.00016768384493325795
0.00015449047009465333
4.641725751969272e-05
0.00047096055452507704
0.000289132918089009
0.0001029399155043795
4.536087666311283e-05
0.0002454506441861065
0.00010128638854587114
0.00034022738016044145
0.00016056539337447039
8.33760622531246e-05
9.510021017680937e-05
0.00015619064582950032
0.00013984240937293867
0.00015175686752068847
9.843178696636793e-05
9.998212018515141e-05
3.8911448124788756e-05
0.0002779063030193444
0.0004741694614659388
7.44751669564567e-05
2.614730874671678e-05
0.00020302616357051063
3.9585995276453214e-05
0.0001813147489379458
5.190763399687416e-05
0.0001849870667961652
9.641681271648204e-05
5.9521070749622376e-05
6.514805310815642e-05
9.453793854442434e-05
0.00011628541301801977
0.00010931580121366751
0.00017047479822727957
9.379550082526061e-05
0.00021944181484068482
3.579859648802786e-05
7.37345055114068e-05
0.00013822925884418493
7.475104842831194e-05
0.00034173875023985615
0.00014239895374443042
0.00024998563136432946
0.00016835586526963242
6.607683399099175e-05
2.860905541370481e-05
0.00022763579358848438
0.0002713858126801294
0.00015084646559113612
9.772740722137749e-05
9.826359312944724e-05
6.776548596411732e-05
0.0001325170305386553
3.9146889369415456e-05
4.5379372932540894e-05
7.257001326633267e-05
0.00010621747478568476
5.132570408515829e-05
8.004732606872286e-05
0.00010350871692808775
4.439969023930523e-05
3.613935402258252e-05
9.141308980374631e-05
3.9287918384164654e-05
5.999620252402036e-05
9.49127523188546e-05
9.536944459410907e-05
2.925508366516998e-05
9.580938619738081e-05
0.00021001097442384769
8.353311841221658e-05
5.493150249321669e-05
9.72056812399758e-05
3.398652711386623e-05
9.767639836816709e-05
0.0001376504575832845
0.00010037884658111591
5.661677114598045e-05
0.0001893288018778938
6.8645576266048e-05
6.99708934042681e-05
9.81597619664034e-05
0.00011570721707859679
8.678222606954444e-05
5.32776213470923e-05
6.203062619897982e-05
0.00012706481763432545
7.288510632532092e-05
5.286263231862765e-05
6.772458210333585e-05
0.00011073646547771698
0.0004613531774100989
0.0001343618739376175
9.742815509574507e-05
0.00017177921306401554
0.00022147953488361308
0.00023679947912255407
7.181715163035527e-05
3.149693749803386e-05
0.00012130122082443176
4.3412360716753014e-05
0.00015542883514431678
5.34147158153977e-05
9.582597830375219e-05
8.43280783292189e-05
8.351469996467667e-05
5.366317025395896e-05
5.1203088892218196e-05
7.098344540510494e-05
9.671013419089008e-05
9.126614824635496e-05
9.672659537370667e-05
0.00012380481891845324
6.450870764668643e-05
0.00010862040129763787
3.699816221554721e-05
4.588661706419523e-05
0.00015946229358261197
0.0001668538527521874
0.00010694972240491186
6.766988468044822e-05
0.00011334035488995077
0.00011510186377078295
7.955020865000986e-05
7.5623709423306e-05
8.677497859529736e-05
0.00013778597534290697
0.00015133601651648248
0.00017019751699378412
9.80187254210848e-05
7.821441687798825e-05
0.00010434276462127576
0.00010907138857805435
0.0002683876472987441
5.438404341838287e-05
5.8684177997556353e-05
4.707167461760498e-05
0.0004887771061204602
4.136918721007731e-05
7.757808038193247e-05
3.932692270091208e-05
7.107156355573593e-05
5.512864344435177e-05
0.00012040413541718953
3.709787938090105e-05
5.567752152824109e-05
7.356467893938242e-05
3.291105121489691e-05
0.00019698271349262832
8.319800815009308e-05
0.00021969840499833144
3.983609582941606e-05
8.069371994634796e-05
0.00029026383964485025
0.00015466399203077736
6.194364152615868e-05
0.00016790921485856087
3.4976029165942365e-05
2.7712923060498034e-05
0.00010339970722883148
0.00013404625106608304
0.00036469974726455553
5.890399590693558e-05
3.826720532499317e-05
7.79745963722519e-05
4.205781212267731e-05
0.00011301325449185388
0.000504308013791887
3.091852467091851e-05
0.00027022538115835333
4.011671696759832e-05
7.80588607684284e-05
0.00010506933389894722
0.00020683987897060114
3.948104498491255e-05
6.367256729111759e-05
0.0001251755122956187
2.1180155795055483e-05
0.00010024888186428153
7.024139455760262e-05
0.00013512352468966117
6.823662492152134e-05
0.00011048502317131812
0.0001252127142250548
0.00018743665431612737
4.176944511124427e-05
6.405984524736755e-05
0.0001225963125672232
0.0001374876374629419
6.715365871823846e-05
0.00017288914177051874
3.449131104073961e-05
2.7557314114462005e-05
0.0001626466637976782
3.6932321092291934e-05
9.590996137282283e-05
0.00010063833989226198
5.539600784796883e-05
0.00013439388924211176
0.00017159293525735762
3.7953961478007224e-05
2.3520213688624004e-05
3.241592977700324e-05
0.00010637050150547311
6.65104785436531e-05
0.00012046795188387451
9.217497360839473e-05
3.1285383508073134e-05
1.709846526615584e-05
8.078413143450594e-05
9.578579744092332e-05
4.386111922508819e-05
0.00043679878494107504
3.5862065469912e-05
3.8073537134494455e-05
0.00021851845925769086
0.00010318968792050716
4.3684223722681064e-05
0.00012219447775461942
0.00014658148404856125
3.382269302125358e-05
4.659347013651773e-05
5.480032656114262e-05
4.86049953508819e-05
0.0002447645516439405
4.979555515772004e-05
2.5435060675048583e-05
5.59379380472096e-05
3.3601550380888094e-05
0.0001561168598342639
5.992461101657802e-05
0.000127071161425461
5.433339184927031e-05
5.406035913234951e-05
0.00014312651709887287
3.594002261095457e-05
7.489314944261691e-05
7.948430422497785e-05
0.00012028316064227201
4.953861869188975e-05
6.290882651065515e-05
0.0001708066974796124
0.00017015615942055909
4.760546663594002e-05
8.813902684240214e-05
5.508207100809478e-05
3.088622947801761e-05
0.0001025718373447909
0.00027540650868851065
7.702731722725281e-05
6.2339442582584e-05
4.3418520384531144e-05
5.7532543481689466e-05
8.950649693341673e-05
9.881161227917927e-05
9.800432130306111e-05
7.951923769534512e-05
4.5982272240535794e-05
0.00014466280996326355
0.0001313751050275517
2.127007835271321e-05
9.359813726190716e-05
7.540169709674577e-05
0.00011713556088077616
6.889161863009457e-05
0.00027466349587974663
0.00010499006478197543
5.9501238398645895e-05
5.4751618985725053e-05
8.546752783634824e-05
2.4138082369942855e-05
0.00013209918939614799
3.780769275379169e-05
4.7533930602639735e-05
0.00015113103954618565
3.403268890547314e-05
0.00010667554301096699
0.0001132626730021971
0.00011032815350470274
4.6966198402742054e-05
0.00044431506753733513
3.976433149865634e-05
3.56177576230014e-05
0.00022415774700557044
9.227449767424318e-05
0.000156598703336852
9.913128414989663e-05
0.00013065842915095416
5.4769319102384684e-05
2.7612293326260436e-05
7.988831846589347e-05
4.4185578275445864e-05
3.283427455786895e-05
6.031449866714138e-05
6.958649349213602e-05
9.265825196295593e-05
5.0839790832924184e-05
4.621609059401294e-05
3.403673352390035e-05
3.28160330202276e-05
4.78821869787742e-05
4.244673121551508e-05
0.0002338479978020327
4.189584631042133e-05
0.00013542117602700516
7.400485878084208e-05
4.019327797702147e-05
8.715526496232532e-05
4.380979852898545e-05
5.176926404614795e-05
5.768822504804893e-05
0.00016097189042733274
8.828701441686804e-05
5.129964080595212e-05
0.00013525913048185022
8.550965623447065e-05
5.215640231306661e-05
5.042942597172931e-05
0.0001526116800208095
2.93539686114077e-05
0.0001228698582606553
4.522983213248348e-05
5.468690010210605e-05
6.185100678424591e-05
5.2703619085031374e-05
8.564006251896211e-05
5.154144957051395e-05
0.0001337262183266058
8.969143855372694e-05
7.279753735785402e-05
9.83736874403014e-05
3.2392003865622555e-05
8.336201873737486e-05
0.00010411102913086129
2.146894194925779e-05
4.9495713846208686e-05
6.209682537591098e-05
2.8207725366645387e-05
0.0002730700300548988
4.6863230972831513e-05
0.00022097411673871966
7.578357889541884e-05
0.00013015330914709422
0.00010969404171653266
5.058739039696098e-05
0.00015606346056764602
4.8731839725761126e-05
3.944369077841821e-05
6.006429131267322e-05
5.395693885741613e-05
4.544885471942304e-05
0.0002412586123784952
3.8860192197796155e-05
0.00017837856201400568
7.348168500120387e-05
5.272199053085705e-05
6.251397340826793e-05
3.980962225857796e-05
0.00014627049015185584
1.8686463366608423e-05
0.00016937191473535013
9.302283672867226e-05
0.00014547622050665784
0.00014054405910545684
3.0770009690180555e-05
0.00012596316203775993
0.00014229724553208278
3.3469610293688626e-05
0.0001440922781006861
8.468482752550785e-05
4.247011085961381e-05
9.804659762067388e-05
0.00019848098662704312
4.793385490463141e-05
2.774913199527487e-05
4.019484404224627e-05
9.497988914534757e-05
6.524245427753529e-05
4.4607242666011e-05
0.00011692446262382852
8.840048891804692e-05
7.040583407118687e-05
4.2371613617239524e-05
8.694097068121204e-05
0.00024382418013487345
0.00011363769623997427
3.8827775762375277e-05
2.8935816958857975e-05
7.369736368119053e-05
0.00010092888938604851
6.91368464425561e-05
0.0001402238099380164
4.581005968937558e-05
2.7968174692469326e-05
8.170922278499869e-05
0.00010145878677827066
8.448377154997924e-05
2.940977572919395e-05
8.812565896828611e-05
6.944502812016449e-05
8.042817375897399e-05
3.750764890576087e-05
0.0004544674701774072
0.0001025541994886356
4.315976198216383e-05
8.849373667452751e-05
0.00020026387040713797
5.758514815044824e-05
9.689804505489905e-05
0.00011244965706511726
0.00018698280044134245
9.004731035204757e-05
6.812055009906671e-05
4.3518864772703024e-05
6.8691888542957e-05
5.339454552684624e-05
3.830752146375806e-05
0.00010818586689070987
7.933193102347684e-05
4.8585374863666594e-05
0.00025960348827490766
8.253807176143616e-05
3.6431251504529345e-05
5.062414518684242e-05
0.00013353172866905342
0.00013279909259687517
5.19832263021581e-05
3.333849047204013e-05
4.5289168158207776e-05
4.557743762473867e-05
3.355558669673013e-05
3.1997493479380154e-05
0.00014237560153896385
7.834662447547358e-05
7.797349766239057e-05
4.0868362860780095e-05
8.37150258637414e-05
9.768370044714979e-05
5.532856169861791e-05
6.79643679712503e-05
5.9947498590346215e-05
0.00016983250336052315
5.5445206328224426e-05
5.771798396492224e-05
0.0001903190180963911
0.00018904376283590638
0.0002538826473204745
0.00017418352075850016
7.299099948289725e-05
5.770494399097303e-05
4.053144934523672e-05
7.362925147812875e-05
0.00011604769585781745
0.00013330945814362516
7.532753416329258e-05
0.00014602958717860708
9.092121994521255e-05
4.572149249560053e-05
5.391544774678056e-05
4.434627719669188e-05
0.0002141638060452951
6.634276837638194e-05
0.00010507779589802888
6.12203693992764e-05
4.301144326241146e-05
6.143535181785268e-05
6.120042050024785e-05
4.8383158945975563e-05
0.00010323923079356085
5.52517129553947e-05
3.569704297035246e-05
4.110373193877819e-05
0.00014155010625621392
0.00011237108894176456
4.116964676313345e-05
5.12720338134583e-05
7.135740330561452e-05
7.936103853851208e-05
0.00017893689139246994
7.693092762368399e-05
0.00016805121144679555
2.51568406131359e-05
5.045974912238611e-05
9.957638961275139e-05
5.9915393170778376e-05
4.964052272994015e-05
8.650954560055517e-05
9.771521688166883e-05
2.068846103549575e-05
2.892209865353093e-05
7.864968718913753e-05
5.612169349591858e-05
5.449875224763687e-05
7.614487819535408e-05
2.92326998403295e-05
8.818253244033674e-05
6.235542007327962e-05
0.0001538478429831746
9.220090284858084e-05
6.34595891823836e-05
4.803848447905886e-05
0.00028986264026463336
5.6811544215768155e-05
0.00011715429281398448
0.00011259136555768386
8.198219685007487e-05
6.91101982211168e-05
0.00014265916861902324
5.57521725856762e-05
8.533389175137239e-05
6.32718184044199e-05
0.00010585642764408637
6.707662186929386e-05
7.751897037353073e-05
0.000265761364492305
3.116360046643263e-05
4.48639085673036e-05
3.1512148087315406e-05
6.706240847821394e-05
5.753307249403466e-05
0.0001018992685491339
0.00017564029914978556
4.4631819610701926e-05
4.902338775833298e-05
6.549074356065319e-05
6.702584876019112e-05
4.807307283989156e-05
5.734063473917301e-05
0.00017504141062301461
8.335270233623276e-05
0.0001537948293926077
6.039088615635056e-05
5.9736087854962175e-05
0.00019384109003195153
3.7453141591476196e-05
0.00015019231223281762
9.714052845478949e-05
4.4329808641577305e-05
0.00011309505170331524
8.788412834424883e-05
0.0002573545223206097
2.2906929281642153e-05
6.83937900491084e-05
0.00016565108049083535
4.385637360325496e-05
0.00010569319952586348
4.0432841307561555e-05
6.58846053171024e-05
0.00015791393162791655
6.239376075189413e-05
5.432137819803404e-05
0.00011049191902026868
8.017314748130116e-05
4.063224716333071e-05
9.693350673764517e-05
6.405669189217358e-05
0.00012154373782046537
6.12876374090169e-05
0.0001953720774734358
4.8643692704308974e-05
0.0001198189650193822
4.8716909699370695e-05
3.564488757711029e-05
3.2917152802960345e-05
5.486123516767072e-05
5.267790756797658e-05
4.648440716992542e-05
0.00010079875939707541
4.7701522978296834e-05
0.00024929252259882405
0.00015722484225339037
2.8440709204119184e-05
9.410645136224289e-05
0.00018869452547686438
2.5729755705358707e-05
4.9345005911097433e-05
1.881896791246961e-05
4.763614023869952e-05
1.6340256655689753e-05
0.00010791949995703021
3.2631094351908624e-05
0.00012141866281141062
9.866038323398196e-05
9.045876648040885e-05
2.6923434945236673e-05
8.280810298982618e-05
4.7377935880561874e-05
7.748989010090593e-05
4.902120819990237e-05
4.634898961901499e-05
9.333078953611036e-05
0.00010239588471204745
4.382254250039819e-05
0.0002707127763359702
6.785567825656179e-05
6.680398050630433e-05
0.00011703012596058911
7.454822402404697e-05
0.00012767330349937214
4.919758947794568e-05
5.60697055725502e-05
0.00011463406689259036
8.764197242216697e-05
0.00010297598066385997
6.945612920675664e-05
7.591830478630023e-05
0.00010537725819788659
5.943528422701254e-05
0.00014019912155345326
2.901194344023137e-05
7.139764434727513e-05
2.174410472802547e-05
7.925457030515545e-05
5.007424926462649e-05
4.6049055962292965e-05
6.960455860760782e-05
6.6027042851025e-05
7.225779466861532e-05
3.9934435506748124e-05
2.0996090486899884e-05
4.066585788605325e-05
3.901622024208599e-05
7.195825203535051e-05
0.0005570268174508407
7.061927146203933e-05
0.00018896865262743684
0.00019031968438562867
2.587090330791028e-05
7.966630094255727e-05
4.204179457938131e-05
0.00010414010356432319
9.804960131897216e-05
8.693736429277278e-05
0.00014016750929995257
6.930650578318644e-05
7.19020572478574e-05
8.044807839632441e-05
1.701057512920416e-05
5.144527578292668e-05
6.047574362597699e-05
8.207038271814119e-05
3.4157786844357904e-05
3.74171443897751e-05
0.0002785187304939193
0.0001834928962622632
0.0001056399552010575
4.2176048768020205e-05
0.00024066252501563708
0.0002192055799934123
0.00016726758444790045
6.641878435792098e-05
1.9353458867339216e-05
0.00010118775835284755
5.998777001889319e-05
3.8095821424941786e-05
7.299474408409282e-05
0.00023622254000589833
0.00015090919642626413
0.0002901401151174244
0.00022039663517550394
2.908105603153031e-05
3.4884659027950227e-05
6.368114123779222e-05
5.634304964333967e-05
5.2205394657601154e-05
4.106749524475199e-05
0.00010947376675144412
6.596780738332135e-05
6.240663435189894e-05
6.770812413399534e-05
5.099466448958066e-05
4.778216441711193e-05
4.0573799159484654e-05
0.00016980982587831258
0.0002631325997031396
6.0605340625821596e-05
7.939712727547657e-05
3.976766520386889e-05
0.0001289665496843704
4.8172603416462493e-05
3.478097123817921e-05
3.9986376211212654e-05
7.537574455323519e-05
0.00010472210147194443
7.362543608910404e-05
0.0001639807914704664