0.04910424544164819
0.06001463321226995
0.13332156221198213
0.03852210326949347
0.07427291210141011
0.029398499536564954
0.006587630573572793
0.04627910759510457
0.04844523605480043
0.01718954244093371
0.02981817967185501
0.04289288012220763
0.06802845269304916
0.005697250020107534
0.030887933332372497
0.0035612509350716665
0.02530392997627812
0.02642692055672727
0.014890416616785931
0.014118346508928768
0.01847154285258708
0.004404818602698982
0.016330072524614922
0.009523376831683712
0.010191642009191227
0.012023635342293025
0.005181384596995981
0.01570943386195152
0.02121342022110668
0.01789540137692424
0.0011330415362253265
0.0015730977766332146
0.0038749197643436106
0.012039584959616469
0.005958931469498802
0.014470504847737735
0.007897154153213562
0.008554724365294936
0.012460057042429983
0.005021221755468845
0.006424783584893804
0.0024375709462276947
0.013339743551965696
0.0022242502548974817
0.004130900081312432
0.01384461096781838
0.004940861270372317
0.0014209744093100878
0.010748429663262622
0.005519636852091317
0.023445551418529765
0.0032071557190982095
0.011671900009426188
0.003632601020302006
0.0028227816089217914
0.0024470090136600804
0.0028548958289261197
0.008846539867533499
0.004902551444540461
0.004302292327113148
0.012911773892749088
0.002209855077262434
0.003827443335764653
0.004532651012156578
0.0015110822550205949
0.0031112204550084875
0.0017721264588834648
0.005573276992103471
0.0017254888719194631
0.004690858150279165
0.0015427219738189907
0.0019916034945566207
0.0019274291464370975
0.007250830071816105
0.005189567680634484
0.00572862354175048
0.003601373494034407
0.00519162022356338
0.00528972279794117
0.0015732107703972948
0.0038219121641733357
0.0006174764880010266
0.0015568143020913167
0.0025864574986892218
0.0027348686197891593
0.007113744098050915
0.005061365414598993
0.0022573388272818812
0.002274419727944984
0.02247396004484656
0.004363972696213501
0.00044438666386568775
0.004959825817294261
0.002738928235211892
0.0070264442399931015
0.002677048063328976
0.004011310788434937
0.003895318666607899
0.0027575483187265203
0.002154124285410102
0.0047042637308904916
0.0036973160819482667
0.0022741271079174917
0.00406279551856537
0.004233761305952702
0.0032237127118840804
0.006001825728271477
0.003191041983182362
0.002428311534061483
0.0028751572927904452
0.00247647628355807
0.001597007438035857
0.00090353577553717
0.0032697816980687537
0.0017056818518849809
0.002129184122788198
0.0026069437540187767
0.0062459541025941005
0.0015776667721161938
0.0005681272465422223
0.0022666225615299842
0.006288428520249239
0.003301672200886958
0.0007802495041162072
0.0035430868306832947
0.0023544165207187635
0.0011388638117838133
0.0028134119682906495
0.005846587323976163
0.002081876280055653
0.002692501107387283
0.002963726251098559
0.0021802424304635994
0.001168092475133352
0.0061516112614446875
0.0012399901010386378
0.0023401091173132983
0.0014730358111843078
0.003387855145472777
0.0004598361057019792
0.0021446200638523226
0.0007062569888461493
0.0015429116740043347
0.001804712123432505
0.003112099185847042
0.0029808709200866788
0.00027530874812797904
0.0006304999664455173
0.0034183494270919063
0.0003570959242658061
0.001684787670312615
0.0007647050726291918
0.0003727942653828235
0.0029425646466182337
0.0025499177902994006
0.0006988138411547757
0.0002044845785598317
0.0004457986016401534
0.002600632944422824
0.001587477763727896
0.0015810143783720196
0.0033706571038162767
0.0012967037331985895
0.0016843186655065997
0.005267555025962075
0.003136848451827726
0.0022588089483015776
0.0021095248489802917
0.0018906971970386241
0.0008457579871504142
0.0022769252938100075
0.001709262511245285
0.0004997637381392
0.0012508755091493633
0.0007333646339076563
0.0030094649605253185
0.006344426798502348
0.003322691189901494
0.003724540723160681
0.0007276743120166081
0.009236154829093532
0.004019326748533481
0.0024901484344353243
0.001924748563003708
0.004032737436467751
0.0011161674170349057
0.0008125650891859285
0.0012237117698816506
0.0025366734308120103
0.0019077395497150737
0.0008983992051978241
0.001942357047676217
0.0010912574769572033
0.004086510587214294
0.001418598797545094
0.004293435823044444
0.002984203316130517
0.0040863404940446515
0.004014917522628113
0.0015430558791547102
0.0035737871360874292
0.0008098431051914471
0.0014920106999741962
0.0003963558576792401
0.0009698155641912194
0.00019000182078707825
0.0006967063799303015
0.0014276604214253333
0.002420558443361166
0.0026316410030819996
0.0017336045614418617
0.0009819263099739538
0.0022503612679982557
0.0008140837054146458
0.001545978246840492
0.0006767383540680705
0.001148868333134124
0.0013151122810658219
0.0024056430717060285
0.002031633731838736
0.0009079676415224826
0.0016887775199680118
0.007497337734216818
0.0008242335704752819
0.0003932105243101756
0.00442324588046541
0.0011876362167570164
0.0014927622078044682
0.0017945125861507471
0.00043199560110702013
0.0013010325672398694
0.0005590152897368919
0.0018557314484441837
0.002127002515278662
0.0020922188091557093
0.0010496763965123592
0.0006949455484102753
0.0019319333706758854
0.001992862678276865
0.0007524292081029986
0.001471008166063647
0.0014283333767110442
0.0007071504336918951
0.0027567092704808807
0.0015586304128267872
0.000902012464367985
0.0007399227611315895
0.0022191635483517548
0.0013992287513875218
0.0024813186611471073
0.000517801398534458
0.0023093823827915524
0.0009112697823810748
0.002782441783690892
0.0049950106258357194
0.0023983442593322806
8.364060062556426e-05
0.00020810610035090183
0.0023385071581551687
0.0019241707737626217
0.003144144424514088
0.001133883985802949
0.0002446274640045101
0.0008212551622150889
0.0031810794821848162
0.003291689544677838
0.004492295534622375
0.002631837658808053
0.0007161272116200214
0.0005642270817106094
0.0016145970561169606
0.00038963540446128943
0.0003720689091244594
0.0007073243609296045
0.0017145173084364023
0.0006114946321431728
0.0007390355893677303
0.0041999510113165965
0.0018194407476751846
0.0010141182140469226
0.0008818036589116255
0.0002913838820525247
0.0009746675727074616
0.002289044950811755
0.0013006726210491532
0.0015124905429155446
0.0021158852954057004
0.0007339681608448847
0.0004731954647234333
0.002258006843507218
0.0033015964485419796
0.003726671704531614
0.0008434182319569012
0.003731649979198714
0.0003611982761154254
0.0010761917783630112
0.001519623955528444
0.0023441380637762277
0.0004606446960405517
0.0017485600950339437
0.00042382320799920985
0.0004022394489483443
0.0007873607360815655
0.00046525051189968926
0.0008724956029554189
0.0017984506015961217
0.00026151294998648904
0.0009328101319484066
0.0005646797006745484
0.0005664641735688298
0.0006165021526343086
0.000599206268575531
0.001314397279237197
0.0002297412284829583
0.0010794637234830566
0.0013618456286507976
0.0027079108186969314
0.000727866182885161
0.0015775110492764657
0.00010185630616343909
0.000712438101012615
0.0013528067140991364
0.0010353677087213628
0.0011152889688750129
0.0008471204716215782
0.0002876467973834062
0.0006067551919907857
0.0008806810732497989
0.00034881229779049213
0.0022215379065077747
0.0005752213062412243
0.0012379813561083043
0.0016818907484614535
0.001578444989087996
0.00042836034743192614
0.000903334110542614
0.0007746153948230959
0.0021294256641973285
0.00120662866571697
0.0027318489567678722
0.0002782760353394681
0.001512457923795452
0.0005803789117307724
0.0008322512558877437
0.00026789351805139345
0.0012728879405950006
0.0010618956662284366
0.0008231141981288379
0.0012834546136831133
0.0012085445012971065
0.0012223530243256218
0.00015355811548918284
0.0017954748278149967
0.001169759672324736
0.000917061394078838
0.001906933323551486
0.0014397166006658987
0.0013723845620345165
0.002066259305571175
0.000574826201002374
0.0010292919962281244
0.0006679568280150803
0.0007733009822019936
0.0011885436508789296
0.0006897415784829679
0.0003032224575568572
0.002387987375764849
0.0008598380348569628
0.0007346131225706991
0.00040704764194203605
0.00019714695623002624
0.002813912294855509
0.0021466390900121294
0.002021900132117405
0.0007871446251899099
0.0004732335195602845
0.0005141230885814261
0.000509624323489314
0.0008260320727108087
0.00010974407024897803
0.0007545623495502134
0.001252677812512844
0.0006100620772191334
0.0009213251396042161
0.00013854264637536
0.0008196989846566086
0.0006143579159944395
0.0006073462501117143
0.0033966638751091118
0.00036471204408464484
0.00018433000125460026
0.0005092877789039613
0.0005064610761371567
0.00036000861501335647
0.0007053436073541706
0.0021735708634220132
0.002337259231843958
0.00096943860116247
0.001088302017365002
0.0005671707856169063
0.001304684816487273
0.0012724163860496182
0.0008026644140639831
0.0003716207158177043
0.0004688498279436041
9.538153726328809e-05
0.001604111628479393
0.00018984746221954816
0.0006473009845170982
0.0016977512366249026
0.000744372692721101
0.00040916670623238375
0.0014426876427431575
0.0008504966346028133
0.003953332605876552
0.0006759971956541597
0.0005088993831870959
0.0018515608887610538
0.0007974839131963303
0.0011092435923904338
0.0003972497376236265
0.0007637147490586518
0.0009029687209997498
0.0008043590068660296
0.0015205994561106274
0.00018305512309132633
0.0011813429562656562
0.0006637607444738547
0.00019550987043718185
0.001208142320866128
0.0013682980111120778
0.0004560632056107478
0.0007382578147102249
0.0018903812218560691
0.0006013339949046072
0.0006365925669199263
0.00047991056095094857
0.0015450492432030078
0.000929362905662798
0.0008753036198756728
0.0004980759231676029
0.0023749581924238337
0.000683238107632634
0.0015797048459883884
0.0011134955085185497
0.0012899519720108142
0.00029362541666175316
5.420055818896672e-05
0.0007738308435084578
0.001286707740765555
0.00033888857952069746
0.0005545180994887011
0.00021845289055902938
0.00035257593577533384
0.0006296875519604605
0.0008031226094915647
0.0003005948172520825
9.84740580591191e-05
0.0004443378962499913
0.0007462107640565286
0.0004778923014112055
0.0004094831227806318
0.001414105170456996
0.0018760227848490768
0.00026994126790415746
0.0013325602465562591
0.0014360857683909432
0.0009386132801713351
0.0005046524693808254
0.0003285574311863881
0.0012567739302544103
0.0007007054403913465
0.0005357863083829846
0.0005494085467823488
0.0007154325885324257
0.0010540122436166095
6.398733490436502e-05
0.00022922015737667143
0.00030865940125190705
0.0006135252983867133
0.0020041321373309934
0.0012986350694273831
0.00025268665314421754
0.0008209914403754311
0.00024709074761640405
0.0004269186582182164
0.0002791894495567311
0.00036203420063811513
0.000995417776700083
0.0013071021914693385
0.0024552960905920847
0.0015527262426473904
0.0015647022426099103
0.0006303109715897937
0.0007948053615028696
0.00011184746153708253
0.0014347111447686725
0.002077538942710064
0.0005870425017434653
0.0006031530419004953
0.0014394160864600247
0.00040011198310639564
0.000417485926557244
0.00041114711868939403
0.0003348916223366415
0.0005648566547981164
0.00015496014963902125
0.00015485043233504366
0.0008282767211829484
0.00030798794369498155
0.0003197922855664943
0.0003548903102609061
0.0009477526504431054
0.0009457989110593251
0.0031979752455290975
0.001131350302531668
0.0006226927709912106
0.0008295276866739134
0.0008509582241578483
0.0013422178660071995
0.00031859458234773905
0.000662320424606975
0.00023599334059729856
0.0002074855017945808
0.0002551304099952113
0.0004977947361875081
0.00041889938075538325
0.00017170307199539697
0.0014114541606981904
0.00028396928405041255
0.0002642145255804876
0.0011815110378194489
0.00042868223502295655
9.713626295383203e-05
0.0007242255748878348
0.0005259038999184128
0.00012875019387622024
0.000612684703640228
0.001443133012896895
0.001045321040420646
0.0006172522839704836
0.0007788592743369429
0.0007949209514517048
0.00229482577022186
0.00091380318616481
0.0005461784233766598
0.000354227305855715
0.001581898267172963
0.0004210705372790327
0.0025944201554278434
0.0003301921178641965
0.00023883928026591212
0.0008202149037479625
0.0003580658489858681
0.0006179037925769286
0.0010855424327985115
0.0004340962702692909
0.0010163261342132379
0.0006311458318786916
0.0010423528158660577
0.00040887169358958176
0.0009272389653092374
0.0008333116195538273
0.00034269585090777443
0.0012886405982415498
0.001778960354177719
0.0002525051534947792
0.0010353630300639009
0.0003612484671595112
0.0008532331024811499
0.0011013263706294077
0.0005555021516971626
0.00028671309000192927
0.0004854930594201173
0.00038570651059454064
0.000589118237752088
0.003930979658715995
0.0005016854775867904
0.00034667983428449573
0.00038829175552935753
0.0003493915652368854
0.00014367484902030653
0.00017466123939738866
0.0006062208812749758
0.0008538564592612895
0.0009107386136029313
0.0006247347655710489
0.0006783779702280327
8.249771837609537e-05
0.0006109382327854494
0.0003198319884314983
0.00021819494748352808
0.0003351599116891487
0.0002045126928832281
0.0002906966850640075
0.000949078791765451
0.0002446304903827947
0.0005351700531320079
0.00040624981139873777
0.0005826967902683388
0.0001649940828891358
0.0006647745604791411
0.0005024683608655339
0.0009035989699014363
0.001063072083810179
0.001094990903714111
0.00010321009939307038
0.0006062759974680968
0.0004590454829513033
0.0006711274453273065
0.0006707126998629065
0.00043709377660047414
0.0007688294994459838
0.00037442847419134347
0.0004836622263029012
0.0007342912770605191
0.0011038378002101025
0.0006239554528044561
0.0006460915699836669
0.0011194963611341584
0.00026863644837506705
0.0002472295241980789
0.0005012994847595218
0.00021537614829017466
0.0002439109714573392
0.0006425429626146907
0.0003786421940449324
0.0005967909601942396
0.0009919284269294549
0.0005115837536610277
0.000500898493559157
0.00017396683558306615
0.0002763226039375491
0.00021967860497526444
0.00026622982396235173
0.00018375290556146712
0.0007730705554120484
0.0008208734330269208
8.758652160414724e-05
0.0015119243810552982
0.0004801911469205121
0.0013078645387957783
0.0020119850832569144
0.0002201604169586905
0.0004125010399746186
9.602535682024589e-05
0.00031439021025252573
0.0011710873355385359
0.0012872214632908346
0.0006083487924122576
0.000958171236328323
0.0006373394264895174
0.0006258992047769332
0.0002051681206053992
0.0002136214398517714
0.0017057032122120106
0.0002085401850905464
0.00027552697590708486
0.00036227013690343676
0.0004657695706962241
0.00043951764094715966
0.00030275711502387336
0.00015434963547951078
9.251372078430453e-05
0.0001878075764591949
0.0005907890239040261
0.00027362874450721157
0.0019158608243067647
0.00047136860879651917
6.313922721271154e-05
0.00035699577596330265
0.0008085062707470753
0.00031782961388707295
0.0007901697835743267
0.0016101340754543269
0.00024591998317427484
0.000788081475951072
6.893621021920473e-05
0.00038950627809866884
0.000532468762638844
0.0002525273956967625
0.0002528928417088605
0.00040174548010794836
0.0006244370784283199
0.0007845694765450515
0.0006134435460354006
0.0008902883526099909
0.00029868709518467097
0.0009850906449697116
0.0022590732218101682
0.0003477079460595343
0.0015346528728778174
8.140321834986752e-05
0.00020328029778170085
0.0002476486585570684
0.0004971185495152273
0.0006981009231623973
0.00031479662268397583
0.0004041178521409302
5.587784439457582e-05
0.0010778677372411036
0.00029890938175367347
0.0009478448060397314
0.0002956305895649671
0.00014003186643453004
8.987164592366179e-05
0.0002251505017235067
7.804949066727357e-05
0.0010271995170519112
0.0001127633426663825
0.0005101942929658089
0.0002540792440637283
0.0009285911938842784
0.0005050963424642056
0.0003839883957673396
0.00029849120748217143
0.0011173079799360942
0.0006111812406698445
0.0009634794710608806
0.0007672165564188572
0.0008525646306555985
0.0010095507052501305
0.0002847405118649825
0.0001015640352759998
0.00013508536967824772
0.00033069973077885355
0.0003285265077044747
0.0004071900605046833
0.0001344938138420903
0.0002626047042797155
0.0004738260120002141
0.0006483458409993955
0.00022181692257229434
0.0008738071448462617
0.00039799992981819944
0.0007444813553377799
0.000287615958003515
0.0013361038175494222
0.0006483104454093843
0.00041838382760938026
0.0007288605560935111
0.000129719283074898
0.0004669412317554469
3.4262687657731184e-05
0.0004957770994037425
0.000950717497037317
0.0006527474802271518
0.0007258014390264841
0.0004235370791588368
0.0002682937349730823
5.325443365718245e-05
0.0004456529487002999
0.00015528140685277324
0.000641909844060733
0.0008974183053966128
7.73227251497258e-05
0.0004640313276594372
0.0003558752132128388
0.0016695014345434113
0.0003541148418163884
0.0006872110168265785
0.0006157304152387205
0.0009365515631558629
0.000562777312173982
0.0002747207927190664
0.00047104988292570496
0.0007624448177832459
0.0001082798374004516
0.0003483305364394273
0.0003391612428887536
0.0006754705623777863
0.000589585273638971
0.001660814128925714
0.0007101443065655238
0.00041049173060484347
0.0005693306757463114
6.47190205991357e-05
0.000298389860864553
0.0017405551556859975
0.0006067073586801878
0.0005111788760304088
0.00031177229017230023
0.0002464764506473613
0.0005884938831034555
0.0007382423486972624
0.00042169368756009084
0.0008939379852417351
0.00038460661626539316
0.0004267894081758388
0.00039194424896920666
0.000434362901938626
0.00026491554169567823
0.0003527275354687222
0.0011763996922242053
0.0008782223200198665
0.0009050114062620342
0.0002666723345841766
0.00045559055886439494
5.530810356481744e-05
0.0001279249273697628
0.0003105493066669867
0.0008660800808108472
0.0008805782524372941
0.0004697429355729379
0.00015103699654596796
0.00021795167182070776
0.0005621975071027805
0.0007910837230512299
0.0006793021621233462
0.0006624736965412273
0.00044676751106857156
0.0006891811741608921
0.0006461455884786074
0.00018119139035565522
0.00036145415167710446
0.000653158424959539
0.0009649110247143516
0.0004237099115725103
0.0002440633294841945
0.00019254135573667106
0.0025902640186364887
0.00024497983006919614
0.00016065409500481238
0.00027364707513403253
0.0012878628651964432
0.0003448172457418988
6.726148757378087e-05
0.0006501524969986536
0.0008210785300455527
0.00036742438013092087
0.0003937329284144072
0.00018629093753895043
0.00013505371218749775
0.00025785845551419757
0.00037618560803986175
0.001908143541215436
0.0007306104771017753
0.0005428610525441131
0.0002684134710770928
0.00034328643864273855
0.00034762538133115806
0.0006255188682591069
0.0006724595644482021
0.0004611716800691725
0.0009916770922511308
0.00022809106047271476
0.0008353999522341228
0.0005937240790785377
0.000255593665895126
0.0002315785200827538
0.00015528145212727096
0.00014141764274049198
0.0005384659512385359
0.0002263125124615158
0.000528675277442585
0.0005998104826819257
0.00045396021830951483
0.00021484149853027493
0.0002932817509256224
0.0001315778448354311
0.00030111081009534724
0.0004984798522776876
0.00019995054361364215
0.0004985210603174645
9.620869746907068e-05
0.00046102391162087945
0.00044401776172987254
0.0002076613324703615
0.0005339034817869165
0.0012721711671162305
5.590010031985775e-05
0.00023778699709372925
0.0006003013659787763
0.00011964976945105523
0.0005154451136974606
0.00012275216128195874
0.0006492548911781786
0.0004728959859404339
0.000533518042718498
0.0004700635625277815
0.0008013397147536861
0.00020331444356530386
0.0006566311031574197
0.00027306216948156086
0.0001404284671321051
0.00013232532051834348
0.00031140455189618315
0.00037063044577143115
0.00013265640956314288
0.00017443305646959784
4.6243984190278216e-05
0.000536228954886861
0.000209820629506547
0.0004225740353449432
0.00020703631016449832
0.0014635423833796238
0.0005363058547625114
0.000156987100139884
0.00047985581123300233
0.0002518980854453532
0.00032152029351682174
0.0001589553472605715
0.0006385213054105962
0.0002738309099201527
0.00046644227613406816
0.0002747494525250391
0.00011904661426606206
0.000124158586349546
9.641036972737948e-05
0.00033297031100988324
0.00036477419750498237
0.0002028528871278034
0.0007721773839790695
0.0004243394203217996
0.0003156602611666301
0.0009120017004173312
0.001198196137671733
0.00019118648040021715
0.0005786276096482086
0.0004413737843378777
0.00018541239879573258
0.0005927746124843757
4.5995563747215884e-05
0.0008297883300182041
0.00012445618968955278
0.0004789293862644186
0.00027121061061050343
0.00021550824160086325
0.001003839064692256
0.0007829182653915543
0.00012256040674711021
0.0006735706459465729
0.00036767206804604345
0.00024442665708283135
0.0004694257190021114
0.0002999147127040495
0.00012023075845357603
0.00032393491713024843
0.0003969626512712786
0.00036044825668128373
0.00011789887509598671
0.0005569655249246511
0.001384720809427088
0.00026168159647511376
0.001623595218484598
0.00032394118318109796
0.0005517479240645727
0.0003149399110908446
0.0010163700963742636
0.0003601765787086635
0.00037950200426629157
0.00048027833245300815
0.00019965127734402003
0.0002086501254315436
0.0008140196101013972
8.149321559945489e-05
0.0006746090949107898
0.0008741735186903274
0.00022576933502436655
8.421393804428607e-05
0.0022388010840602244
0.0005270397609409981
0.0007850552884374796
0.00010002234991399266
0.0005482679249710389
0.00027348056384408404
0.00027347951191535253
0.00012795145325352085
0.0003934440468224347
0.0005133080183102434
0.00019051618605470626
6.812017971803869e-05
9.845049751898717e-05
0.00036525958704098
0.00013659742322227127
0.00024639530940220313
0.0003358445346647899
0.0003034778102521739
0.00046082835902989136
0.0004240625500249185
0.0008797366527885226
0.00042397422156147677
0.00019764054208174043
0.00022959685000444534
0.000763442884248184
0.000421541655550318
0.0005267474748018669
6.907201324479402e-05
0.00020418847186963468
0.0002844965836752434
0.0002815322162226758
0.0013498536219324407
0.00024496573791712853
0.0012752273458349979
0.000609790456666565
0.0001860975748983008
5.377804939294447e-05
0.00011280781926374115
0.0005247707454850934
6.27473393220593e-05
0.000348216114683349
0.00020618403921728897
0.0004700718170047807
0.00035465192041636036
0.000448024195157487
0.0002066609607091958
0.0004375390334620522
0.0002700568814277289
0.0003555157634829165
0.00048411068413620027
6.509078342469673e-05
0.0006415586353265257
0.0007667323270878774
0.0004344421331621732
0.00024166243648254574
0.00028756178888041643
0.0009097870501162077
0.00028805970737501464
0.0004215296738169598
0.0003113515824119671
0.00018845142508577316
0.0003663121524793112
0.000307361234185953
0.00021216160973424957
0.00020272325182062555
0.0006308010801061424
0.0011523617348411345
0.0002117843651109112
0.00011947978863215977
0.00014767610394285464
0.00035283198700325496
0.0007841082980960032
0.00027721661942095783
0.00034095675956932823
0.00017405116609231166
0.00010768412527665687
0.00018080335196397112
8.693051885887332e-05
0.0012413213538565112
6.791451832635523e-05
5.4204852025695384e-05
0.00017129396354002854
0.0004197236744547102
0.000580094556005966
0.00042056528032908766
0.00041883076964828854
0.0003907653803959441
0.0003247280139324493
0.00025494625304764174
9.269906782622771e-05
0.00019839088140726445
0.00032897547145815194
0.00015442996521130604
0.0004962417800629264
0.00021516451143210408
0.00041797003842529705
0.0002252221325345632
0.00023942479653949408
0.00011123975775423017
0.00017733454494205328
7.973817537019914e-05
0.0002724026200812955
0.00040795380870348755
0.0005948568087952941
8.346753637807716e-05
0.00034863997442482347
0.00040584260981694435
0.00039948191911859566
9.017341232585043e-05
0.00018275800745611544
0.0009515500414474568
0.00018090913498891836
0.0001479656037025904
0.0005353552570147943
0.0004063278409015075
0.00028281666956096746
0.00012270107787068482
0.0002125810851428507
4.54174158037309e-05
0.0002513929291324717
0.002205187287928913
0.00026198977727564225
0.0002347257482337834
0.0002883981354044918
0.0008277670890971989
0.0005516892562330931
0.00018378082051703244
0.00043315751212889744
0.00012050321352959903
0.0009106836260326613
0.00018060069292567756
4.488156702280734e-05
0.00014567549248353063
0.0006748361023845893
0.00026171907320704773
0.0005021607990632876
0.000288252333629973
0.00022082651479796652
0.0004089743060465565
0.00011103380910513163
0.00018056489972615765
0.00028338143575163554
0.0001622122009705776
5.555458247736097e-05
0.00015052305422368507
0.0004935409611825088
0.00011134894149312775
0.0005900288442412635
0.0002202724967541451
0.0007169566645073528
0.000183447134311291
0.0003033711403252166
0.00022798736489809847
0.00012622874604828363
0.0002879357344504955
0.00023582224903780048
0.00011362904698849406
0.00031141175491670195
0.000311542081367219
0.0002489818515483869
0.0002481172910721729
0.0008544441104460487
0.0002860452026668055
0.00016791356966925985
0.0003142421277313438
8.851826843427842e-05
0.0004402424652624121
0.0001204244221930256
0.00015693036367264482
0.0002900469211435949
0.0002619314331170909
0.0013560042831582382
0.0005685212422083256
0.0001948734566979873
0.00010774911039706829
0.0006539381803645829
0.0006670384112915225
0.000548607894385202
0.00010772701108398819
0.0005370556170837307
0.0002913499688008267
0.00012881921810166933
0.00014537483297530912
0.00018044841310524206
0.0003767272411749236
0.0004696916653781206
0.0007691898580488366
0.0004367105238470456
0.0005292142450052457
0.0010974036872535616
0.0003671565604214621
9.02042358607001e-05
5.9218170986722415e-05
0.00024387199462038545
0.0002497793560524841
0.00037226199881032403
0.00014500119177713908
7.43607745570573e-05
0.00013547790805999802
8.190502880141675e-05
0.00013244211210276582
0.00023353179860291027
8.70192231214138e-05
0.0005254397720637126
0.000331986093526489
0.0007445572387557968
0.00023361638143252193
0.00013228969224671506
0.00020366425526087095
0.00035841459423375453
0.00041590545243127235
0.0007349410448949813
0.00010338864424436252
5.382672589834011e-05
0.0005058711391162752
0.0003750084149811217
0.00019476026385291506
0.000135016191933847
0.0003286159534101383
0.00020332369358497035
0.0006926294135115319
9.225453822010286e-05
0.00013431630350216477
0.0007268514431404403
0.00038596204604786566
0.0001927813066020088
0.00010935974349883484
0.0005808079075654097
0.000280086277171238
0.00011542320629663159
0.0003141234236834899
0.000664946097292936
0.00025012101712686065
0.0008563602162142042
0.00024685068638703023
0.0006559463346425303
0.00011182367421880147
8.055827485639446e-05
0.00045717631886400047
0.0002028897872445123
0.00047453393899677174
0.00018652265166541556
7.345426070422022e-05
0.00034605780280090847
0.00057727922293915
0.0008146543323281798
0.00031434560450173334
0.00034466415985965167
0.00020262787751197892
0.0004804759397421417
0.00046261919908141026
0.00024844766338194275
8.600293546095678e-05
7.444031969201967e-05
0.00010309626807986412
0.00017126592061666182
0.00021667720565918554
0.00038183132751091266
0.00021594007762925014
0.0004791211087418128
0.0002287847555836722
0.0006742705434952158
0.0004600379186557238
7.043069164223623e-05
0.0005553036153240193
0.00025225224906312024
0.00034816522394467265
0.00027307821687052594
0.0001273623415681838
0.0008602253758468867
0.0001899376953705373
0.0002969467596807346
0.0002934539933874797
0.00041182967829362895
7.09796889002555e-05
8.355772909395485e-05
0.0001426749533907008
0.00018845362076168326
0.0001674760963682807
0.00024172431681759556
0.0003161349409333565
0.00010657597740338308
0.00011655364005529516
0.0005560284454087667
6.59754002429886e-05
0.0001281864048165532
0.00043745242911651046
0.0004698077007864996
0.0004016790704921322
0.0002816120682954854
0.0006900052275793753
8.334603005943919e-05
8.315971964209897e-05
0.00010780013853504622
0.00028464004931673577
7.63648772939927e-05
0.00036272386961651033
0.0007545252273995071
0.0004697716700369959
0.0001604604526482441
0.0005374309231202461
0.00015581916065001583
0.0003293754492968755
0.00032554824765954754
0.00028700907575927756
0.0003931170409669917
0.00010376792178846413
0.00026700187570574246
0.00027958299370330747
0.0003606918575197379
0.00017569548838230947
0.00013217965913878032
7.563053001944029e-05
0.0003625310838973029
0.00026224327024879974
0.0009515103745825184
7.607388796368376e-05
0.00017902103011312452
5.660873651078753e-05
0.00041233980408314735
0.0003003522383920184
0.0003129272503374325
4.3999683050057125e-05
0.0005039433561401112
0.00015941073774621196
0.00024133425636472478
0.00020297262105313356
0.0003248659214592045
0.0004203246479433662
0.000562984392643628
0.00037191814362707865
0.0005985033376101832
0.0001259694347812494
9.846940555249447e-05
0.00031287274811375113
0.00010776985136203762
0.00021817543392364536
2.5788014616522532e-05
7.636476633045076e-05
9.958479014797526e-05
0.0008028611288065903
0.00037354908517243045
0.0003154413273771519
0.00012231175868797903
0.00015701690961919293
0.00018257860844137524
0.00010753580860409988
0.0004496414059951582
0.00012615489268770477
0.0001330506708134851
0.00021570837555225894
0.0004532379697796656
0.00058202707619934
6.302244274818625e-05
6.27735852270888e-05
0.0003398845597379924
8.376900319279205e-05
0.00022596364229167292
0.00010252642068918824
0.00023716797483797853
0.00024772005183188643
0.000189984200194097
0.00015657287329832046
0.0001914051375246029
0.00016031132421558288
0.0003030916451065796
0.000237944423068162
9.991993873931496e-05
0.0001078620808985519
0.00022150864084487416
0.00022092853789742545
0.00021657031553014752
0.00017650035662586527
0.0001477532866157069
0.00011658616105291941
0.00029635343294147706
0.000727890338135798
0.0006048319487906945
0.00042232134426377924
0.0005451655763976809
0.0003619054644186024
0.00018469724960907668
0.00011700492174107132
0.00018132351427668347
0.00019051935380041035
0.0009296194201263468
0.0001846064492133595
0.00028544047751727635
0.00011135646962220196
0.00037241343151607904
0.000599896227909714
6.9667415277452e-05
0.0002983750032739062
0.00018313437914571832
9.20083766397459e-05
0.00026307490083627295
0.0002473559141941891
0.0002588183574474523
0.0004660090978098289
0.0001897546788879552
0.000321528482419188
0.00019889481180586374
0.00034904727145737937
0.00019526248774503143
0.0002760721648173216
8.021008906694489e-05
0.00016056999878979902
0.001202342873444555
6.27370850849119e-05
0.00017671234018281444
0.0002417349346204687
0.000421434547496443
0.00024030126189701064
0.00033039296797143515
0.00014180979947360197
0.00018160105217815287
3.464295252441146e-05
0.00021259159049084596
0.00046209253443139437
0.0002150391295954677
0.00012249969771591497
6.928123760136547e-05
8.52960625811682e-05
2.7915220929825866e-05
6.118986946489853e-05
0.0001566000103965304
0.0005444486015541729
0.0006121513410820029
0.00025962421864166236
0.0002254768718500988
0.00014493298191200249
0.0001288920650100103
5.8468795852408826e-05
0.00011637701924247559
0.0003665427936835642
0.0002022015506196213
0.00014359797837085547
0.0004785745522086398
0.00014988159228619764
0.00025420620790304465
0.00036235897364647856
7.996239445061387e-05
8.536696066416758e-05
0.0004414961054840153
0.0008745742441858208
0.0003275964234136103
0.0003365949429957874
0.00019736827536121347
7.453404535793209e-05
0.0004502305083277218
0.00024338837117743336
0.00010482871666746271
0.0005175664519599919
9.740707958753452e-05
8.27309253018348e-05
3.4297532985262106e-05
0.00010200470220854434
0.0003385991036639383
0.0008272355006199869
0.0003158685216334762
0.00017172069458336886
0.0006443800339209642
0.00024755854035695616
0.00018810859195148846
0.00018542561323972576
8.172295186144784e-05
0.00011611944195011799
8.55957894652098e-05
0.00046160753836945053
8.595354124781448e-05
3.909642638740685e-05
0.0008303628239003019
0.00025234337037323515
0.0003094341639492958
0.0001972174732011811
0.00014024380799510075
8.78635204985514e-05
0.000204063711872559
0.00016647939142081346
0.00031346215339060976
3.591237496078324e-05
0.000412440797908277
0.00010695070196228848
0.0001421647169368428
0.0001258094696069603
0.00013672482166114617
0.0003430857627225692
0.00010885768181769242
0.00032248104696971745
0.0002426218301509137
0.000488484536736121
0.00041908374736009135
0.0003163355867656652
8.059095739306078e-05
0.0001140995813806267
0.00039843418746440736
0.0002914361636890035
8.622008061139092e-05
0.00025772248158104544
0.00022630453914586064
0.00020440778849822354
7.537860148134087e-05
0.000616300413784957
7.50543173703361e-05
0.00031239760060651386
0.00034252998163385184
5.122023955924308e-05
0.0012950239452732108
0.00021244424914941876
0.00040674344585598033
9.20595777970896e-05
4.3716481737309406e-05
0.0005455242568261095
0.0006120586754491374
4.281355443925116e-05
0.00036191923921033783
0.0002760039158130002
0.0001067161144148582
0.00015501514486076552
0.00021913843193532048
0.0001361159847997196
0.0001515268463652465
0.0008264920111633503
0.00019749913207369778
4.8386633874888383e-05
0.00016513683508232387
0.0003173093532552061
4.6845446442881554e-05
0.0001596187329687651
0.0002791204113107079
0.00016494627929724404
0.00013157354278342043
0.0009440150605042081
7.46961806440661e-05
0.00010121033590017162
0.00044168216714237177
0.00024329097976058468
0.00047115188952336713
9.652187915770595e-05
2.605992615678242e-05
0.00022987782172283276
9.490467451043389e-05
7.264198496538663e-05
0.00021271479240708772
8.986222593199132e-05
0.00028400083202080866
0.0003056807495964319
0.0001402824974643161
4.258931414764709e-05
6.050819939978364e-05
4.2327102905958714e-05
7.242748288301954e-05
0.0005616364772822775
0.0003450704842826622
6.631659018307085e-05
5.8288516324896875e-05
0.00055871281240179
0.00042265025740596563
0.00032115337050656257
0.00013423308570408469
0.0002730638988481765
7.395528549381281e-05
0.00019171766657096045
0.00015392828647010473
0.0009160622068539808
7.348570992737309e-05
0.0006559852876994488
0.0004598610294907185
0.00015403779610685778
0.00026305491763224355
0.00028495080250482265
5.3123870828836145e-05
8.508494143431196e-05
6.311966958738001e-05
0.00014812203334050054
0.00011336371367446544
0.00033363126530490514
0.00011726450271910028
8.69542529177687e-05
0.00030079658366727
0.0003781107338926399
0.00017203025332059214
0.00029952117378656535
0.00011219390540652832
0.0001330317328554249
9.774667696596692e-05
3.754291144591743e-05
0.00026262271020613414
0.0002990641404821398
0.0004944596638844077
0.0005085048536378815
6.048326874281081e-05
0.0003705602031208722
5.4011725561628975e-05
0.00044362278202753254
8.123074931383801e-05
0.00011428858940445137
0.00018290654701244078
3.660087747134933e-05
0.00038760309392276413
0.00019615246242021242
0.00011023736276828277
0.00023277955835298428
0.00024764376147175406
0.0002085388797242397
0.00037420736140021937
0.0004716192819176805
0.00021391341073046321
0.00027515786799154723
4.2275877036398364e-05
6.353137901072118e-05
0.00020951479568888837
0.0004575941469114038
0.00017001295952861917
6.552590195608636e-05
0.0001461278661171209
4.08435740988765e-05
0.00019060504007131806
0.0003263609161861804
0.00020130773271586827
0.000506795109126749
0.00021596103651520698
0.00020232783330764666
0.00036601728351680053
0.0005437920536351505
9.39524551062874e-05
0.00017295101491249953
7.580910718483838e-05
0.00045548508483111186
0.00025367422648174055
0.00041068428615831083
4.0140831058818976e-05
0.00022514505881067063
0.00020025916152667782
0.00011142824113875063
4.045223884589881e-05
0.00012146548249592852
4.845012315416291e-05
0.00010342706800099962
8.261158409263247e-05
0.00013660121138566898
0.00012843216133113524
0.00013342106073258828
3.976225040738531e-05
0.0003150498977042407
6.083752522648894e-05
0.00015736019206050153
0.00015637435898266622
0.00037841341685162524
0.00024987759875957314
0.0002202407519601947
0.00010449887092170569
0.000368550244206986
0.0004169518480263734
0.00019132812233252258
0.00017051327568996826
0.0008980233078419641
7.64616388940654e-05
0.00017469114763038493
3.793012693786165e-05
8.793978984426177e-05
7.364459943694676e-05
2.1054421268346862e-05
0.0004134571442573031
6.657510364808488e-05
0.0002080658975293974
0.0002484855528605568
0.00012995712900309913
0.00014224970654755687
8.58564043398474e-05
0.0004962539436923146
0.00015526819956684286
3.6597201682398554e-05
0.00019921895789170205
0.0002146874355735842
0.0001435104668575924
0.00040486555635664366
0.0003445145008915713
0.0002021617101067984
8.766078429972016e-05
7.186228930684944e-05
0.00021249637283275215
0.00013619961179627444
5.6799289143475245e-05
0.00015465911765613846
0.0004577082136836802
0.00016598900857266307
0.00011418272769039741
0.0001319767189594623
0.0001244024251280089
5.29537813692525e-05
0.0006103902305064218
0.0002090829310727788
0.0004831857348005691
4.919863618828935e-05
0.00012859251075882018
0.00019351043758968864
9.557454707906882e-05
5.1893731037213334e-05
0.0001789122309161226
0.00015437614162543657
9.92921172327657e-05
5.001504259118082e-05
0.00018533395116131693
4.187691765301051e-05
0.000330745033706408
0.00013643705065933943
0.00037080483945413237
0.0003760236919378247
7.107741556297055e-05
0.0004600990437251413
6.04331723327431e-05
0.0001393389495553675
0.0001243447786543102
0.00012125364532832532
0.00037485380491514205
8.406011241632007e-05
5.753824186733628e-05
0.00017154182349315433
0.0003137301995906437
0.0003787980043541299
6.092463063498087e-05
0.00030699021053614005
6.349244493507551e-05
0.0004690821490787109
0.0007305007980283794
0.00012208510613397514
0.00010556528770816672
0.00011263648228608193
0.00013349952552304116
0.0002812362622355403
0.0002057131866480599
0.00022348566559294845
0.0001008647703904378
0.0004590397282441842
8.565059277807533e-05
9.469456473837229e-05
0.0004815108282412683
0.0002768455574378314
0.0002376093060889363
5.355322415005679e-05
0.0005882871296635786
5.72909630884489e-05
2.5951151989353584e-05
0.0003227391412794853
0.00010432727565509579
0.00028418332526744473
0.0002480013401288744
8.36386107418176e-05
0.0014729111866638221
0.0002983835936215443
0.0008435404463394247
7.86274427096817e-05
0.00025671303409056505
0.0004475425018894942
0.0007723121510219365
0.00026280541661076196
0.00024233097495783863
0.00017586826932253495
9.24319363615076e-05
0.00018840747325646055
0.0003824849482860618
0.0001827569498038987
0.00041661944732829384
0.0003498711348846557
0.0001991218307332708
5.1406383924847326e-05
0.00014363468132022418
0.00036962500005968484
0.00015522282871542815
3.605735852688086e-05
0.0004688442957321134
7.649629994375804e-05
0.0002104494621384481
4.676254443504774e-05
0.0001515714081463957
0.00013864888526077815
0.00033460659578542825
9.417146249135086e-05
0.0001093428108037549
0.00016815282668686642
0.00012998037424276072
0.000347262712879543
0.00043386522879557837
0.0001475796048211888
8.453757629515604e-05
0.00015655431942462522
0.00014335089270643548
0.0003258421931863241
5.94709505188727e-05
2.6828321568111723e-05
9.37470892676437e-05
0.0002821894635576146
0.00028424385175909755
3.75117273851383e-05
0.00011195510866838494
9.867260996353505e-05
0.00016413835528141928
0.00017034616912919355
0.00010916236692431207
0.0001497709771935503
4.358278256736985e-05
0.00010601787360281446
0.0004633227656258878
0.00023343359518531668
0.0003162074293508902
0.0001379971651192642
5.8984529131240664e-05
6.481753890859756e-05
0.0013732132655772343
5.198267250581469e-05
0.0007400332136888731
0.0007065259098948583
0.00012559736924106684
0.00012694622673816529
0.0002957619336749407
0.00011752334610834757
0.00010678980021322409
2.2234355666806334e-05
0.00019410975675851746
6.123534152714996e-05
7.537346918104434e-05
0.00010475968018661202
0.0002263929500618732
0.00022330472993292217
0.0002954991149287186
0.00010712787638485419
0.0003184371380106012
0.00015134067253718835
0.00012818868888333867
0.00019907438762757968
0.0002037925390632317
0.00032489660634405887
0.0004870886273791616
0.0002264416294620653
8.513562912442116e-05
0.00022840699135591642
9.349675009776084e-05
0.000143440946112248
7.71896084717151e-05
0.0005481507548152613
0.00036112599812122256
0.0001126410501066144
0.0001505656609242941
0.0003377004906996066
0.00020480439109254396
0.00011445257430017837
0.00026889796408081603
0.0007178191377619319
0.0001120050709645945
5.673717993278488e-05
5.8371111458074867e-05
0.0004763550663065753
0.0003427178037426416
0.00014357819212318726
0.00026695429578805775
0.0001565305289711976
0.0001886656029892956
0.00041040599463938574
0.00012960212095781577
0.0005588868833267537
0.00014358025648759896
0.0001475404612692076
7.484862616073531e-05
0.0002277978457419589
0.00026091608699118545
9.633649875399334e-05
0.0011501514354239127
0.0009416201878568591
5.1374282438132194e-05
6.017002630880097e-05
2.9381984257686187e-05
0.00016565685527397258
5.707409228991107e-05
0.0001537769621589891
0.0005336064202738913
0.0001940017697851175
0.00014578767289355333
0.00032752888773473007
0.0002248775328358497
0.00022946962074620953
4.457339417454677e-05
0.0002748869501861285
0.00012290832818465672
0.00012524533214008297
0.00013769606637980224
7.930087537495693e-05
5.5910894005632726e-05
0.00014920266176032078
0.00028958528806034383
0.00012827911991537106
0.00022020180159083765
9.968686839512582e-05
0.0002618980828173358
0.00025505418288287616
0.00010322283940959578
5.61929723585211e-05
0.00018657129347024085
8.088136473587334e-05
9.518064540601006e-05
0.00010936146230336178
0.0003162197291923263
0.0001563956001129395
0.00026190858454354696
5.966854800317915e-05
0.0001329484827185972
0.00010704455580121882
7.735025354998019e-05
0.00022556948682022775
0.0004193874516217212
9.046834600143322e-05
0.00021270522264922964
0.0005956105829449255
2.299340944840399e-05
0.0006315129282575095
0.00012062110067478975
0.00033392184660065556
0.0006847862232205707
0.00013943318538712663
6.357386000513599e-05
0.00016175738907753514
0.0004053017715844209
9.855378029974545e-05
0.000145095701782368
0.0003413809822387171
0.00016601430798100913
0.0002734027477689722
0.0004341636320902429
0.00010329982286804645
0.00037120134432876964
5.0111669526269754e-05
0.0002500147513656964
0.0004642846115509783
0.00019167920242623318
5.374989379898292e-05
6.315659255983191e-05
0.00020046593024365488
0.0001578688837494464
0.0007065805480872008
0.00011995042052137833
8.093128306743787e-05
6.764404547085118e-05
0.0004577258183535535
0.00013264906107226927
6.518940508485568e-05
7.52734242929498e-05
0.00036264796726670815
4.5767341718573106e-05
0.00023718779670166637
4.3236788035461176e-05
2.7798933165129045e-05
0.00010926735358205773
0.00014523042272741461
0.0003492369588414731
9.762927375766886e-05
0.00012797488684196368
0.0001944537787362437
9.263624445260268e-05
0.00012203714631683076
0.00010781245783599568
7.96918110120524e-05
0.0001827158684245816
7.990047782234642e-05
0.00012673643103929157
0.0002456189518880347
0.00031080275218783084
0.00027144164165090995
0.0002574261742504682
0.00039489246730993276
0.00021352679978760915
4.590507771259544e-05
4.4041388153621624e-05
4.42077162223521e-05
0.00013375136355564478
0.00014902279608458563
0.0001203587108157737
0.0005705802514224707
0.00030948780136297647
6.632627175989025e-05
7.933481330898671e-05
0.00010049015138342566
0.00023503974781993674
0.0001031333839883829
5.329718517567126e-05
0.00012007425374609135
0.0006665527874852917
0.0003279223442755321
0.00029921921652752435
0.0002282235012238982
9.862582132023045e-05
0.0001021714534299915
0.00021657385103309237
0.00018005583156304353
0.00035904144504567956
0.0001753378711839221
0.00010677553330307048
0.00042055819576423964
9.20377908246786e-05
0.00010901418306773886
0.0005340013180707869
7.143431685433785e-05
6.680187757257055e-05
0.00015923825946239606
5.577883074412998e-05
5.634342255824363e-05
5.065742851707529e-05
0.00016207148603809038
9.53515800896082e-05
0.00015248813816542392
0.00015456347329623546
4.648862820078315e-05
0.00012366336710306904
9.175779427379022e-05
9.507666651971976e-05
4.906978926753283e-05
6.390946985508262e-05
0.00032738340656649737
0.00016797545329192
0.00017998629269837317
0.0003811279445010165
0.00023717608207434815
0.0005124187191158182
5.580709492267403e-05
2.3767172583465464e-05
0.00038145682044811896
0.0001244377325375643
0.00018761552841430715
0.00011053729479018493
0.00011280383991082775
7.6091133260776e-05
0.00024283805759313064
0.00048026543460983175
7.22232692945018e-05
4.5285196329070064e-05
0.0004421881033105047
0.00021672179722254003
7.53404833949553e-05
0.00039180691937478385
0.00013920346779639812
7.37371540991264e-05
0.0001957733898762326
0.00013534181431876385
0.0006967563040346937
7.599749484865913e-05
9.882673899877708e-05
0.0002741573892846012
6.629371070195909e-05
0.00015469927971719906
0.0002480710110592881
0.0004211903451098196
3.4561855061688355e-05
3.757426898479063e-05
7.432664134616734e-05
0.00025861344524313797
9.334551599699042e-05
0.00014536262202664017
8.675002332625902e-05
1.9477518895034237e-05
0.0004924847526041037
0.00012263194830540612
3.9335828790525e-05
6.15408301336592e-05
0.0002904552475876033
5.45532025564044e-05
0.00018002673132470326
0.0004902229092652476
5.195415021831925e-05
6.876180424325556e-05
0.00018414109306351913
7.04706255125298e-05
0.0001996482795949211
0.0001565409896360426
0.00014577515908210527
6.621152649647628e-05
9.840443496045649e-05
0.00010593978206637984
0.00011828235632799108
0.0001509878330380067
0.00021252692239753416
0.0003270265544745783
0.00019368793146796965
0.000252433229919004
0.00021395696096113414
0.0014678776508114553
8.029004649666813e-05
0.0003167488560310339
0.00010330061600467876
0.00010144977252655631
0.00038086169321723294
0.000261716507789739
0.00010344964958631112
0.00016276787205280426
6.375480251905929e-05
8.10947408390468e-05
0.0005065750449850919
6.145598050260935e-05
4.8090156321305207e-05
8.17973298693916e-05
7.94900876923059e-05
0.00010141024228816132
0.0001931161390965248
7.325962818711338e-05
0.00020333490439857554
0.00019552373086519193
0.00019086856675139998
0.00018582652093966393
6.362852026709536e-05
0.00010946487195432219
4.828130969379468e-05
0.00030186727506016495
6.936404506440567e-05
0.00024149922098605606
0.00010162505087494155
0.00026598674064577167
3.133148568798683e-05
0.00020218140761086984
0.00016401175861442536
9.629354978911256e-05
4.1725860890410416e-05
4.702408133392527e-05
4.097283948627406e-05
5.1134565043953496e-05
0.00010750878063371079
0.00013756522426201727
3.8431358694062833e-05
0.00011175761918349328
9.557437816068989e-05
9.620932941368589e-05
0.0004489423897338246
0.0003353473733588064
0.00021598513086259306
3.956833654816161e-05
3.215382980080712e-05
9.875585416191302e-05
4.368178182191497e-05
0.0004457710599426519
0.00025471416369596137
4.697043357295146e-05
0.00011577486546079562
8.074464417414388e-05
0.00028298998098384975
0.0001265971250709834
0.000209503948649746
0.0002954522721584936
5.7656897564022575e-05
0.0001549310977452996
0.0002600051956672017
0.00010412917283678508
0.00010230414523386081
7.758271718171872e-05
0.0004964955738113924
0.00011610894697324856
0.00018228503571702156
4.3848622343329734e-05
0.00015694617890299464
8.553885471154574e-05
5.033829400165979e-05
0.00016362555919741426
5.3298722494407926e-05
6.89576691817757e-05
0.00013209233474975444
0.0002291038354257314
0.0002350564632956033
0.00011674319995743358
0.0002952623160566744
0.00014151491902030005
2.5446437562927714e-05
0.0003626202816946528
8.839385715406368e-05
0.00010995140647702666
0.0002559128065222904
0.0002285158223704931
8.698450518489982e-05
0.00029132312221561416
0.0001924421130959588
4.8466257240356566e-05
9.470702189826689e-05
2.791942045936082e-05
0.00015483305780791937
3.170188797339746e-05
0.00011728531562653307
0.00011240244159488407
0.0003319045353474709
3.6836209015935085e-05
0.00010366934230001345
4.3577113947295054e-05
0.00015539113939838512
8.096364870025428e-05
0.00018230812443918072
0.00037374574110644567
6.687030400345785e-05
2.359942970116492e-05
0.00014838834185336224
0.0003047510114600139
6.358681997790502e-05
6.77244441420411e-05
0.00017123520179804303
0.00018458674475804098
0.00029857187411836805
2.4930843864806107e-05
0.0002174448835373508
9.509620853100496e-05
0.0005576397778408093
0.00016263253627835355
1.3603718913492375e-05
0.00016711166476157785
0.00010666801422341943
0.00026067045439548105
0.00014524051226289162
3.89731315360378e-05
0.0001694430442307019
7.948713992378649e-05
0.00022852826380332356
9.359688142706201e-05
3.7343605320226606e-05
0.0004181543933282495
0.00013823081413517668
0.00010276795496620366
3.358660912980669e-05
0.0002652835879411767
8.909910893463187e-05
0.00017269275440002938
0.00010040912840611638
4.477871870169278e-05
6.125940001532421e-05
0.0001208841409769161
0.00019149081004985578
0.00013550447463071775
3.664558479845917e-05
0.00010837572049486918
0.00025243311708800356
0.0002999371974685822
0.00023807090746317915
5.559263379938197e-05
0.00014308745395196876
4.399224572372378e-05
5.3003375612670484e-05
5.919414991884896e-05
4.599147465184079e-05
0.00010775482546992299
9.777730705780694e-05
0.0002071003834003766
3.4738869705209134e-05
0.0001835738929048141
2.9433973428884077e-05
5.135728982953882e-05
0.00017455595992445818
0.00048001575964137913
0.0001752887587022859
0.000203807339918523
0.00011869411155250362
0.00010007763928408293
0.0001096817337612698
4.334061368909996e-05
0.000167715407881669
8.421113637791197e-05
0.0002863823035102364
0.00010863220987625167
7.457426922281786e-05
0.00015089492033496654
7.319749514713291e-05
0.0002358823148977675
0.0004655359020634711
0.0006025831820117455
7.350287632839063e-05
0.00014471833468399052
5.9506407171321056e-05
8.874049079427716e-05
0.00041139613306757716
5.0391851316764485e-05
0.00022694814066869307
0.00010634233105562248
9.556779518779844e-05
4.1946282853201766e-05
0.00013017025914389247
0.00013277065465393256
0.00018182218822466998
4.551011888119013e-05
7.243491797437722e-05
0.0001258040456970392
0.00010228278565465072
0.00010517988336147311
0.00023863665480298516
3.6596010253941366e-05
8.537264525573953e-05
3.5275664028504915e-05
0.00026716766337395517
2.4084268940018776e-05
5.816020641103601e-05
0.00013807934840087157
7.994374027923557e-05
0.00021380334272628752
0.0002048736105713008
6.113086806857735e-05
8.716904846234712e-05
0.00046682761403988996
4.592808275614962e-05
0.00012178662763272894
0.00039935736932889535
3.737557998441604e-05
0.00021127353442338366
7.681236415582765e-05
3.719472498517508e-05
6.162349235477195e-05
4.2397823314280305e-05
4.560245102453989e-05
7.426791757966909e-05
0.00023027015876071402
3.3180459423551364e-05
0.0001173958137997446
5.072374467261063e-05
0.00011812050155168374
0.00023698325172264627
3.173479615739456e-05
9.041924495323192e-05
8.980794859811434e-05
5.0672118696747525e-05
9.22675925799651e-05
0.00023234700410478353
5.669904461878499e-05
8.120165287657841e-05
6.762044324495974e-05
0.0003617956070163355
0.0002825552452584524
9.855187398017905e-05
0.0005675355135362161
0.0002491209075302929
6.271135172970213e-05
0.0001926479713166961
4.155918045025726e-05
0.00020438666957755584
2.5698797174784538e-05
0.00033290353887621764
0.00015630240690092694
8.580317776511798e-05
0.00015684101043103184
0.00026150899546045634
0.0004903348110177407
0.00018810679802788737
0.000443138491377196
4.28570259880079e-05
8.81824602633977e-05
2.512131379851012e-05
5.230017644358606e-05
0.00011585267816935164
9.563109077715064e-05
0.00014192970892076953
8.125100865468326e-05
5.6360669016655316e-05
7.048207526685391e-05
6.421828525603082e-05
3.55431415437597e-05
0.00019108766423994866
6.29059788456444e-05
0.00013123976426483795
8.007295262566321e-05
0.00010983745703387464
5.9495011686539905e-05
7.918652797959954e-05
4.354756759600074e-05
0.00036363166561389305
0.00010496551443098792
0.0001389062074046713
0.00020219554099272443
5.2094716148592576e-05
0.00017327117160077077
2.6331239538789627e-05
3.585900735494355e-05
3.8742110255044985e-05
0.00021077205503228176
0.0001279846085790287
0.00029083861503481016
4.500757824008211e-05
0.00015478983372315682
5.499568689786824e-05
3.909517214623352e-05
4.5771914086632185e-05
0.00026632161932433354
0.00023056845061065042
0.00012566257835304099
4.414732481718002e-05
3.292405474585787e-05
0.00014355878100671049
0.00010033762524434967
7.896782660596586e-05
5.952406033688854e-05
3.394437997873701e-05
3.947795735793834e-05
0.0004132155524947874
3.6282545047268525e-05
7.673745295400123e-05
0.00010114264928721196
8.052664100236463e-05
2.404146593017877e-05
9.115614211819021e-05
9.518324028735494e-05
0.0002258624190200209
6.826631014227857e-05
0.00022850192785314033
0.00034021907320536983
0.0001755382080516725
5.8132862005786905e-05
0.00011335097997698585
0.00012324533634423278
0.00021883067862614968
7.434033541386667e-05
0.0002346953687041522
0.00010375508003566437
0.0002671836571203261
6.996242571079143e-05
6.696805132007686e-05
7.685284966021345e-05
6.723849390218968e-05
0.000163092890810838
0.00016888821229947963
0.0001320278269735921
0.00011833751292798419
5.6507931455021274e-05
3.060844113491693e-05
5.1461823217736675e-05
0.00032327750097343327
8.398901046002296e-05
0.00011651345338545074
8.208295052084615e-05
2.5411628704146904e-05
0.0002613424265116267
0.00011330493604991846
3.655427512485561e-05
6.593619605229004e-05
0.00018226914164457282
6.638349651711612e-05
3.9359334452677135e-05
9.359661701757709e-05
5.076145630175826e-05
0.00019392587690297388
0.00021493261489313105
5.6177533613713926e-05
0.00014049086104411535
0.00024381112237047728
8.499174306875038e-05
2.5708604225381522e-05
3.335275606571852e-05
7.463199168469602e-05
8.210652036240573e-05
0.0001010025126631397
0.0007182458102271746
2.5850003784983918e-05
0.0002253651065900245
2.9869183813571723e-05
0.00044675929514382607
3.467386026588284e-05
0.00036073895581164754
0.0001971981548430007
0.0001909671845738191
5.513059677422253e-05
9.635618189577623e-05
0.000105506436705321
0.00010267283465334706
0.0001468846481868287
0.00011099134382675077
8.162021049688336e-05
0.0002941172158814703
0.00033866521761148096
3.853675815463956e-05
5.565378794651369e-05
5.55322646019395e-05
9.765904860038715e-05
5.815108552462173e-05
0.0001377655765423345
0.0001156760423410493
0.00010636451813876315
9.695851645336491e-05
1.7361847037602953e-05
0.00012163896104893258
0.00011913587079485567
5.001163264389287e-05
9.698033145220035e-05
6.232634954800542e-05
3.740217165739991e-05
0.00034140703951194293
9.705408451008012e-05
2.8521864556100285e-05
3.707965434855562e-05
0.00011832894315192204
0.0002027968055262293
0.0001879385593300769
0.00014418987165384182
1.8944731868751617e-05
0.00012113065292659816
0.00024200003681128384
8.601568531528341e-05
6.707037088374632e-05
0.00013074297122405776
6.147542627541857e-05
8.401013390437349e-05
0.00018236482756487195
9.65380298628915e-05
4.6400941517981746e-05
5.451475597386108e-05
0.00024665009359692893
0.00011285895857193962
0.00011140730349346483
0.00023664364718632477
6.987665370711458e-05
0.00011715010553203672
1.8729541789983296e-05
3.3564059219903205e-05
0.00014155233704615545
0.0001043950988321228
0.00010942963330598317
1.9873045451000274e-05
0.000411173475300215
7.209479465629406e-05
6.127912785687723e-05
5.582636312322298e-05
8.334048812085249e-05
0.0007777488465640474
0.00022634440944625122
3.982086844448106e-05
9.552739707432802e-05
2.5570562408231305e-05
0.0002506909323206562
4.826152454975243e-05
0.00011478733589001071
0.0005847888036248056
3.641747505228962e-05
5.5908772382347805e-05
4.5739364754181114e-05
5.731319707517184e-05
3.0168539366888443e-05
0.0001504955280992558
6.0018914950795744e-05
2.8364667125339297e-05
0.00020374159433178963
5.476365706862335e-05
5.214456640018391e-05
5.181575574376308e-05
4.960199214643423e-05
4.236406501525097e-05
3.576574469680991e-05
0.00022236501164848494
6.755788505101662e-05
9.22397045286697e-05
0.00014876058731864617
0.0001995355411452421
0.0008653628281087462
0.00025599334659042497
0.00033904779186584826
5.450299318835936e-05
0.0001417986747431239
0.0002715131221939566
9.257445602233784e-05
0.00014022841962941772
0.0001008751322279404
6.313350323732798e-05
5.715866569681758e-05
4.9053692727951545e-05
9.027508829609765e-05
0.00019885797763340547
4.720762003470972e-05
0.0003285913016865982
0.00013582666305532088
9.78825018459298e-05
6.17826552912255e-05
0.0001078657168074202
7.774228839880663e-05
9.942385736609523e-05
0.00023317786533375685
0.00012295834244029162
0.0006769096029751919
0.00010604970944900226
7.35097749541485e-05
8.918191352521641e-05
0.00013236281816557478
0.0001702228309747766
5.715392892726191e-05
0.00012149647911326365
0.00012887936174275482
8.378983705342563e-05
0.00010981937423290066
4.0092236367270004e-05
0.0001342086743750601
7.294014884389088e-05
4.4475934328332825e-05
5.53505327927726e-05
3.615488807224844e-05
0.00010727042733765244
0.00024147900583411329
6.484870538165952e-05
3.864895045001639e-05
3.8654483973264154e-05
9.525389553783584e-05
0.0001810672563665299
3.1498762363040076e-05
2.3145385361598158e-05
0.0006546832632329269
0.00033111007131377543
0.00014311866924789055
9.491837483275212e-05
6.704132359167507e-05
4.2753659591688026e-05
0.000126501144016325
0.00032278055030036105
0.00012605129086999616
0.0001679014247539713
9.386687811600519e-05
8.173195359855671e-05
0.00015486673166627374
1.8034943065035847e-05
7.333491520116899e-05
6.78385035496995e-05
0.00015034632953289683
0.0004735724335826057
8.727515685984664e-05
0.0001679671266530256
0.00018948021094785408
0.00010961971635372835
4.298113316790738e-05
9.14498545101395e-05
4.2201377537501246e-05
0.00014442306354835207
0.00010705604228233214
7.484971368532467e-05
0.00013489729649227068
0.00014486576234123863
3.6207993087028966e-05
9.290527656575137e-05
0.00019273782408791264
0.00019802670065658252
4.169526525630397e-05
0.00011562445162329104
0.00013125085530077388
0.00010042416996506794
6.97031514454402e-05
3.1793543620476846e-05
8.861944500265946e-05
5.062384394517846e-05
5.13505569887795e-05
0.00018885855599132646
0.0003367344390842188
7.80614784751441e-05
0.00010131015376708913
0.00013066195984076244
0.00014104360552762838
0.00016654854288507487
0.00028869413016386936
0.00010651870427122128
0.0001669697703598893
0.00018528614251212252
9.658979671128645e-05
0.000485423506777162
0.00032555336519476377
0.00011264578219950344
7.964393531665052e-05
0.00011865933281118221
2.9039446559433922e-05
0.0003667607598379574
0.00022383264399085712
5.895080734268629e-05
3.214997966005107e-05
0.0003436107647432575
4.4538951432181235e-05
5.7201601688020354e-05
0.0001677135184057686
0.00011754496845327554
0.0001667335646177308
0.00013397887824283353
0.00013570535562736102
0.0001336072048140828
8.700074036230345e-05
3.2181847112482905e-05
5.396071883096837e-05
4.362936071064054e-05
5.2413548870813235e-05
0.00017361254833498266
0.00014439794524159593
0.00024447010023661756
0.00010879921638530391
0.0003074595750947027
3.731581895299043e-05
6.77492674222097e-05
7.777746471640727e-05
0.000119238085200236
8.706643089345034e-05
8.223124050949225e-05
9.038310407261835e-05
0.0001305703294366516
0.0003803903697714979
8.489122586051663e-05
5.0068489606807675e-05
3.90882573892066e-05
0.00012248632629802153
0.0001182249713781358
3.0293433795510173e-05
0.00012255872751409786
0.0002073188658408089
6.234416380154619e-05
9.554710915606284e-05
6.014172089969791e-05
2.4172874934214426e-05
0.00035502465893957473
7.390940078045422e-05
7.26820516257391e-05
0.0003352609918977836
5.203000893940827e-05
0.00017113381885617158
4.118132104479013e-05
3.283617168840958e-05
8.321407456406002e-05
0.00014246245373314884
0.00022680517975603765
3.795855336767158e-05
5.651426826518726e-05
4.773598328687083e-05
9.173347524859076e-05
2.847921037357789e-05
0.000145969455527434
8.11952123544119e-05
0.00010266976974696833
9.888436056474035e-05
6.22301748260962e-05
0.00010397246555191519
4.162835602275075e-05
8.896432167908107e-05
6.378580749833321e-05
3.791419021784358e-05
9.34046496275532e-05
0.00010098509116774246
5.185972343909423e-05
0.00021691798632129608
0.00023050154671783616
0.00011181196821918537
0.0001367692725101645
0.00012202149999346098
0.00015872456459359142
0.00022947836359008556
0.00014397860207951825
8.876057017975956e-05
0.00010091913762458318
7.868998364021254e-05
0.0004126061289561915
0.00010745290287265659
0.00010952465423890309
4.2706101828038054e-05
0.00011984742462044419
9.279708064295098e-05
6.874799459585995e-05
0.00011205683162550204
4.795435996715458e-05
9.776788936773271e-05
4.4075634183739676e-05
3.762947619362994e-05
0.0003773862099008939
5.0826550650229344e-05
2.847774846394758e-05
0.00027550892859592996
8.837364369198765e-05
3.974778736090867e-05
0.00010963135139203058
8.088936342536029e-05
0.00010237805620720702
5.1406487149245634e-05
3.2755636691355685e-05
0.00013564627037225105
0.00013581931623085812
5.2768436514924095e-05
0.00022742627054542024
0.00010832743939406647
2.5017708452982573e-05
8.491535919817574e-05
0.00012654678196027992
4.054873006563456e-05
7.428728409401845e-05
0.00010097026657854268
0.00010763372209674983
3.520895221068144e-05
4.34816992477882e-05
8.822654649139525e-05
6.09148090477755e-05
3.9129817497139926e-05
7.494309124648325e-05
6.009713303271315e-05
8.370686205782074e-05
0.00012261202750412118
8.466904446828109e-05
5.0373671636957496e-05
3.480718297736082e-05
9.723313105164821e-05
9.574499819187221e-05
0.00014248299558292695
0.00014819975972219047
7.618982125413414e-05
0.0002519449170479114
2.9452847392840517e-05
5.4437069695923506e-05
0.0002754039988957758
0.00011148584968429193
0.00012960254969507034
3.1367114561852714e-05
0.0001449289443200805
4.4275932281798654e-05
0.0004662460262962067
9.615977267981081e-05
0.00020413877467752718
0.00011920857992498033
2.6899380974747312e-05
9.732951300005769e-05
7.66141632412408e-05
0.0003450399158276634
1.532209587251136e-05
0.00013500294640564377
0.00011796156805476966
0.00011848333118713568
3.0152595373810357e-05
7.317819373818554e-05
0.00010159362223338041
0.00010189556486835683
0.00026421069344056237
0.0001272404095038452
4.0922611999513084e-05
6.677153216697814e-05
0.0001623330938725209
0.0002431615420632879
5.7106538266487885e-05
4.792227360451313e-05
2.8028114915003396e-05
8.391130779795664e-05
4.717898393158292e-05
6.262868146357522e-05
0.00012549339826800274
0.001196887691050706
6.803662030075612e-05
0.00018737787470148463
0.00017190618819852061
8.777422451645338e-05
8.770443493301629e-05
0.0003169385089385437
3.228127465896701e-05
0.00010253749974831509
3.373226873220564e-05
0.00013337927439688497
8.26922320695459e-05
0.0002742080459662411
3.322550893497105e-05
0.00043182892974988276
0.00010501479187968254
6.0141729297822856e-05
0.00022429787988718957
7.682926833771275e-05
4.1953482821534384e-05
3.7805629044626245e-05
7.771818270436423e-05
3.091239329494434e-05
7.092803310212806e-05
4.6895361129177605e-05
0.00014166368283754968
8.937341244600617e-05
6.816180501463246e-05
7.423162666591358e-05
4.062849850962283e-05
0.00013824010584352544
3.2978444963873854e-05
0.0005157358919641181
8.920048619188504e-05
7.490250299445088e-05
0.00013042674010801405
0.00010228981662188132
3.6414718687378334e-05
0.00013620965070449916
0.00017092499161805842
5.6198270965826796e-05
6.118478553954566e-05
0.0001774947352654988
3.660308927443855e-05
7.781140381219838e-05
2.5971298829590212e-05
0.00036500059677140484
0.00028985407987142857
4.385334705811563e-05
0.0001402406261605675
0.0003132888241356191
0.00017045151597704008
0.00010199042192049304
9.919826558513457e-05
5.083098595987491e-05
0.00017298644037531496
0.00015144270473170418
0.00021181566978012016
0.0001353052146299558
5.8184198761461334e-05
7.038606844689114e-05
2.873647040579956e-05
0.00047240195149895635
0.0002536398231430224
0.00028163163402672214
0.00012999605923892714
8.585076311236892e-05
9.452493323546341e-05
0.0001403644533329615
7.942660081530648e-05
0.00010598176819971459
0.00011884152546417403
0.00011683656818567191
3.101517918828808e-05
5.374921204223085e-05
4.014835908459192e-05
0.0002443443062927083
6.609615314510719e-05
0.00021477649015560102
0.00013358421555555134
0.00012363424275664778
8.75260394469209e-05
0.00017239051083561192
8.370463747624994e-05
0.00019223925719888602
7.007060920262564e-05
8.912169394833429e-05
0.00010967414756476815
3.165814610920196e-05
9.977440128440627e-05
3.584480384277069e-05
0.0001244551629120982
8.745339127922676e-05
0.00013471730755725513
0.0003180479030777623
0.00010108973869841069
0.00014992165190467192
7.72610500127009e-05
0.00011196769990393997
0.00014919827359374877
0.00012846850695730772
8.509702139426283e-05
3.5315110784426015e-05
8.047123168657559e-05
2.315873821952388e-05
0.00011593884876311836
2.7244384376629984e-05
0.00021519889905407595
4.330666622814311e-05
8.115933647213578e-05
4.294872911500787e-05
6.49813403613882e-05
0.00020227859231834752
4.3254469817376703e-05
0.00021049893840151515
0.00024001523668411144
6.454276863992335e-05
3.655553299251004e-05
4.8999865068278387e-05
4.9846445736118436e-05
4.674344888656275e-05
5.327667832571457e-05
0.00032298341444173044
6.001796425133353e-05
0.00016595551054837183
0.00010984406834126414
0.00020659959332218746
0.00029673593339580906
6.826221936126748e-05
0.00013798251675240116
0.00010474257314925177
0.00040208217755321074
0.000119414432953379
2.530167244689396e-05
3.622993043028449e-05
0.00011017274138997695
0.00025304726555710496
0.00010381420158138381
6.200469809556796e-05
3.8465699715122566e-05
8.282188865985261e-05
2.6263933106954177e-05
0.00010806223682541344
8.371022114648164e-05
3.0233796068434137e-05
9.558675458994641e-05
5.260485797355943e-05
0.00021332055605713659
1.683848964976845e-05
7.588717109426457e-05
6.50796742345515e-05
4.7437875058672685e-05
3.2002753564682425e-05
8.411569191237373e-05
0.000146561802913728
5.5983463385775466e-05
0.0002636444555614976
3.924686472208421e-05
5.597209065810282e-05
0.00011946784537796505
5.22636752441836e-05
5.831177921308225e-05
5.890471119419348e-05
7.447345454009808e-05
0.00017498960103795992
4.9973031518062924e-05
0.00015651885636787114
9.00377961683538e-05
3.84405902880776e-05
5.39581682113115e-05
7.347936477485266e-05
0.00016322567476844118
8.963731358849151e-05
0.00013110375888608847
8.000411394938968e-05
4.3496682700302714e-05
5.800958561955454e-05
0.00020869658405240718
7.224750911544204e-05
0.00010493252310633451
5.3213031953492946e-05
0.00040624129696810826
0.00012790425378545261
9.90247468816568e-05
6.047131649086864e-05
3.267904686483724e-05
9.276436378981124e-05
0.00013837432619140917
0.000620498120353412
5.8729164115585474e-05
0.00014072659813368625
0.00022725402120811862
0.0004698582624967773
0.0001471712037930541
0.00026918101963540215
0.00018937737720768546
0.00013174106287736656
0.00011203329410369787
5.20099279185673e-05
0.00023319245191140273
5.4231821375679206e-05
3.5929872882812954e-05
4.8041932611886544e-05
3.835218218116915e-05
7.07576045449359e-05
4.193501741358112e-05
0.00011801344690172229
3.6219514749037645e-05
0.00020717052414104018
4.180640728256768e-05
5.864781469732985e-05
0.00017062383920476127
0.00010073950910809609
0.00022925658765336914
5.406025142450552e-05
3.346926161203655e-05
2.896495660796937e-05
0.00011419135639194802
2.4979544675784065e-05
0.000110462310995164
3.763651170360607e-05
8.413600348700396e-05
7.916650103340119e-05
7.312687517087585e-05
6.424424027359306e-05
9.488069995750896e-05
6.424476619259594e-05
4.856958154157879e-05
6.890263481009057e-05
0.0001450598090041831
0.00010298541056266757
9.448083885190206e-05
5.688162549262556e-05
2.987552195670601e-05
9.145445442388784e-05
0.0003014500802133989
7.152971057280325e-05
0.00025396492225630927
9.441855110571173e-05
2.0886878610045117e-05
6.827895748538037e-05
0.0001225795009388591
2.826758576021739e-05
4.7713765205576985e-05
0.00034817538982419684
6.486945284780448e-05
5.118209794077705e-05
9.939837066680142e-05
0.00022099672707470214
0.00015804310205481926
4.968411638582978e-05
2.232747927168473e-05
0.00016437615571843228
4.301054435659998e-05
3.934588130886881e-05
4.922929667484848e-05
0.00020843548390195798
5.5467943515179854e-05
0.00010318147617110163
0.00011516631064320574
0.00015215560656742062
0.00026905698508165795
0.00013238737833549903
1.544210069466475e-05
0.00014481946677931062
5.05760231466012e-05
0.0001372856873409363
3.54980043536663e-05
0.00011120685358515328
2.8315889910989306e-05
0.0001511489866829879
4.142979959504569e-05
8.15273424386519e-05
6.401569269691708e-05
5.877778607329045e-05
0.00012260723738160697
0.00011992615499910847
5.194489343773045e-05
2.5453484043973948e-05
4.336257845586565e-05
0.0001090628392701377
0.00012236075624037714
1.8121535576108946e-05
0.00013034955289492812
8.059237869759702e-05
9.703126694364633e-05
0.00022998942381307464
3.1006662761812954e-05
0.00012089891762756059
0.00021053609720411966
9.473662499993349e-05
2.5322003448125492e-05
9.679181976078183e-05
0.0001387899601279616
0.0001967744840626647
0.0004075823460058984
0.0001909593646637049
4.501554823116056e-05
4.002470386278663e-05
1.7804738070874804e-05
4.044414950079994e-05
0.00011537857181483733
5.707181519019452e-05
0.00011283811806647547
0.0003215648351624765
4.481355962003149e-05
5.1166523601792814e-05
8.845901680772297e-05
0.00013246597600172872
4.322711573848176e-05
3.167073543680264e-05
8.806488224807743e-05
6.168741801903484e-05
0.0001866048546440139
0.00037367519578527554
0.00010628702798687828
0.00014871741994037108
2.878618420266828e-05
0.00011809776444037205
3.058641290834473e-05
5.411783017906039e-05
6.754754414288396e-05
8.429860622422754e-05
2.8169542287041495e-05
3.063654213698299e-05
4.061105204750767e-05
0.00011858017104969658
0.00011108508885707847
0.00023025698351754038
3.459273057181567e-05
8.351871146728914e-05
5.9202149843853065e-05
0.00014191525088171774
0.00021874029740835707
4.340742348641411e-05
0.00013553672792837688
0.00015413176179764792
8.181430963863448e-05
0.00011861712381282628
4.818561171840327e-05
7.55543677392754e-05
0.00023577837429004621
0.0002215067558668196
0.00010265858450747078
0.00013877122752131284
2.9287886047424775e-05
6.974685950482024e-05
4.1446626764162335e-05
3.00370179616495e-05
7.990942268944929e-05
3.029484956150011e-05
4.643248093449305e-05
0.0002112344493383424
0.00014730709572971902
3.8929581871317845e-05
0.0006440304835177582
9.720643109407594e-05
7.689629429205336e-05
3.877896284265206e-05
2.4271768621124045e-05
8.353565611596877e-05
6.455769239754506e-05
4.42623529260129e-05
0.00011086807066867894
0.00021357271460922534
7.148917552406057e-05
2.926696820852031e-05
3.9319903991085345e-05
3.195845842946317e-05
3.831691706424176e-05
9.537188103095507e-05
4.037781142438662e-05
0.00029716765867612063
7.097739548254283e-05
8.471415920461061e-05
0.00012357200923967566
4.7168748606247446e-05
6.957298545463199e-05
0.00010265999538714557
8.699910510937381e-05
3.1064398086226966e-05
6.653725796905466e-05
3.8959742094826796e-05
9.187080959504286e-05
9.833757130442102e-05
0.00010926326466725118
0.00011260860758927454
3.956135949277702e-05
2.9508138348965093e-05
0.00016063456813136795
0.0002145892849941125
3.125132666684822e-05
4.5240429343077143e-05
0.00016314292932390162
4.977706907216431e-05
8.002151953039349e-05
6.472922292394337e-05
4.9403987754214705e-05
5.5829136010740184e-05
8.42722223463824e-05
6.820919628953466e-05
7.014538116950538e-05
0.0002362693030054887
4.36153732743721e-05
0.0003366843361966666
0.00014042129283706542
3.699751196047351e-05
6.295652704868452e-05
5.1052344236560994e-05
0.00010130671647362448
4.085752643192033e-05
0.0001322444075224127
5.691567781594065e-05
8.39786667439766e-05
4.8978387871423034e-05
0.00010175306093760045
3.095917054026147e-05
0.00012528652908016217
8.848222314211711e-05
0.00025309275519639105
0.00014631201443157215
3.185378600353554e-05
5.091622780006712e-05
3.490776713752553e-05
2.707842566496144e-05
9.482453807626266e-05
3.9253817315994226e-05
0.00024837668041543
4.737137395531149e-05
0.00010652416655737531
0.00014374096061671416
8.58570351610502e-05
7.598285172427609e-05
0.00022929472494603615
0.00012993373751700278
3.8549010331422525e-05
3.277518000418886e-05
9.11968859426189e-05
5.436972178016259e-05
6.148024757459823e-05
0.0001344804376960452
9.251795569127428e-05
8.326800079574603e-05
5.8643552388743946e-05
9.053182145295545e-05
3.519617460261095e-05
2.2689740790337214e-05
8.729156932277862e-05
4.58090826435664e-05
0.00010018216119167634
8.98145152652902e-05
6.822713126730566e-05
3.739521199236227e-05
5.8535578192088806e-05
0.0002243227736696726
2.8055145382775217e-05
4.755856226300751e-05
9.754775765631873e-05
0.00016590811784740752
7.671543931069492e-05
5.2807339040064345e-05
8.728136103132019e-05
2.360225833138335e-05
6.811080839508016e-05
5.6101678832161785e-05
5.716880961040474e-05
0.0001705505043717848
4.4964023760458883e-05
7.923608597642559e-05
0.00014395359736565924
3.475123291304532e-05
7.346794179045974e-05
7.268464754234992e-05
0.00021491378162839158
3.891941375850746e-05
4.169822644942867e-05
7.134698569127072e-05
3.003023194731663e-05
5.165843931008811e-05
4.2717358525531e-05
3.156295490126192e-05
2.0619246232065398e-05
0.00017216715911168976
0.00010152044373014188
3.505280880467222e-05
7.192092806018842e-05
7.565502210820057e-05
0.00012807864171587638
4.7216650761000815e-05
3.3756426962969896e-05
4.257061177875709e-05
3.727868611736926e-05
7.220122279415629e-05
5.095869746490098e-05
3.0088361025081084e-05
7.165252088019374e-05
3.2061534265234745e-05
3.950166767274882e-05
5.2858131771013136e-05
0.0002743688904939149
7.259606633409925e-05
0.00015535069668536265
0.00012383011740306512
0.00015913953514040544
6.688574893680733e-05
0.0001275299744707559
0.00028526094175358545
2.806041032123431e-05
5.6442911782962275e-05
8.465818494508576e-05
0.00011556449201056825
6.888803484923043e-05
8.193271287546644e-05
7.984592933169932e-05
6.544024150327327e-05
6.43516737102135e-05
9.303185481909617e-05
4.6506259207149626e-05
5.2788166997700834e-05
5.2868135719440605e-05
1.6939741881907617e-05
9.458427421063509e-05
3.1538354929660303e-05
0.00019388212440831523
5.6566149793421075e-05
0.00018951474414903027
4.335274484888793e-05
4.583664084554152e-05
0.0001490954998279361
5.9134921406035556e-05
6.107402330110785e-05
5.954163901164724e-05
8.596445516613988e-05
5.3495147033100513e-05
2.9966850485318514e-05
8.280520670765255e-05
5.746865045858576e-05
1.925016556802977e-05
4.4468350121940624e-05
3.8619320860811984e-05
0.00010162751703339342
0.00012896387057270337
5.722036422841987e-05
0.00014948058920511074
9.510332491300264e-05
6.523325488999495e-05
6.177867671085419e-05
5.5931090312705126e-05
7.783237466949455e-05
0.0001333600593212536
8.647051248656557e-05
5.508526810653106e-05
5.9259110040618825e-05
3.244991643584437e-05
3.322772430129888e-05
9.518548537964395e-05
3.3976917638420574e-05
2.6740079051865292e-05
9.717525313620026e-05
1.707247075791782e-05
2.1833679001608624e-05
3.7705637460029104e-05
4.763537970092436e-05
2.7639610355021587e-05
8.822097118842949e-05
9.797780135368226e-05
7.14547650432611e-05
6.651723776055697e-05
6.96681435437208e-05
7.229191212716438e-05
9.236133060078265e-05
7.240577469197048e-05
0.00018830207334199844
5.215983560073883e-05
0.00011648788562864881
0.00017098930550179275
0.00010195290227309082
0.00015289491205352913
0.00014356464199329394
8.027280814851784e-05
0.00013336300100378186
5.982173881831111e-05
0.00034944886199465754
0.00010466594875542091
7.42362238540942e-05
0.00011941558250496436
6.611435694973652e-05
3.8152735648934086e-05
9.613365026740784e-05
4.176104078427001e-05
8.407333201519261e-05
0.0001705739399215863
0.00013150689920208964
6.647375985289248e-05
4.282531014555877e-05
4.4703558825693594e-05
0.00010689087032241729
0.0001189044988750143
0.00016318984548771275
3.8947955972173945e-05
2.0697054665646354e-05
0.00012635169885147755
9.21407087152337e-05
9.71163804206719e-05
0.00015708416069153196
0.00017774147008638486
8.522939037658225e-05
4.169873829436319e-05
0.00014726961898988122
2.708434291909041e-05
8.174208480328818e-05
0.00013510692396570702
4.509976473488728e-05
0.00015419629221325736
5.6523577197918856e-05
5.165177268589688e-05
0.0002417474864484421
3.6516518458277206e-05
3.329831914279582e-05
9.607541949226016e-05
4.7866401937438816e-05
6.363429870112646e-05
0.0001399287255908408
3.874059994515916e-05
5.3237417873967605e-05
5.535490688345319e-05
4.285379351244589e-05
8.169879237796159e-05
4.7787710670521456e-05
3.403333999915728e-05
0.00019600340267006603
5.662394747027875e-05
4.931936191488784e-05
0.00011195581663892034
3.323822815185584e-05
4.074521624716694e-05
5.865028158459235e-05
0.00010557699453295109
0.00023312842122559
9.310571462495209e-05
5.28357312488614e-05
8.844160249945464e-05
0.00011962948754757503
4.6993477806706624e-05
0.00016171744410866098
2.6909686315202233e-05
3.876086647412916e-05
0.00014788584803724532
4.784014912315566e-05
5.903635121811217e-05
2.6641695420474655e-05
7.162767000018157e-05
8.741303777704248e-05
3.116452209449486e-05
0.00017604441296662645
0.00013530284448409077
3.784344724145109e-05
5.168861661922809e-05
1.9509437647334875e-05
3.499144378499434e-05
4.767069808011161e-05
2.9185907110968625e-05
3.298618195656171e-05
3.234747318341658e-05
0.00010369929170298132
6.887331426537855e-05
0.00022903136886720968
0.00010778951013605035
6.539704425987835e-05
5.3115928527665504e-05
7.79178156805989e-05
0.0001663106658814826
4.877045806773979e-05
3.2902375245701744e-05
2.516894148049412e-05
6.845830880073909e-05
6.924045767718776e-05
4.0170875232935616e-05
3.437587137952472e-05
3.244575521305173e-05
2.4447498052577877e-05
4.327281080102235e-05
0.00015157759039350388
8.225420777719668e-05
5.344000638976211e-05
1.6414143071020833e-05
7.46221454758973e-05
9.688231587409741e-05
5.1527217127021674e-05
6.523903024869262e-05
9.14391692805883e-05
0.00014648008762724467
0.00010178691438456015
0.00013039708231246983
3.5304399912421476e-05
7.364624934286702e-05
3.131550193276423e-05
4.2861061652187575e-05
8.608051100033065e-05
7.763520771799967e-05
0.00020395758175505854
8.251442329892962e-05
6.064059105670683e-05
3.7729453168989514e-05
0.00016546232340411358
8.36239257654967e-05
5.845316100223555e-05
0.000145157701071639
3.4636802005788304e-05
8.995193467521768e-05
0.00010036138961607219
0.00011707083893752889
6.145494328075632e-05
8.541382246435608e-05
0.00011780774432777383
0.0001001591049106834
3.4508576230926434e-05
0.0001171734901869298
0.0003668867132436399
5.39822079534384e-05
5.557013833442652e-05
0.00016439689551612084
3.413076633492021e-05
5.3849132809735064e-05
4.5917546786456825e-05
4.435609427155734e-05
2.8662065792856045e-05
5.237664188087299e-05
9.345250539399755e-05
7.259025763930474e-05
7.191370951737026e-05
8.2018108596188e-05
2.6233149742660343e-05
0.00011221631462906163
3.9287300336271686e-05
9.15825399082909e-05
4.2535108906825546e-05
0.00013634830427143398
3.0489961668708596e-05
6.326659631344899e-05
4.539099117987185e-05
4.18382462427821e-05
0.00014467190390591363
2.0796406226350378e-05
0.00016281473932376134
6.278772687789513e-05
3.559283307907928e-05
4.909647957481233e-05
4.3227819780572965e-05
4.41104383523746e-05
2.499764801193561e-05
5.265449777801692e-05
4.7795565496423e-05
0.00016229499779072814
5.7434862987605875e-05
5.3873200617337776e-05
2.954850584236029e-05
3.940266155116193e-05
0.00013135953710372716
0.00021890727777418566
7.267289945172263e-05
0.0001209173110385448
3.176015422396835e-05
8.753278858666472e-05
0.000270469829039754
0.00010356548467093461
0.00013225842868559639
3.5107838964106236e-05
4.0597499203751596e-05
0.00010617422902258138
7.050253306905181e-05
0.00015813125262170992
5.725902851365159e-05
5.4685812817744774e-05
3.1783012894392616e-05
8.11581820697122e-05
3.8238865072103695e-05
6.235369828280707e-05
0.0001820922330266966
5.753701128384395e-05
5.769220713297131e-05
3.473504589015265e-05
3.5269906416427894e-05
3.76067660746922e-05
5.076330132324389e-05
2.9032454740856596e-05
5.341109881116628e-05
0.00011479348679804336
0.00017725270693344866
0.00012606014769757088
2.3533367793966635e-05
5.7710877515578235e-05
5.0917071725879814e-05
3.175244583777839e-05
7.669791003718198e-05
3.601349704223888e-05
0.0001199345651511778
4.0858184293323346e-05
0.00010485670850946423
0.00043581924353199714
3.3367117713108914e-05
8.17459165168296e-05
6.603927556692123e-05
4.7833873360962056e-05
4.590214567563376e-05
3.796403235982262e-05
0.00010967507274082516
5.058351157599771e-05
0.00011954328350564728
5.047770284221682e-05
0.000302952193746503
0.00023719304884619157
4.620125258524079e-05
4.472719891584879e-05
7.603066480077587e-05
4.799078998772351e-05
5.117906952955072e-05
3.974499052390231e-05
7.471234930667253e-05
0.0002795823097193641
0.00010205365569240889
0.00022359604551374295
3.210236298156705e-05
4.522309969357229e-05
4.765398600715856e-05
3.938739136840164e-05
6.75359927245897e-05
0.00018563514100787648
4.965464848111276e-05
0.00011327800977465127
3.8044635532957495e-05
5.0176877003994575e-05
9.211022916630447e-05
7.66726603665151e-05
4.289212771491388e-05
9.684673647269197e-05
3.285521161382385e-05
4.9441895787428626e-05
1.3857024051859643e-05
4.906550833296249e-05
5.42847952797504e-05
5.034835773560416e-05
7.90046927606752e-05
0.0003539040308735768
8.150143451907467e-05
2.488035658501866e-05
3.347929174235489e-05
0.0001450316899324359
3.824063808808397e-05
0.00013666355692654278
7.231324785126627e-05
0.00010288658811133909
4.1920635541125916e-05
1.9222127535912986e-05
8.415464816585166e-05
5.948748684298765e-05
0.00011031585277172168
0.00027277480589302374
3.318819325125202e-05
8.54791723252978e-05
4.550910892562269e-05
5.658199454218301e-05
5.9420436680916914e-05
5.6196278624548626e-05
0.00013361701116442208
6.227928458815236e-05
9.263682783586702e-05
0.00013726272944964213
0.0001766699349977495
4.862265998150832e-05
0.00012552660986748807
9.752304457097896e-05
5.572957074317215e-05
5.694138736445555e-05
2.7488580228746887e-05
4.821585746480414e-05
0.00013106007694350892
0.000136747031522676
0.0001305010965478185
3.043417222132918e-05
4.975589736849724e-05
0.00011359695651206362
0.00011338210441205845
0.0001206153699607452
0.00010767755833372285
1.4712160928721718e-05
0.0001076999498263696
1.8478456959499274e-05
8.93445104686829e-05
8.193283374087784e-05
5.71849969892268e-05
4.2720346040484154e-05
2.5785396607064103e-05
7.405272382700173e-05
7.56473834351783e-05
4.597572391847501e-05
6.472326533154926e-05
4.149089415685513e-05
0.00010854290009499054
5.681521549347806e-05
4.868830537207858e-05
4.849598945662424e-05
6.530305492699043e-05
0.00024293565455367258
0.00026909431476017045
6.342049570042737e-05
3.5510267700518766e-05
0.00017250456127724322
2.69662327311146e-05
8.704768183196855e-05
0.00013927839904578836
2.819308221931268e-05
4.781259282644723e-05
3.5737848301566294e-05
4.721554027870934e-05
6.067974392982001e-05
4.650055983086139e-05
6.151624855869808e-05
6.989204596424139e-05
9.165897144107647e-05
0.0001522739025710674
4.235794573599834e-05
2.5371857736399185e-05
0.0001003935722698776
0.0001309435865832518
0.00011111067365649825
5.128527740085475e-05
3.725948464249955e-05
0.0002559434936847927
4.363947572716544e-05
8.439921933920446e-05
3.857530083872229e-05
3.2469874644219644e-05
0.00013195265386134407
6.597081998566443e-05
4.6621129007750385e-05
4.263612256507185e-05
3.16917970882822e-05
4.233189651668683e-05
0.00021411912883378755
3.523523700508928e-05
9.679443304322326e-05
3.3880018032628926e-05
4.8618426863647146e-05
4.105127257293731e-05
4.0289773759453726e-05
6.572910294066757e-05
8.277687672250236e-05
3.344341958881267e-05
5.224327083916029e-05
4.038910669668983e-05
7.934272073451722e-05
1.6897335849631276e-05
2.829452337221454e-05
9.919000057563861e-05
2.4303226769103056e-05
3.867707053114608e-05
0.00010808793628507338
4.3553540445757396e-05
7.944961885844346e-05
4.054471770417408e-05
0.00018088832128987568
8.537761074931781e-05
5.153636808979417e-05
5.1347953524247267e-05
2.3033214527487037e-05
7.392676901621105e-05
4.488748910337423e-05
4.9221083798221666e-05
2.5078270755975026e-05
4.8688680126728386e-05
5.806891901471482e-05
7.796502898066728e-05
4.7678933394526234e-05
0.00012559827837247404
0.00010293698300236251
4.921497869464777e-05
7.882438983940906e-05
0.00014154262199734546
2.0906061262045383e-05
5.924936939738878e-05
0.00015521295474862226
3.9705075030701494e-05
0.00011875383183371537
7.17698975421399e-05
4.971001443484999e-05
3.495547377897717e-05