0.033227025737479855
0.028570148863910044
0.020028770073378305
0.031232870985834344
0.06545138753898237
0.0368123256693366
0.028206004334177758
0.12154304491022616
0.062151656433989774
0.03228615379515645
0.051962105571122116
0.031790903422249876
0.03469763578366437
0.015883528260881727
0.008853945614953935
0.022013254499622454
0.022636417059239508
0.020140801718805747
0.02206218832916668
0.021514925888685973
0.0021238487923734926
0.03091487907697024
0.029792313319439597
0.0013357709749447424
0.014327792705020511
0.02738971295617343
0.013048240399670724
0.006566056785301367
0.011453929425532907
0.0023985933805698973
0.004487280870773307
0.002345161470239878
0.014385148500896918
0.002319341397237064
0.007084203054138074
0.00929832188923818
0.004483691239407351
0.014354805511680982
0.0046348938635154355
0.00412889277784998
0.01397926035561399
0.005246558943331106
0.019228197043775493
0.0005759805283849245
0.0074321406660475655
0.002044341589124739
0.00678308189269347
0.005687415988120845
0.007765761749546987
0.0044102696799279174
0.017988045340623295
0.005160956375667605
0.00843807813296028
0.0021197529182688706
0.020878354976012578
0.00803312998178689
0.002265786766028298
0.008767891498021305
0.010081379213793177
0.0050216426085920194
0.006063672971622135
0.004241774337911928
0.00252614371050027
0.012618960714743596
0.002399122434343206
0.0017200005933539861
0.0017842483976134667
0.009699294780961785
0.004112241941005353
0.0022692509529203373
0.007298538221224422
0.00314818425748436
0.017276912930233108
0.004756487885652834
0.0010402632473865293
0.0024355855845182616
0.0027295964591251497
0.002886137620802332
0.009194386655376068
0.0008507206524094003
0.001518666939963639
0.0015784597241512667
0.005941546619858307
0.006654367987423828
0.004286030757518311
0.004997839702469654
0.0025167635684532176
0.00395371356796173
0.008264156064804747
0.013118967472942064
0.007147715054357069
0.0035710372496989503
0.0018371369198339443
0.004401573293854947
0.009156343046195975
0.004274696556905123
0.0029074876838076236
0.0024482058739228613
0.0018858173367204934
0.001215170712267164
0.0036371867765290647
0.007412383065681541
0.004425563764355618
0.0021537621267581717
0.00629163139604547
0.003735528085615879
0.002096422382007419
0.006131600930897677
0.003973809071064749
0.0015276553841772568
0.0005788018147810752
0.001648010971231429
0.005970628714626505
0.0013345588353720537
0.006648899850949655
0.0011547706688914232
0.003589280554276477
0.0020671177858645673
0.0012202314837277154
0.003486924684315004
0.0026609964235136565
0.0023718088254885182
0.009114398975156847
0.003322279375742486
0.0019168601665114332
0.0038918640862608575
0.004621991787624534
0.005512304153588749
0.0018914976259562647
0.0006763993577233275
0.004064802962968926
0.001769341822597097
0.0036503097748030585
0.001657044539201281
0.004347095847482248
0.0027612857087768736
0.0030671828952628967
0.0016299344915038933
0.0006968512492515745
0.004637996180099177
0.0007504151050613504
0.0016439382896988816
0.000707070077652382
0.0022505317080549776
0.002215907370385852
0.003202501324464509
0.004866773408831531
0.005662731228456521
0.005800311107816394
0.0005807778366775893
0.000984424991568166
0.0012379246627796982
0.001689829011316997
0.0007164451274110313
0.0009017389032655059
0.0003510975029419554
0.003081328957150996
0.0021803258944955834
0.0011326501488994824
0.0016117737518724546
0.0013514324857139023
0.0016488827430656222
0.0007959486014297302
0.0005138852425020245
0.0004621111018021624
0.0012057748845022197
0.0009152112423317862
0.00250603022181382
0.0011729492214990894
0.0019856380529868294
0.0011293092218048822
0.0016399823597754513
0.0011813291417460507
0.0008446558256568407
0.0018754007201754557
0.0005844144274284878
0.0034967449676806253
0.002859160705387445
0.0025652125070166495
0.001896792797842348
0.0017029254667019062
0.0021245796506591435
0.0023549555274247538
0.0012931896481983992
0.0019098578966967189
0.001442811721456558
0.0014797820800273496
0.0010493460927465078
0.001969069160516179
0.0014014892517756907
0.0017152895439893922
0.0035790787288863734
0.00579704279220118
0.0017572460885098163
0.0032947668049284197
0.0026782154230467333
0.0019679135350994313
0.005669824587667763
0.0031746867104004524
0.0007586326626544773
0.0018694213722227524
0.0013830082436560407
0.000925776163650861
0.00022359178003527455
0.0010606269360284193
0.001395483982201928
0.0054037971827889724
0.0012663733160585766
0.001140064416013395
0.0028336529966388213
0.0013154986579749623
0.0009396185504514726
0.003702709906213974
0.00020166513667209556
0.0011905696628606722
0.001803496107200629
0.00016683361884352937
0.0056324223656388965
0.0017136199720262982
0.002356426863049276
0.001749892337541555
0.0006675565860353862
0.0019667300966153133
0.0016611391694439962
0.003007565068026537
0.002850263334625039
0.0027739680117301125
0.0012854778774446538
0.0016742313294425071
0.0008124731304249999
0.004353638110813285
0.0010637810496030612
0.0012455363056447677
0.003972582592679364
0.005547392023959179
0.0002967613668060363
0.00091128131819906
0.0018700031452946817
0.00033598192661607923
0.0007681918018553893
0.0005850559279153577
0.001458327835404511
0.001759918674139982
0.001743366815471753
0.000764961549103072
0.0003532762382140967
0.0060470798213483334
0.0009408102542008235
0.00034345511047945376
0.0014764325406112827
0.001686390889604158
0.000406739543072606
0.000426929134298397
0.003995839549377293
0.0008093267879832009
0.00043546389590735235
0.0014157264519369336
0.0014858008279512525
0.0026107009282483463
0.0021731719428687377
0.001964062211584615
0.005367062150410684
0.0028814904454424577
0.001670776747086031
0.00016312210159788188
0.0013560173541690545
0.0013004663484272188
0.0013116089140972273
0.0009759489209038254
0.0004918296491111157
0.001584768566143079
6.585316815940493e-05
0.0012334437293938082
0.0006856383069957048
0.003062644888660004
0.002175446893734178
0.0006528991693786037
0.001239048541682776
0.0007355381231494158
0.002319903547183031
0.0016897306306454837
0.0005968804412495917
0.0006090770970706999
0.002641144919183096
0.004593991205883678
0.0009208045475844491
0.0009691338071470423
0.0009767746745877044
0.000348385723844137
0.0026968596374904604
0.0027136453894144393
0.0011826777951660535
0.0008051519387879258
0.0015250876221969264
0.002399607946030113
0.0021684161927708156
0.001356839047202154
0.0008919765735299728
0.001576754146974505
0.0008520663011109434
0.000764436279208832
0.001787155223910499
0.0004753688056390889
0.002056736908543925
0.0013671537470486596
0.0024279520770877517
0.0025798636805957
0.0008305654576924229
0.0021425074605432907
0.00048432918474310165
0.0006808323004582139
0.0009998821269804202
0.00047131323825876526
0.000629181228522428
0.001139854562948879
0.0005751242559234023
0.00047058763064634164
0.00046076972492837696
0.0007029159778371653
0.0006106854528890235
0.0003721532729747106
0.0006369187271457671
0.0036070789545597083
0.002465546915282041
0.0003225448372446397
0.002644474620142959
0.00020178698727313035
0.0009046958214119108
0.0017071663573240887
0.0003599503302633869
0.001136194482488469
0.0004551320090744074
0.0014083452249940018
0.0007303275503624861
0.0019609593673378337
0.00030949909339588177
0.0013316139668070831
0.0019986150256484938
0.0007565802709110353
0.0009553214582815618
0.000584695144516418
0.005740011359930759
0.0013403779156987324
0.0006577390821574766
0.0006330385324209059
0.002100150423940771
0.0015352713653666488
0.001758554143229822
0.0010942318202992608
0.0007403432679093824
0.0016681759362380329
0.0015931723944662404
0.0014093541818071059
0.0009260536697830796
0.0014749766131209583
0.001126106315437813
0.0006842014794778166
0.0014635048955789413
0.004450449569761312
0.0005760595909319208
0.0020554369378209484
0.0027187076318715047
0.001435381024876003
0.00029982645199453414
0.0022825093261270683
0.0006025368854219304
0.000634507809488641
0.0026893983815281038
0.0003182153909602895
0.0005942652284678565
0.0003045570835440272
0.0008076871768677204
0.00183848604466528
0.0008156781213732387
0.0015349014225865135
0.00024727377556282723
0.0007572993385231359
9.760111801546925e-05
0.0007712645682678432
0.0005670331882849385
0.0005997595738820009
0.0007238422518478615
0.002630318923245974
5.320549851734234e-05
0.001057094344516721
0.002176598488512376
0.0007725847367695788
0.0001653832528461139
0.00039090268214710523
0.0012231612856118976
0.00012123649537091436
0.0007490514172803263
0.0003965263622455464
0.00106212564946589
0.0016606395768155315
0.00023763901760596754
0.0006214722611967651
0.0005014299740172779
0.0011892238185709498
0.001497996598762043
0.0007780060880830716
0.0040844791525460125
0.001935194788004203
0.0005738384410643689
0.000468533036563288
0.0012734851945688935
0.0005036875514350044
0.0016525344311121629
0.0014216684549845946
0.0009288723129686732
0.00041991419077796376
0.001996764172834836
0.0005461738567022985
0.0007915599603075284
0.00020713170994008146
0.0009423113919526817
0.00027694550926977084
0.0009213198486182753
0.00045796603375635895
0.001171872132041932
0.0028943429946075936
0.0005276435238157942
0.0009892256543314096
0.0018581845612161512
0.0012363746938154258
0.0007546657460905519
0.0010747648228681453
0.0006232007159895751
0.0012539974356396708
0.00043143715233912185
0.001614784588438271
0.00045888230196808165
0.001011339452250413
0.0006009233419533247
0.0007873807683038751
0.0011009334729081995
0.000572481193681972
0.004446928913205755
0.001345549052811457
0.0014188020341276196
0.0007384788814767838
7.094335206288935e-05
0.0008421779994632335
0.002300129493109099
0.00036122325765528327
0.0003738606017086802
0.0011073382917399421
8.120288351180289e-05
0.0020771486916699574
0.0003225583668770208
0.0005478405746063588
0.0007491971756790617
0.0014250634521851065
0.00042291183429807083
0.0009960764878416107
0.0009310157546514032
0.0005937128659163458
0.0015066213261627768
0.0002590046696815552
0.0005042235988522066
0.00038268667536144806
0.0001985183355388749
0.0002497311193799166
0.00013983403856108459
0.0014339759088055522
0.00046068004893570677
0.0010421432831973242
0.00026756816177153344
0.0014337531575239553
0.0013643501081868777
0.002509102811176282
0.0005002379645301368
0.0004641783227512243
0.0006561151390602492
0.0004000534526673095
8.077692601908098e-05
0.000628017363967772
0.0015804973343002012
0.0008078879184072735
0.00015407892302626014
0.0015814562592933229
0.0006951595953297823
0.00239236794176539
0.0011731253784813297
0.0006250713227922551
4.448729239982103e-05
0.0019678366465232786
0.0004306233511314533
0.0009165724418115968
0.0007289501944368369
0.0006744166592051453
0.0005217621192555086
0.00012487327657453433
0.000634306667397438
0.0016479636932891402
0.0014237398035542173
0.002117567690490432
0.0002537217745541738
0.0006339867733090734
0.00010861797726703931
0.0005077909388278942
0.00015957767294820426
0.0007402405552145288
0.0003890313491871484
0.0002426309192205635
0.00037885431199340347
0.0005947713497128137
0.0011065899761061777
0.0010753254947391184
0.0004140280027677127
0.00023882499110579084
0.0015466635970104376
0.0008018699669202124
0.0005336725451474074
0.00016507850875596645
0.00018055318639003998
0.0009997584490394602
0.000428409219009779
0.0003077363265639005
0.0001259427845145838
0.0005811161965017516
0.0005176224389120206
0.00018787070645715135
0.0008488944927345837
0.0018480383419664395
0.0003101378278738112
0.00040678142856484967
0.0008381366319190905
0.0007832468122263747
0.001844407690052392
0.0004828045103948197
0.0007879006279666766
0.0006380670713669528
0.0013131721643468485
0.0011237797769545123
0.0006060803713426593
0.001426905217158944
0.00013828983349015224
0.000354788967869091
0.000537302442823917
0.00047065795882959887
0.0006624182378807716
0.0011275003307927244
0.0006049663562558035
0.0005314060894527337
0.00021617883088950217
0.003056706849233832
0.00043922389749613143
0.0007534958529105748
0.001490152318450092
0.0005695137023658382
0.0009256501107884818
0.0008281179725791676
0.0005529660922853246
4.655177717143679e-05
0.0002499573939276449
0.0005288781336232189
0.0005170216727155818
0.00013172390580500136
0.0012000235233322718
0.00042746146679101504
0.0012624010006654243
0.00014795869372105156
0.0006616613658505974
0.0019780256417179037
0.0008576223803105318
0.0004163581548819255
0.0006142679835472245
0.0020895170277081074
0.0004556033411361185
0.0007216905501639384
5.5184674755912405e-05
0.0010504007226932778
0.0006593480351260318
0.0008824045642356753
0.00020930398317277058
0.0008444805477234436
0.00016581146523033765
0.0003811804360227031
0.0001966389368350843
0.0006127882625339919
0.0007292161557812683
0.00206811239128539
0.0006433074190756341
0.00035741707599105986
0.00018963032787570612
0.0002158477808545391
0.0003434873431061602
6.559399100044282e-05
0.0001758823155043136
8.161249140936187e-05
0.0005338092853305884
0.0006440012469475685
0.0014497230682833174
0.0001227714774304629
0.0006687483213588944
0.0004237069416072972
0.00018478418154180103
0.000297116237019632
0.00048047987180842267
0.0008419921047246651
0.00020464023782116792
0.00037557679492850683
0.00030716580240748364
0.00016526766008641711
0.00045913196795169486
0.00028057700095255407
0.0010894482352714894
0.00047914491914276166
0.0008043988463009182
0.0004935557576443737
0.00045684599384464763
0.000502468058570326
0.0006367776685613294
0.0003380334947327645
0.00034884693727960114
0.00021866644018719186
0.0003382940029215342
0.0005875987174786264
0.0007640679296816467
0.00037068210793388915
0.0010252298468312313
0.0002687895374654648
0.00015143492294718188
0.00036939425664634686
0.0006031084659236686
0.000510045036037967
0.0004772294551810882
0.001060466574513299
0.0005552317355298462
0.0005334245030675165
8.720848775568732e-05
0.000402029513058227
0.0005058224949835183
0.0005582109920758386
0.0005518972862714103
0.00024707314497373126
0.0006789694885172971
0.00043953545562441023
0.0002265406820837299
0.0003550667541396539
0.0007667860368907347
0.0005275728664742
0.0019302913731791041
7.87926491317889e-05
0.0006622412102597797
0.00026501791022513006
0.0006198117722755471
0.0006993557370343729
0.000629832548876011
0.0002780001274043737
0.0002937598399564808
0.0003924033917382691
0.0003387866347047906
0.00047833729720488045
0.0008688967779468316
0.0003322296695927254
0.0001699362336403241
0.000550056920469643
0.001195533505210531
0.00027885018325292567
0.0004612975235088377
0.00033225270097242437
0.0010417168170859825
0.00027533297267747143
0.0011292957365037447
0.000930063238463374
0.0002905375499563999
0.00018882977981911695
0.001547613850124951
0.0005725001161004158
0.00016724201819701498
0.0006206451377401392
6.036144992701963e-05
0.0006688638777552419
0.0005031635207883207
0.0013228546872429813
0.0002232613658772078
0.0004916262786095869
0.00014674213635957172
0.00021924863662810083
0.0009420636570546201
0.00022252221956287345
0.00038890011277890467
0.0004482446153422839
0.0003985813517593366
0.0020947166914063848
0.001289871153747696
0.00010970500404616428
6.67960071405758e-05
0.0013599010784940881
0.0002538192094226465
0.0007775935559861835
0.0003186513804278206
7.553424763403909e-05
0.0004678811454846398
0.0005082247590685504
0.0004260890743333011
0.0003726606045490942
0.0002893528374358976
0.0009110484695495812
0.00039299894427719765
0.00030392628371478164
0.0006957360484310428
0.00025014900095454327
0.00047664491474545606
0.00032053054984595216
0.0008254454111090077
0.00036359927543861613
0.00021493951220824065
0.00024969648522228015
0.00016415450053741177
0.0005434534314108707
0.0012931026030881692
0.0007420207916672342
0.00038957546993329494
0.0001361586988659771
0.00011739217610452017
0.0003325188389258481
0.0002259684486204
0.00031569917603707057
0.0010059665252075238
0.0008471630392677818
0.00013611975861560802
8.442681438979628e-05
0.00031322758003220414
0.00020113906943542678
0.00019798633897750748
0.0002919761599205552
0.0006710968985611757
0.00018673438633201177
0.00023546220006168123
0.00034176385200608973
0.0005722924514888778
0.0007239129755402219
0.0006393822334895416
0.00031923345424291714
0.00013616384425391612
0.0024072700510785272
0.00046935161367747305
0.0009753172808583667
0.0007979579518274483
0.00011066948179079043
0.001413249958630765
0.00013875524294702834
0.00028121275071293705
0.0004671807868841735
0.00046131892641625513
0.000323072779858454
0.0006072219054335871
0.0006538415012903366
0.0005288310880540131
0.000579510777557101
0.0002484642603241748
0.0007737250140501276
0.0008195593154379412
0.0007048581730011479
0.0003097129608464958
0.0004572508238058828
0.0012455990184116836
0.0004232345489762822
0.0003696368032094657
0.00048725361842926395
0.00048752345569017544
0.0003020271106873289
0.0009136709142086141
0.0002007543068736849
0.000520718573002271
0.00013075933629482143
0.0004210346059020817
0.00037606118566313966
0.0004052984995190522
0.00036877315122681154
0.0004128631002584105
0.0011742777462612486
0.0009753467697398388
0.0006160849753013435
0.0006154889765103529
0.000200902632606304
0.0005574460206897755
0.00042046649994846553
0.0010499868814322706
0.000559541712643731
0.00023932632501806863
0.00026184592086507714
0.00037759252769032086
0.0005473046493824777
0.000639910632801902
0.00030375417813320073
0.0004935257277137224
0.0003110093008392802
0.0007405011244536743
0.00025324609618923956
0.0002974414082053208
0.0008092671422865726
0.00045285912793783194
0.0006989932766023014
0.0009835910074113682
0.0002881244156736125
0.0002534883982015034
0.0004247502491632171
0.0007481530667834424
0.00032615647425743413
0.00010777787588628472
0.00023437514800482968
0.00048238410759119256
0.0002939049694063343
0.000561226679963963
0.0010854208079700985
0.0004533674906028838
0.0010148943927244512
0.0004435885460479414
0.00045185362033635775
0.0003824132885712072
0.00034287590353819665
0.00010150255129377526
0.0001665399510589148
0.0024449238128397125
0.00040839093844140543
0.0011648386878674384
0.0002555135607434325
0.0004972182015464361
0.00030830278469976756
0.0002315848908706261
0.0019522328664555312
0.0007693338231095767
0.00019159884965188248
0.0003285603594248128
0.0008794064377211223
0.00025190224925425735
0.00037954561510390126
0.00014477101992214775
5.105072517925466e-05
0.0005947978734650736
0.0007393644672955361
0.00029311577658940887
0.0011218538728572625
0.0004240094796889798
0.000550205994333435
0.00048697657030206585
0.00037800175408230847
0.00023911551601672672
9.26235606281212e-05
8.909993414265865e-05
0.0003150995885873046
0.0005098768160198888
0.00023777022432898643
0.00043010869961755574
0.0001587196413879363
0.00044463810598127754
0.0003050702587565226
0.0002773004952432934
7.739961713412098e-05
0.000537317193909664
0.0005321260006749454
0.00019008679859698572
0.0005280686024203644
5.757288458438119e-05
0.00027396570032102256
0.00020215300496188778
0.001602793095468509
0.00012023538743156463
0.00018313837097930498
0.00016384501686359947
0.0015830937614988814
0.00035493567917728555
0.0009152668628781072
0.0004774462274753392
0.00022486694852268883
0.0008498605362789423
9.770187531368455e-05
0.0008435471045968688
0.0005123131839505471
0.0002779836869456641
0.0003293408564216874
0.0007814981169939519
0.0004190505613201825
0.00019508749747297987
0.0005350871658169018
0.00019729765805757282
0.00020870226327067515
0.0001925596153601774
8.003793618479924e-05
0.00022066248477770894
0.0005096619576294483
0.0006221683139041457
0.0014356528465582661
0.0002660352591284276
0.0003010400784983373
0.00029710384441681843
0.0005112081808096483
0.0005432002761072313
0.0005179833514272093
0.00033163958608248875
0.0010311034955250748
0.00031967608433654303
0.0003980862276576068
0.0002934496326776392
5.298951652724192e-05
0.00043083859494623503
0.0007115705618654805
0.00044059166121076306
0.0002483722412511578
0.00018438473806871785
0.0007361684761195303
0.00029134451103511355
0.00036416785298754625
0.00020751891232809625
0.0002870157770214396
0.0012579746607267591
0.00014070743999060862
0.000364360808791854
0.0008940306106580519
0.0005641127868839894
0.0002512836981354912
0.0001557809885430101
0.0007949563450567281
0.00041847940003243727
0.0009810719570223128
0.00027254156539041326
0.0001337690272677119
0.00010836377404033227
6.51681827164262e-05
0.0006989951264987981
0.00035675791808496767
0.0003424451332615486
0.00012115692079658455
0.0001686541771296327
0.0004628241616978234
0.00011238374027568045
0.00021169273079668963
7.897730162470395e-05
0.0002976099029964604
0.00032741847144514665
0.0003916880929581214
0.00044548468354209885
0.0005427608341165371
0.00038558743357223606
0.00028057343089915154
0.0001413846439018265
0.00011221627015536054
0.00017653628152894355
0.0004562976664041792
0.00038000601639139487
0.0003413367160483638
0.0006704352683337534
9.851113432493917e-05
0.00031255539600832656
0.0001151973081308318
0.0007931055717462628
0.00019533374930042784
0.00028078645274570843
0.0005109351359525327
0.0003257239668519577
0.00046687733956833356
0.0005306434506877548
6.858724332012586e-05
0.00022696198847913527
0.0003053221801155049
0.0006630182289985833
0.0003390133956909954
0.000847727307330214
5.8666807848586194e-05
0.00031894012077941087
9.663822300422693e-05
0.00029432297858539384
0.0006269440516261804
0.00014247506293374438
0.00036615496556961346
0.00016385065441664934
0.0003011684454887205
0.0004776566268049973
0.0005296478451388024
0.00029315026893942173
9.748904514606785e-05
9.534242412643688e-05
0.001407429517415354
0.0005708420487318636
0.00035079303834264147
0.0003047905997630657
9.611529484838587e-05
0.00033837849533493737
0.00022552475202599335
6.326778360404431e-05
0.0002587247513003977
0.00017440074525537164
6.633695257328395e-05
0.0003484474589037144
0.00010573757774604353
0.000511824053522295
0.00029897673157084915
3.1071176837398696e-05
0.0002706720282997978
0.0001702034892556176
0.00042191111072074634
0.0005291444562214168
0.00016412638395061127
0.00038153092353752975
0.00013932572597266516
0.0003923281124755292
0.00022300185198576489
7.543402093511623e-05
7.694060027402071e-05
0.00043973138395999646
0.00035773086288100347
0.0002124409120055685
3.597373744308004e-05
0.0003506549263352567
0.0001591682067019474
0.00026657160753299885
0.0002872108168595487
0.00031660253795856173
0.00012746742709084146
0.0005181839148563492
0.0007422917473163905
0.00013691017266320482
0.0001154056307567454
0.00044268431034765214
0.0003024658981638221
0.00012763130617229895
0.00036394928689990056
0.0002855978012880501
0.0005122652458076326
0.0003960596111086729
0.0003175243323498955
0.0005970421161182549
5.018044613138672e-05
0.0001936515100779973
0.0011012255189969237
4.648486823466651e-05
0.00018722392754150325
0.0003601089652848812
0.000120644491122553
0.0002245743379246314
0.0005264116444916986
0.00013620691114057352
0.001196733179888067
0.00016993067075576424
0.00020138757594648435
7.196924641978497e-05
0.00022901839230148938
4.678766856305732e-05
0.0007223588266529296
0.00029634827963619564
3.777348954620373e-05
0.0011344706698560244
0.0004445264467757834
0.0003166957380097691
0.00015633951641786073
0.0005624229975658973
0.0004067391171602557
0.00012450033394331228
0.00036940409925166487
0.0001232113541478062
0.00022149992273436074
0.00033018357719072556
0.0004399255573017725
0.00017014759812114468
0.00027362705142115957
0.00011528664935457623
0.0005489842882781073
0.0001525784340655726
0.0002972127009458929
0.00027704328216184286
0.00031868200848484546
0.0002473223441687903
0.0002197650723660949
0.00032999801064521677
0.00018294212722959536
0.0004513721487539429
0.00016015608390342937
4.026165695365968e-05
0.0011440141822372117
0.0008414430101458189
0.00027542252474548463
0.00029722323256772484
0.00041557666355152885
0.00013490114401452398
0.0004762550923989184
0.0006052666945739853
0.000313917183529003
9.875008208567027e-05
0.0004882043421097758
0.00020459540489492321
0.000159816565661219
0.00040984179972858667
0.00025072745480656043
0.00010160667566504593
0.0007134528378620992
0.0002674094130741141
0.0004302950345243433
0.0005925007538258014
0.0002490194626124547
0.0005287107018909598
0.0003575045002426606
0.0002651984747698482
9.652685849546291e-05
0.00014748273195081766
0.0006689586789919046
0.0006319498292372264
0.00018311169389547107
0.000481382901139685
0.0001256230075173181
0.002059477635711345
0.00032109325177035543
0.0003951601005434365
0.00020075592407686998
0.0005994356499358186
0.0002830318953765222
0.0004365921806494165
0.0003522972704365106
0.00036010917551009
0.0005831276343990268
0.0003567913835996621
0.0009029826715753389
0.0006795822125819233
7.743826641036055e-05
9.76847324965826e-05
0.0002617464309554345
0.00039509765232880926
8.799229509514315e-05
0.00015305650007191603
0.0010574864990474581
0.00017909348839314452
0.0008022861081017067
0.0002170164188091428
0.00016035705560989844
0.00030815454922439843
0.000266685379881588
0.0010866216506854802
0.0003391373547472416
0.00020959809999762012
0.0001244500580106228
0.0004434119257721236
0.00014021943875369965
0.0005374936326150493
0.0001819148877663579
0.0001456272705550656
0.00019832776902562244
5.263889159467945e-05
0.0002491598774825856
8.228496418815957e-05
0.0003823551201181557
4.797675507451273e-05
0.0011131574974257755
0.00016997596550745347
0.00030831252758403314
0.00054461374914014
0.0006074217759977679
0.0005125868446356146
0.00013846046942067746
0.0009061620126554813
0.0004355770192509617
0.0002979095100642221
0.0003263703594950245
0.00021028022442262496
0.0008765911813130735
0.00015421398562520577
0.00024049215774915814
9.651070319595731e-05
0.00022122417098836527
0.00010064881581302983
0.0001720785766869889
0.0001939090789554997
0.0005103037667877119
0.0001447258761088594
0.00011045946830003586
0.000120519734167263
0.0004040720958736816
0.0003897821114939808
0.00023708192620501713
0.00021733698525986704
0.0004701335751947158
0.0005226828793694789
0.00039225989032942444
5.691077063219805e-05
0.0006186566458690416
0.0002397079919108484
0.000459163626517268
0.00029181182925227514
3.9784915978880334e-05
0.0009198042688565569
0.0005615289321200557
0.0003402734393468894
7.926381321578002e-05
0.0004957181455999619
0.0003084120963074487
4.8576554499850445e-05
0.0004494689570619438
0.0008117962342379168
0.0004778318042950689
0.00014176177293134877
0.00039060961209788376
0.00013056283647980784
0.0002213642172103465
0.00024725549334540467
0.00018517123219340082
0.00015386988978489908
0.0002075757804090153
0.0001254208676388258
0.00021207699970782993
0.0007126441459779071
0.0006088636931447276
0.00024582728451850793
0.0010526821699888543
0.0002280751001657191
0.00017068207392622543
0.00014483726503429606
0.00011965391948615327
0.0004528544230610071
0.00018112906812813774
0.00035975772225412385
0.0005735672414280637
0.00010962894736513056
8.186302685165385e-05
0.0003212614312477394
0.0002177989759375545
0.0006305406194039436
0.00025276972391461306
0.00025116173223588083
0.00029131810942961944
0.000174116223307302
0.0003887616805605054
0.0001790692288738879
0.0005824448624173905
0.00013726975913234884
0.0006467490776478963
0.00022714957611685006
0.0004852300137211734
5.827615765579256e-05
0.00010096840244440574
0.0004883082968662986
0.0002703335135511956
9.764494393952769e-05
0.00078906343213007
0.000397027814871704
0.0003590319737176098
0.00012949689799070002
0.00030097390010993625
0.00017815974496591827
0.00012753361759420016
0.00030478845722054675
0.0005106572802351362
0.0006784334940108431
0.0003445767521378868
0.000463577010077301
0.00011880626097031125
8.524177480857436e-05
4.599581962788756e-05
0.0003602841376221583
0.00026053461533658695
0.00014785860573767983
0.0006655070892014524
0.00026509835396049363
0.00010170026592602628
0.00029738127755569023
0.00011886657755936673
0.00042471621344343947
0.00029322759379983674
0.00012231879128428514
0.00011396170818382662
0.0002593554781230471
0.0004271152379480529
0.0001911195497771553
0.0002145718277012993
0.00020641476602030899
0.0002836997581984157
0.0010751626345875235
0.00012507914096206076
0.00048315394391742323
0.0004247053215458723
0.0005698139472136447
0.0001829374957732456
0.0007681656891501834
7.259493291949158e-05
0.00061524179401522
0.00046270738432983475
0.0001931954581154119
0.0005625853866220959
0.0005106739331865155
0.0008289879239671308
0.00042007708766217546
0.0002835882416058103
0.0009209299467673841
0.00022070917524295478
9.365408181165632e-05
0.00046001697630647316
0.00041152819705478496
0.00030558639870385845
0.00012831298332099679
4.741285911023765e-05
0.0005160709605862393
0.002036413986196732
0.00024855131110885787
0.0003581023615034138
0.00019615896738569788
0.00015976784445579924
0.0005250302608321482
0.00011159442786537214
0.0002210120371498913
3.0024818687648174e-05
0.00015356452295705935
0.0001240050032159263
0.00010259747092254913
9.314242421915968e-05
0.0003795452172935749
0.00027720406440391495
0.0002092842767305259
0.00038379831925279984
0.00017307284453888316
0.00011160805097331448
0.0005052104169544729
4.580753977178433e-05
0.00039626366846442975
0.0009381803887410327
0.0002071372795313229
0.00027813775382593486
0.00015916865615917406
0.00017448205933621734
0.00017973108524277793
0.00018682069569286896
0.00015670190977415735
0.0003451673005673922
0.0005808014136718413
0.0002905022049519603
0.0002915125749061872
0.0004495289784104683
5.934143398251321e-05
0.0006000721965415484
0.00012054858517490213
7.99291231167365e-05
0.00010857950793929489
0.0007606244299427625
0.00011536488928422163
0.00013085332544774693
0.0005032662820617979
0.0003325515895214232
0.00018746037643292376
0.000172869882368801
0.00034680562894437954
0.0005237290200959281
0.0001847753863684963
0.00042601292490484897
0.000778518839222805
0.00038061052030067725
0.0002762432273783382
0.0009972893813850116
0.00010999947790400303
3.876673199480797e-05
0.00013105713415964234
0.0003959395970398873
0.00014134003064542928
0.0002178762656637374
0.00015003688865097457
0.00020859026972165206
0.00019382217433087828
0.00021922264563468778
0.0003002482418331471
5.910041956893113e-05
0.000283077412026253
8.231401076626727e-05
0.00032927489414975256
0.0005956626224628608
0.00010259050071448775
0.0001677372823283782
0.000330229679492164
0.00016518077536233989
0.0002558539728750062
0.0006820518802736867
0.00038852271368649166
0.00012109125804571194
0.0001161332060125159
0.0005321247952941519
0.00036341656696387963
0.00020283543817912168
0.0008950533923527004
0.0002945737188670225
9.873994812859472e-05
0.000284491062910079
0.00020622331864505547
0.00015844139248066705
0.0005066639965014886
0.0004948096533345834
0.0004629656889037852
8.788313360179388e-05
0.00013079243258526033
4.484644006313748e-05
8.326543450047994e-05
0.00019501813270802502
0.0005414857874903341
0.0005314611569782938
0.00043872028210393014
0.0002470678594077516
7.775771757827921e-05
0.0001902038269833332
6.285565652508463e-05
0.00032572917971090596
7.223842487974504e-05
0.00014114827533673216
0.0002314716892927777
0.00020104461834560483
0.00017865312635561353
0.00023070011028746972
0.00014439584351676058
0.0003211578200516303
0.00015062347612897534
0.0003633227800344678
0.00019223850509145093
8.048261430400712e-05
0.0001534927995915348
0.0004881474382312482
0.00013260674887413597
3.0718786288147405e-05
7.736077394242636e-05
5.667879410928089e-05
0.0001841038204740794
0.00035695344238111993
0.00016563318550761797
0.00011805597759274625
0.00020873859472056889
8.885933909073479e-05
4.546127281182442e-05
0.000221199557345093
0.00015615328400160182
0.00048221791569160653
0.00038016918151331525
0.00039767422334358965
0.00022409367046547597
0.0001000934423969895
0.0004938871840979905
0.000542008064132898
4.1063169361166865e-05
0.0003255272526239975
0.00037014109664488143
4.176958842939298e-05
0.00045167775099316804
0.0003214893379399675
0.0001587140470140757
0.00018825701929035593
5.3128070890380246e-05
0.00011974162824024545
0.00037172134288259443
0.00023776903350336141
0.00022874019207998726
8.912005353204787e-05
0.00021395264168353544
6.224034609187017e-05
0.0006167186626182833
0.00011172056166799537
0.0004975436148722045
0.0007150966532535364
0.0002391053315551396
0.0005692018692711397
8.131757062245473e-05
0.0002773860075101935
0.00010585542646709819
0.0005492863678165994
0.00022629797300010524
3.606003378344027e-05
0.00021376579359458825
0.00012286519091435276
0.00012404865280708964
0.00019045974158389594
0.00015426271306079586
0.0002562860016311731
0.0001498997206198214
0.0002548402182018433
7.845806301452838e-05
3.79918924897413e-05
0.00042755098725052716
0.0001991801944411828
0.0004740395099171836
3.146495511517799e-05
0.00018503941442565125
0.00011600567296269728
0.0008222376270459699
0.00016977237068955273
7.613770708848778e-05
0.00021245960823427034
0.000205528670527688
0.0004079516674871648
8.885004142658848e-05
0.000174830706477753
0.00012300516236277332
0.00017409114533435723
9.489095690681935e-05
0.0005131583844728383
0.00025715913602729546
0.0001525670669281837
0.000183153393196116
8.002261095709884e-05
0.00041408476977421394
0.0001482585472551655
8.797946731347067e-05
0.0003355649695137237
0.0004084623748010068
9.202051814300682e-05
0.00022866280842791635
0.00038095522920528213
0.0006186626118060462
0.0003927836994031778
0.00010902959475224407
0.00024218874373921478
0.00021587527781552647
6.011944765651884e-05
0.00030360236621909464
0.0004020734819125661
9.239259078901781e-05
0.00011546008301253482
0.0002822817306752954
0.0004570338586805713
0.0002889175672811
8.191966318659166e-05
8.587247076599412e-05
0.00020165432354077434
0.00028001840443071937
0.00018050616629180979
7.747529683713526e-05
9.225122382307662e-05
0.0002107585461484732
0.0002223344435779263
0.00027483058582336
4.755177384575137e-05
0.00026561805827354524
0.0005875361845279608
0.00010155758186024205
0.00017412562273699748
0.0002639393390126531
6.985611664485143e-05
0.00015886735827704834
0.00037184939416731337
0.00022528325574699162
5.877482492556873e-05
0.0004309324786451529
6.948963542808478e-05
0.0001862112924153277
0.00023840407858772772
0.0004209914237158467
0.0003192370401977646
9.781252558702624e-05
9.36788461294742e-05
0.00019850614152430756
0.00014569285430747272
7.91149122329593e-05
6.756033285283625e-05
0.0008490094006049089
0.00048412675633181877
0.00017840348145035874
9.476840498695563e-05
0.00032490532227267714
0.00015966081308219595
0.0001967249389449099
0.00020785459368755752
0.00014687500750639766
0.0003722915208984326
0.0007247408504008431
0.0010916843204597671
0.0002026570579976432
7.403245370810003e-05
0.00011866507809963367
0.00013312492151429365
0.0004642176904363929
0.0006172058287081315
0.0001705471001019918
0.000130881142443017
0.00022648631801710476
9.214853353016415e-05
0.00010596051942580744
0.0003777392793624097
0.00015567004270520047
0.0001697466743186326
0.0003188479660528116
0.00017525095244658217
0.00012166693071713259
0.0002503398178206469
0.00018103494555635457
0.00019759702468944644
0.0003927388437073806
0.00016178915198449697
0.0003629659106383531
0.0006807688413680421
0.0001545865499433808
0.0002931732206135229
0.00026072548870842454
5.3719584788708206e-05
7.978717859899345e-05
0.0007684007351402495
0.00018246856454916444
0.00020065850517967415
3.286632120777279e-05
4.399025110624059e-05
8.416049823146473e-05
0.00017468806848377238
0.00033905742655368807
0.00010125241990809203
0.0002931390418219609
0.0004075061065620291
6.723147689961563e-05
0.0005551223195586052
0.00033273047352579214
0.00011784545082964969
0.0002532508545676584
8.8638227051917e-05
0.0006657455919961729
0.00020640075290837652
0.0008192103912476776
0.0001371051084289707
0.00017756684723010136
5.1982458716307504e-05
0.00011496260919495666
0.0009467595180249453
0.0002151524175693383
0.00020446852049046802
0.00013638690580231445
0.00018762020506441266
0.0004462585855827338
0.0003251272273567824
0.0001608953063749208
0.0003640029227881866
9.249845674258143e-05
0.0004433893889684418
0.00016372170889654392
0.0006013839864885406
0.00045501756506201774
0.00016156658192661514
0.00024688633875172023
0.00042359961918580385
9.621977367085576e-05
0.0003458975491830522
9.997809735398944e-05
0.0005567256361546915
0.00023747106523046898
0.0005722436661035945
0.0004421060568692668
0.00017715256829305972
0.0001190519713778046
0.00023132950590093408
6.15361049190544e-05
0.0009933094979657953
9.042182463995758e-05
0.0003893134724247497
8.19478838905184e-05
0.00010867743106388283
0.0001399589011817234
4.5534604042182383e-05
7.523185407437403e-05
7.612925735685053e-05
8.484461241010835e-05
3.3321673970366056e-05
0.0004626012359639362
7.91563404655932e-05
9.829577255380104e-05
9.104623908057215e-05
0.0005107013266024631
0.0002944831456383014
0.00010442059730966904
0.0001887113791342992
0.00015424613516045715
0.0001437893410176199
0.0005591226577923296
0.00037349127595551223
0.00031734371777057853
0.00016959237505550034
0.00022176563241328484
0.00024866481999685324
0.00019169603807404266
0.00045072771828425726
0.00041747644959496663
5.0542393279236764e-05
6.849362876033984e-05
0.00023074896380427312
8.183130929793054e-05
0.0004980630800204897
0.00014720312916403273
0.00017022670927152315
8.066126820776113e-05
0.000646461193034416
0.00013944896083775598
0.0002583788304589906
8.009741080547609e-05
3.274359298918249e-05
0.0002406045168122406
7.210645679677792e-05
0.00041004717202137666
0.00035882523075892505
4.130445385614154e-05
0.00037330496277988
0.0005442085510457893
0.00014786060852798282
0.000146121070029384
0.00048667071292376134
0.0006324737887909018
0.0002346225154566864
0.00016949428695642513
0.00014847684005955738
0.00018169990352500043
0.00015459900952766232
5.837371482199071e-05
0.0002766568695325231
7.751312328579504e-05
0.00014288479471565954
0.0001174030586065992
9.514473249252441e-05
0.0003219781186858039
0.00041127087468709417
0.00026256081892669166
6.168895736646972e-05
0.000310770385498704
0.00014359250388835382
0.00033151386432494286
0.000194307653198329
0.0004254773386094701
0.00013306237553319634
2.6498589280367134e-05
0.00017181241985892394
0.00011303986420280631
2.739809717200948e-05
0.00023425441204629746
0.0004669084458573402
0.0001159832171945677
0.0002649118148674322
0.00020103282283878674
0.0001321055872818456
3.9560336005819435e-05
0.00019314521307846683
0.00023097718551510704
0.0004969450418492777
0.00028171665875194714
0.0001324745747982737
0.00013682308015311093
0.00031673406846489195
0.0001471548453602439
0.0003512873923528725
0.00027814163554687655
6.970273661636552e-05
0.00011312188400225837
6.580738982493653e-05
0.00021789947018234498
0.00016721856692493637
0.0001972822004982279
0.0001196753717180694
0.0003198170432783789
0.00037014991690613225
0.00013356252262396268
0.00027972524297256826
0.0006400458339903822
0.0006793142278909413
0.00017143647055908333
0.00021210385705983093
0.0001086834353895866
9.976116689001012e-05
0.00016992421562428683
5.526563551123893e-05
0.0005479041379103289
8.239752993551953e-05
7.118564913867383e-05
0.00019688439219394432
8.06996972204593e-05
0.0001945429416281651
0.0001821889244017464
9.98034200175051e-05
6.711216860359437e-05
0.00017343986689740676
0.00012454973428898007
6.524372680732147e-05
0.0007297847892307489
0.00015266138520446005
0.00025412102805133556
0.00015024728107579323
0.0004761830626896593
0.00025237920247562443
7.415961660176195e-05
0.0012385633638920073
0.0003772975826534047
0.00029302231982443954
0.00024169166933227752
4.9006098867259294e-05
0.00011003819864597674
0.0002435004172904077
8.019148704332779e-05
0.00036329727519017826
0.00035700807350222077
6.816817466830958e-05
0.00012387353804168638
0.0003522150886799593
0.00017748173074942658
8.946504037562633e-05
0.00011167527020555422
0.00015388684306851804
0.00025623998296801244
7.905449592628217e-05
0.00010353548209089968
0.00017169255552841183
0.0004200006474238038
4.490955799703956e-05
0.0006002363140815366
0.00018725318098003317
6.415464121888544e-05
7.577679030797183e-05
6.047829823974966e-05
0.00010870584474417557
0.0004490469361950802
0.0003086161690392112
0.0002941089711894716
0.00013436318639641767
0.00014365259521734034
9.270654965052714e-05
0.0005689791514409329
0.0004043405433092106
0.00103707434414123
0.00010869548709832323
0.00010316765899259577
0.0002927950628055312
0.00026784148168926253
9.50201315177364e-05
0.00015962962041543233
0.00010308461308648928
0.0001644119931480527
3.6547513126298336e-05
0.0004238189181546974
0.0001847289589042054
0.00017236149287733706
0.00012163322457841142
0.00019757406854367283
0.00021404326154452803
0.00010841212776101844
5.862656447834026e-05
6.183739543893604e-05
0.00012750129699326678
0.00014130921514351186
0.00018354295102828192
0.0001189318049448866
0.0001829328035494355
9.998868233309583e-05
0.0001284567982733582
0.00024457582329757266
0.00011053706734390801
0.00011490998717570825
7.57924002254747e-05
8.312794103133548e-05
0.00016177357751709953
7.05345665755806e-05
0.00011972242913133689
0.0002862285136943726
8.97077334827855e-05
5.878370777081698e-05
0.00022529351514151413
0.00016467060634304327
8.066415687587056e-05
0.00010224524440305286
5.5387195140792255e-05
0.0003271369058034099
0.0001011690066557639
0.0001879213836694318
0.0002808889766992783
5.47661309674282e-05
0.00012776694243175289
8.426640322782659e-05
0.0006116823353137978
0.0001630060846064853
0.00025649655847621275
0.00010535010589672121
5.212564937309104e-05
0.0003887244432626957
0.00030650646857462497
0.00011834089045271714
0.0001045385424640793
0.00023438426302169627
4.8481683497885215e-05
0.00022743362164634362
8.623359356900287e-05
0.00010252680371948124
7.919236881791411e-05
0.0001445192762011024
8.889948104556161e-05
0.00011790440629960627
0.00014821641338537045
0.00011414733292360886
0.00015460315901664898
7.560526335095741e-05
8.425220857488068e-05
9.525111074397957e-05
7.141512324207672e-05
0.000296495912082703
0.00015103048753995423
0.00017361337256777552
0.0006404574321314104
5.293463939619004e-05
0.0002850388917306108
7.634315541068162e-05
7.00468215157269e-05
0.00010411773107880408
0.0001165074922076495
0.00013466160208122258
0.00025297266192441455
0.00014256401243835126
5.8080793597517264e-05
0.0003617539724643136
6.81222620832365e-05
0.00028918671959435034
0.00033254973782838765
2.860505130996266e-05
8.108715096083155e-05
0.0005477931882855034
0.00014466604622698716
5.490142644733499e-05
0.00019998224086756442
9.190678425188703e-05
0.00021247247267368048
0.00038063256192252874
7.638994600241364e-05
5.805164725437666e-05
0.0002793881627983699
0.00018809610031966675
0.0007019331549291281
0.00013896034729484169
0.0004614658511829291
0.0004126602616822696
0.00027350722818581723
9.101756659451046e-05
8.053651905509954e-05
7.504472300424387e-05
0.0002251748304153371
0.00035133275422168504
0.00010465390034132239
0.00011420982219850293
0.00011571498223650675
0.00015418837844818884
4.317314585221968e-05
5.873974797178309e-05
0.00011862948431989833
0.00015629050987726835
0.00012944296501804013
0.00016595987646865644
0.0002564067119531429
9.657318415709681e-05
0.0005601899462016321
8.232679909543763e-05
0.00046225393249694715
0.00020424735044393918
6.953762693742397e-05
0.00021753839150905912
0.0004022939186875238
0.00013961539007156006
0.00013096080820717285
0.00014816824976434062
0.00010157141230386163
8.727173567642054e-05
0.0001229423607112601
0.00046786569256392096
0.000428276436071812
0.000241262748877371
8.053637525135723e-05
3.348007506107086e-05
0.0004071048259241331
0.00015695623985370052
0.00013773559555967397
0.0005324309315302598
0.0002211224584707449
0.0001878130432024672
0.00025780048501904644
0.00010686219573569707
0.00022400421696679618
8.719770868068948e-05
0.00015908588785201635
3.2782579929205026e-05
0.00019485504808858275
0.00028206640986129034
0.00015984966151078364
0.00019367390538769952
0.0005372332095950424
0.00017502714594331553
4.187247628866022e-05
0.00026753383215048494
0.00019865150431345422
0.0003702249736747636
0.0003620576629505581
7.428964320583128e-05
0.0002370307758663766
0.00012256717239552645
3.266705751994249e-05
0.00015964020004090876
0.00015456343659129546
5.2804410669505324e-05
4.794119872835016e-05
0.00022341518180248529
7.109458584999872e-05
0.00013540459623775992
8.681521657660931e-05
0.00010340651259452265
0.0003086590834823514
0.00011569145885184251
0.00012192507059344072
0.00010806307672804647
0.00018809003678174887
0.00032027330635878875
0.00030688817833522794
0.00027338976062924966
0.00010169050076975655
0.00012760606754932426
8.557621731561285e-05
0.00018723916329743475
5.434833008128246e-05
0.00016884942911740903
0.000135922528909432
0.0001692189802688099
0.00013570828677017714
0.0001954156059296774
2.9901267114782923e-05
3.378579690670604e-05
0.00011701440348325835
6.3424596408279e-05
0.00020619726025344304
0.0002703170194979806
0.0002393248251176302
0.00023673081434224253
0.0001536051106072778
0.0005862330201506255
4.839448017677375e-05
0.0001116449561212636
0.0003234024230411972
5.1252938717850606e-05
7.035477325472262e-05
0.0001608024672384107
0.00010939517473025962
0.00014332225170550478
0.0001362923792319137
9.119834842281369e-05
6.34555455935997e-05
6.0859747646638306e-05
3.409129076289208e-05
0.00011379738135021353
0.0002815481477939301
4.108136852249884e-05
0.0001191470020498763
0.0003243157467432648
6.156694038218038e-05
4.881715828973839e-05
0.00012518580786816068
6.828698978294453e-05
0.00011926541954967116
0.00010972795606563144
3.3304017535620584e-05
8.596818185851481e-05
0.00014649801989860154
0.00018798746606550618
0.00017667978438092467
0.000200271720286238
4.5333954520742165e-05
9.77973964750871e-05
0.0002632916060090376
0.00028649532751696163
0.00015763208744052926
0.000302123511535566
7.129217700671039e-05
3.639766120053043e-05
0.00019110483867870666
9.990775675816521e-05
7.510990257417369e-05
7.148464316125306e-05
5.2640879725365516e-05
6.696981555151997e-05
0.00019892220179139696
0.0006054030856962019
0.0002565845510895607
0.0002672844437976902
0.00018413171976417646
4.943338480255064e-05
0.00020283296872052273
0.00011934781897021163
0.00023869726173244963
0.00020268528483414417
0.0003728035920731591
0.0001261219431561408
3.537216039914086e-05
0.0002645592577079943
0.00017461287483000132
0.0006651937308066771
5.323172801063595e-05
0.000307455275884275
5.5436297636633346e-05
0.00016160499494263935
0.00020472297070268307
0.00013263365105747627
0.0003018153342571849
0.0007644987505534167
0.00011669306729514139
6.0510388827583854e-05
5.334790675440365e-05
0.00018856231524733686
6.103482954212594e-05
0.0003018349793191314
0.00014001375704794173
8.548105743789445e-05
9.249726126074385e-05
0.00011114189103745207
0.00011786765544099442
5.312215472488698e-05
6.695284870346553e-05
0.00035267421435807543
0.00015214812137792982
0.00019873647059485006
0.00010626782704023365
5.9835268369924007e-05
0.00012296973559287232
4.066061566317607e-05
0.0002871010926891431
0.00017404514297195974
0.00012923919056333807
0.0001178168937412414
9.978884688058878e-05
0.00010788257267928902
0.00041108989767866736
0.00018566406116938847
5.023022325731295e-05
3.305789704982547e-05
0.00012187757314845698
0.0003273014291063107
0.00010112606098050325
0.00013750493245600828
5.798077242506307e-05
0.0002511271153809514
0.0001117954632640162
0.00026061091759373677
0.00025789784497689324
6.320379983801084e-05
9.920366622303706e-05
0.00016819673556900164
0.00013187353782174153
0.00014234900755876191
0.00023924749397814102
8.112199410864315e-05
0.00022342641069530476
7.502779387585291e-05
0.00019282105466383507
2.9989603398316823e-05
0.0002104523298091586
5.0189665862133284e-05
9.937080819710957e-05
0.00020788694214049402
0.00011319217858829484
0.00015578143415030497
0.00011273330494488527
0.00014547807480691911
0.0003144200070267379
0.00010678170266525132
0.00010339096122532965
0.00020926182471480814
9.620823883816582e-05
6.379740383186747e-05
9.446152017101268e-05
0.00041408216102744265
0.0003640920230373226
7.693523473226316e-05
5.6880751718214366e-05
4.3175661340216686e-05
4.31432915764051e-05
0.0001355295347559781
0.0002372748349427478
9.007714826953277e-05
4.1269490172817314e-05
8.614735152105176e-05
0.0003388553763862503
4.72496138935076e-05
0.00017063282331697513
9.633508969401967e-05
0.00016676266055187946
3.810919578707308e-05
8.906672755058105e-05
0.0005268890487056031
4.4768146155778034e-05
6.732584406836763e-05
0.00017095367394683218
0.00010155253562481863
0.00021533884044446384
0.00034145519126885276
0.00016051341517015803
7.357711829539437e-05
8.46691448220123e-05
9.81992748157931e-05
0.00011466341520578429
5.230018071685486e-05
0.00028791806962674764
0.00019322637990937797
0.00013564007903052954
0.00018578172980390103
0.0001388356171426895
0.0001190842815569248
5.2109077967875454e-05
0.00013727645932760295
6.395731835252344e-05
0.00028865748765955965
0.00013692668280036112
0.00011577086915707476
7.474392841208977e-05
0.00012192896655362219
4.604725143948599e-05
0.00016547449464044545
0.00010410121754843365
8.344525690422765e-05
7.200460905964402e-05
0.00010280054339875341
9.060849775987445e-05
7.235423246885194e-05
0.00017135326618038439
8.543588268383394e-05
0.0002778584440334872
6.109144069508396e-05
0.00019422895630952927
8.38540090881929e-05
0.0001919114932376134
0.0001952692355771931
7.977864744782015e-05
6.997087789480649e-05
0.00010509051722090754
0.000272262372299637
0.0001431916678306591
0.00017659043988232532
4.239903256499941e-05
0.00011181863288157215
7.548492182245428e-05
0.00040915897380887286
9.992633105760573e-05
0.00016972581450062557
0.0006594186796263774
0.0004489684421655351
0.00012219774903465493
0.00016669342835726826
0.0001983204818620008
0.0003272315255952982
3.755016300012511e-05
9.573221238098437e-05
0.0002200903784816738
4.778308803338809e-05
0.00026404860456788085
4.348999181383836e-05
0.000366550350694151
0.0001672191729757292
0.00013962281016507432
0.00010141286311798398
0.00019144836141529877
0.00033428490682078693
0.00017644986160710203
7.695627862263211e-05
0.00015944184353796977
0.00031006923877590823
0.0001174837626805637
0.00010810098490308899
4.644231418058131e-05
0.00013337986573970381
9.130765664715423e-05
0.0001397035075576903
3.5356458471707876e-05
7.443028822440966e-05
6.93512048063189e-05
0.0001090614870739141
0.00045544103552981586
9.308769139550153e-05
0.0001516592390319916
0.00028309217595057397
7.84767915334158e-05
0.0004401134935093155
0.00019216010523411193
5.248847385262428e-05
0.0001343065939181119
7.007616064514158e-05
8.739361287683473e-05
2.4873291864227763e-05
6.764558587129903e-05
7.049747996180011e-05
0.00011580658031926956
0.0004406592851817973
0.00013664017325489052
5.731592507455774e-05
9.963929744125086e-05
6.501195298884258e-05
0.0002596636446957167
4.465353707312807e-05
0.00032938583154639117
6.7388625812694e-05
0.00028009849853224977
0.0003546283696644683
0.00020193525913144724
6.0665104131373896e-05
0.0001795249445609742
4.22265187350539e-05
0.0001302032480712578
3.38947236563645e-05
2.5870147960730915e-05
0.00034984896541004085
0.00018596707352608113
6.141909074724113e-05
2.973449532850821e-05
6.30883927441904e-05
0.00011444753576241204
8.826009045774553e-05
6.86355959333275e-05
0.00037328242965486996
3.259574984938661e-05
0.00012329641411860188
8.176448565128783e-05
3.939068936711591e-05
0.00021114246215550906
0.00014504351719725367
6.596541059903659e-05
0.0002936490046686074
2.802969534437238e-05
4.726963222653722e-05
0.0001649921790468357
0.00015536778408615113
3.4126871238038465e-05
9.803250716517424e-05
0.00020431199194214872
0.00020536679190597478
9.943485247859468e-05
4.181490667202544e-05
0.00017897650259118312
4.189617149320896e-05
4.9631305181504694e-05
0.00017969730253119092
9.358962756451399e-05
4.071066804368545e-05
0.00027774319769469904
4.611579372313154e-05
0.0001859027417695172
0.00014775138090253998
0.00020417751015470564
0.00029064605232410206
7.14027716444646e-05
0.00019253127107061457
4.3026837744319205e-05
8.621784624295716e-05
9.935177042113239e-05
0.0002434450123439353
7.716540228538737e-05
6.415110601136919e-05
0.0002260034014686841
0.00016690329299623061
1.8486679463701688e-05
5.629940835351559e-05
0.00022189575534908265
8.077300787412927e-05
3.51625639526103e-05
4.530973103016753e-05
9.924303566179455e-05
8.369409874677627e-05
0.0001473861453312895
7.149904570759477e-05
0.0003796686516837669
0.00011007048790981958
7.505457128276166e-05
7.221272102591408e-05
0.00014114461897397814
0.0001114555480877156
8.019839159430442e-05
0.00014098118612473301
0.00012518492900747866
4.529452370820109e-05
8.575456931116332e-05
8.326770977073206e-05
0.00010351037270178671
0.00040444716978864224
0.0001254997539248026
9.681923889865559e-05
0.00023858985188423846
2.7953260064836916e-05
9.076211631333086e-05
0.00016105275946037996
7.98055102229373e-05
9.826295682208164e-05
0.00010395204150436103
8.407519719053176e-05
0.0003114659725343148
8.770629365579656e-05
0.00010171314703952474
8.009852190516557e-05
0.0002814205485612549
0.00025578043176175736
5.131123788394842e-05
0.00012763492400284652
0.0001364087911614114
0.00035271938981696894
0.00011642159172201147
0.00010675373214950313
9.800813315910545e-05
5.849409248379679e-05
0.00046385161196623885
8.443323410891916e-05
0.00019259448929283274
0.0001669353238714959
0.00020795078059747957
5.13459452475468e-05
5.482413113311556e-05
5.6393146785769365e-05
0.00023924091069004396
8.489942005320897e-05
0.00011149201852542144
5.6484420156946544e-05
7.407005689244971e-05
0.00013541529952039054
7.289427308839297e-05
8.87414357660063e-05
6.732025731013926e-05
0.00017018592117306637
3.293514119024863e-05
0.00011367874890076235
8.693621264943195e-05
4.557427556040628e-05
0.00018782559897061673
7.020124300501574e-05
5.84331636386049e-05
3.445592831259575e-05
5.7632811996210606e-05
8.121119429394712e-05
8.490227404118529e-05
0.00039700845369190654
0.00024077347663248539
2.7609792627569034e-05
0.0001496516477518372
0.00018322280485721882
4.628488363441204e-05
2.9832963356124035e-05
0.0001607352592326667
9.81793697575347e-05
7.212648560606494e-05
6.895243912973496e-05
0.0001697128234620603
7.23378839411171e-05
6.082454320997448e-05
6.84151304857341e-05
0.00010812551740493263
4.598700084738832e-05
0.00010198165102116749
2.7147493741420293e-05
0.0003646362989026024
0.00014332421035677896
0.0001756553878008533
0.00014334200401232034
3.162356026038985e-05
0.00016458016494249022
0.00017585496970513891
7.359271171176386e-05
0.00010416203218247996
3.6813506344594394e-05
6.31776798632905e-05
0.00012608965673717388
5.531144020148919e-05
0.0001658965077309821
0.0006076776066310191
5.8599951387839386e-05
0.00012156808362791778
0.00010566547549513784
0.00015592038938515212
5.398834040973001e-05
4.383758735020098e-05
5.44681765446117e-05
0.000751678113108068
9.60261371063041e-05
6.259137029944196e-05
0.00013102577755510285
0.0001394381722442165
0.00012252862172472913
4.562740743108124e-05
0.00019411033628554387
8.845422470816904e-05
0.00011009662009890992
0.00020879771043081022
0.00026821257856572564
0.0001054757896378817
6.302920135698506e-05
0.00023614199151618943
9.400806868279693e-05
9.721129762955119e-05
0.00015741137140288277
0.00011077259552075463
5.841353110055106e-05
3.946459781220572e-05
0.00019110620542868133
9.561096626935945e-05
9.104698285343974e-05
0.00040815543183029407
0.0004045527792807262
4.093802530075529e-05
9.140139526309501e-05
0.0003234068080038415
0.00011894341619564878
0.00018908778041851941
3.679234175357963e-05
9.364427642096848e-05
8.641035822124403e-05
4.33424043079167e-05
8.667268244831317e-05
0.00010488072682797298
0.00017753434602321675
0.00012205518994784171
8.483726253385306e-05
0.00024444329566190024
6.623084037805438e-05
2.4838063941334505e-05
5.232420317628804e-05
0.00021043505447588832
6.635574584547262e-05
6.468738382771031e-05
0.00017447978263612435
4.1796002386244615e-05
0.0001508573108849594
6.952888817048257e-05
0.00010338714108656319
5.1311138507646254e-05
0.000134234276872206
2.6462786944138724e-05
0.00029811257889554755
0.00012391991503545786
0.0002467674477530611
2.8441125509341073e-05
2.400675092967113e-05
0.0002376428287545524
4.4595848778543275e-05
9.580647997785413e-05
7.514428039827522e-05
0.000237432576464573
9.30390563196948e-05
0.00010948127421053838
5.4186525701863306e-05
9.993065343919221e-05
0.00012496641709363557
0.00016375465331812855
5.4697940362991836e-05
8.557488283125511e-05
0.0001720813762485353
9.208339009595727e-05
0.00011495061391438388
0.00013650008857752716
0.00010686332152817355
0.00040631572865147003
0.0001769658726131983
0.00022930584286393619
0.0001515496621985809
9.698418972314821e-05
0.0002040584328498091
0.00017701293162833336
5.858569739815204e-05
9.41141541238864e-05
0.0007034032435845406
7.949607661638514e-05
7.927786762361043e-05
0.00018193875226663414
0.0005764194344738897
3.60889906356845e-05
0.0001845438595842807
4.306255881640046e-05
0.0002521744381483198
0.0001636108900629269
6.095416650167571e-05
0.00013092973521492592
0.00014881742870136188
4.5516094786931955e-05
8.745464329809648e-05
5.796901550632449e-05
7.159867798105827e-05
0.0001076655641867336
0.0002581324853081247
0.00030949176419478586
0.00014533411201862444
3.597895856790018e-05
0.00010119847800998705
4.040669956524653e-05
3.0176494166920865e-05
5.881299717062709e-05
4.309097562185598e-05
0.00011856689052370696
3.308579872962058e-05
0.00016197459864151465
9.976211047369163e-05
0.00035542353885958163
0.00010864430503223059
6.96378567991194e-05
0.00011899574742707217
6.033254549922254e-05
8.845440477520977e-05
9.23012939849083e-05
6.758012214700079e-05
6.739602407869556e-05
0.00010177808820335242
5.4504348432579933e-05
0.00019471154505892036
0.00013848195457692
8.437038716435284e-05
5.2849479687485535e-05
8.371951656127345e-05
0.00013755237097249557
0.00018227581370789216
9.96405487538806e-05
0.00014753610758326828
6.402676461636943e-05
0.0006020628987060162
7.499249689569984e-05
9.88949418683569e-05
5.545929231957563e-05
6.754294029332172e-05
9.775358165508908e-05
4.888713947289846e-05
0.00010925488830957581
5.288851608614161e-05
0.00010323993228627466
0.0001337728954952231
9.854603418230549e-05
0.0002639880580647133
8.26655401984029e-05
0.00014001564825510954
7.937032350161125e-05
2.9857965191088026e-05
0.00011964259559530946
0.0001438863808654965
4.0756216052394224e-05
8.509116953939742e-05
0.00016068299624936178
0.000296137875105096
0.0001318420966483866
4.120204506436262e-05
2.2286619497570514e-05
4.064998957079009e-05
0.00021162854121933863
0.00011948797281581039
6.782214036115548e-05
0.00013553568357888604
5.7149342493319165e-05
9.188748299924894e-05
0.00018572258092486033
7.916166797545717e-05
2.8805230565711386e-05
4.343783468991782e-05
8.361539736912294e-05
0.00012993907350940725
0.0003278664329371708
8.487281365339233e-05
3.9097321935670656e-05
0.000184922015164379
0.00013643113575125158
0.0001589888636035722
0.00015514994032408283
0.00016346468084711222
0.0001097621718835249
7.022824982197079e-05
0.00010981933906866608
0.00012517357475082976
0.00012879082643177655
0.00016032121921195493
0.0003930446779899535
8.114907657132223e-05
4.1298769175189304e-05
6.587866219409694e-05
8.880146813935866e-05
0.00014199451880503387
6.507646350930071e-05
4.110408217711336e-05
8.234497108565755e-05
0.0001964710752490165
5.9432271848753235e-05
4.724100722248852e-05
8.45532764356715e-05
0.00010177654174210793
0.00012317592721844823
0.00040910723904306277
0.00012723616956353539
6.645435503779717e-05
5.1416704318466746e-05
3.654848099302727e-05
3.4201893071351355e-05
0.00012937421036467628
0.00014629310359690737
2.5753259305770584e-05
0.00031195815880980725
0.0003632686527655645
0.0002750614937196859
0.00011050740494351293
7.91439435807255e-05
0.00018224331347532763
4.523571168690299e-05
0.0001880294257997904
0.00010275172775818433
0.00013969791181561895
7.594701484751564e-05
5.250992510483786e-05
0.0003435406358315145
8.567400025641646e-05
0.00015164627548925038
0.00017869037427806445
0.000196827376962173
0.00016105112749714378
2.6944627711956498e-05
0.00020600536487138096
4.3294590685214746e-05
7.087024375817249e-05
0.00018022818881312046
3.591735272112325e-05
0.0005068631112275848
0.00022532836134932086
0.00013876381564343888
8.619092054693775e-05
5.069850216934532e-05
0.0002721367891154323
7.757557685205953e-05
2.9717681249696578e-05
0.00023032025553669936
3.332078301923392e-05
0.00024471548801148957
0.0002973646960973125
0.00018893395103154403
3.943816959087522e-05
0.0002608876366782441
6.227262575013932e-05
7.183721221744802e-05
8.69336870371904e-05
0.00010283115664207436
0.00015052908159821727
7.957515925399036e-05
5.459630876772075e-05
0.00023750369400292698
0.0001741418793438934
0.00014250311326629883
0.0001056776709077613
0.0003416981945871964
8.42726934070208e-05
5.939596040936493e-05
7.306390014351054e-05
9.105749096573071e-05
0.00026781181466182705
6.574842441741082e-05
2.888184683060744e-05
0.00010064414213281766
0.00014859091831717828
6.39402605107694e-05
6.993688078405804e-05
0.0002346597555136189
0.00010819678851689851
7.655280652219058e-05
0.0002698130155925901
0.0003508108892792648
7.685755703669184e-05
0.0002067001794075261
8.010008667075816e-05
6.967250630470596e-05
3.567764052094922e-05
4.2331789101627105e-05
0.00014019528444772527
0.00026660840465996953
8.777126190497425e-05
5.4040739011360364e-05
6.808932710235015e-05
4.2584727464634813e-05
6.543672364479555e-05
7.507808405926586e-05
0.00016285569078981651
0.00011469944541489673
3.538069224999695e-05
6.441629322270644e-05
0.00012752840465076037
0.0003035224734753804
0.00011067636401252589
5.5589733998422507e-05
0.00022142691906636478
0.00017418147880050497
0.00014362961866512154
3.70555939495308e-05
0.0003882660256236799
0.00016183908453008906
0.0003368601644595733
0.00017012690228617575
5.97051067782323e-05
7.651746905280688e-05
0.0001222278662876726
6.776242256898361e-05
4.713538518782147e-05
0.0006712352826648169
4.548692352021238e-05
6.21757761220186e-05
0.0001509754511727661
8.403980736220095e-05
0.0005407302392944622
0.0002030653421212608
0.00021231163970540103
0.00010264027322813418
0.00018274603297405268
5.958212301107369e-05
0.00011694500060241105
7.356766733428544e-05
0.00010080452511516269
8.296536653394018e-05
9.262319929156915e-05
6.736371591388752e-05
0.00010793517376462357
0.00010609975902272845
0.00032364929023277696
3.1954731089241005e-05
0.00018829447778200117
0.00011999380154916782
0.00015997066876207323
9.00126890024917e-05
6.748999486797318e-05
3.363646129297429e-05
0.0004383289094857179
9.306070035031337e-05
8.617860664111623e-05
0.00013701350440030154
0.0002103869265762781
0.00016244652347006554
6.567917697467445e-05
0.00017746081505751326
0.00014851276209452326
2.445233597659387e-05
0.00020603804164093982
9.061193353027868e-05
0.00020439713402426634
7.984031482901629e-05
8.914694937321244e-05
0.00020402385218389074
0.0002854656898992931
9.486175568104527e-05
4.741934333119586e-05
2.9213264422712292e-05
0.0001028907543562447
5.69768639278364e-05
6.018869435665969e-05
6.7273574998664e-05
0.00011748675559408224
0.0001778554612991856
0.00012721680598167106
8.053928711143734e-05
5.855377218108911e-05
4.478279117287086e-05
7.10268465435271e-05
4.809812610174419e-05
0.00014381200899897818
0.00010692934263688961
5.028656140784615e-05
0.0002670991714515838
5.3973440914406785e-05
3.550084975647234e-05
0.000284848865313917
0.00017945274840458508
0.00016178979671988052
8.761178347304306e-05
0.00013765187005601665
3.9005203484263195e-05
3.196329069573072e-05
0.0001173662606701225
3.600099850931051e-05
7.103540490838627e-05
0.00013174684554429446
8.507482245413349e-05
0.00015011024541807024
0.00015155562023207687
0.00020574483237579608
6.175649063282894e-05
0.0001453617247509138
0.00022406248783504856
9.809843095193559e-05
0.00027525553193251845
4.667814102392558e-05
5.623734844146351e-05
0.00010085252129031541
9.966100354747432e-05
4.464556728563511e-05
5.089003264034408e-05
0.00014855311862317774
0.00033781265460792315
6.817442472776208e-05
8.201931187819662e-05
5.771471192331946e-05
5.2522114549915414e-05
0.00011792633996194776
6.740707174696025e-05
8.679091313140777e-05
9.583713198435621e-05
4.6330130327893814e-05
8.331825452248003e-05
6.460702442284818e-05
0.00014934717900070413
5.271463354774034e-05
3.552537739424116e-05
4.5287364654400536e-05
8.615713877950774e-05
8.54712838967186e-05
3.1050174958349785e-05
4.045950070422288e-05
0.0001922573609160257
2.6734158034089906e-05
0.00023767080532341458
0.00016261785039894507
4.479141483902097e-05
0.0001340117497773578
0.00024340308175648337
4.661934340869502e-05
0.00029618454581369704
8.124282361083327e-05
4.405099704662746e-05
5.533074720491948e-05
4.947556415479956e-05
0.0001494715585413414
0.0002723465991388004
4.0253895827339056e-05
6.662717824185414e-05
3.589086480977506e-05
0.0001011646578551649
0.00010627854585661028
9.135963898290404e-05
4.1469683365678645e-05
4.4376380881524186e-05
0.00013759079473830478
0.00020835541519569637
2.4778662694416878e-05
4.493189208991583e-05
0.00010751177678048113
3.4326235364067296e-05
0.00024243180835621143
0.00014269247432563623
4.0560396711366534e-05
6.785969359397246e-05
3.706173870017995e-05
5.144368083176068e-05
9.365956763256825e-05
0.00013820392409858782
3.721796476579907e-05
0.00016118720505223179
0.00010646781793802827
9.329779555520336e-05
6.865603153661983e-05
0.00017315566072247318
2.98547172973844e-05
7.895813426476066e-05
7.414076219528087e-05
7.737140611684324e-05
0.00010284206576867141
8.799601447526581e-05
4.6174560596758544e-05
0.00014926045312595418
4.410364514372852e-05
0.00014358727469825333
3.25851403854445e-05
4.011304045352711e-05
0.00016725379349880883
2.6506095055809917e-05
3.530489571058252e-05
3.649111293947765e-05
0.00022327630691936566
6.343310119627331e-05
7.59817412449197e-05
0.00011204769983130327
4.882203437569587e-05
6.811074591927806e-05
8.440556309356509e-05
0.00023894378137442646
0.00011016839064211862
1.954274417971135e-05
6.63558128527953e-05
0.0001031742998423958
2.8004007078366442e-05
7.929621551051637e-05
0.00011659140705491439
7.292643511228359e-05
5.346913295282421e-05
0.00010057090565190973
7.721021245517818e-05
3.872179089289512e-05
6.697329332034335e-05
7.769244048378981e-05
7.321886966513151e-05
0.0004156052475821456
9.368217198584487e-05
5.533995295933522e-05
8.739689347779467e-05
5.057813759547403e-05
0.00018111617923382905
7.317217662881423e-05
6.261321278296123e-05
4.920378177953211e-05
0.00010386740211634627
4.138785597028258e-05
2.957438316467669e-05
0.00011079581837051377
8.701159470033687e-05
9.55692649010706e-05
5.2718684017428635e-05
5.454511517047948e-05
9.49490691181332e-05
0.00014928502188955213
5.189783825745924e-05
0.00017658506243976103
0.00027306064349080593
2.665715783485323e-05
5.314368173179364e-05
3.4405884532924716e-05
0.00013662480563668653
7.509686023493796e-05
0.00020563677325060215
4.0746165045711885e-05
0.00016009688662641853
2.5780202528930286e-05
0.00010751593708919815
0.00017569212391375623
0.0001355519088551686
0.0001847348827960576
4.2280444576263615e-05
3.9041439714153626e-05
0.00010414425662739385
3.786362184953119e-05
3.999377940291729e-05
8.47145108379164e-05
6.668487410150652e-05
8.41323683084906e-05
3.873150241427899e-05
9.152292874136109e-05
0.00015464712837117708
4.388862660204975e-05
4.479167192034274e-05
2.6955217698355123e-05
0.00020385740973321347
9.352488493982149e-05
0.00014865747182505798
4.2214444878795416e-05
8.779466752664386e-05
6.175049891880405e-05
0.00018354621335770548
4.342590650959266e-05
0.00014745926484339002
0.0002327462927689429
0.0001270565081994669
6.724710558125015e-05
3.187521140098853e-05
0.00014814904774613008
8.581560637755764e-05
0.00016185833176608132
0.00032288417205255635
0.00018975091865332182
5.07964221794186e-05
0.0002941035508062991
0.00013114161680606403
7.315947561074367e-05
0.00010375902687271208
0.0001078458122514429
4.503487135220275e-05
1.9253642488087198e-05
0.0001536794646173937
0.00023141665583356478
0.00016264875173949419
5.963840988848898e-05
4.715038304860592e-05
7.482517044632539e-05
8.687694880119692e-05
7.970336044738255e-05
3.4763015192809554e-05
0.00013320211650091535
7.124555791800647e-05
3.363986677260099e-05
8.432046322280989e-05
0.00011934019195480239
0.00013389429569913346
0.00011327870869726081
0.00012938177343410604
0.00010007020264027004
9.891868101872843e-05
0.00011321787178358011
3.133216837792354e-05
0.0001268612849813168
3.459873523811949e-05
8.82842820128033e-05
7.800365820255301e-05
9.555342409446716e-05
0.00011509587105537163
0.00018606435803144954
0.00012032000720304648
2.803977518924648e-05
9.620933709283074e-05
5.52921300817774e-05
0.00015196397052750767
5.3492002180042756e-05
0.0001744657006295347
7.240541482173792e-05
6.0479922578026996e-05
9.153501184014479e-05
5.0252520754723576e-05
0.00023145639243764564
9.113542088170854e-05
0.00018966179651554494
4.846672526712657e-05
4.568113394349421e-05
3.496709973962277e-05
9.965286220952506e-05
3.499039592458784e-05
0.000128215446834362
0.00011900378456728583
8.439419705558129e-05
9.325556858098483e-05
8.629526715095644e-05
5.239465839875612e-05
3.4103548296698214e-05
0.00020464716150790104
9.56316789133817e-05
0.00012872028236598915
6.629867701561542e-05
3.8241852113534344e-05
0.0001024700007132064
0.00013232201397438267
0.00010864979116303803
4.702126716187786e-05
6.932683489547752e-05
0.00013993543048421766
6.718835335124926e-05
7.253994031042354e-05
2.4379227878189146e-05
3.64604732054172e-05
4.9221771821355405e-05
0.00010249110615552308
0.00011282506838094441
5.4828138005406274e-05
0.00010360512843969731
0.00017531606001610478
0.00022042146354149932
7.033430662033925e-05
0.0001277834664041433
0.0001378413687848835
0.000122632854468323
0.00012805916818567773
0.0003996511157887459
8.219506173769825e-05
3.472826023229864e-05
4.623494923473242e-05
3.4583913890354734e-05
8.968412081286032e-05
2.9413058982202665e-05
9.547067588099105e-05
0.0001640411876955502
3.875762407082341e-05
3.638415761995972e-05
0.00011576854754964268
7.340192050585345e-05
5.273667714729115e-05
7.614007876798484e-05
9.439036734971878e-05
7.943138308158118e-05
5.83538493441781e-05
0.00012089357357319858
4.1140410925124415e-05
8.869842780721553e-05
6.784748291112984e-05
0.00010394496131014715
3.1101632697295094e-05
8.895712140639582e-05
4.831304895738849e-05
0.0001517852588321496
4.378099758831527e-05
0.00015278349632270245
9.420038065398334e-05
5.879330013329796e-05
4.207163412526542e-05
5.0705044604778614e-05
4.808146549195972e-05
0.0002788007541031868
9.113126323460927e-05
5.368511983351127e-05
0.00025478701308868034
7.837618355361771e-05
0.00011280030932172812
5.1508623427868535e-05
6.582649082501433e-05
0.00010017370317853907
0.00013870169618081186
0.00017495582158248813
0.000272378146234043
0.00010337566335074947
0.00017198633114050353
0.00025085017748615197
2.3286123947965763e-05
0.0002310220102641344
5.900056663575953e-05
5.1071743008870914e-05
4.3333231806403066e-05
0.00012971230572510366
5.4556519169761724e-05
2.8120624272901407e-05
0.00018155199500325103
0.00016344395036173897
3.4371302413738847e-05
0.00011424845414892254
0.00012318727420424758
0.00018389996382420129
8.839530616651237e-05
4.685152068645547e-05
8.338704681526726e-05
0.00017286424639861479
2.2700164552486244e-05
0.00010179631604608324
0.00011794784256917975
9.512079889078195e-05
2.686393703467675e-05
7.583672976323931e-05
8.227366986329658e-05
9.37243664183622e-05
5.672644667807337e-05
0.00017570461420478937
0.00027290931305334453
9.559728217618801e-05
3.511672620713207e-05
5.956200508622322e-05
3.1291724638692214e-05
0.0001256141435916831
2.511962418672878e-05
0.00016152893153815705
0.00010916452334947906
3.22666322077951e-05
6.779419911767189e-05
9.96774196776237e-05
0.00011899776903017953
0.0001028432301619547
4.3179520938055355e-05
0.00014797524280845423
3.5883359491122785e-05
0.00018411425874134297
3.540771766978745e-05
2.8449083796041447e-05
5.016702048386743e-05
6.067945219124334e-05
0.0001008912320574271
0.00017918680090186635
8.783341185517217e-05
0.00011302497896637694
0.00022367066184752536
4.460950965942948e-05
0.00010111411424689384
0.00015523253002433987
8.425928747934122e-05
2.650412461678878e-05
0.00022255823055773702
0.00016001797034982898
3.424535154735535e-05
0.00012969448124517055
2.707074116739498e-05
7.381974307045222e-05
0.00013354918544405107
2.9177906941339854e-05
6.037645018771956e-05
9.322157160250663e-05
4.5203296862429496e-05
9.812836721479238e-05
0.00011290140137487218
8.532123328600699e-05
9.598675888280104e-05
4.439096623904095e-05
4.5240537862293834e-05
0.00010904550955890304
0.00010273659391014485
0.00018978822655173745
3.7754373688912454e-05
4.1856286984126933e-05
0.00033979909550612444
4.760512027529622e-05
0.0002615998362995762
0.00012890498976551558
8.487919376242272e-05
0.0003072312224577405
3.807697649715153e-05
3.1774192804997205e-05
4.015091122647072e-05
5.937740549788414e-05
4.619742766211491e-05
5.567809844295633e-05
6.977655636578435e-05
8.72110062251062e-05
6.778926155422143e-05
0.00011307204936120756
7.507782894837594e-05
8.267733661130821e-05
3.667931304564196e-05
8.144166330352746e-05
7.851685930933791e-05
0.00022091180131743278
6.68712125976986e-05
6.245348331050112e-05
3.3047166931422045e-05
7.92649734179851e-05
4.311916803036038e-05
4.796680986068392e-05
3.990841187109976e-05
0.0001050589265281637
4.453028976791426e-05
0.0001270527706637767
8.193936961806054e-05
0.0005291753390016315
0.00010696288000582638
4.803177840129618e-05
7.386504235686744e-05
5.768517421183658e-05
2.940311255200721e-05
5.971517498147874e-05
0.0001515803784164105
6.345164113744947e-05
0.0001194510018781175
0.00010679227721654836
0.0001442346100177209
9.547324760102409e-05
8.501322141457787e-05
5.027843455221503e-05
6.94355843429438e-05
3.3979104306685225e-05
4.649701608379331e-05
4.200195214368538e-05
7.574351709171477e-05
5.361113710918033e-05
3.690904411703255e-05
4.477231537167696e-05
5.062363061079515e-05
0.00013477329423180616
0.0001311005929784437
0.00011129883025120626
6.877352627645194e-05
0.00010037373900639919
5.555420714129155e-05
5.6243494428903706e-05
0.00017239400346056832
5.597537710851646e-05
4.292335917216652e-05
7.482625279591032e-05
0.00011106797031532932
3.207886870435082e-05
0.00014935749095628905
7.666417796828541e-05
4.879017183893811e-05
0.00024019781595419073
0.00024983543281346715
5.4272225151013323e-05
0.00010496385239221533
0.00013642969253095506
7.913568457990177e-05
4.195613453619012e-05
1.9669116835452386e-05
4.4699691675885526e-05
9.822743080607897e-05
6.680029942149947e-05
9.923824393280871e-05
0.00011577439935003293
4.6431120277889736e-05
0.00011074670857863958
8.983198077451629e-05
5.20508943835665e-05
4.5065357595035603e-05
6.894900613833545e-05
3.870145320446598e-05
6.136623721163823e-05
0.00013115368891880122
3.2968129554675256e-05
5.826981586925832e-05
3.251263940367264e-05
6.963141561518905e-05
5.595634709828741e-05
3.1586620200577085e-05
4.0368590362943614e-05
6.657792644205832e-05
8.834444284029066e-05
4.1882134353801125e-05
4.548042982200411e-05
3.7666900462453484e-05
5.5754561312066484e-05
7.704713132425409e-05
7.335862999732953e-05
9.385263666124123e-05
7.532096210092378e-05
0.0001109203463406222
3.2048100724377124e-05
0.00022282662895309823
5.683298862283672e-05
6.087044796072379e-05
4.8208898753353034e-05
6.290949041844567e-05
2.0795558615054485e-05
0.00011693404020560239
6.138841043553578e-05
0.00012964581441900712
0.00012319046587096094
5.567747253301085e-05
0.00010075865502642939
0.00029726215044223025
5.089258614757283e-05
0.0001224711818763996
0.00012356578109521142
6.53921952548709e-05
9.601024625457605e-05
3.3052805037621514e-05
9.455542583176909e-05
0.00021005018187110732
7.830337565108486e-05
2.3647005793895707e-05
8.17216894395767e-05
2.4367368923731126e-05
8.30359013254749e-05
0.00014453194964751364
4.0539130639426685e-05
7.552233407468794e-05
4.5511128632632796e-05
9.457036055306917e-05
0.0001026687134383319
8.885362228004868e-05
6.168081211462772e-05
4.9535513255067746e-05
0.00014686179936931136
9.372344342618077e-05
2.664559020726332e-05
0.00014681983085531767
2.86096324844593e-05
4.8398585021279263e-05
5.124807669757061e-05
4.57466844804754e-05
6.465232297198426e-05
0.00017480041583113365
3.7775290187027975e-05
5.6528739840494415e-05
2.2819998209222697e-05
0.00011842926744411032
4.911801711203413e-05
7.998449817663551e-05
4.6477834006690426e-05
0.00013631071689062813
4.847433456267078e-05
4.546337925380031e-05
0.00014317272751658412
0.0001563120608571581
8.501647700173873e-05
0.00011132698251207255
5.21128566889345e-05
0.00011498843751265347
9.677249868688655e-05
7.460279150826735e-05
3.138769567800448e-05
0.00016839392175866833
7.710917892851977e-05
4.099578603080041e-05
6.427985573949215e-05
8.461907835895504e-05
3.6429396002656034e-05
5.296688811859775e-05
4.270370284852964e-05
4.355073429454528e-05
0.00011866441993811175
0.00019322463968287924
6.706658266643754e-05
0.00012284705395841219
3.632427038344833e-05
0.0001617049035908659
8.422397482644391e-05
2.271476004173455e-05
0.00014965395787549995
5.157729148791842e-05
4.938283950999081e-05
6.96910601891655e-05
0.00013742972096233668
8.440185257077794e-05
8.367536346830904e-05
4.665844121366678e-05
0.00012775726351220234
9.475126029673927e-05
9.267781839626769e-05
4.593360406924033e-05
2.5160304838637863e-05
9.284009482883126e-05
0.0001370215215335689
8.661151941042563e-05
0.00012968708871797944
5.1943900074778626e-05
5.766332811127484e-05
0.00014497207444363506
5.003939729156006e-05
3.6170185174469374e-05
5.138230788308887e-05
3.7257895987098574e-05
9.005419549615316e-05
9.76941303093013e-05
8.01386484942689e-05
7.496544430380329e-05
7.340550925674931e-05
6.1021541491526827e-05
0.00015484621987862492
0.00025044541681118156
3.8433885705652256e-05
0.00015999470642612086
5.2247147906595496e-05
7.466992759668497e-05
6.841992176389603e-05
3.0094295978530944e-05
9.762041857783601e-05
3.984983311091709e-05
0.00015454054163824296
8.93019733143272e-05
2.430507020584944e-05
5.2011351572495834e-05
0.00020122295465977805
0.00016212383953312034
0.0002809430007728665
9.598359020377204e-05
6.0526223456908104e-05
9.244497272697695e-05
2.579834171399024e-05
4.510988302082818e-05
0.00026055972589869575
0.00010438263203320986
0.0001650215356077138
1.729112835994493e-05
6.138612993448015e-05
0.00012624960604674265
9.043776437555671e-05
0.00011176553679498692
6.989836342446722e-05
6.074615275081926e-05
0.00014943881028691827
0.00010167224481600978
6.44743080121007e-05
4.73481853966108e-05
4.9098229853845657e-05
0.00012800617948720476
6.319866405162493e-05
5.7204111981478537e-05
3.455684458761699e-05