0.07377717288904208
0.01320470272857422
0.081813947922523
0.037793961255205344
0.08100324728541855
0.03837985091223413
0.04832297009382162
0.006555958859251363
0.07865286779971678
0.047165857586193266
0.06876582700164015
0.02999868216788676
0.0218959547895329
0.042360756974877005
0.005871323639216589
0.009987668684173738
0.02197379210460515
0.012458708092873038
0.014459538461387018
0.022655098331948415
0.012293519925548842
0.005191616479390243
0.009674528163266026
0.00565291117379694
0.02355917934378011
0.014139815931991281
0.023727419734178513
0.014100965109910308
0.01489806266225856
0.015534067064202062
0.007844906991008633
0.0030220585135148624
0.004619623898986639
0.011299022272479685
0.003798642870680112
0.01495978646404107
0.016958154778333116
0.0006853913711420039
0.005973972233128285
0.00492345085233636
0.010690284937360446
0.013392633735323296
0.007289194540850124
0.005260807239532616
0.003167722774525102
0.004779502775851937
0.0029004109827407277
0.010577430922558478
0.003181506308483412
0.005867436351224529
0.019256749384234457
0.011781593955632262
0.004417530263409459
0.004667797738168939
0.002285794685600613
0.0052571930363138255
0.01392523821517217
0.00544168385991752
0.0010476384633741397
0.01177077843784807
0.0049187355412197925
0.004679600225630375
0.0019367425363832503
0.0012879235257873534
0.0015397713836767342
0.00686024687240567
0.0023750772300923546
0.005170516083525755
0.004505415106449775
0.000553890618479215
0.0029636182354457687
0.002302424857812787
0.009364957538868502
0.0014156187292680227
0.005300135809118788
0.006591659822677162
0.0011567127276717755
0.0023596823456716923
0.007062051172035201
0.0035109277160710853
0.0008748226114107092
0.004972366257544083
0.0026223774994506783
0.0038527513162890364
0.007087266265248218
0.00024069860033532997
0.0026587538281720134
0.002588931093573285
0.0036124972834086426
0.004878284278642176
0.0003266607818696516
0.004347614349015981
0.0010448892650355486
0.001938924969387215
0.006490929573550401
0.002259307732964501
0.005339701520568232
0.004265170064904242
0.00439658131705053
0.004800627041115487
0.005186881661935574
0.0018788019357460898
0.002873417088589194
0.000999748764116405
0.0021406590728417344
0.006961909872994269
0.005236253836344773
0.005199851882568213
0.0030539145236344457
0.0015439057119572613
0.0018548595493278386
0.0022325085377396907
0.005281908585364381
0.0029897476379904296
0.002052890874117631
0.008876451437448462
0.0008106347218691293
0.0036660100443322123
0.0064591723633659025
0.0005640159723604356
0.0037280855749290986
0.002930279307719054
0.0007612817818191029
0.0009970756152731194
0.0029091374774496298
0.001082068405324106
0.003053735716420786
0.0042132426363590825
0.003516549746371351
0.006209490245168789
0.001075915627832151
0.0007151879399211152
0.002263057556164196
0.002147821943608824
0.0028444358003468988
0.001971104950618132
0.0026602277815504956
0.0021343553425232434
0.006099755418113873
0.00825808060492234
0.0014466618008343367
0.007841732959589254
0.0062833281519214385
0.0022701388384612697
0.004227166127822279
0.0010996356929205244
0.0021967948888575364
0.004814653781738236
0.0022588466658644084
0.002199126470942386
0.0007772717492360257
0.0007612759623115511
0.0005138755882351019
0.0008292672669554307
0.001793853599237666
0.0020380092852470963
0.004314103293054717
0.004603663258278578
0.001187509307389137
0.0017379460912164291
0.0028464078381353246
0.003620655317511325
0.002377551740724581
0.0031161209008864358
0.002139976118850896
0.0012368257970301864
0.0012740801396871621
0.005662439050632645
0.007626591743904349
0.0035508565252729963
0.0023426845051038882
0.0023644998894982805
0.0035826631407054593
0.006764115974225356
0.0011791876608638688
0.0019485342987464814
0.0004941629572731008
0.0012694019755241396
0.0013949994161493342
0.003795369375872948
0.0013576367898095936
0.005987991059506426
0.0021281488575242
0.0011940496518616187
0.0025646694918222504
0.000375151015945292
0.0012634055005633525
0.0021337598835679873
0.0007885422010583051
0.0013623324055891887
0.0013201949617294552
0.00022041858101995408
0.002804373706780135
0.002198720590562192
0.002002380860621456
0.0001909323879429639
0.0013671370448735374
0.0023493809941055226
0.00046383841370056355
0.0020354227577314317
0.001403702721139728
0.00029182401298823586
0.0011630630943876667
0.0029413762811071648
0.0016821067892615817
0.0033369078657084356
0.003887047265556675
0.00159905024020651
0.0021564640864127483
0.0004222085250906523
0.0003761540389230246
0.001011814861198705
0.001237254775289261
0.0020905162218391475
0.0021307054592029115
0.0023073087273825467
0.0047515946168620775
0.002109050391009484
0.0016161985755710122
0.0012320795633425502
0.007634552003167568
0.002736955735667389
0.00187944049043819
0.0019844208614578935
0.0032137431152582116
0.0011585519382575553
0.0016173876446445112
0.0015585606608166736
0.002010856002524963
0.0012744589542502869
0.0007454687394457692
0.0013606911364950262
0.00101628884496792
0.0009788175776402864
0.0028239611498193044
0.0012086830067497172
0.001992537758697642
0.0012643191578702547
0.0006186316325325861
0.0009457243305623721
0.0005677648498032198
0.0019661295795517487
0.0022060427993491265
0.0005024311939227151
0.001496797908606819
0.0001251029272010478
0.0006329764428018861
0.001319551393486101
0.00035822314466308974
0.00021846006543897473
0.000950501673015313
0.0008796542992852544
0.0030894604426927852
0.0012463296086285924
0.0033216744572965033
0.0008312814103223776
0.002844372925069524
0.000769326775899275
0.0013690770166985722
0.0028332900355861747
0.001142832146810021
0.0007816952620671646
0.0016390757127766682
0.0032850587247811184
0.0016621703999115587
0.0008315945887494796
0.0003958702062149804
0.0022665577745963387
0.0007023161904596508
0.001513756554931881
0.000607338679241773
0.0007749226447972367
0.0016936349188272943
0.0027162570447817865
0.0013590030259328942
0.0016347402946342222
0.0013640566163687746
0.0014120185209116184
0.0002977442845214477
0.0005369231059252505
0.00031977835570259666
0.001443335816593093
0.0008085555874108392
0.0025727737159890263
0.0017851010944884209
0.0006156360071131601
0.001432142584124788
0.00019507344443495846
0.0031995053663192515
0.0004866821643643263
0.0013033351187055771
0.0020782727804280164
0.0004348575749034526
0.0015590546493472939
0.0014886322191250989
0.0001461955858745988
0.0007766252616562683
0.002401807209784299
0.0016677674120633916
0.0008047539291346767
0.0006215532299697883
0.0015455209385056895
0.0005867476031592635
0.001193839226362314
0.0018550474795709356
0.001217420454982993
0.0006939736381419186
0.000752299383770285
0.0022204260566589264
0.0009346227805541341
0.00022459200566432352
0.0018253822037690864
0.0003535047035017964
0.0007467641036820908
0.0006965659898533604
0.0010412973133198298
0.001585444189015283
0.0012555919467636188
0.0013193137612438294
0.00022308715687754333
0.00031195413749234046
0.0032760471899244614
0.0009373571471388192
0.001530400092117395
0.0009593925062480582
0.0013206808335941911
0.0024846211390503184
0.001061904636340263
0.0010276124202024826
0.0036105752656398838
0.0005198107815895012
0.0011875991204682431
0.00014060010975622698
0.0009981202924342597
0.0009335999818350825
0.00020376769107054767
0.0025161224981543016
0.0005997492707563523
0.0008614436234741618
0.0002929689882136157
0.00027059405661648334
0.0004767256486435716
0.0009186891236118205
0.0009648500253303449
0.0009001822361685507
0.0005225859146605457
0.00024907051715394423
0.000475046299477275
0.0011803014848459734
0.0004552355790530301
0.00026848826928446484
0.0003118960846821346
0.0006027236839672201
0.0007938804399278952
0.0011583323741745587
0.0018353124912927866
0.0013147222525504163
0.000635278693811955
0.0012954419801666961
0.0015383049047280391
0.00020241895972730004
0.000816755021413757
0.00017212243267243141
0.00036929969120554697
0.0002795125170561133
0.00045412627853277574
0.000745869072542644
0.00044670802807224443
0.0012443638694208908
0.0008279101332173238
0.001702331820723836
0.00040235331451069693
0.0019263137217872556
0.0010611513413341714
0.0017083269520487311
0.0004198655072503372
0.001761229425695079
0.0006020828189881083
0.0012799875966998814
0.0013817876864098899
0.002462807378787467
0.00021622810507893774
0.001993696295660396
0.0007791059704280951
0.00048315848688304356
0.00044613219825017476
0.0003814180677682284
0.00178234584779266
0.000692463245096629
0.0003185744506495546
0.0004957151335168078
0.0008012193971624861
0.000350892243565313
0.0006870244603597669
0.001958711647254156
0.002729053842020616
0.0017189978433829274
0.0010312164654855687
0.0004199207124438472
0.0017109556481263977
0.0011053772742486204
0.0012005436429946437
0.000255787277176021
0.00015268051746399113
0.0014868324254253182
0.0013886724011083623
0.00026506106919502566
0.0006415239534025347
0.0006762325245844618
0.0005082498524991553
0.0008204607693675156
0.0014788791610544389
0.0009176146262108378
0.0006677431316491796
0.00021220142266584974
0.0002703503437194168
0.00043938643866176376
0.0003942641016720867
0.0007848509262732212
0.0011961094704940447
0.0006484541790572701
0.0006305504052947912
0.0006417334182691347
0.00045237066297093104
0.0013084125824696236
0.0006392785235481903
0.000149741868452832
0.0006734024002104291
0.0010780007442092656
0.0011013508730851095
0.0016766433033894533
0.0027676095613812274
0.00031811808196792994
0.002420105037084081
0.0004497562428081597
0.0011148124342134573
0.0006575180198138327
0.00040765453180649974
0.0003932434407471973
0.0024375721624483966
0.00013983786041946565
0.0007376582197325562
0.000867804433901823
0.0013297919193076156
0.0002569737580174322
0.0018153031565613998
0.0013121184316260783
7.2270167564044e-05
0.000705580080836874
0.0016681431495699666
0.0012967039702986723
0.0017075029392511403
0.0018845110815409437
0.00043861527025569933
0.00012585960105396523
0.0008807797039185401
0.0014403307986678464
0.0003962860754312572
0.0003940863363618964
0.002428667151554529
0.0022469940073878668
0.0006960027826132566
0.0005509860482559017
0.00024203136615705246
0.0017823525862664426
0.0011490367717456064
0.0006565604742348019
0.0009726788654600512
0.00033132189746476985
0.0018309709826424337
0.001764070462629879
0.000311112337731418
0.00042307503330446804
0.0011786165946149265
0.0015641752897187528
0.0002147736034763478
0.00037329055737082747
0.003085113123957802
0.00035970988777046255
0.0008946368890281765
0.0007510480698146124
0.00045184086551210205
0.0004752957908929119
0.0003772770035972915
0.0004748667705855242
0.000653477298179237
0.00027759244270611315
0.00028029572105237196
0.0001663157244459162
0.0004601785908724543
0.0002861323121889344
0.0006405408658936278
0.0007613402196188709
0.0005260564769987821
0.0035924671977481107
0.0001596126783948584
0.00024701899595160884
0.0002528623311264241
0.001149528167882452
0.0005378263639942985
0.0006605908956947607
0.00032661678328143256
0.0006025623281065574
0.0014897605969427397
0.00037277714985065865
0.0018912372579079375
0.001240517246293037
0.0013478161402572732
0.0007855588246291068
0.0005003379928990935
0.00028108138316704836
0.0006257194498060831
0.0011847223985139656
0.0017302406022873527
0.00023051495276573487
0.0010090275233892196
0.0005196194303369911
0.0004533621703446693
0.0004199296591728084
0.00021955217971061849
0.0010296625294630875
0.0007256737467574542
0.0016063360627215414
0.00031257702469701627
0.00023818208658122708
0.0007612610445550911
0.0002735199324290005
0.0004910932699502842
0.001047125417564992
0.0009679933112695424
0.0008790608887519035
0.0013998356422236017
0.001266704714573651
0.00012428273274103243
0.00044840041319168047
0.0007595338374560223
0.00011141337189088458
0.00047512244447727
0.00036413222000736533
0.000595449220688007
0.00038444842108234696
0.0003069465671786308
0.0018896395793272641
0.000579007008806094
0.001037032625164208
0.0012397993128947797
0.00037309133448207597
0.0015035984999506617
0.0006713083508479988
0.0011912071036147562
0.0005216982835435015
0.0003156807907525029
0.0013294370132080474
0.0006074814903685513
0.00010500188368046084
0.00043980730090325984
0.0007514839467206017
0.0008022103182838198
0.0008425738805458302
0.0009240015463340796
9.890340243303702e-05
0.00021972458771899942
0.0016885073524887824
0.0003250926145668348
0.00251594316826491
0.00037944014259173035
0.0009523849831011185
0.000539745550105874
0.0002861597456687445
0.0005104932876386916
0.0017712324805746829
0.000414770666201369
0.0006255910151658353
0.0001468738958762603
0.0020066634995064224
0.0010377489444983368
0.0012977704511370955
0.0011990822057897635
0.0006984801420503094
0.0012763008210052403
0.0010170976867036657
0.00037913344347075125
0.002383325362305457
0.000123449570109696
0.000686041829121166
0.0005966002780350145
0.00032243265690879244
8.572522956168716e-05
0.0003771564758718038
0.0003237830547257125
0.0016433142481425
0.0004150093626545119
0.000257494541782679
0.0008823959898269229
0.000770808570856944
0.00038745287077069973
0.0021109450651019333
7.097776104520158e-05
0.0006552959308315661
0.0007006570660980676
0.0006717922767468895
0.00030680159001651047
0.0003620649976865026
0.00156200548723018
0.0006881968624661151
0.0003736664387904606
0.0005875171798558457
0.0004984544397293259
0.0010221141151821422
0.0004042357869925172
0.0006534048723931818
0.000874330096385329
0.0014216075271246027
0.00030949726658202354
0.0006755168188083158
0.00027697196543787167
0.0003436875826814411
0.00024198000374468713
0.0004024320636196018
0.00020916368957082923
0.00021106411245836704
0.0010805790463564115
0.0005713866923877425
0.0006015048128239304
7.191887642356953e-05
0.0003797817086433897
0.002043594739049785
0.0003057359515383051
0.0004000572254308441
0.00042747577416539685
0.0006979301907813406
0.0005453713777282447
9.257139695290145e-05
7.998699158968303e-05
0.0005212118469742033
0.00010440102265380683
0.0002756855263922305
0.0007653557029473351
0.0010583661486120645
0.0004783232244125097
0.00016116629495553506
0.0009088901040292864
0.00014488251806513302
0.0008488179669909777
0.00033007818922442165
0.0005871254312442858
0.0017290325476506817
0.0005950390260971083
0.0009245730987413452
0.0005581238585634762
0.0003447989139758669
0.0009514287551588547
0.00018963172736172418
0.0016183032980283405
0.0025098922414807617
0.0012914551009652181
0.00026809236776382975
0.0014033404990886527
0.0005971815030916097
0.0006913852317636208
0.0025948633875384907
0.0003035302854985228
0.0007333295871096843
0.0001931996811707923
0.0002892963298140088
0.0023994226002563004
0.0005160620792387879
0.0002303148572592103
0.0009655351667142106
0.0009382532017911609
0.001006104959367213
0.0005793929562941996
0.00016757346343631348
6.04674906857554e-05
0.0003716419374311188
0.0004530502364047544
0.0008594635447224919
0.0004250269759319868
0.0003336731487899051
0.00010647494800149481
0.0006546465886016361
0.0003526185999963381
0.0005453345193676626
0.0009308331538197605
8.539864900178492e-05
0.0002683743939371375
0.001625116077706196
0.00028568867625165426
0.000303847309661686
0.0005761692531248163
0.00011374279380214496
0.0003123530423993771
0.00019516023556508276
0.000492832532166621
0.0002755772140922278
0.0012532666571919155
0.0010646065525766783
0.0001754594478799722
0.0004305314655362136
0.000826718558677708
0.0004166483426928658
0.0010010089194885195
0.0005529196118451343
0.0007974916620187745
0.0003162373616444145
0.0005680159583663317
0.00027640014549044234
0.00025848923817062486
0.0006546981584587436
0.00014264074119430434
0.0006884951495368413
0.0003743202631618517
0.001513827282020651
0.0001978213311364156
0.00015404699220495654
0.0003033457357803439
0.0004917714042425391
0.0001995571555702609
0.00014114974112280058
6.519705692914646e-05
0.00026587324383215626
0.0005631602663294945
0.00036246810499456644
0.00013097478646787646
0.00031236612039695473
0.0004928363139798733
0.00030556544129928747
0.0004883660892592425
0.0014839443568111675
0.0003941370435235833
0.0012316689656167875
0.0008027774065698561
0.00014240609203300457
0.0012247181052654286
0.0018660117244060019
9.413347715272011e-05
0.00015188727044141152
0.00010128983664127084
0.00025231343847148454
0.00025755769851781764
0.0008837038145725191
0.0004770065496510263
0.00019579462500320455
0.0006227126022268225
0.00042045800583837624
0.0004919177724264508
0.00012672849229484044
0.0005067784544239224
0.0003031093185001568
0.0013523987222985086
0.0008251966068427565
0.00019647344659606697
0.0007704943570272929
0.00013992345382692365
0.00040265864835076107
0.00016529133302794097
0.0008234148647525032
0.0004998328300464786
0.0017571596797504167
0.0007855732180164714
0.00023190426945646762
0.00024958982624607214
0.0006565608986168079
0.0006017936127722989
0.0008307755085106844
0.00013887675392594188
0.000634083593994653
0.0006610577801953089
0.00022145717836277422
0.00033650828996375343
0.0002452985299386185
0.0005210278465289257
0.000246918255185746
0.0002813965111447662
0.00011189533331577456
0.0007734514685952754
0.0021848252938535513
0.0004025104287044403
0.00030882550210271594
9.703317469101009e-05
0.0008917527310179303
0.0001440795444194885
0.0006924069373178856
8.752324622642623e-05
0.0012516041636633352
0.0003092908357541164
0.001775478082516867
0.0007272324305726914
0.0001017246881912404
0.0007007359464023524
0.0008705556101630659
0.00102506086646936
0.00044896790282834164
0.000724983262217643
0.0003123213031932465
0.000287958337833925
0.0005714749280591884
6.783812806276423e-05
0.00040993094289858443
0.0003467133736336621
0.0006466657215258423
0.00029593304017049796
0.00024828298625066247
0.0006214808136497899
0.00013568252231755358
0.000934177988167605
0.0013409190256603641
0.0006021076354943057
8.358628756663615e-05
0.00041020303650083414
0.0006369258929761756
0.00105613451007948
0.0006116978005834848
0.001851204928512572
0.00023365502345917412
0.0004927401011057061
0.00030901715134077235
0.0003263971268148461
0.0014489688310373398
0.0002528203682397931
0.0004941619925903992
0.0005405762922761364
0.00015930103714554297
0.0008581035770876225
0.00038567274742398717
5.732768147774621e-05
0.0005830019510318256
0.0010791735101185113
0.00025428095939875007
0.000955075092550926
0.0007938789638162587
0.0004002944283516922
0.00028442497450739733
0.0003185072316743882
0.00020112915200073647
0.0004100000013985764
0.0010695942810857366
0.00024494938378245254
5.697230046399197e-05
0.0001900579094679453
0.00012220138508859188
0.00021060797437470613
0.0003334020897613045
0.0006249807690322383
0.00033089754821971656
0.0004137669098022035
0.0005369833633096114
0.0004172934891079479
0.00048415936930607597
0.00033533512600838355
0.0003375982951212024
0.0002668218580650709
0.0002591047891148556
0.00021607964910774473
0.0011302899848369423
0.0004857032739069698
0.00013832974517321745
8.120094874131145e-05
0.00018268994867018943
0.0008186127800941137
0.0015042356274844553
0.0004454910583327972
0.00015046146063652825
0.0001133360487832925
0.00019894023381670977
0.00027656374299182325
0.000968776012118479
0.00048479102554251953
0.0002290027542343697
0.00011224911947260813
0.00038963008651196173
8.504610648540654e-05
5.7581653364608737e-05
0.00032000504432890144
0.0006097286422514886
8.546216326152679e-05
0.00019691616105330974
0.0003387443065605551
0.0003424185635587294
0.00041905095629394076
0.00012536425674877216
0.00018256237265080967
0.0006945557326922903
0.0010435371745883305
5.611136580803963e-05
9.711420657351818e-05
0.00018530806008526803
0.00025106949117713497
0.0004730819173281282
8.133258856073862e-05
0.0005623423631490252
0.00023885322895898456
0.0008112105299778543
0.00032320348234503364
7.717543375396393e-05
0.000705691809630598
0.0003578645188326499
0.0003907446039717964
0.00024312539802405739
0.0007008531669606621
0.0003792159696186217
0.0007871793846125706
7.530694736351202e-05
0.0008512088243595408
0.00021203187206773403
0.0004190162342881399
0.0005324684028490178
0.0006938331615381663
0.0008205950600072386
0.0006434202120898843
0.0002037624865415259
0.0005323741615650022
0.0005738783999661526
0.00041987200098475677
0.00013504236078055998
0.00038401122466455114
0.0009699453939708597
0.00023798390817702532
0.00044185525068027385
0.0002415205260052335
0.0014981987815562358
0.00034099477894501673
0.00015036762010273405
0.00023770820946058968
0.0004002618564537986
0.00016199157561752286
0.00011564260458439514
0.0008771758284445836
0.0003352553468260211
0.00016245258267914682
0.0004654167499612386
0.0006852767085510172
0.0002626036803259845
0.00017361475666561606
0.000711784147994096
0.0009457894615181392
0.0005013191798229222
0.0001596925664118418
0.0006523344570983423
0.00016770431724360426
0.0003440604109916653
0.0003196254115226844
0.00047687935748119584
7.686769289903492e-05
0.0001682056278884458
0.00016512218046180798
0.0010576213315342954
0.00013278342708368738
0.00022825039960923195
0.00038642185465323503
0.00034443771915393644
0.0005513781289389013
0.0004291788792003152
0.0009841583010646805
0.00022178388959679618
0.0005367018764333631
0.00018624027461590305
8.178621047474938e-05
9.763660437331952e-05
0.00017770049595501727
0.0005077645660770959
0.00027689480730311587
0.00015728217167660958
0.0004710709263871919
0.00034303099917837234
0.0008100676392024125
0.00015154508992673267
0.00029950028446817895
0.0001558704861822448
0.000704324362487629
0.0005391712700331836
0.0002139497354039127
0.0009250380551546608
0.00019034300126165687
0.000310619123039064
0.0003393774125004238
0.0003135077730418579
0.00020987716520036836
0.0002479176614808138
0.00012565330123127924
0.00041468610327607014
0.0002163075514505984
0.000878266687034583
0.0005064536440491525
0.00021916665758345665
0.0001846818790003686
0.0002855363495432643
0.00024955249460823723
0.00040098544292327523
0.0001684633006609683
0.0003782725286096194
0.0004263205126212796
4.986267239975985e-05
0.00026660312482614375
0.00013026183944501622
0.00036335315226215174
0.0005316750188377549
6.917143329872225e-05
0.00010604540814787442
0.0006506655832519538
0.000416429556430759
0.00037058017910475476
0.0002487721222699323
0.000500167953489876
0.0003393609254919539
0.0004366127612417512
0.0001456956679939442
9.73523837315299e-05
0.00013805568509421263
0.0004899096577497345
6.219514568318596e-05
0.00023427523282951393
0.00020336936912970327
6.296998506616992e-05
0.0006355368668832437
0.0005013282233981806
0.00024716576261774986
0.0001727234569284625
0.000548737141156465
0.0005512485210812598
0.00022352763453102476
0.0004187703356565529
0.00013313641094771602
7.676028798886286e-05
0.0013317715914210118
0.00015954760065627928
0.00022820396433276838
0.0003216257574044574
0.0002988926903018936
0.0005582138836568354
0.00020690591805283664
0.00020321515054876727
0.0002118282523894129
0.0002979527924139092
0.0002350801396342701
0.0010682098789141841
0.0013516577089001407
0.0003041726999811944
0.0004659814562888307
5.6944020317842205e-05
0.00012719485524378485
0.0006226645231039942
0.00020464707771168956
0.00045287128489526816
0.0003219679804339634
0.0004520333535335769
0.0002671672927731544
0.00023581512660457768
0.0006980849549168795
0.00010030274803201308
0.0002274501483878852
0.00039150096915199594
5.4512642009174816e-05
0.0009589819395874543
0.0007803942031311999
0.001046086698042241
0.00026467578600552734
0.0002617422015170655
0.00038616700924726894
0.0004844763952644759
0.0006297547603033119
0.00015722179859876923
0.00021216251740208895
0.0007026349708685879
0.00029030481826994233
0.00032305857389028825
5.2772610400445327e-05
0.0002988912873949765
0.0007173134118640711
0.00023236985504671877
0.00020230256844470872
9.639097669147464e-05
0.0004681679532805829
0.00030709457488254337
0.0006269317231510144
0.0004086931017564621
0.0001289938727047514
0.00013583296562390723
0.0006683198844142889
0.00022499287403280816
0.00018468812997716092
0.00013205037458166369
9.176251642321381e-05
0.00024281586326034609
0.00017306109343924708
0.00035914628125759726
0.0004049017881955936
0.0003761569802209184
3.207299744990545e-05
0.0004258641396043228
5.8610983477608443e-05
0.00018059072280607932
0.00011030837307504051
5.814653052253088e-05
0.0004370900158150614
0.00023966060490264966
0.00021528215427655092
0.000613810790596775
0.00033046572580772653
0.00010300512881682654
6.96437199056111e-05
0.00011624409973814459
0.0001517587224013564
0.00030231856580894157
0.0008677752044849584
0.00041629655137410005
0.00011557474010992693
0.00023830826783750064
0.000418919482753044
7.047336710545198e-05
0.00019918484395552573
0.0001465261811796149
0.0008757123886754894
0.00011244349760547533
0.00016707392732838975
0.00015322245120316365
0.0005603794172165035
0.0002037529680061442
0.00025665941994977955
0.00011527227558379545
0.00029724641549823584
0.001091592942183805
0.00012135872471498647
0.00037191555337153214
0.0003868239688885296
0.00017002374526871935
0.0005148767353932744
0.00018090412956200946
7.363556722025293e-05
4.773696914767265e-05
0.0003241120178495366
0.0003220519183231124
6.554967961878149e-05
3.8895743494389264e-05
4.276427024117909e-05
0.0003109924963569682
0.00029641119058497847
0.00024176650418556187
0.0006872469678968866
0.00018260611063293826
0.00019022228827036874
0.00012302015982135363
0.00037349021083771673
0.0003758870611655467
0.0001495303953989488
0.00046906932084035815
0.00026104121225190447
0.00019193178984847322
0.0002734955902825925
0.0002703094399878749
0.0005391832899060212
0.00011993470408997627
7.087038997761151e-05
0.00038897531653494995
0.00012596893976701576
0.00014337245227256422
0.0007757785162753496
0.0004783957139424283
0.00023024232182440707
0.000139536755167508
0.0005991077504678869
0.0006992242069952374
8.289877330513997e-05
0.00022060641357602004
0.00014321688234961743
0.0007128746998943795
0.0007370325968319828
4.00054684028625e-05
0.0004009164468320843
0.0006069052318076105
0.00010304993757841953
4.826096678188764e-05
0.00031244833505590517
0.0002742028028308403
0.0003849984215094649
0.00016854220002474494
0.000335747799261715
0.00016955748108888938
0.0002469072958824898
6.758836548415563e-05
0.0006053773468704181
0.0003292870550135786
6.362472889053716e-05
0.0002390854660349545
0.00028494766489144254
0.0011887378763963032
0.00032052539691962813
0.00022968912437522807
0.0004973850035270933
0.0005333748035432016
0.00029649265120470895
0.0003021914609289447
0.00045708105066577894
0.0003815677958189807
8.161425946657767e-05
7.817460722346471e-05
0.00011328761276064285
0.0002589222854727355
0.00022442859643687454
0.0006855568158179292
0.0005541057033516417
9.491022065524879e-05
6.661212203797676e-05
0.0008567797651775414
0.00011506361936860204
3.4284811477202646e-05
0.0006666679808514482
0.0014092557645639535
0.00036654561855411436
7.637156450973439e-05
0.0004669152459813793
6.300297885133292e-05
0.00016233357922564083
0.00012584986423636287
0.0007733564758293012
0.0002669402193564502
0.0005825785466967642
0.000305974352559515
0.0007709483858464824
0.000536414437801084
0.0002149162403575906
0.00015695477144198576
8.748734868003501e-05
0.00037451247021684254
0.0008864463402204256
0.00010645180370795047
0.00040000184987585565
0.0001897103293164709
5.022986814977784e-05
0.00018913190544980223
0.00013224115226689192
9.632201982547078e-05
7.461864788908847e-05
0.0001961346395842326
4.7457123383874735e-05
0.0005283662644909257
8.973171795710375e-05
0.00040191610070810173
0.0003090099085246626
0.0004521305511005058
0.00012819055741033198
0.00017229579612177703
0.00012726948091673615
0.0006201339513790709
0.00024717830162856606
0.0005667225419278847
7.394821776048697e-05
0.00027869047982769944
0.0003625228462160481
0.0005940788508830797
3.6789724256655445e-05
0.0006593646088935863
0.00024116153523906787
0.0003010964484189165
0.00028786583424828276
0.00031433479748984574
0.0002317110970940792
6.239903932347652e-05
0.0001503259539887537
0.00030786033395551
0.00013989064699600085
0.00013239755206712511
0.00045151560973780705
0.00032466618854956315
0.00018517587531070411
8.496354188377377e-05
0.00013165324109334705
0.0005547205504959313
9.571323387247439e-05
0.0003512067594546391
0.00014232274628185135
0.0003795593159031152
6.387694526219391e-05
8.090354523197556e-05
3.834239697904634e-05
0.0003201596640225327
9.349135839986476e-05
0.00045453773042839813
9.530658902756087e-05
0.0002458994974179101
0.0001878034754787659
0.0007173928929074087
8.54467346321413e-05
0.0007759967885066589
0.0002313219724103633
0.0003650387268812272
6.132565999426386e-05
0.0006143332972345884
5.818377457842919e-05
0.0002839572597330841
0.00017570637767384858
0.0007791437590586465
0.0001301526392770497
0.00011107205587493375
0.0005470354087167899
0.00011978122156122509
0.0002611687841327211
0.0003328243278956972
0.0009150952913216332
5.9935348228479514e-05
9.46785642607248e-05
0.0004376570704988781
4.553606214817913e-05
0.0004009426199538265
0.0009120249626140214
0.00029417690157428576
0.0002233786707109484
0.00011567754794039828
0.00022229319310935187
0.0002708633213961378
0.00016626946202196537
0.00010023373072187895
0.00037558252958031386
0.0003539365191769755
0.00041490934722506595
0.00021166441387940538
0.00020864706792653536
0.0001658510934260564
0.0003141501459401948
6.647779376107108e-05
0.00010892858741959502
0.00015143420013557273
0.00045630564483385174
0.0004389687459104857
0.00011933462698677505
4.106497215296916e-05
0.0005325864509419312
0.0001608641394872256
0.00011221524739978681
0.00011129807593202462
0.0002611184828867251
0.00020899858806924958
0.0007407798812379629
0.00030018974309428464
7.616563114011596e-05
8.481996900269564e-05
0.0003048297231432203
8.701060784272187e-05
0.0001308649443443636
0.00027253874186387286
9.930753582694463e-05
0.0002948810415363937
0.00015620422420208445
0.0010240068553655584
9.684287096807405e-05
0.00012902508240990673
7.419641835158209e-05
8.640292025779024e-05
0.00011852036708634468
0.0003724302909642149
0.0001634592088479104
0.00013508255774941126
4.361887030190557e-05
6.690250370477895e-05
0.0003735464063277983
0.00014410442851229625
0.00015875789364380092
0.00032975633075499187
0.00013177077731402512
0.0001431048396055963
0.00034024976641905847
0.00039013013375328257
0.00045356629747897323
8.434059919196683e-05
0.00012201667154149955
0.0002965285880595387
0.000549260174291896
0.000145786530688011
0.0016354771969639623
0.00023912741465818805
0.00014164915780509734
0.00015216798292971425
0.00012113595559287891
0.0006306345179148406
6.499688615894566e-05
7.003740313568257e-05
7.40311468347642e-05
0.00012999337960582351
0.00013055740473093773
8.559158624613218e-05
0.0001254112543630436
9.953073101131465e-05
0.00011192056991665601
0.0003039680128541628
0.0001287158695686512
0.0007948116847179376
0.00031671991893108354
0.00012636501449269
0.0002209893563720174
0.0001107483239116708
0.00010927410679444443
6.053949651268694e-05
0.0003579827603237225
0.00026196103613804786
0.0006607213043117551
9.114381251464749e-05
0.00011564981742411046
7.741709883386168e-05
8.090527593815973e-05
0.00010477494304170673
8.304397742833595e-05
0.0001250893369889562
0.00021531320528022973
0.000511110459694714
0.0001483431919444965
0.00023648015424338674
0.00045551581521937923
0.00018009089112737135
0.0002680590227624552
0.0001563828956671563
0.00011770724602152108
0.000172859113205655
0.0002667794448365459
0.00010190966625462958
0.0003330589802356395
5.2730769476248715e-05
0.00010381970840963517
0.00042360592041344817
0.001009764765604463
6.487770434502575e-05
0.00030485635315637903
0.0003184689134205457
0.0005009030346239319
0.0003052916740096386
0.00016066393842787132
0.0002653646434956495
0.00029692924628422286
0.00030566559437234794
0.0004051946418167283
0.00015666831259274292
0.0002598245127067353
0.00029868201244125737
0.0001917989381207695
0.0003493124757796638
0.0001293625648472183
9.237006420527755e-05
0.0003594697050457813
0.0002895887052317883
2.309492685807439e-05
8.289630536009061e-05
0.00012603384175656726
0.0004020315389297151
0.0003523312641260739
0.00014496095292463443
0.00021786087588783118
0.00021151641397212017
0.0001367787518860639
0.00010443316204601443
8.993194922731789e-05
0.0003137078554009715
0.0005513199086075485
0.0003423330813521939
9.487936717834092e-05
4.805471814604253e-05
0.0003155499892132948
0.00010616387787412602
0.00015196377390350519
0.00038983748531233077
9.878478451178019e-05
0.00021398990812595664
0.00029139642612723975
0.0008453153786307342
0.0005829936411138322
0.0005226357055131775
0.00011803743699267093
0.0001602177776107781
0.000951025551522048
8.099635040089915e-05
0.00034988173463034204
8.999148406520185e-05
0.00029658869854818926
8.869052187855904e-05
8.997011813640427e-05
0.000311636197978871
0.00028760870115311334
0.0002985815499574214
6.055154569450419e-05
3.911735245311191e-05
8.5752769393908e-05
0.00019555014378561027
0.000288714916550982
4.672140769373473e-05
0.00012628673813505585
0.00022341776171730217
0.0002452348712285906
0.00011492519803845863
0.00021332816002173497
0.00020626055458458127
0.00019933160690865738
0.00029674235779443905
0.00028422163417590084
0.00018785137918126435
0.0001324637390541584
0.0010146809119484712
0.00022513277317520942
0.00019800944948790533
9.655721389254451e-05
0.0003623227157942488
7.571335654493985e-05
0.0005707674697218391
0.0002368290186277721
0.0002884080078399623
0.00021196109526330474
0.0001770653111464745
0.0009270826550401082
0.00014161251911621968
0.000274247777918993
0.00020746335865637594
0.00034181548122718194
0.00039609087356045264
0.00010343314811973921
8.979441822912085e-05
0.00020135189853663258
0.0005298323541542893
0.001043825001918887
0.00028803560923341016
0.00014148436391785122
0.00034545299056136644
0.00036553904976791755
0.00017646553150483428
0.0002021083143065685
8.565850865141553e-05
8.812375729980244e-05
8.675951922837536e-05
0.00020365087013855842
0.0001651432520457136
0.0003402182774564152
0.0003980051304923743
0.00024087321166179517
0.00013387501631958036
0.00017658519621039233
7.855515468088597e-05
0.00013848444717386266
0.00014963715080533972
6.925766016662994e-05
0.0001266298250922383
0.00015710358152334935
0.00028078076766481876
0.0004281668569381187
5.849749727310106e-05
0.00019525815142132198
6.333242550674107e-05
9.288698540164442e-05
0.0002365612090131526
0.00019383788095143052
0.00017667645814460853
0.0001810039817576765
0.0004955948438818299
0.00017550484521296436
7.450979297548421e-05
0.00017090777375660066
0.00018328654943752486
0.0001226658358110943
0.0003466554935572604
0.0007733935906910152
8.634776374259401e-05
0.001156973672255949
9.01736149849753e-05
0.0002838280911632398
0.0002075221894493375
0.0003705047792287169
0.00010738382646525101
8.113054115174415e-05
0.000153874490138883
0.0009188057457311802
0.0001332871401724767
0.000713705874815328
8.80184995472885e-05
0.0001102165867238569
6.945723159531515e-05
3.630526013388351e-05
5.439672676889343e-05
0.00015688867955045464
4.486907110953885e-05
0.00015345101387023494
0.0002034521864779093
8.654416588803222e-05
0.0003273263429642373
0.0005720550941280469
0.0001371857223390524
0.00019515109004297724
0.0004791775080795967
3.548026523835254e-05
0.0005525607108197757
0.00028444952723741425
0.00028357575373595293
0.0003589631399687261
0.0004906004617393369
0.00015134347501750408
0.00011522875952242172
0.000450701698235556
0.0002319519519060971
0.0003196301472254166
0.00027085911633750487
0.0006553348746619093
0.00020775351257673415
0.0003108182572390199
7.61591474892453e-05
0.00024883128836145627
0.00010565157276797841
0.001176489071849321
0.000496587791244376
0.0002780833595817576
0.00015689619269071355
0.0008151101641835766
0.00023452030139448679
0.00010183622363443105
0.0006721453498968054
0.0004141577535364692
0.00027238983956411706
0.00016843960328623503
0.00010799824526696047
0.00011013485116322616
0.0005987577349230773
0.00011536181967888715
0.00028172339492778313
0.00011946361492692788
0.00016278039384700922
0.00016201018198124122
0.00024045836479849735
0.00034997080920163366
0.00016307521874588514
0.0003301554105159784
0.00020021774415933364
4.16756835522538e-05
0.00014855445637416013
0.00017441937153158437
0.00036491714048455566
3.180898600261505e-05
0.00046798148685560457
0.000252954884221992
0.0001266125622109701
0.0003292336531975817
0.00033179712360625695
0.0002606735757456093
0.0003567232865573858
0.0003942611294053579
0.0006689183379616934
0.0002471048752694523
0.0005968755307480226
0.0005559626777647094
0.0001621205830026903
0.00024053927770084621
0.0007336271995252092
0.0002882556629516645
0.00022401251501238647
4.796602696993092e-05
0.0001923864902565088
8.305218528193138e-05
0.0001506427654804839
0.00016606484510769913
5.127672248174573e-05
0.00024412691969797424
0.00037017804584103494
0.00017888947269564513
9.093593672142075e-05
0.00014725922707697114
0.00023728124031679556
0.000481738577833498
0.00045860710553028745
0.00011950371810979908
8.960781629785787e-05
4.2805205372419294e-05
0.00011795201902429055
0.00029960991534988226
5.7222238639937884e-05
0.00027393630988708926
0.00022150816373594086
0.0007228262455385351
0.00010312689393336773
0.0005645273408368774
0.00020560728654105026
0.00010785188671227039
0.00013892658803098915
0.000359952587968516
7.393270330734935e-05
9.081767408480986e-05
0.00013748095066491982
0.0001327491099796482
0.00022407783348101117
7.98275771374864e-05
0.0003895615274867024
0.00027193189733198313
0.00043697952793994143
0.00014537284842383008
0.00014487405569846493
0.00016875186881736495
0.0006995234236212521
0.00022059638260223233
5.8359866519907106e-05
0.0005853052420139141
0.0004608483323890839
0.0003186096144422575
8.320850618371011e-05
0.0002969213049794904
0.0002073960641754265
0.00017318253250271558
0.00015736399755463562
8.965602063309968e-05
8.806828223063442e-05
0.0002638196432809133
0.00017875824523513545
0.00030311252291700545
0.00017075362990514594
0.00029964391518378584
4.63793265975701e-05
0.00014125124724364877
0.00013633188797804955
0.000303609399544438
5.809315383559441e-05
2.9364964302048533e-05
0.00026705534712304535
0.0003664075434426428
0.0001132976035700034
0.00035358834937637045
0.00024925032865362077
9.375260790442452e-05
0.00012426877214947386
0.00032418254381866486
5.525964556567366e-05
9.868034102878495e-05
0.00017876592044906083
0.0005716393301253497
0.0001935939049923647
0.00013126990701490686
0.00017461377088944457
0.0001747513523461976
0.00016918171805052314
0.00023150243616781714
0.0003545938361847302
3.405486903636794e-05
0.00010639148360024273
4.559803787501498e-05
4.968541444424568e-05
0.0001474376728992438
0.00022816740406073757
0.00021412444749873804
0.00017340213403915487
0.0002565555282742176
0.00015470159508029763
0.00015489703282723537
0.0002745527209723481
0.000315532861550613
4.974503943551361e-05
0.0003958761714113657
0.0001611602102927229
0.000274325433484295
0.00022411293595692153
0.00010223869626573735
4.908863442660792e-05
0.00033238295204222873
6.0631763273748434e-05
0.000149963203044767
0.00019118177130256675
0.0002824574930388691
0.00012860019957133245
0.00022948987110127535
5.150138986090394e-05
0.0004053670451108388
8.780653385161993e-05
0.00026056075065111056
0.00041462249919924657
0.0001130432692225305
8.662491468963655e-05
0.00030112515962690334
4.3716953479521364e-05
2.9493163084386216e-05
0.0002818343140223044
4.1765172657452663e-05
0.00021756281460633356
9.627037175579275e-05
0.00010274689505904761
0.0001846486415689009
0.00016695192592330294
0.00012368247556567575
6.402250191720237e-05
0.00010388521420789457
7.811983714142952e-05
0.00012843494657920897
0.00013312422470983118
0.0006094863617594274
0.00023870867360097705
0.0006212000086351781
3.91233844777072e-05
4.505403580149522e-05
2.7510713917880466e-05
0.00017759113356549533
0.00020668505122803057
0.0007573151664697698
0.00019001809927710625
0.00020013792944017112
0.00010276816625952689
0.00016054995889377337
0.0001469809437259687
0.00021008821582390143
7.710353204124455e-05
6.0501031076959774e-05
0.00011387116165168173
0.0005487130198617906
6.179156891060364e-05
0.00017085657542330074
0.00013077188538707243
0.00019914547094116114
5.672819238747034e-05
6.848461928085871e-05
4.033852213101167e-05
5.1700015876026096e-05
0.0001266870857176518
0.00013173414845750914
0.0002569345490706388
0.0004985262739068716
4.4275190917239644e-05
2.6850088960570158e-05
0.00017120243383508937
0.00030941676420426765
0.00014052045030170333
0.00015360386100219447
0.0005688454417218816
0.0001511173152975297
0.0004427106316742854
6.434620294120912e-05
9.351543200625624e-05
6.600536775575566e-05
4.972041027196063e-05
0.0003149013333948092
0.00040943549776300826
4.710928756539267e-05
8.623398927930803e-05
0.00013858383610079722
0.00019141253556469778
0.00010668146234513356
0.00038462076972738476
0.0005675495545081852
6.217143888201344e-05
4.565026483328622e-05
6.810275219845395e-05
2.9097322305924076e-05
4.50771998388684e-05
5.571526040088837e-05
0.00011812729672230217
5.8353025030116694e-05
2.3499473352037447e-05
0.00010446491512198788
9.642234559946003e-05
9.681776197507957e-05
0.00031930255304999804
0.00021734468523169862
7.02950097199809e-05
0.0004897201689804514
3.953196489318894e-05
8.178909199191915e-05
0.0001236891308817784
0.00019334408657491585
0.00013144425813212365
0.00015951708334190594
0.00013640118753631452
0.0008262593132400208
0.00034254239570117624
0.00012204119969052284
0.00024731103274201055
0.00030461898117067774
0.00011917453447896674
0.00023914670538109696
5.5423573175325326e-05
0.00031504541786827337
2.3639013263463426e-05
0.00022234753368399166
0.00027120320175312134
0.0002764970490304034
3.0140407193086503e-05
0.00012278854671632638
6.994279901609237e-05
0.00027661626109373684
0.00017033907488088256
9.689160183268252e-05
6.921154230241823e-05
0.0001610399551337462
0.0005095346725434499
0.00029519842591243037
0.00018859779882543412
0.0001178317694582111
0.00021457508788758604
0.00017550416856771826
7.343832447423558e-05
0.00018049979508458555
3.713929381809487e-05
0.00028191083161895443
8.546792706935307e-05
8.149116140901706e-05
0.00013678537715757573
3.529435692030792e-05
0.0002863100196986441
0.00021767845762184522
6.24353759699676e-05
0.00033088763683591905
0.00018659699035908676
0.0001448264180176954
5.2988740135328685e-05
0.0002267389146459035
0.0005102789021989916
8.691809446939616e-05
0.00020116796484401909
8.080419056556517e-05
0.0001426973066624396
0.00042226579870390473
0.00043931499008133625
8.7091089521041e-05
0.00020409198488908207
3.772524471544377e-05
0.00013339171342782141
0.00025539862377512237
0.0002054956054312932
5.429176485218294e-05
0.00013278127137221043
0.00017873807149161217
7.902796636211895e-05
0.0001761001828637617
0.00015687947154711582
7.043268205461948e-05
4.114245467051611e-05
5.0159265850331365e-05
0.00011753777696559341
0.00046653115661246774
0.0003013563148569966
0.0007762512264544552
0.0005456673226761638
0.0001656605866748561
0.0001110137474748943
2.1843995557994134e-05
9.570232964737897e-05
0.00022815980166989466
6.161217233143148e-05
4.703248098829968e-05
0.0002029391126054511
0.00013279868539154384
0.00020570064162628288
0.00011147870009407012
0.00017727312749826824
0.0005793423121488204
0.0002902875207852272
9.875558627255093e-05
0.00012937417569235855
0.00010993209546769175
0.00046406067996560777
0.00020774681903339997
8.955993011118141e-05
5.076224327030307e-05
0.00032600591197466395
8.454177879439303e-05
0.00011766947202828075
0.00043353265700699295
0.00021130172375494928
0.00024317896681730263
7.078703765715039e-05
4.758608988066273e-05
0.0003047461223372987
0.0001246261799070431
4.0280335657099047e-05
8.876039401576112e-05
0.0002316469646899326
0.0006377636747295631
0.00019901917484634366
6.762874583204723e-05
0.00022251461160046696
0.00012442218025717866
0.0002920311310200439
0.0004175781212964596
0.00011370658174404889
0.00010541726687366001
0.0001395246757996749
3.258803828014084e-05
0.000126499253692735
0.0007529111126742867
0.0003035231361414764
0.000223750000255292
0.0005575270882661592
0.00017380547265345394
9.837969120068316e-05
9.845613946141584e-05
0.00020327418734993725
7.402422739555555e-05
6.134578145935384e-05
4.868331420416584e-05
7.293078529346759e-05
3.741265619515016e-05
0.00015186770588393258
5.813539192016632e-05
0.0004184635873551546
8.026683293221225e-05
4.727908295772747e-05
0.00038101809252031075
0.0001736550590730385
7.837430427649374e-05
0.00012968592539043766
0.00028583548754823477
0.00028349785500374864
6.0959263940447715e-05
4.222962667089111e-05
0.0007198395669540367
6.095546094173564e-05
0.000211294750362073
3.18510535630445e-05
0.00035437840961173854
5.2721780237755656e-05
9.92876563977632e-05
0.00010298533843660409
0.00011738217641751839
2.6333935964467866e-05
0.00012987043264709185
0.00017997974868272577
0.00014265408942170014
0.00015788271203460253
0.0003645047476580043
7.258322909831865e-05
0.00013734511952852343
8.727572312908211e-05
0.0005948979688797022
0.00013467057366524032
0.0001469866431427523
0.00011057067663489425
0.00010697107561456085
0.00013183368265574713
0.00012825636945684965
9.880615988360148e-05
8.339413552131346e-05
0.00027908738644608116
0.00010500675521226518
7.217952259155139e-05
0.0001166965450090497
0.0006256498142779577
0.00011970179768368867
0.0002870521325690921
0.00016685382870544545
0.0003612799072466766
3.141977365703858e-05
0.00010079385447452812
3.2775710429069404e-05
0.0003970793430026589
0.00016850152248667498
0.0001394069908842259
9.342296713084964e-05
8.353612469168473e-05
8.802319705928253e-05
0.0001748250968062524
0.0003119171719276034
0.00020677367046920614
0.00029170577433581
6.598261945892206e-05
0.0005112866634846265
0.00011581779395417245
0.0003460094866170444
0.00014802664916974394
0.0001185665994841619
0.00016525055281151838
0.00010530158146948735
8.639021009944021e-05
0.00012006825098954211
0.0003193755384862634
0.00020423048667600303
6.677063554141129e-05
8.314227705765156e-05
0.00026754070393620363
0.000266903246201192
0.0002116377354350915
0.0001712644619791169
5.388193088267054e-05
0.00044816825279327544
0.00024634559373071745
0.0011355945523703573
0.0008926429234187596
9.647643597907533e-05
0.00016773408124387442
0.00016012910067631842
0.00020647810641827375
0.0003387034470205152
2.9547235138076958e-05
0.00017316846377150882
9.542853898721735e-05
0.00020918664648712294
0.00013282336429395097
0.00010701439173858565
0.00010615752636339268
0.0001611918213971533
6.210009251458317e-05
0.00022319916106098181
0.0002876031339496362
0.0001957812106150281
0.00010595527900115723
0.0001320533434501493
5.93049650356149e-05
0.00013628932983826257
0.00020361240455038556
3.895736492261617e-05
7.596554436927887e-05
4.836559351079463e-05
6.937796831074034e-05
0.00014550005921274401
6.021452060181104e-05
0.0002096861603425915
0.0003297317034839894
0.00017276166622925116
2.9163718304021452e-05
8.122514368305164e-05
7.32039645130833e-05
0.00046362315650252397
0.00015094775223473977
4.6467220208822064e-05
0.00038401023245265213
0.0006161894179614004
0.00016181904866489566
5.621305804892093e-05
6.766082125173959e-05
5.658835134354147e-05
0.00015637679310271405
8.065538685808729e-05
0.0002820987320661531
4.0669068895853445e-05
5.1534564984541876e-05
0.0004034830853811359
7.627704046706107e-05
0.00015130736036800347
5.36661137801294e-05
8.05548927761901e-05
0.00024722234941828094
7.296235410502304e-05
0.0002382621847904472
0.000335198473363438
0.0004882999048891441
9.063044521124133e-05
4.1329656587106635e-05
0.00018256447171761497
5.0779308863020374e-05
6.357412385275205e-05
4.604149009822923e-05
3.36979822560245e-05
6.875583566322597e-05
0.00024431469209922063
3.900082977864397e-05
1.1689846482754545e-05
0.00017062006651805882
3.353980408578927e-05
0.00021164442210845074
5.925314814860995e-05
0.00043181178909837593
5.172943631533046e-05
2.926253448969505e-05
0.00011883735466028431
0.0004038296068314402
0.000141213746684015
0.0001282268825261119
0.0006885422991787122
3.267888512925225e-05
3.131847649551837e-05
0.00011194633184303493
0.000493451339227859
9.993006003485389e-05
0.00016409704979170357
2.783899084097406e-05
3.4375872535790116e-05
9.379212839093299e-05
4.0142648664051085e-05
3.985743527283725e-05
2.5284134542606833e-05
0.00012128554510659599
3.1766486067315704e-05
0.00046993359969063343
2.706731363365533e-05
0.00012799307256910493
5.669565054193534e-05
0.00020648184345742462
5.1168968644525405e-05
0.00017219332396991156
0.00024235665810548227
0.0001868653565291688
0.0005746727932068169
0.000318082065894162
0.00014179020761372359
0.00029119123685814627
8.600499484468086e-05
0.00018057597472470114
7.712203065939802e-05
3.525449325631955e-05
6.835001148952753e-05
0.00023600683625507726
5.505552109000037e-05
0.0001215652945162119
0.00019589340549997487
8.539057580803624e-05
6.76767502564238e-05
8.76052808209939e-05
0.00027074166848039356
0.00015173375338030514
0.0001519453892830668
0.00015915552120848915
0.00013014241364562028
0.00017298904460148125
9.29963156193144e-05
0.0003459168784880028
0.0005022880715589858
0.00010244574322836068
0.00010107630042875495
0.00048189216961875436
0.00013864640548205432
0.000574725628737401
0.0002452921009464217
0.000261896405860511
7.583558679273076e-05
0.00012379828359669964
0.000730176015290832
0.00011705516688835891
3.434952020151914e-05
0.0004484171225742486
0.00016756728292735182
4.7801711114171825e-05
0.00019288255621137388
0.00027621179122641897
0.00018188906922686206
8.703230151539958e-05
5.587619874803668e-05
0.0002679629589756442
0.0001036511544013272
2.266701556575322e-05
6.555914941187072e-05
9.948378562385724e-05
0.0003093712460648158
0.00012007361171789932
0.00040492694054302444
0.00014522945309130878
0.00022946854381329006
0.00012084069112706981
0.00014203463533029348
0.0005376273350999376
0.0005631342602913844
0.00018448098828259099
0.0005668553994328171
0.00012619857702855105
0.00018983311425414796
0.00010272853055354767
9.607949812394568e-05
2.4860269514685515e-05
0.00010452999047678868
8.751099624216675e-05
0.00011588858065925535
0.00024971383678147575
0.0001508321063041796
0.00011821651006304748
8.275467715695188e-05
0.0002984414368218056
0.0002451649022896189
0.00011679305669500883
0.00010331720512338686
0.00014830083254550064
6.585948599265085e-05
7.687528764298891e-05
0.00016398614719797386
0.0003384623726608929
0.00011176067858887075
0.00014293845672071556
0.0002791539867396422
0.00011959543720377866
4.862858839945338e-05
2.5100337446086533e-05
0.000266473970933157
5.228203262188975e-05
0.00022505301427176125
0.00013086099447870845
9.528085095095443e-05
0.00012231755972219314
0.00011862320929186503
0.0004233227818944604
0.00011891551568918513
8.766128581429279e-05
0.0002451280075265562
3.3350367281271854e-05
0.000102044789641819
4.0762560064988575e-05
0.00018202134457494191
9.586283652327677e-05
6.445912780457258e-05
0.00024345714136504208
9.899728895536213e-05
0.00015098690837043113
0.00010479958436243307
0.0003454447429944314
8.174670042479865e-05
3.20889294854542e-05
3.799249847634556e-05
4.403132782681516e-05
5.4256528946062986e-05
0.0003268756807762634
0.00015623235065983495
9.102239842028011e-05
0.0002685412738243653
0.0007375550873653795
0.00017630091913233508
8.451189308364769e-05
8.636972630031026e-05
0.0001189754062162065
0.0001531549280154671
0.0002064330112670513
9.481094102954912e-05
4.027385600991883e-05
7.54722612885378e-05
6.288239630527158e-05
0.00015857638106391765
9.333603248162401e-05
0.00019402118144036876
6.74339215990269e-05
0.0001223601952279925
0.0001258492123077729
0.00014545573287029614
6.888860273006002e-05
0.00041928029494585513
0.00015351473700915853
5.1132460262797775e-05
4.641270794029711e-05
0.00010975293745215074
0.00039787059557759466
6.193228985248846e-05
0.00011841074423778879
0.00022068900781870487
6.991935104945947e-05
1.9218660579781943e-05
4.4191264039882336e-05
0.00020177021893096194
0.00016148324190874382
0.00017769219220728778
0.00010517124929540242
0.00012674562170502215
9.927886796290396e-05
0.00011657979387273908
9.24912781182167e-05
0.00016498869792332682
0.00012246402611333952
0.0002561911105257606
2.591780952221216e-05
8.203790186361372e-05
0.00023114209026307785
9.397656902123288e-05
4.261261197795871e-05
0.00042133990758844533
0.0001262290807449412
7.73057586513025e-05
0.00014442501658027746
0.00010437923817084563
0.00012897219882853218
0.0005317545320547179
0.00015786055717949252
0.00022173620988785904
0.00019747096351341079
4.145433604892102e-05
8.947508403810905e-05
0.00020295067852138242
0.00013516023584553361
4.5159067720264935e-05
3.893793478877144e-05
0.00013265049410777333
4.8282495008628525e-05
8.259172266924532e-05
0.00015373288399104167
8.606612579893603e-05
0.00013636380353076858
6.175418147956603e-05
0.00011338341586081805
0.00016539716761572934
9.751261680015907e-05
8.193632401476616e-05
5.960181369996117e-05
0.00017434694927388232
0.00021799833257291756
0.0001168972756586024
4.030502097413909e-05
9.927888145218864e-05
7.635116320810624e-05
0.0001469458920934999
3.264891561944576e-05
5.0863189371184116e-05
8.108984906691875e-05
0.00021283449527682247
0.00026293392995718594
4.134626828367035e-05
9.096662956804431e-05
0.00030062289090853256
1.8610666955477774e-05
0.00010912540623977859
9.611029221063912e-05
0.00021936658189711513
9.679814184521306e-05
5.6532976663308984e-05
4.899898455582647e-05
0.00019901323092983255
0.0001011837716863384
6.436998226365277e-05
3.352699187607702e-05
0.00032788173586325393
0.00033514919399284775
4.1261519260138045e-05
9.379913749363584e-05
7.76735993296452e-05
6.180452714749671e-05
0.00020018014353268817
4.55842067951683e-05
2.9038105426579375e-05
5.256323336625715e-05
8.867143764522867e-05
5.509859649983422e-05
0.00017732840497364856
8.176096598529124e-05
6.948686963033385e-05
0.00010943505725601154
8.070339125520092e-05
9.510559040985381e-05
0.0001485971996253332
7.742119582748578e-05
0.00023119333825611225
4.456126671064203e-05
0.00011227888227758261
0.0002504224923096783
3.558759058757433e-05
3.2116323045544324e-05
0.00012422374867397722
4.101638445448776e-05
5.831470467060539e-05
0.0001236526527156658
0.00017591761528607227
0.00012427324917146012
0.0001017984301102965
0.00019361509758669083
4.215071539302759e-05
0.00011787275151792261
0.00011303259220487407
5.537263650471671e-05
8.704281514522389e-05
9.868852803569495e-05
3.3365062967488574e-05
0.00012894627153121397
0.00017382769417127497
0.00011258496354145557
0.00016063539404308466
0.00015341861029032026
8.080522866279132e-05
0.00031170734276907787
9.255428204276566e-05
5.9793339377614913e-05
2.7631565176065884e-05
5.789163538737595e-05
5.0377706082105154e-05
0.00013587543407146582
5.9137211970511286e-05
0.0002409946301870915
9.119641495674537e-05
9.014834123880568e-05
6.282402682500022e-05
0.00012200500025816782
8.702234863832986e-05
4.610274276205925e-05
7.765076736400214e-05
3.793855216294471e-05
6.894911325008252e-05
0.00015977813276638912
0.0001591574668576322
4.796464420567122e-05
0.0001883196950304723
0.0002114107086693296
3.228915375517376e-05
0.0006598542748025341
0.0001656906142189549
0.00025946376582858217
0.00025205224404510943
5.176985751909318e-05
0.00015400716406557672
0.00011542539055902186
5.020930359901386e-05
9.477836455832093e-05
7.655591676210753e-05
6.158508558315498e-05
8.53618801665964e-05
3.843723200158677e-05
0.00012987371012921107
9.20923758816473e-05
3.871907324269421e-05
4.3110848059230986e-05
0.0005671552586567323
3.0282670212443014e-05
6.0279692528770403e-05
7.71254884444256e-05
6.263898638293451e-05
0.00010038515020814903
0.00015804561819992923
4.7450144874763995e-05
9.174479987115073e-05
4.7669263808537136e-05
7.139698051900357e-05
4.6642714878687556e-05
8.381203961563396e-05
7.50287558403935e-05
0.00010957924654890903
0.0003774713679556576
8.593356934236861e-05
6.33826161123973e-05
4.1877507554671644e-05
0.00014755684445799493
0.0002553496905200423
2.5402926050184813e-05
0.00024008600681640313
0.0002051882073579783
3.94874505303449e-05
4.8163508480369104e-05
5.566779154673878e-05
5.657335625494229e-05
3.922932287214377e-05
6.954617499238509e-05
2.710376028922192e-05
9.62494442941393e-05
0.0002819990602351376
4.843482528573613e-05
3.3503331344066694e-05
0.0001310312558293228
0.00012345778109520863
2.8552674012793092e-05
0.00010269189838340801
7.122962720698392e-05
8.872502529887613e-05
2.3354544946589143e-05
5.892865734102459e-05
5.910795372551892e-05
8.148125044483672e-05
0.00013794965324174805
3.623842211628554e-05
0.00015858433981067761
9.629337823129043e-05
0.00013685192308106247
0.00012008276797379306
8.403084142980115e-05
4.396365673895217e-05
8.298126124029728e-05
7.407854253681185e-05
0.00011005824384566559
5.239194446130281e-05
4.475330994299525e-05
3.074200120029026e-05
5.2044065022886386e-05
7.71541030086017e-05
0.00016200668477127218
0.00024333337314856634
0.00022529513590298456
6.4441601016194e-05
0.00010815652145176238
0.00011356718639837398
0.00032193246642028914
3.7228672430212176e-05
8.859189600867899e-05
7.95487186018487e-05
0.0001248525043115603
7.556316204075848e-05
5.6018930635858555e-05
8.274964789121605e-05
0.0001944434402392085
0.0001071482482132099
0.0002611627901092782
0.00016650028540341578
2.8589281075654454e-05
0.0001965061207069021
0.00013181000701443648
0.0001334575260952241
0.00011749411022315979
0.00022686083469252813
0.00016074239661827518
9.195356000294975e-05
0.00011371814465328624
3.917696404211894e-05
4.8308841577294756e-05
0.00013449647951077815
6.574537643253888e-05
2.9665896448134906e-05
4.977639980872035e-05
4.6240679510927037e-05
7.944949669592993e-05
6.90376960544136e-05
0.00025156492345460995
0.0003101125437663869
5.253233333392468e-05
0.00020139745544910917
0.00013851383922390667
5.6762495521572616e-05
0.00043601950006037955
0.00022445621673141376
7.937257900691475e-05
7.244624479343975e-05
0.00011281301382357898
6.127031437248914e-05
2.981311169053246e-05
6.048579289528133e-05
6.441000543197396e-05
6.595959820172314e-05
5.999363662932465e-05
0.00015018026872561032
5.3089148446837084e-05
4.873284506948152e-05
6.632606476036261e-05
9.984886137594548e-05
0.00013183013386790885
0.0003173834611019949
0.00012944809673827787
8.650166179696284e-05
5.517474423738419e-05
8.599551686280674e-05
5.8409759905886394e-05
7.85242045792317e-05
0.000290871854071559
8.889578808907464e-05
6.280749684346266e-05
8.145767043887946e-05
0.00017844729403760832
2.3767804178492218e-05
0.00015177813188134236
4.3210931712993556e-05
4.503581446961529e-05
8.586874273959228e-05
7.63909609372455e-05
0.00011806776752630248
2.4586755212915138e-05
6.853140547683768e-05
0.00012836589351732946
4.41638563391685e-05
0.00014763817526090495
0.00018010147945359488
0.00014538353296008978
2.9857066632982507e-05
0.00017820362618055772
3.511293279574257e-05
0.00044669248930484745
0.00013439691723771073
6.593951291383145e-05
9.73666526785542e-05
4.558370624852968e-05
4.8640114172570156e-05
7.41733649898368e-05
3.4968420154626275e-05
6.782051308656092e-05
0.00017948425721365865
4.2331656220954094e-05
4.2374691883498225e-05
4.219921747755988e-05
5.044771323756462e-05
0.00014535119043686652
6.437819870417228e-05
6.139223308417522e-05
0.0002050940894199098
0.00025457061930209585
0.0001561051207688172
0.00012218689298033362
0.00018025347694763954
0.00027276760810542256
5.2399927843337465e-05
0.00021628237566433602
3.177698688200645e-05
9.117125940713705e-05
4.650241800969551e-05
7.097068738976447e-05
0.00013380604949402171
0.00013388001641583423
0.0001189253304934854
6.236708178328939e-05
0.00034490363960852877
0.00013523489170720726
4.020774540473048e-05
5.293103914951964e-05
9.860419030604227e-05
3.597023046025827e-05
0.00017053180570799972
3.2536324866265814e-05
0.00013160604827173704
0.00014468201443132046
9.275103786640038e-05
0.00011024838933163622
0.0003539671107208275
9.127953202734705e-05
0.00011779678116889612
7.08022845095148e-05
0.00016625005627558752
6.33456363254051e-05
4.188285249125027e-05
9.646382632579006e-05
6.690490976608168e-05
9.646455034454772e-05
0.0001663773838777431
9.792944366619309e-05
9.188862889396198e-05
0.00010190402536857778
8.157832535807037e-05
6.789421113609385e-05
5.042464911874883e-05
0.00021941620964730906
0.00010287207683166855
8.581651574284568e-05
0.00010849066827272774
2.6115058086424007e-05
0.0001278581900602771
8.478301362342958e-05
0.00032568009840611525
0.00011707234745375081
8.404454904267402e-05
0.0002214634501489067
0.00016403637488750673
3.466574217311939e-05
4.4134696165780745e-05
0.00010243977880478685
5.0863497436482255e-05
6.950743376726227e-05
5.766338499404388e-05
4.3112982337904234e-05
0.00047680966130593956
5.0957356783859035e-05
7.135526725316712e-05
0.0003282169928374368
0.00016106367599461207
3.096699594831544e-05
6.0843857665781975e-05
8.51132862748396e-05
6.896359191688787e-05
4.655914812514485e-05
0.00011322260754111768
6.619554733158142e-05
9.089671929231465e-05
0.00025913793484650977
0.00021772298758024932
0.00010035559871646377
0.00012439182170286288
0.00029397557736705974
0.00029118651761909426
7.008025832169198e-05
8.232780155883828e-05
0.00039112974167738925
0.00015050895568855728
7.7477475819279e-05
0.00021361867149808053
0.00015593226572411763
4.369615877749704e-05
8.315552865937749e-05
0.00014205045304052606
3.45053486624099e-05
0.0001636606369978334
0.00010005207134204728
7.641901846426723e-05
0.0001610269473219133
5.069363844966578e-05
6.228981931204529e-05
0.00022964087288328432
6.491765731145742e-05
0.00019405989054488095
0.000297077096346615
0.00012858951547504681
6.485094839892836e-05
6.858167325432368e-05
5.09685994090877e-05
9.492402954671691e-05
0.00011849650058040827
0.00010842073503790958
3.540406631237536e-05
6.214738016031439e-05
0.0002957363845227873
9.67224114100768e-05
0.00010231006365048804
0.0002785742690872815
8.505156667367395e-05
0.00027312714809626254
0.00016799943642624874
3.928012046938486e-05
5.922483624578808e-05
0.00010148694716552673
3.59025125531808e-05
0.00022158297079220973
0.0003681222748689659
3.104113828269752e-05
0.00021576178898066395
8.56939401419207e-05
4.871255385591865e-05
5.631661530221312e-05
0.00011417736938469273
0.00011013851642718249
0.00013241462952381022
5.3061980299370195e-05
4.619839050495251e-05
6.77070961505234e-05
0.0002532084532670238
8.460957508702604e-05
5.300897246182588e-05
0.00013739392183745831
0.00015556913671340526
6.593258159826153e-05
7.975710843336843e-05
6.906652917955707e-05
0.00010349921826475683
4.8003076087804664e-05
0.00010689446392997442
8.698279062081554e-05
0.00010030420292984539
0.00017510203445395833
5.6436270060757157e-05
8.629337547040169e-05
3.404139076866348e-05
4.842284338257692e-05
6.590754904267386e-05
8.816196300258521e-05
7.300663786668144e-05
0.00022852171943017538
5.182602550597751e-05
7.513893438185101e-05
0.00010271771104431262
0.00044531083906258496
0.00016312757658547245
0.00013001895551249508
8.356751253245905e-05
0.00010473646516631375
9.880787670304027e-05
0.0005608287462257543
5.125807583026406e-05
3.2776279206085e-05
0.0005912851261301008
0.00014791930818516168
8.375618890121452e-05
0.0001305312187204212
6.708164696328233e-05
5.8504672920539895e-05
3.463646517832358e-05
6.453502886710637e-05
3.7966641415922385e-05
0.0004468105964769336
0.0001872081296846085
6.444045649885268e-05
3.832663676809423e-05
0.00021071372679126862
3.181986645734937e-05
8.350731481781628e-05
0.00010690669109757642
6.551104935682444e-05
0.0001101996269417026
5.148923915991085e-05
0.00014435855463578346
3.999786228063479e-05
6.52640382732588e-05
5.790807679502412e-05
9.460542961413666e-05
0.00015465634614352026
6.439643211610575e-05
3.80383475144992e-05
6.463094826144935e-05
4.8282971922999035e-05
6.85709995914295e-05
7.70193335213348e-05
0.00011276911248765403
7.242836901599068e-05
0.0002014668961501142
3.3881459825232825e-05
0.0001655944419680007
0.0002067873435156427
0.0001171996225045637
0.0003174581182738835
9.400401938976421e-05
9.078942885021184e-05
0.00016883377340576187
0.00019436955627218032
0.0002530841141023155
6.587420345067295e-05
7.644960424644399e-05
0.00018224656093495067
4.264870331292275e-05
5.332055670893582e-05
0.0001293896577159022
0.00012727936484281796
3.9387150029359596e-05
5.974074733920601e-05
8.534815409215714e-05
6.885979105222423e-05
5.3113347092719385e-05
6.874033810837802e-05
3.351360707454265e-05
0.00013513335758655128
0.00016874107541592055
0.00010452071819875387
2.0923874601167384e-05
0.0001825689939943363
6.764216760975789e-05
4.892369880294245e-05
6.843903007594033e-05
3.516879431197314e-05
5.207965822869711e-05
8.956822530787086e-05
0.00021654954834459682
8.495109264365945e-05
5.651880802490434e-05
3.4770520245193754e-05
0.00013201472854037306
6.334183191422296e-05
0.00014794486630552355
7.048451652106786e-05
0.0001249636989295727
5.238911794634663e-05
7.626561241945554e-05
0.0003649516338867678
0.00014672549731885748
4.2735938690857584e-05
0.00017812268657602407
9.906539903875128e-05
0.0002566456485580164
3.492769999536127e-05
4.087822616088915e-05
0.0001792311126293227
3.58416808127523e-05
0.00013410121352810367
7.02214763322364e-05
0.00014866546899917768
2.982691187480614e-05
3.276946550471806e-05
5.5576020135865595e-05
0.0002014131504451571
4.4924881808491236e-05
0.0003887250464029021
5.170695482828531e-05
0.00019157738459976692
4.710679870126892e-05
0.00024252006363510858
3.43605080171849e-05
0.00020644888704412123
5.357924031352351e-05
7.328352704097055e-05
4.3048310292238896e-05
7.886420382327358e-05
4.577758316529249e-05
3.7312429608008325e-05
0.0002215454408330992
7.580740756276815e-05
0.00012972251786140627
7.331615117084471e-05
4.3720452559101015e-05
5.986148251413511e-05
5.645680899181241e-05
8.238204875246655e-05
5.945558526657126e-05
2.9153063685954344e-05
9.266726885542711e-05
7.722588615259333e-05
8.586071709577854e-05
9.471276832237237e-05
0.00010665579836821311
5.391781454418001e-05
0.00017476269008806383
0.00010452427348706538
5.712876027177879e-05
6.127015424392736e-05
8.56993990413823e-05
3.0424052190103014e-05
3.912905217376923e-05
4.12225852921734e-05
0.0001123237531133316
5.2383422846593064e-05
6.246626996789131e-05
0.0001342878239477997
9.732005320588362e-05
3.640596523987772e-05
5.424750503792064e-05
8.205024565457196e-05
5.650558793260929e-05
6.911663856072416e-05
2.595495992225379e-05
5.0620261881994964e-05
0.000261746967962658
4.249031172410881e-05
3.630206606945486e-05
7.856598292370835e-05
0.00011401913324773544
3.670016591775679e-05
9.999122175101699e-05
0.0002171846201856477
2.6061986737276716e-05
2.2497599153836315e-05
0.000160079671066538
0.00010207455596103669
5.1121129010072875e-05
0.0002245220372377616
7.101839493691792e-05
2.4990071581623187e-05
0.00019623273382047795
6.717568588726226e-05
4.19211635624155e-05
0.00014300819740087483
8.137918106775802e-05
5.691972676448909e-05
7.835096486716413e-05
3.721224904568464e-05
4.2559117481393846e-05
0.000182477688741036
7.918950952936518e-05
6.91798389005032e-05
9.403023846791667e-05
8.06283912392213e-05
5.4032824834409935e-05
0.00018324317979032697
4.286271713543222e-05
0.00010903261822316661
4.3803816365136957e-05
5.790618824220789e-05
0.00011790664082462776
5.717109665575692e-05
9.497611951116856e-05
0.00019868191357841388
5.650928135497166e-05
5.488161550868936e-05
0.00019095999154595964
8.157700205026096e-05
0.00016331111905177646
4.616263129472283e-05
4.4500539469347894e-05
8.370022620865944e-05
6.956218027640071e-05
4.208524261968526e-05
6.472327876087128e-05
8.011462100824968e-05
8.978538776064974e-05
0.0001388837740358963
2.8554182112801166e-05
0.0001071998397795183
4.031071137152449e-05
5.685751688125463e-05
7.950399538104397e-05
9.890098858401857e-05
7.079832367030963e-05
5.349935680543087e-05
6.332221965468177e-05
3.9388910660245336e-05
0.0001606754600020626
3.789978879807572e-05
0.00024021952270498892
5.8126136575298494e-05
0.0003321061083382032
0.00012535496723033515
8.050671881636055e-05
3.668394824084663e-05
6.753606282332312e-05
4.949456547799246e-05
5.565852516226914e-05
0.00010813157010947882
2.9589725346054447e-05
8.275792325109921e-05
5.225535012426004e-05
2.560410327177706e-05
8.265693756600784e-05
8.233757746068022e-05
0.00017399769321780606
0.00012372136628250701
0.0001107019867069954
0.0001988620277163741
6.065287041444829e-05
9.015784462422985e-05
8.8048439382514e-05
4.604052481981771e-05
3.271237244440128e-05
8.033692198066161e-05
9.535744124926304e-05
2.5242532401391182e-05
0.00013502484291018214
0.0001806223021773438
0.0002120097464757413
6.23074090552765e-05
2.9066773230811827e-05
4.6817063569499866e-05
0.00014398376551300423
5.401303363627352e-05
5.796655751595576e-05
5.595760968787876e-05
0.0001244236226955029
7.699602222657971e-05
3.325131949991116e-05
0.00015768944788636417
4.7150817859131447e-05
0.0003124053423703452
0.00022052697786843612
0.00018296673066757094
9.332186418343564e-05
0.00011173614369851858
5.739061070029233e-05
0.0003172093230236011
3.128118758071397e-05
0.0002640352848684273
4.686716729531847e-05
6.1022537398272264e-05
8.529497598103321e-05
5.779194865005277e-05
7.106510320493208e-05
4.131686576918265e-05
6.242381238560083e-05
0.00011709122786541873
3.955315269257021e-05
5.265190757702696e-05
0.0001168194589715742
5.9113527499450954e-05
6.688446736557446e-05
0.00015005834937310123
0.0004750872211544286
3.284869783082067e-05
3.8776224736896366e-05
0.00010266299219111634
5.480259791560463e-05
6.355789430506476e-05
5.899836288897432e-05
4.224729739225739e-05
9.914555626492511e-05
4.620403217001938e-05
8.356752093657677e-05
4.783256529519693e-05
9.598396285965485e-05
6.083400953420035e-05
9.865871224881708e-05
5.019401627571498e-05
4.24830290211253e-05
3.3770819177120184e-05
0.00017683143052106448
4.8255234302354365e-05
2.9809976828037727e-05
4.751461459078208e-05
0.00035804893024072454
4.480484600926645e-05
6.316204514594313e-05
6.592524499849868e-05
4.06541384833565e-05
3.86357027238523e-05
5.68418355623229e-05
4.05868860566988e-05
3.056666078778988e-05
6.371194465175408e-05
5.205038387117214e-05
4.943173282081569e-05
7.110718962204061e-05
8.808027880405443e-05
3.483736739624465e-05
4.487111077752692e-05
5.651872835056043e-05
0.00024409751842922262
3.189897219019468e-05
0.00010170308976295952
0.0001554938807826451
3.93200405711994e-05
5.193632931695185e-05
0.000321489462645175
7.732206438139246e-05
0.0002498056735817831
9.700165098517472e-05
0.00010980518259498724
5.088144736893035e-05
7.435927316332067e-05
6.81616175735377e-05
6.074795919815803e-05
0.0001486445539800163
0.00016177633137289161
3.9649459234014144e-05
4.920124881091582e-05
3.677842018988288e-05
0.00019643476579098376
0.00011814492101432084
4.760597462543814e-05
4.049961158762794e-05
0.0001717733955021601
0.00013686251917583987
4.36698039814444e-05
0.00015010317416201043
8.932758881276811e-05
3.598977932564109e-05
6.413832004628974e-05
0.00014496362632159692
5.089412597534267e-05
8.221349746809589e-05
5.640208191488431e-05
2.9245837664936285e-05
6.006271004117154e-05
5.040469566032546e-05
2.801873719697195e-05
5.5988708492139204e-05
0.00027131193309978016
0.0001314663327409775
0.00011692313034905488
5.459276014888703e-05
7.603608386099263e-05
5.166558113692886e-05
0.00011746144694771307
7.707446456144326e-05
7.057132751017034e-05
4.680127722079471e-05
1.6208940098888304e-05
0.00020922570531446604
4.1215382863365155e-05
0.0001965742488289765
4.558693595908822e-05
5.549330908485659e-05
9.81843729749136e-05
0.00012218975635251077
5.783806562298803e-05
6.87462586291107e-05
0.00012563807432642467
3.822229718177306e-05
4.287975789121912e-05
4.90066812594004e-05
0.0002486584627707631
7.919549982993293e-05
8.280073961690129e-05
4.9612230825667843e-05
7.516872730825238e-05
0.00021282945620079293
4.284593224538472e-05
9.025422949236721e-05
0.00037228789378602984
4.198709670424423e-05
4.690278660460879e-05
6.048320750206403e-05
4.8570455604532485e-05
8.194778311494798e-05
8.47195202458336e-05
0.00011717484835737233
4.825339579526263e-05
0.0002804077214740164
7.881208225788303e-05
0.00012037002738186395
3.940939284520312e-05
7.393009581550582e-05
7.180338937460687e-05
5.618481882436262e-05
6.131158904426896e-05
0.00010180931088862044
4.612766563337175e-05
3.6936482837919535e-05
0.00011524132255544046
0.00014587149137418315
7.616344793762916e-05
7.223590791257043e-05
5.759757881245835e-05
9.580537529919601e-05
0.00011853127813732252
0.00011973334416342176
7.571773755264607e-05
0.0001232695144258652
8.619353697158962e-05
8.157565941389387e-05
9.537384936857161e-05
4.554833457462796e-05
2.9562190182792345e-05
5.532557915904699e-05
0.00015029888416144636
0.00021386951473759686
0.0001796992340815396
6.966344226583202e-05
5.5076101091364486e-05
6.722056545104997e-05
6.333539192266558e-05
3.471979745104664e-05
0.00011190499191561164
8.673781736311745e-05
5.564471467261018e-05
7.58117008048615e-05
4.9984272728224466e-05
4.502808812933207e-05
0.0002847531688880489
0.0001024420667020674
6.860258334045556e-05
2.868817249643679e-05
4.9787065063292776e-05
7.158089141025192e-05
4.845886345634532e-05
0.00011001908477765064
0.0001521366130632419
0.0001143720860295067
4.915332428749544e-05
3.256435513961633e-05
5.5866919386001626e-05
0.0002202987063726057
0.00018870409834287718
2.5254688088323894e-05
0.00010598067969501017
4.8626005450193456e-05
3.48877726089597e-05
7.429015883236994e-05
4.0492997968390304e-05
3.5257828047566405e-05
8.198527472767576e-05
0.00010570553282980334
0.00011360113503132615
4.143065247770842e-05
0.000132814828546405
4.883625691669358e-05
0.00011986302159234914
3.94150505636754e-05
3.0416160530665348e-05
0.0001247046946694973
0.00016504152024532105
0.00011355701273701036
9.896055529493841e-05
0.0001699230316169771
0.00013959270452630756
3.747671699951808e-05
5.6873411112785866e-05
0.00011376371674327266
0.0001032886196120216
5.8229941898539566e-05
4.330218860842097e-05
0.0001251317965418397
0.0001114462781431006
0.00015453914145566733
5.647871484105527e-05
0.00013723727846279128
0.00013580337883139086
0.00010318434676138985
2.5014673650533554e-05
1.7085936030138913e-05
4.9721889734729605e-05
0.00015033664303750965
7.881981371509539e-05
2.9084485449416445e-05
3.4604002325766e-05
0.00011284483261111832
8.969821073312581e-05
0.0001021078245298437
3.1282134962846274e-05
4.197714393767356e-05
6.581731020318211e-05
4.6337315982951515e-05
5.711585727933931e-05
0.00011660813817037069
0.00013148057109952895
0.00013236080434023893
0.00012814337410540805
0.000177576306879666
7.33257712836501e-05
6.271095420576712e-05