0.024422293420932283
0.046970379775287556
0.04731009273958162
0.07033804564529274
0.12476271002095918
0.04393350963694021
0.013792193747556133
0.07796484488796138
0.11536146499664388
0.024026715079170268
0.06064190623617194
0.03400586947735337
0.010511019395031435
0.03009017878871133
0.010640120423303019
0.004902934247165107
0.012175581338613496
0.019830550193092097
0.007653494989622751
0.012251180284512914
0.00766195531702695
0.013128969147823466
0.030133575445289697
0.01004748548075049
0.021441799219608548
0.0024492084212239243
0.022363726453405747
0.007322795433324873
0.003870984608766442
0.0011799214385279939
0.005242220096515988
0.001766578414248145
0.004366902148722676
0.00190563143836285
0.006712460338400152
0.03507579603291242
0.005285484196473677
0.01371717690142558
0.010398575563204558
0.0027552864406898145
0.003045947946929843
0.004916147897281621
0.01557746758212341
0.0018628693306181018
0.004484027722344849
0.003954190658651328
0.011552582769326976
0.0014459434711827695
0.0023088711555340033
0.0023286304553176295
0.004963081933181387
0.01145734487571209
0.0071532307835349696
0.011451164319366573
0.004818942939255722
0.0019842229709342695
0.011696709016440028
0.005393667504004985
0.012672102138497775
0.009196823265060064
0.004092932041941375
0.005294797680036796
0.0047087054180569585
0.003913583406834401
0.0034744315598760306
0.0008921756830793928
0.00218684318157078
0.007135756617962051
0.004096415993681177
0.0007255717311418792
0.0021630586997386193
0.001048820891423908
0.0029613734289477703
0.010884771643144851
0.00265286438122964
0.0006327859019080686
0.002468811085878781
0.002731493460232931
0.002536591464208534
0.0010442948246591351
0.006812154616179928
0.000978002651705035
0.002426789985444303
0.006305765962911292
0.0026223426869770956
0.0005575057522976941
0.004854351387997245
0.0014245944197941265
0.001729028787650751
0.0009375663013128705
0.0022880625315756164
0.0005404795011812321
0.0008621100182421884
0.002572598875126577
0.0022566935019057593
0.000645447863049083
0.006207093884598675
0.004754833982811387
0.010368927019335448
0.003427236417299273
0.00572418997381208
0.0009067312537447871
0.0012514671688786112
0.00107239913841179
0.0025793582308880395
0.000845916691724974
0.00570823436315009
0.004184678305615919
0.002338343548438979
0.002215471790651536
0.002767427363000766
0.0029896204729979296
0.0022295617416101584
0.006709599954360452
0.0007169897747917495
0.0005828724097864142
0.0024994402128558487
0.0020441095660551274
0.006747732595093836
0.0005495716967130902
0.0007559238952655311
0.00583828231013349
0.002558990447066759
0.0021834946472342504
0.004434036455886656
0.002046391540205031
0.002096864804546597
0.0020784819728112453
0.001393579645965906
0.0017330522690732297
0.001386860801645697
0.006109217168686489
0.0038894584852982856
0.006167016967110578
0.004232581718424842
0.0018390141269755138
0.007813038616009103
0.004401000189894689
0.0029926733187710716
0.0038487480579920464
0.00083440620475296
0.0039041254437814964
0.0017886990127140413
0.0020217434014685844
0.002877146267712983
0.0008630945865353389
0.002476561503259736
0.002159349402006775
0.0024869915022085595
0.0020314910485332615
0.0011940714761175981
0.0005974085675321719
0.0006915387071245781
0.007496663718402116
0.0012464104837305871
0.004966521113727755
0.0006140821368857389
0.003659421103573574
0.0016374805581054039
0.0027111270658856093
0.0019171826343781855
0.0033266271120556096
0.0014457953003983773
0.0033336079756474983
0.0020115873601367043
0.0017229271394654056
0.0009347796687101481
0.001560618198033388
0.0007745109757669466
0.0033680766034533175
0.003953397279582665
0.0013491135440603353
0.001516477216612453
0.0022802335494873744
0.002708603444275069
0.0016406435800388947
0.002912238979922128
0.004314118778799166
0.001881611635147814
0.0008114571004314401
0.0029940022863462726
0.003901450322294675
0.0006359988850140159
0.0020915671170328946
0.0005803299857661724
0.001963963231052755
0.0018678395789232995
0.0018968923539667791
0.0016681683473937575
0.00028281075245130985
0.0009356856277491756
0.006013442076226574
0.002680044934399543
0.001078662996636163
0.0028167032196607877
0.0009937136549439164
0.0023089563558972535
0.0023886547570339967
0.0030091684794155337
0.0001900321103960535
0.0029416591177107735
0.0034175334715000503
0.004536407003343228
0.00333058699343504
0.0011637327656461613
0.0008994992684114166
0.001790114456345081
0.0033902914358790582
0.001738871778013469
0.002149543318903669
0.0006672936925495202
0.002397596040668345
0.004393856618700796
0.00210807084495207
0.001607594480355159
0.000494125975335624
0.001592686590903607
0.004175037806184549
0.0010665156177408978
0.0012866210894458758
0.001052062149092632
0.0028708661572930333
0.0019239195457637066
0.0016681848815348847
0.00032333231464150134
0.002387930927049067
0.00025630810724306725
0.0014656170219685977
0.0003999270747256867
0.007827602882571954
0.002274271449255846
0.0006814939541285785
0.0008078118524378409
0.0020215974497272433
0.0006309366785660849
0.0011350209648048472
0.0033562641470404374
0.0015011291369270835
0.0008470160774674112
0.0005204300370762493
0.00543396129762959
0.0005266147541769875
0.001094851870909231
0.0013451664159375531
0.0009225953305305828
0.004204849438435465
0.0008955300763762316
0.0010910691140474161
0.0008699385056946372
0.0014011302837594396
0.0007362179041436932
0.0008196198200337287
0.003153310707919254
0.001030412044773978
0.000622022200691778
0.0014731794356081663
0.0013941125899963177
0.0019536605864242367
0.0016625318067739077
0.002185690187059353
0.0013943830546876545
0.0008937255976846465
0.0003652147986277593
0.0009289557551966734
0.002233695972499235
0.003050091693218704
0.000874749271622508
0.0020761625457808466
0.0007060447190911658
0.0014831801334946918
0.0002928068893351134
0.0008222725685695573
0.0004932343446062707
0.0018035513395251437
0.000818477303953092
0.00032931959199985323
0.0017387091802027977
0.0006252446277221685
0.0004935020332885707
0.000527323377453645
0.002010602839631265
0.0008394075196430307
0.0005951344353934242
0.00020142100810806472
0.0032617842926400665
0.0007942704239162458
0.0003697922790616345
0.0019439048523958644
0.0024591924473054655
0.0004938000879529679
0.0009114508889135744
0.0010105225289920962
0.0022823697227993276
0.0006614252884730448
0.0010140576495789725
0.0005490130425578388
0.0014672586039992585
0.0013487743785727893
9.842771493182163e-05
0.0005973694899319217
0.0008352225560729818
0.00030833499478701416
0.0024793675013632123
0.0019412791325544982
0.0005652607952000424
0.0014383586675662712
0.0007081280287466801
0.0017554667259644123
0.0008643746146230646
0.0015837171701864729
0.0013577104053715356
0.0007645764822878102
0.0018407803702477985
0.0008892427946260744
0.0003656455764195272
0.0015334112115196073
0.0024308279118713176
0.0010342621415014926
0.0013838639531971203
0.0015401087874618584
0.0023780243891474754
0.000868414898929351
0.0010364856997657182
0.0005532854569757408
0.0009162243778595033
0.0027497515172236558
0.0003892049232068845
0.0008983703079740236
0.0007477030585218603
0.0008535536193852252
0.0014493204100049432
0.00034571952003750105
0.0017649041881715355
0.0007925119624380545
0.00026374443072371695
0.0014410819688381986
0.0017136700697547563
0.0020206430248675073
0.003676267797530745
0.001165582888898157
0.0007118283721254447
0.0006954034827205827
0.0005471403968233021
0.0001943210958764938
0.0003287772516983584
0.0010663305270218544
0.00516748022688374
0.0006124539321034533
0.005951881376606962
0.0010906864173290856
0.001563168087115759
0.0005559288692493652
0.001357339620691908
0.0002913764146089629
0.00021241644580393632
0.0004915088657132346
0.0005693195802338882
0.002269180741264272
0.00046154133553934435
0.00040018652426894783
0.0029742135103792457
0.001791612939868339
0.0017563313207864363
0.0017664583522485405
0.0013422055401629289
0.0002908066933774941
0.0009343559445121183
0.0003354880380710956
0.0005116728079789499
0.0005703112168832632
0.00313388775399742
0.00045718614809477884
0.000301008854128176
0.0014809279841792118
0.0003569911738635067
0.0008571932754609826
0.0008151995619903229
0.0005823120342067577
0.00021055330396028404
0.0011467766589258804
0.00257265653399425
0.0002710661153572772
0.0005448001296946676
0.0008640904248405041
0.0011389618023817567
0.0023212373162423967
0.0020134823646458674
7.904832950752148e-05
0.0017833350075666893
0.0003346274307152518
0.0015532425258393615
0.0008922435627910715
0.0016951339961720508
0.0006119978287298336
0.0006870629213008508
0.00027635351272443476
0.0007912008516407174
0.0009468578066319608
0.0008495972034022231
0.0006614170905288046
0.001701842089948316
0.0006535961485750396
0.0004490870929047548
0.002193546682908034
0.0004029021239422831
0.0008785516268005406
0.0004863615415948408
0.0005998901398478235
0.0004057638326017873
0.0006634538119662695
0.0003185241745706224
0.000665806792145296
0.0006205669939009042
0.0005198271721404562
0.00022663597245046658
0.00041977728356833947
0.0008624652577418249
0.0010918392657671538
0.00037094080997964005
0.0002683950184213794
0.0013961253386765157
0.002404524134038237
0.001493913126926705
0.0010867809208790545
0.0011119853949698524
0.0006301591300610965
0.0008443787014574234
0.0010795867323896695
0.0026293430416713583
0.0017916746636951844
0.00019848181131466546
0.0004166011637236009
0.002331509246642154
0.001093618713503698
0.0007678740085058167
0.0005016899951968671
0.0005811627139836195
0.0012404297917989954
0.0015789753632464907
8.558370381895553e-05
0.0009631556135262715
0.00019868271097143347
0.0008503974397801102
0.0008273598320353694
0.0009057413194561193
0.0007060740397591893
0.0009173855406393076
0.0013775196012062653
0.00019698123462617937
0.0001731603713371401
0.00038872512950996127
0.0008068901173399246
0.001136182984305953
6.742934929267875e-05
0.001346036598864068
0.0005020453279212646
0.000529248557876257
0.0004878953754002636
0.0007124870270710524
0.00017987848472581346
0.0005118707594303013
0.0002524085225363754
0.0008512620402600654
0.0014398718736455198
0.00016358073745251965
0.000695056067012911
0.0006207853708294546
0.00024609927938192206
0.0006398955819277216
0.0005874380170571746
0.000248501448710124
0.00033849097669174077
0.0005065379283268217
0.0013169127984765726
0.0008389572959879163
0.0002222960935950743
0.00035089775907911735
0.000939588029105291
0.0003276449252735543
0.00011840449965991007
0.0009654831350758409
0.001040337129744358
0.0016448737875413464
0.0003828494085090543
0.0003154658858906951
0.001068961233215507
0.0003908587122928845
0.00020193132296266434
0.0002554581639015439
0.00028273530661301736
0.0010518731237670253
0.00029888863633709925
0.00044035727523270343
0.000600819313314072
0.00013543488714852354
0.00015502663917396785
0.001698763955885865
0.000813095089291519
0.0006920719172441662
0.00033818115703870843
0.0019103598702971938
0.000591572830359527
0.0010048440336540032
0.0008090547219481708
0.0004354995246784652
0.0003443908926223887
0.00045427353070658495
0.0009420860590747478
9.562874498180629e-05
0.0005246163701467425
0.0009534638301456216
0.00028621301758802094
0.00025305794141517764
0.0004701671398173588
0.0009708514881294102
0.00014733686720881474
0.0003921566853766437
0.0015264328033402074
0.000682598936641795
0.0007179580229411144
0.0004114318665805702
0.0005599243840723176
0.0004243963163714829
0.0005599393407438064
0.0005485074220559044
0.0004456021885761444
0.0005221664554988386
0.000493894998170649
0.000955511311963178
0.00029233445812278656
0.0005774298500361921
0.0004101922882735685
0.0010969331987569955
0.0002852389789169577
0.0003222935172968957
0.0004021226871016852
0.0009590322344814274
0.004139318482405791
0.00035899781371912166
0.00034473138211235524
0.00033161398345865286
0.002005355315592081
0.0008627494581312661
0.001160467997293371
0.0006467356304353881
0.00013503714838009135
0.000368596741258232
0.0004020190001422346
0.0009508660914064307
0.0002763350489268675
0.0002372349763799873
0.0006431914799848272
0.00020510133932684254
0.0037549449969678235
0.0013177251137294428
0.0003451002751658503
0.0006233661687896202
0.00043094894098155966
0.00040451130416542633
0.0012692413787038885
0.0008150286642749969
0.0015481891126079405
0.0005770166405300917
0.0001741035608552786
0.00035970210043207004
0.0005608038479103687
0.0009858789387698023
0.0003585117243227592
0.00034871037977744806
0.0003993437936534829
4.0453384613407035e-05
0.0008796359758227864
0.00021059634545112798
0.00027178226026616586
0.0007862607635737298
0.0005439201309578919
0.00040075238065319027
0.0002410323333896666
0.0017428400082925442
0.0008513488938113585
0.0006934450064759383
0.0003022420708855215
0.00045710587105439454
0.00010346860865480262
0.00040523399855089937
0.0003292522264558878
0.0009871466987395484
0.0006216520723130429
0.0010058020113325233
0.0006719190012325796
0.00017606276585850047
0.000255161384815894
0.0007772729537224445
0.0011427544438549395
0.00020320921585267375
0.0005589075096395667
0.0004942596697317451
0.0010392209725583867
0.0009934209924127467
3.0094670884676287e-05
0.000732235579804039
0.00021938593589554845
0.00013378590534770488
0.0003100057706302244
0.0010432517594227135
0.0005017421632215871
0.0012804808362684157
0.00018375019993863617
0.000971588117519435
0.00010955757928633972
0.0004308971012589128
0.00010160312910760783
0.0010883098628672705
0.0008319840577233982
0.0015954404325921273
0.0003072193584643432
0.0015510251380960486
0.0010285258123523952
0.0007803114233260516
0.0009448782232539247
0.000810814358807791
0.0003949701632702927
0.0008932276771716874
0.0006103555013520378
0.00022865970204753687
0.0008541363978213975
0.00017766268246742793
0.00036030032702040097
0.0012947428545013943
0.0006388726870731166
0.00016069887171558757
0.0010893048579583404
0.0011359194007018179
0.0010363183159386902
5.479020176786663e-05
0.0004580905384932524
0.0004668482905648686
0.0008172796282565641
0.0008067014315257581
0.00023281361849813645
0.0004041791577036208
0.0002816051192484391
0.00047430875320448045
0.0016658315535882742
0.0003012820267234176
0.0002597578750430812
0.0005519800390029308
0.0003286023330372356
0.00012375152787756668
0.00019581520420895683
0.0008444187627629744
0.0008232433243148885
0.0016894158811532345
0.00012126993956289554
0.000303062640323765
0.00016447626494354555
0.00031044368000444857
0.000351771078113551
0.00018961241009383587
0.00045785267806184297
0.0001227378664889673
0.0005708013406119904
0.0006055790542517008
0.0008789189067236208
0.0006204023079746923
0.0006826380628541598
0.0012226399103771092
0.002367947934051478
0.0008378948037544352
0.0010040684796785739
0.00025247697444054086
0.00033510338391633444
0.00021043782070196099
0.000645571620885904
0.0007011764079047516
0.0010239125534117549
0.0010615202912115781
0.00018302483384151764
0.00022573313038827037
0.0008302297761010253
4.2432423410210196e-05
0.0009258014617459079
7.172960169469555e-05
0.0014201733360056968
0.00023399099012585473
0.0016850068063554422
0.0008707148209802757
6.444231670521926e-05
0.0005584781974910975
0.0006484980131538375
0.0002458149355872846
0.0005131415194066076
0.0005121739183964707
0.00015489187090313595
0.00040840686174398703
0.0003888174423892781
0.000247674342670849
0.00028723038156419005
0.00019469419839284447
0.0006307331580418825
0.00018381920953597966
0.0007925519636472828
0.00024160842263324815
8.805244783323294e-05
0.0004383986634206659
0.0002443523641620758
0.0007031589045523257
0.0007502652989757206
0.00011034224259986524
0.0003292591607187366
0.0006270992179231272
0.0001383387284178696
0.00031244778046362535
0.0006631470388327607
0.00016540093909822505
0.0008152569489083666
0.00021436912359337987
0.00017456890886323651
0.00023251494956410572
0.00012076194464651451
0.0003354980767342981
0.000505774421563458
0.0002656961737491919
0.00019531378762355263
0.00026112802285169543
0.00014094772742792255
0.0003296353845138453
0.00010108651116198435
0.0011398420946670703
0.00015604056462849495
0.0003400967910525104
0.0001194374993483557
0.00017026430415791475
0.0002962988626853176
0.0004704900941549778
0.0004379062993253916
0.0008462395707107038
0.001334934957352035
0.0021193961897165567
0.0004159066537033601
8.174284742621739e-05
0.0016547659781788856
0.00014572841656582174
0.0007726296789028642
0.001364426278371808
0.0004406542129016143
0.00036589638401902567
5.488074752693732e-05
0.0006081878133621845
0.001840402833318964
0.001925713118150105
0.0008096285197568028
0.0010925449392868273
0.0016154205532911694
0.00018841720087503963
6.243093031709388e-05
0.00043542783316960097
0.0003160688122687559
0.0002907028430147705
0.0010997386710019745
0.0002689347580465889
0.0006760600238977474
0.0003919461511514795
0.00040602494282439364
0.0002964408434367533
0.00010582324122589617
0.0002148476876156948
0.0007857434867031236
0.0003727424464326476
0.00019256161456705602
0.0006051492637849792
0.0003046829061027672
0.00011373426261917821
0.00039048256517929984
3.15479983954956e-05
0.00016397491991949122
0.00012007070194961281
0.0007417519355393637
0.0002805141308916047
0.000748137687155223
0.0004872882959365179
0.0001749704912469619
0.0005641590514110128
0.00030148773032067576
0.0001047478751765796
0.0005106594510846776
0.00027450134774737616
0.0011931842594942116
9.551638285700055e-05
0.0010206995279044603
0.00012537599983571774
0.0005750368501905028
0.00017515180732759387
0.0005138442704858996
0.0012352187059046294
0.0004939705168171864
0.0001567406129594524
0.0006467012052935034
0.0010416504342470254
0.0003422781414441101
0.0001857823203824247
0.0006388557410797979
0.00025834310033114716
6.391263623558725e-05
0.0004498439246970347
0.0010334040704887391
0.000140712339297797
0.00021851171735766075
0.00012512713770630398
0.0006309388478020666
0.00041715428459946816
0.00041731442630741635
0.0007070395913475584
0.0006357997279375572
0.00032109146251663466
0.00034441792136001326
0.0005694401405869581
0.000276251064969131
0.0001303684624331107
0.0002513048059049727
0.0002680962869940099
0.0009124520396426562
0.00030567611072816785
0.00027370948373559365
0.0004067883517356887
0.0003523666748809818
0.00019012549379260153
0.00013472518129285097
0.00032464446857533214
0.0003560594298707815
0.00043598072876997214
0.0009139003954114291
0.001067454938898879
0.00041599513913678115
0.00015766770589360304
0.00048624839857457053
0.0008127577153982875
0.0003425737051696332
0.0006222054322862716
0.0010920349940658604
0.0008727082886051902
0.0005200464755758663
0.0002190269722502592
0.00033764689009406626
0.00033568384368530253
0.00017231190994354903
5.08812894092324e-05
0.0006652933475782134
0.000881076560873426
0.00020498843752932098
0.00015315907869237904
0.00021730350760117218
0.00023525702586218859
0.0015764579836785554
0.0005730635237751701
0.00029438772623153044
0.0002182830042929183
0.0004182334024179739
0.00023417394694270574
0.000860397780840409
0.0003333136049528447
0.00021427563199414893
0.0008992389140216933
9.98784669718997e-05
0.00016065627475152718
0.0009614586447523929
0.00014395917362052647
0.0009429631226271155
0.0006220019308865995
0.00024140386849342874
0.000790933341815667
0.0002521074387048225
0.000653266210168812
0.0007175077336624179
0.0002953895744671932
0.00012141107057963744
0.0017461422143160675
0.00017830303353387418
0.00041706397548924067
0.000511455470661354
0.00019017688459525324
0.0007215348939298444
0.0001107734655830594
0.0006016091866928629
0.00024374047268955587
9.719629035458747e-05
9.046999873558991e-05
8.200638728028708e-05
5.8278014028758664e-05
0.00021339527027693846
0.0012728843710088104
0.00010433049804922012
0.0009966705748352947
0.00028235219341303633
0.0006092097336068897
0.000529977275982763
0.0006613822216317185
0.0005981432262672295
0.0008306312873015886
0.0003898250164839367
0.00011557373515355172
0.00036080731269414677
0.0011925426546516816
0.0003693693941460214
0.00011146783714894594
0.0002079379185876427
0.0006837740129254034
0.00032142436060500013
0.0007590405003045497
0.0016627053060720974
0.0005301491294136952
0.0006981026741075731
0.00029005078122220095
0.0004060623368416865
0.0002948640533840672
0.00012710231546592858
0.00038356008575680614
0.00041536430323564345
0.0010692482160708173
0.0006904305749443172
0.00045251966356697705
0.0003635645002094726
0.0002136912827866577
0.00012530586925343486
0.0008525039282135344
0.00017388243967907045
0.0005228192045948878
0.0007097181725390095
0.00031691227666858716
6.623343614193591e-05
0.00016488284505053656
0.0010329674818006177
2.7902576333747418e-05
2.8356479041687683e-05
0.00013703729377600595
0.00036167101016646076
0.00013380126989826502
0.0002745979441732705
0.00028144501723389347
0.0003108955884075571
0.0005424230447437676
0.0002842862319074661
0.000756323086955459
0.00016212412743405813
0.00043309559825558286
0.00025891651546616854
8.663380570158823e-05
0.0002248869094168346
0.0005834978580363772
0.0007105999684917491
0.00010975981928777357
0.0001600877418755787
0.00016581397570567444
0.0010245887745302144
0.00011284944157419621
0.0008236687069660784
6.606693237281756e-05
0.000754575948929394
0.0001020326971524538
8.501385187891537e-05
0.00041650664185238784
0.0006307091387400019
0.0004446471820638361
0.00041280803987825486
0.0005567728966128703
0.0005351251230595118
0.0003458343813757889
0.00010695816998244773
0.0002063287204744181
0.0005460219293300045
0.00034395189150107256
0.0008619077793141589
0.00027016906856376573
0.00012054332079840877
0.0003373650555281098
0.0007231514811221981
0.00022243223973956539
0.00028899735804232575
0.00044065896967993164
0.00028225513280878835
0.00013532524230421553
0.0005367559302842743
0.000240597571175814
0.0004364328581874605
0.0003894440811663509
0.00019943783981828553
0.0002546397250619894
7.971398893692862e-05
0.0005524784616020782
0.0005506920553197163
0.0008069691128071626
0.00021298848009798405
0.0004953524530735807
0.0002564876778875255
0.00016469494119658454
0.0002577828439417569
0.0006160055492748949
4.929841313902431e-05
0.0005525197673077669
0.00012820576623054705
0.0005059499836646047
0.0004900892933477998
0.000440769446676123
5.892480528889977e-05
0.0001665030264448045
0.0009532228101456175
0.00020762951491211184
0.0007314859439127303
0.0002723626205282872
0.0002780059371991695
0.0004625135856228011
0.00011357869978841941
0.000284677728927521
0.0016277224645940272
0.0001480298468696342
0.00028831306184553754
0.0004074697288561297
0.0005104617686434598
0.0003847866007752021
0.0002341317287388915
0.00037435188253875023
0.0005920990512213808
5.237890748481296e-05
0.00019588585176871857
0.0002552374006342199
0.00091106102660453
0.0002706142661446982
0.0002769190074565361
0.00035676203346036273
0.00018523629801890312
0.0001366570172672927
0.00028098502146938186
0.00010740088574495685
0.00014993002517445922
0.0003191043680876052
0.000531899767220169
0.00014330310034957287
0.0002681160181981424
0.00016479555134380497
5.136000712984162e-05
0.00024096703087115952
0.0003668166160327575
0.00013517826057796428
0.00013556441136690172
4.7627154798053055e-05
0.00033538604715707335
0.00024123960339345125
0.00016727776452588202
8.905433735408777e-05
0.0002621933901456355
0.0002320953708342842
0.0006180788845098229
0.0013390087246924584
0.00035230611981531575
0.00043496803903892356
0.0004031403775214327
0.0003753399801801981
0.00025695320805708277
0.00019044023311539686
0.00042224667371713095
0.0006457101317158529
0.0005388423939494932
6.718260827004544e-05
0.00019042691765874386
0.0003236114045240457
6.312058555201904e-05
0.0002173978424606095
0.000208675025391432
0.00040632412994786254
0.00018319585267354485
0.0006911447717010276
0.00026445888622269725
4.8901687879948015e-05
0.00019388143338584186
0.0006075252378695744
0.00015617165203596714
0.00019521982566763808
0.00042040393334057363
0.00027206448159569944
0.00042796613514540366
0.000739529474776463
0.0007295467667957649
0.0004356852123446817
0.0003648264468771271
0.00035998894399918307
0.00017267553677743796
3.3906736202422006e-05
0.00021142795143650026
0.00010238524927090179
0.0002554370954245677
0.00013533126456428653
9.802781145360173e-05
5.7957100422742415e-05
9.561386326351531e-05
0.0003209620377547978
0.00019843362203432664
0.0018647488854333007
6.348151110329598e-05
0.0001012369988565673
0.00028156737526425975
0.000787961787515369
0.0005188270137466921
0.0012611835414073041
0.0001266637441816353
0.00044990724392251444
0.0002793376321239722
0.00019710404191072657
0.0006603328119237718
0.0001649617776949925
0.00020764984964504127
0.00016739673800537406
0.00019080495940507864
0.00039590507541706
0.0002824972246141921
0.0002931848624172889
0.00015889439529987487
8.107469413273479e-05
0.00018896576595126447
0.0001988554331803267
6.546848659278801e-05
0.0004375072639153916
0.00010763909025935342
0.00030636696408463984
0.0005085439410123505
0.0007936444822521382
0.0003952490118365802
4.842787168426555e-05
0.00043977258873872374
0.000359432445996341
0.00014696170128499538
0.0004173242804144013
9.317922345835506e-05
0.00025970975607943344
0.0002672662919193105
8.935579439308731e-05
0.0001300068508159123
0.00047062025425092
0.0006422506250321769
0.0003942823715759021
0.0013872388528707957
0.00020154481567334672
0.00039875479595113635
0.0004052204702411905
0.0007573675593338515
0.0009202876126418603
0.00023274381511986596
0.00020218487603386
0.0004938410147709485
0.0007840364240779738
0.00013649725753457927
0.00019006979443284526
0.00015780457492165726
0.00015302631493092217
0.00039240159896774976
0.0003180783696472927
4.826000199326946e-05
0.00042969046959289613
0.00024565575262154463
5.276056416689308e-05
0.0006508968490156946
0.000450920579768796
0.000361686554655314
0.0009030993331179343
0.0003281543485237767
5.6862186411137786e-05
0.00014758234134806093
0.00014829606869460037
0.00044874531923054224
0.00025428088423050534
7.719040126766392e-05
0.00030986634945230596
5.6272839374451895e-05
0.00022421683156773054
0.000319830995157056
0.00019257413518839465
0.00010582898462571297
0.0007394908029223359
8.879556798934171e-05
8.052717151963894e-05
0.0005343480653431743
0.0009581225411752354
0.00017100446468766944
9.843948003739365e-05
0.00020630457426465035
2.675404709732543e-05
5.638255465043851e-05
0.00048514096547646983
0.0011094471804191453
7.945204826706424e-05
0.0005090300412140838
0.00024690451410843366
0.00011885123968422573
0.0002114058276761319
0.00028092678184153913
0.00017043890790089414
0.0010198426834894516
0.0004389868807119316
0.00012314226579419852
0.0002205863562670021
0.00010621130083399631
5.863599771568467e-05
0.00044004618505591914
0.0002838949795498831
0.0001660482993833737
0.00042451863484679913
0.00017535046539274288
0.00031006311244304263
6.638110989413516e-05
0.00011741080603519684
0.00013736422908641114
0.0002767074341142231
9.338948433171258e-05
6.469736547081622e-05
0.00012066890877771793
0.0001328901797656174
2.9295591502661176e-05
0.0003352596775597625
0.00040110079394140334
0.00042914727097206787
0.0007695786387812367
0.00019651002800650507
3.170929721708804e-05
8.172151151795928e-05
0.0001225794426786606
0.00039023750602614453
0.00038155384214154733
4.386374652588698e-05
0.00023014799311321614
0.00024541155350617
0.0004062459993224857
0.00038901784762982106
0.00024529876066256567
0.00022947450155667973
6.793247883980976e-05
0.0001937144794270235
0.0002738837490866201
0.00010615001753857764
0.00017697527409169848
0.00012768742183696987
0.00020588802195420705
0.00021313795395707367
0.00040677180971152564
0.00046278101414225654
6.25414690819951e-05
0.00017636448711274603
6.822614036561241e-05
0.00023326943000458948
0.0004248056240388492
0.0007528166614975094
4.935666851513112e-05
0.0003438594231320901
9.118065747555609e-05
0.0006385580846120368
0.00012244838132824168
7.934820778766656e-05
0.00010735626483540154
0.00019087764543361286
0.0006313182830345424
0.0001260957239299942
0.0005464844046080512
0.0001577186502137827
0.00040576492971238664
0.00012044790671905226
7.380197005459326e-05
4.463890205107464e-05
0.000246388976536715
0.00018479814420998625
0.00026320026224342603
0.000570235055639049
0.00016427588878893066
0.0006113280278489292
0.0001695635599923012
0.00017886603792105653
0.0007307457002039195
9.093641145110188e-05
0.00026271633875995804
0.0001449776716093004
0.0001536356343159199
0.0003443153950263891
0.00019353554621181476
2.9111856357298458e-05
0.0001263917565468696
0.0005936430393899022
0.00030315903995677145
0.0006258959007907934
0.00027626559946952
0.0003351550057401093
0.00026455546330482796
0.0004079921559201552
0.0002902602656901408
0.0006588519303276333
0.0002879681600412316
6.686300752716405e-05
0.00015737734383239753
0.00039231659252972757
0.0006526284989041742
4.469870103251521e-05
4.9617631917501476e-05
0.00048265173823311435
0.00010001194186938571
7.722351590436888e-05
8.445644306633768e-05
8.900690316938564e-05
0.00011783065281422726
0.00032441911435434397
0.0003901463203746641
0.0003560074138745055
9.329324592396113e-05
0.00017488296121599556
0.0001607129019376711
0.0007231339925251843
0.00010235345301489682
0.00024211040096604395
0.0002817271596311994
0.00014395498911357328
0.00037971490442194615
0.0001862745094778004
0.0001543850139420716
0.0006097091142109209
0.00018109325801186462
0.00017134761172156107
3.141542822027697e-05
0.0002981695443301393
0.0005496615333710984
0.00020475902140720486
0.0011994030171931561
0.00034848160441286143
0.00032608356329514275
0.0008219199184414472
0.0003092430367884751
8.790582631907108e-05
0.0002545689959459925
0.0005728773551113202
0.00017601655523814973
3.22399205114006e-05
7.695636479667095e-05
0.0001469912798293631
0.0002110609282188724
1.792379465922953e-05
0.0005244897164397333
6.327669719240728e-05
0.0001454092718277427
2.2013613422900594e-05
0.0003104480115744756
0.0004666253062707717
0.00019263141461456736
0.00020928541998706647
0.00011500053446837894
9.783158449405399e-05
0.00013018092594876027
0.0004462277657466446
0.0001021233572672937
0.0003008967794530813
0.0005011729596564225
2.8737131334278626e-05
0.00010717822386845505
0.0004846778552296163
0.00020723153316530888
0.0002508133529231671
0.0002455571644384432
0.00034277822992501573
0.00021962009921149044
3.5277689759237934e-05
0.0013880721889917595
0.00015213755697057345
0.000522045562632437
0.0007197713710841384
0.00020305088175605291
7.336011759151528e-05
9.185055806262882e-05
4.260615210414163e-05
0.0010719350071655845
0.0008442972184504714
0.00010878789151189438
0.00018531003650694745
0.00010085351212365996
0.0007309786862538395
4.868905540214768e-05
0.00026075025077313665
0.0003192945556554711
0.00012081538513703174
0.00012010332034953645
7.057382200075905e-05
0.00031663062857174244
0.00012857844644585862
0.00019028874592924778
0.00020293124538324676
0.0004837942602493841
0.00020072873890222788
0.00033670361921058064
0.0003031539840710125
0.0008772227225195184
0.00013018156959579777
0.00010712713669116173
4.116501758882906e-05
0.0003889037421352785
6.555052504622589e-05
0.0006441751140329893
5.176134839720171e-05
0.0001226951309786248
0.0001135654351115764
8.879181105721997e-05
0.00011438306822712834
0.0001224053590096618
0.00028077123086546615
0.0001923877275748833
0.0001452757014376875
0.0002079259596386421
0.00042442214062035134
4.714850338648995e-05
0.0002324062284514238
0.0002468781292789237
0.00023295547547515482
0.0001988779544208278
0.00019724781888281668
0.00043377199290844313
0.0001088002607599113
6.568737547478585e-05
0.00027884518789369594
4.763275836742387e-05
6.044907830587792e-05
0.0002214246129281693
2.189021309198932e-05
0.00036854663424361334
0.00010291017788179643
0.000312489666611155
0.0001325417750674847
0.00017032001618324142
0.00019128928133729266
0.00015179457119453754
0.00047934317136136625
0.0001111207488751121
0.0001507976172202076
0.00018330970808086772
0.00039913202711012384
0.00019542305773263648
0.0003133065232732792
7.484602204176802e-05
8.92508098521937e-05
0.0001641428287323197
5.242080285309404e-05
7.636235803367669e-05
0.00010577702273381326
0.0001630486001227929
0.00017649581498660865
7.517277370548854e-05
6.575915247154554e-05
7.213312665418221e-05
5.5671024247535596e-05
0.0005080471136620889
4.539691523027567e-05
0.00019094610207692804
0.00021680393429658232
0.0004500278502251582
0.00027012275850115487
0.00043309517548149445
0.00012044057918281575
0.0003406361043669708
0.00017568463184800394
0.0001298349283762934
0.00023343646055906339
6.279220567595824e-05
0.0001374889429547175
0.0006558903055803424
0.0006938305505594785
0.0001400404848326539
0.0007037091813119574
0.0008809239308569149
9.044765005145247e-05
5.7053640320390444e-05
0.0005921241163193097
0.0004692941440054213
0.00028091309643841296
2.6721221578746735e-05
0.0007508880484003294
0.0003733932477787612
0.000192336202862285
0.00017973400077735412
0.0003066613139364411
0.00017162210779282858
0.00016051074964968808
7.5447864009073e-05
0.0002722319441126665
0.00017952432978307948
6.912671464838115e-05
0.00020462449514140947
0.0002066898133538732
0.00018654885116933245
0.000701935888886659
9.392778510061895e-05
0.0010354020510271434
4.5464584734811674e-05
0.000573789519923734
0.00011196875986916804
3.2996580870737246e-05
0.0001713444754989867
0.0006796603134651934
3.960213043160458e-05
0.00024258352057379554
0.00040746087411585154
0.0006407909050862958
0.00021739294486644537
0.0004814966036914982
6.961120562331791e-05
0.0004420910741493585
0.00027984351858842594
9.281187458274362e-05
0.00022430761721381232
0.0001363916457983507
0.00022704668317846905
5.314815693228891e-05
0.00010152291078581892
0.00048083358629002083
0.00021502127880066013
0.0005885195793594965
0.0001654401874247921
0.00023489952626249374
0.00010243259588916501
0.0002422122611294977
3.4841735145238643e-05
0.00027833060711741393
9.24476108801314e-05
0.00015471159913457843
0.0003825348968202293
0.00048412700795361855
0.0011514221278386286
0.00019536019437181007
0.00021243457877741521
6.228248218431308e-05
0.000197665558874647
6.905120156624186e-05
0.0001221283872961602
0.0002010521380703257
0.00021138053208014004
0.00013883250280600874
0.00027495613323865224
8.330565752382247e-05
0.0008748681911567774
0.0003585505072875138
0.0004538846859042612
0.0007615207595416499
0.001406036951090712
0.0005583227622006885
0.00015905999136403968
0.00014377961184256432
0.0004125933356301493
0.00015627185927520831
0.0001538139677641613
0.0003088376554400254
7.931356597279405e-05
0.00017384472082159486
0.00037184863418601965
0.0003641741647164866
0.00015858856439392722
0.0003745782240735646
0.00019667093226656137
6.673114739069311e-05
8.263121257512901e-05
0.00032439298142337384
0.0001322105004746988
0.00013229641341944766
3.271071553630668e-05
4.547808622270917e-05
6.427194178869977e-05
3.533691208941881e-05
5.466437978380009e-05
5.083391484234309e-05
0.0005965297125526856
0.00019619809692435694
0.00010582214085032311
0.0009493879584763096
0.000799412696105034
0.00016867414016881406
0.00022412210140911767
4.4015007031487966e-05
7.393421079741841e-05
0.00013756669086353637
0.00036842311891361685
9.898381126760112e-05
0.0003802409764573449
7.399716811773473e-05
0.00033285657705660923
0.000286404332263975
6.116659643743266e-05
0.00031445704760476516
0.00027435239305345735
0.000725630506594745
0.0009356374809340613
6.492567895391676e-05
0.0006591753129433747
0.00022874748642489476
0.0001609249744502975
0.00013826363981610612
0.00014189866021575205
9.975432560810472e-05
0.00033436571219964717
0.00021354825504144527
0.0002618602210759218
7.503346530817219e-05
0.0006991350085039322
0.00025631527587952096
0.00025753532926498055
0.00022592446233048215
0.000310771047566255
8.193150966979561e-05
0.0001427072415684006
0.00045692379559226435
0.00011149942922832017
0.0003773360048368883
4.207051328211462e-05
8.06294770708216e-05
3.892462496918968e-05
0.00022259182067510373
7.348340794437776e-05
0.0001748001808099788
8.804712380503383e-05
0.000208180935356798
0.00042523047850232123
0.00020121027632835203
0.0012615449885748928
9.361162677937624e-05
0.00012097981750418583
0.0001301661247341669
0.00014559978459558127
0.0001677751026862352
3.4679485365132754e-05
6.557137420310013e-05
8.682989879244599e-05
0.0002349983084766659
0.0013973175273577288
8.195738776072598e-05
0.0001462235443206789
5.418453956086074e-05
0.00015349948177350656
0.00011552263828398376
0.0004950817085210071
0.00039689533050982993
0.00048711698180581433
0.0001445344389932248
8.922635556528956e-05
0.0004665643238177242
0.000890052724686155
0.0004956859970246056
0.00013529456367775657
0.0003368577353896171
0.00042966099291717036
0.0002299620049863637
5.952622980974693e-05
0.00020263508157000214
0.00026892905030235207
9.856218443820673e-05
0.00028827664006432355
3.483214308896692e-05
0.00017450254086568342
0.00011268363532710824
0.0001977794242824045
0.0001691440308695212
0.0004557600354640562
0.00023286441002167422
3.839993326332447e-05
0.000150250494589836
0.0001806568203734697
9.559395883981267e-05
0.00017073256335851787
0.0003587216170517395
6.3888393134686e-05
6.745084566749481e-05
0.0002735208143965724
8.429983359233004e-05
0.00010405069509758147
7.972006807201881e-05
9.431727910966748e-05
9.320215160317625e-05
0.00020999250880620015
0.0005129924045318509
6.035299382582562e-05
8.365129641268571e-05
0.00029395332768169835
0.0006208383040009011
0.00021259040445420908
0.0001279705111560825
6.499021950114881e-05
0.00011359569731609462
8.822146378204914e-05
0.00020875799192607178
4.0535024704666444e-05
0.0002449689712554437
0.000204020202621099
0.0003058508863785701
0.00013548803498398765
0.00019942966486537257
0.00011716632856561713
0.00042012349792969563
0.0002037926816582194
0.0005660696647318324
0.00015902710893409764
0.00015892483750476472
5.5785264734893684e-05
4.049741627035336e-05
3.309712504094115e-05
0.00014223005698802367
0.0005972921473835084
0.00016479492165833026
0.00011122724662057227
0.00012188693813334666
4.074169492150374e-05
0.00025960501080589713
0.0001128360923652651
0.00015202553846309163
0.00044301650003315883
0.00014934723285173264
7.907899915771115e-05
0.0002899193937442347
0.00025007286711128225
4.839080588579637e-05
4.890303416281456e-05
0.00013638921479535162
0.00023578663740593173
0.00014157373489129905
0.00014255577373764887
0.00010342980437587724
0.00013994796631842084
8.987212814741847e-05
0.0003982055530218747
0.00023970271338223762
9.888622022092613e-05
5.1126095636661206e-05
0.0002099846315258799
0.0007054669536795307
0.0002884656961736751
0.00016913223860561447
6.573426020161823e-05
0.0003949751160011879
6.838885135749914e-05
0.00020755913095786663
0.0004690555010780574
9.635417436240282e-05
0.00011500048818254734
4.691104693198773e-05
0.00023631823930980432
4.5792297287464636e-05
0.00033645831645178143
0.00012992049257898756
0.00014660113443331244
0.00030832697559666936
0.00012115641679315094
6.434159382153151e-05
0.0002310227811780436
0.0010139904307536348
0.0001377866611513171
0.0006214105428730778
0.0001581865869720558
0.0008050498594201138
0.00015359829465779384
0.00047120185969012673
0.00022326754257367737
0.00011966141375979944
7.524759735275982e-05
0.00024101998615612055
0.00010744863710676213
0.00018800481816375061
0.000126375402931705
0.00011574279652636946
3.601836751638995e-05
0.00012938263838336534
6.592020214238378e-05
5.789677378678053e-05
9.798258790695616e-05
0.00014913109766912655
7.592721934331156e-05
6.003648391273272e-05
0.00017920029126633293
5.3000448805051256e-05
0.00039393771118947154
0.0003233472411111048
0.00030718925256696965
0.0001447428413322457
0.00021073680152923282
0.0001528476076702165
0.00013847512570617886
4.911323260671868e-05
4.160657103264665e-05
0.00019433924563930758
2.8636843788432614e-05
0.00016632839061803763
0.00019761886540761004
5.108312909838832e-05
0.00021160641659558654
9.923336745132912e-05
9.157508923415909e-05
0.0004965989625958245
0.00027252388501512325
9.901313753746543e-05
0.00024119074003482982
0.00011978511904270132
0.002969523731393254
6.923411570446648e-05
3.0422789311243554e-05
4.104751586658389e-05
0.0001694494254287393
0.00014229602961053146
5.6336085821707526e-05
0.00016080019555333652
3.571872259694354e-05
8.243441944301225e-05
0.0012699483214953149
0.0003156415860622485
0.00016232975811725632
0.00033455372415961386
9.866783112294601e-05
6.683418294227269e-05
0.00011925396126200065
0.00013032744936319578
0.00020971131445921083
4.024936828204971e-05
0.000420587034997325
0.00031490664131090027
0.00036933853235285096
0.0004379776245309032
0.00024676600331218553
0.0002798342356497309
0.00012622656061611102
6.592928141170592e-05
3.516491918806974e-05
0.00010010306104006879
0.0003538629643933773
0.0003759347956304778
5.71007458574944e-05
0.00013660880548596116
0.00036393539335021277
0.00019724014710987447
0.00015614639521958494
8.027253512678368e-05
0.0003383656665912502
0.00023523308761324216
0.0001997368779519865
5.767583505225291e-05
0.00012650425748540306
0.00011812872464001015
0.0002229029152756444
3.800803512298931e-05
7.782744777838295e-05
3.478457824189463e-05
0.0001244876810519106
4.7465367280780794e-05
0.0003570099903652944
0.00025525328619751414
0.00028359087401542515
0.0005505604636917905
5.6496031954208664e-05
0.000342418345299663
0.00010000113801538115
0.00021437155588064575
0.00021164554305278514
0.00016180128381207184
2.9159789621155604e-05
0.00010319448642578492
0.00013525958647665697
0.0001094720171548497
0.0002938488713120684
0.00019339365034220802
0.0002571155958643616
0.00015079974954804434
0.0003915946467095309
7.733374165199748e-05
9.088965044504809e-05
0.0003316517458124607
0.00022252139649084213
0.0003245997125395983
8.192876628173825e-05
0.00014693763888540398
2.8885735159604666e-05
8.658901879978124e-05
0.00018398429177802136
2.394999806942737e-05
0.00012595080730526306
0.0002810903681604488
0.0005391013277119952
0.00019214967930036703
0.0006621774055586812
9.397535542324514e-05
0.00024093909234678342
3.212213047314683e-05
0.00019581971172048118
0.00026060420497220604
0.00024362245581714055
0.000638892348394172
0.00022779160299692063
0.0004914136162973854
0.00014469283084050298
0.00012471739548782813
0.0004174805495056021
3.1712446030320585e-05
7.88181898814833e-05
0.00029370637557212464
0.0001557906425179875
0.00025531830366479143
0.0007315788840168034
7.675234112397678e-05
6.742814813599154e-05
0.00042547623942629253
8.624084455025501e-05
4.8330815989583086e-05
0.0003575892675835264
4.993889721990518e-05
0.00010197848160028094
0.0001791283651595875
5.160818922836292e-05
7.221723362298774e-05
0.0003800185003249801
0.00010901096070199158
0.0003131129156060773
0.00017805637237488383
0.00015944867816580503
0.00017841801779303862
3.935089605093689e-05
0.0001007436106708698
0.00023997076101054296
3.691311431840864e-05
5.643335968762165e-05
8.293947824007051e-05
0.00014286515178563505
0.0002162271205876853
7.830103356367066e-05
8.424242387247255e-05
0.00010064145372773186
0.0005280618364860832
0.0002195078780788005
9.054070241160055e-05
2.7067587937380615e-05
0.00020202327500812802
0.0001558702661022321
0.00017540985636255082
7.673439409998581e-05
0.0002919812908260661
8.622622476703383e-05
0.000298482231648732
0.00020371469965468092
5.372540334303946e-05
6.352045990341182e-05
0.00019059600974036104
0.00034535152884748385
0.0009317802622685566
6.0249389516800296e-05
0.00017707395794251514
2.9589146883139614e-05
0.0005657339735082234
0.00026135233088905055
7.166292709758401e-05
3.6234946800796055e-05
0.00027253994292967995
0.0005691631972047193
3.971791651421282e-05
7.72998010678158e-05
0.00016271202463125897
0.00045828560933554736
3.281410206256961e-05
0.00012127788885442741
8.296055517025569e-05
6.072057994429866e-05
8.769316818274201e-05
0.0001973753742917222
2.6219761403260696e-05
4.33571092310328e-05
0.00012059477487277516
8.235085388680207e-05
0.00014061518945308554
2.2743997049911253e-05
0.00019906424976853484
0.0005684696226050616
0.0001305762324197585
0.00010199829378083479
0.00011716124434027208
0.00016376804561218976
0.00013304818644221153
0.000650677818328255
0.0003625282705713177
7.356200750911418e-05
5.606109504742125e-05
4.829685767423817e-05
8.624794716206597e-05
0.00018360653321087194
0.00010859274641016803
0.0003245455323162142
0.00019936728392071264
3.213575563064254e-05
0.00012798623632524598
6.470403660325227e-05
4.990149483202683e-05
2.768026011378338e-05
6.622996938619163e-05
0.000132010249184111
0.00029321701394023115
9.109448587505959e-05
7.849297483777075e-05
0.0002848854356868143
0.00014648508335326889
0.00019685747148340553
5.714673699684238e-05
6.177167047378904e-05
5.740408563141116e-05
4.296629005219641e-05
0.0001522566688332542
0.00033601904988697146
0.0003542081764438573
0.00020681197791200102
0.00033429418410113327
0.00011423110766544115
0.0006218032601186535
0.0002660628596411287
8.454056088918984e-05
0.0001437285440248011
0.00017889764326407603
0.0001000781263802343
0.00012060449204778658
0.00025980217575645724
0.00012573709861324111
9.145900614086163e-05
0.00020975047707237778
0.0003001829024130291
0.00011232130267696837
0.0010287491668781734
3.9754430150204124e-05
0.00010143178331774651
0.0002568421481956364
4.887315021520765e-05
0.0002065581388026259
0.00031104226603075887
0.0006567988715886899
0.00010614445611453167
0.00026790695497144154
6.041004190057764e-05
0.00020798409485488456
0.00011296102813356047
4.606293723061379e-05
6.375899572831733e-05
3.183640188825114e-05
0.00023721389184576595
0.00011945891518949922
0.00010994992228059609
4.700939224434908e-05
0.00013664798325424313
0.0006497868984123023
0.00013138683581826496
0.00011140066706184135
5.9404977179630137e-05
5.6425799880110026e-05
8.96443041192434e-05
6.30360595736315e-05
0.00016163476319757745
0.0004793819831430459
4.800335560132196e-05
0.00010766414103460517
2.2248999778108176e-05
0.00013352926405023325
5.1076435964209046e-05
4.059374572738461e-05
0.00011794341536436518
0.00011651486602624864
3.84385081241814e-05
0.00012013754127337798
0.00020083577852225088
9.817421765725685e-05
0.000239084286027827
0.0005125807513184392
0.00019615137075279613
0.00010959766520369513
4.509007434527167e-05
6.571899828973053e-05
4.087287315513657e-05
0.00022051856098331357
0.0001310509016716074
6.274152598992437e-05
0.00025246594432095016
0.0001498919254964071
5.231755668025862e-05
0.00043590891257631154
8.259907624109798e-05
0.00020543474848020576
9.385765215935718e-05
0.00012979557578266638
2.7820142995519408e-05
3.8574426443992274e-05
3.623360668725615e-05
0.00021308551569718473
2.8012847187905202e-05
9.868565187813702e-05
0.00016428739346765285
0.0008879496184176934
7.515768763312771e-05
0.0004169566435892815
0.0001200886616934091
9.39590419319713e-05
3.5238654208118556e-05
0.00011530586590121406
2.5455211391548955e-05
5.386870472078468e-05
0.00011069476975058386
0.00010869926971260888
6.300578369793258e-05
6.775789080772196e-05
0.00028882857193610295
5.2225788030222425e-05
0.0003756305830070404
0.00019564044257264
0.00015226970275133102
0.0004016104527491713
3.487782507396894e-05
0.00015277214776509844
0.00011073888250160029
0.00019876220983026775
0.00011455087228104987
0.0002847297788640826
0.0002114641397352011
4.185156164573731e-05
9.298099532743597e-05
0.00011497608305333608
0.00012155257006877587
3.975706983742049e-05
6.583343353397728e-05
8.028715955419248e-05
0.000172111731266497
5.449058211008631e-05
9.840382712984785e-05
0.00014631458668210872
0.0001720978725213307
0.00021358764301956405
3.221025177797074e-05
4.4164024301283946e-05
0.00017285232322649253
4.050951696105913e-05
0.0003232017196179791
9.413354262366681e-05
0.00020277289306174054
3.634914643828959e-05
0.00013022236759380274
9.506595133055415e-05
0.00010208292197379301
0.0001462541891001025
3.9100262536788094e-05
0.00018652657869015906
0.00017293715404511915
4.069100963696786e-05
0.00015126627856767237
5.065203336757314e-05
0.0006413074731372588
3.762659266839519e-05
0.00018807444352428432
0.00019180990732835978
3.774321498129207e-05
7.99167456696785e-05
7.222842083575638e-05
4.5321163965051364e-05
0.0005884712384281544
0.00022690535442551624
5.2696443230993884e-05
4.191566652055599e-05
4.538963094857931e-05
8.296674497620364e-05
0.00016853097900041265
0.0001283331991695981
0.0007614311280500492
7.582565943678113e-05
6.528381304447809e-05
0.00010501802218022274
0.0002311815716438836
4.041600875053196e-05
0.00036226928436199817
0.0002601086526546982
0.0004480488988463128
3.2338595167894855e-05
6.0209396972763525e-05
6.463388023269208e-05
0.00013785060748262553
0.00014452101262811431
7.017498374350075e-05
0.00043579427982418117
0.00011414138406886097
0.0006779947119034671
0.00010744383878612078
0.00013269334263186212
0.00010383273322654437
0.0005534463921311398
4.6421193903071105e-05
0.00010991716064512788
5.059057621638466e-05
0.00015510967225547764
7.119275096510715e-05
0.00010572658589104856
8.625937485232686e-05
4.242319910161046e-05
4.885655811164022e-05
0.00014717726786683916
8.279992223186832e-05
5.1226955179069575e-05
4.1068032444038816e-05
0.00010064363999099618
8.680272615309829e-05
0.00039845176510284796
0.00020149968015009106
0.00026508699279006147
0.00013508843763471463
6.568163470572538e-05
0.0003333365035358319
0.00020324344482052626
0.0003727638099172482
4.322715650455008e-05
0.00020254586291908858
7.452866472867735e-05
0.00020308118250022557
0.000376010150148878
0.00017259706954668991
0.00013914890047094343
4.331102997127687e-05
5.8490721153999205e-05
0.00016345530446524898
4.772801708467344e-05
3.0465495853681493e-05
9.328565375542227e-05
7.920458085315318e-05
2.7937379711633586e-05
0.0003350316754674761
0.00017594974300544144
0.00024377841093953977
0.0001310160169242323
0.0002594404372300236
0.00017344640198349264
0.00015403058478115033
5.6468745622070144e-05
9.102877379651209e-05
0.00010234410328803323
0.00018833422142138718
8.797759688048411e-05
0.00016563768269700055
0.00010283076073153797
0.00014853948143231962
6.32361340872415e-05
7.708299448491918e-05
4.380173374829623e-05
0.00010812440930367179
0.00037376338638947217
5.821606153449746e-05
0.00019943787587058183
0.00021600246044526026
0.00016053979457895053
0.0002025487542842321
5.208096483093188e-05
0.00027870239909012323
3.2644506518249315e-05
0.00012681022736392794
0.00013491870786429944
0.00043168807546677785
0.00016038857747387235
4.856842953721422e-05
3.578458489462409e-05
0.0001693343856251674
8.00098310983147e-05
0.0002256012374405597
0.000100679792702446
0.00011679234362771725
0.0003517280867972232
7.989705124302582e-05
4.660530510264142e-05
0.00012269244090762292
7.552164117742074e-05
0.00038850297793959973
5.081918678016238e-05
7.958178321130374e-05
9.681721180805831e-05
8.535443881646263e-05
0.00011539602661259749
0.0005194551911596051
9.973889382710696e-05
5.2391477409884046e-05
0.00010582597806050656
9.0020202562102e-05
0.00019954831004410472
0.00011859327922455309
0.00015081493142969713
3.1468361849533326e-05
6.968222099283536e-05
4.6564780751035434e-05
0.00011424787089952458
0.0001445760775504786
2.7136673010526746e-05
7.311857795853811e-05
9.525198221924604e-05
2.6982635999898485e-05
0.0003598446260977981
0.0001741476711054183
0.0001756779083965714
6.964958417757017e-05
0.00035316924190724583
0.00015090827793281232
0.000284089064092376
1.984846925472945e-05
0.00013765003757263233
0.00018344912069955086
4.837134892712276e-05
5.859228158441319e-05
4.0456785971973425e-05
0.00013061767958573412
0.0002767421476430231
6.481611253864603e-05
9.445513506158433e-05
0.00024182410164493915
0.00016928759719672578
4.0522548782672106e-05
4.486106208837589e-05
0.0001257984124225949
0.0001520968403474195
0.00011617860193205474
7.622781370355033e-05
0.00010248124278105558
0.00035859258308207635
0.0002229888719337725
1.8552819775044744e-05
5.1868684757162314e-05
7.654570039470616e-05
0.00012236404242549822
2.9854728489788186e-05
0.0002828491967158447
7.251831635261022e-05
3.951123619950656e-05
0.0001097051144421621
5.424940502024627e-05
0.0003815739173125223
0.00010645076144095805
0.00010657813843323378
8.048144568415285e-05
4.5437131478224425e-05
0.00017483844266234132
0.0001307711960579928
0.00016290236197393578
0.0011962442978618274
0.0006746664586263034
5.2746650007664324e-05
7.653508530605508e-05
0.00010675686742692145
0.00015418284603090524
0.00020157008083239097
0.00010808229078824728
0.00047235404395438324
3.052359097575496e-05
0.00011319599386920654
6.588017025040473e-05
2.976465983023456e-05
0.00020923361244004314
0.00011803286731750708
6.936655943270171e-05
8.27143985214734e-05
0.00014299231028194954
0.0001453448278185217
0.00018184255783021007
3.989521286214775e-05
0.0002820884166444741
0.00015319307935083307
0.00010645665921668021
7.045160759840182e-05
0.00010771293896794427
5.054569339548187e-05
4.50201536209481e-05
0.00014689312098485727
0.00015271091240092252
0.000141515877912958
7.632689104721853e-05
0.00023668874004515922
3.313930480797804e-05
4.57565171964617e-05
7.23079109084872e-05
0.0004517448356939389
0.0001068154178385814
2.6205354806771817e-05
0.00014199629247672462
0.00024538178678517697
0.00011153162111992298
0.00014166793438286988
7.670810718273504e-05
0.00012071300836003872
3.116546629333969e-05
3.086901630668544e-05
0.0002106602534935599
0.00021789262992409565
6.509325460816254e-05
0.0001905008158485429
2.275143565932517e-05
5.4361159517828576e-05
0.00011884051502883705
5.487286230860858e-05
9.039808727619294e-05
0.0001405301976984342
0.00012307925485931256
9.073308692497868e-05
0.0001597478121801981
9.626899513442492e-05
7.767325422295123e-05
0.0005090356698387596
0.00014668076825613777
3.539555632414563e-05
0.00012682856163375716
0.0001336129093869849
2.9124846695364568e-05
8.373288208583965e-05
0.00017277376958769932
0.00025489125143422553
0.00022245453065141842
5.788839721725081e-05
0.00021775064529421924
0.00011289366448530058
4.3651018164257356e-05
9.795597472082851e-05
8.320947420035666e-05
3.5443811792809196e-05
0.00040483247358946565
0.00015058837436653793
4.598393166377255e-05
8.209234189758071e-05
3.732964607097176e-05
0.00011062720556976139
0.0001601475999692716
3.3873789589343465e-05
7.193651177131058e-05
3.1532467220015154e-05
0.0001030153194976938
8.112035004292756e-05
3.3297686470055553e-05
0.0001838628482194835
0.0002539725095398703
0.00011555354388668934
4.1658958687084254e-05
0.00025691833125523084
0.0004564969464952875
8.401799795713385e-05
0.00024790407223898597
7.761871755081404e-05
0.00013118393593744313
2.9722714083835612e-05
6.267882329968212e-05
0.00013354824340170018
6.30095263916565e-05
0.00011223783473694213
6.144326418418623e-05
0.00014307793474536038
6.0457305146810185e-05
9.561066519328107e-05
3.3238067020782454e-05
1.812552575587945e-05
0.00010996633325771549
5.2519830180873905e-05
7.149932834813995e-05
7.14489749403878e-05
0.00012266476866663263
0.00012082903942138474
2.564360011190534e-05
0.0004943703750507008
3.237708492817809e-05
6.318118885217238e-05
0.0001090820731210035
3.464017121180313e-05
0.00025651055468620153
7.811279361659853e-05
5.744778810416482e-05
0.0002735028676733157
0.00027225275212182414
0.00010799524874378249
5.6110866898475086e-05
8.682703193406044e-05
0.00016538105771795054
0.000105107101873633
0.000420895486123795
0.00022034021480928708
4.987694745095643e-05
0.00014504609841842987
3.712542291419146e-05
4.743878729772952e-05
0.00011186254476438996
4.567029030471852e-05
7.295347314601479e-05
6.281549682754467e-05
0.00034394813810942814
0.00034120308349505917
0.00030530735309343334
4.067502209098248e-05
2.8134885501401742e-05
3.447405551244078e-05
3.6917480971328655e-05
3.7123520428506866e-05
6.991953524742889e-05
4.354867461243845e-05
0.0001979710273756497
7.360969134430858e-05
0.00018249060084189335
0.00014681289045805122
0.00013496650107711674
5.3065500571443685e-05
6.926087365431623e-05
7.619552282992788e-05
5.639139770247113e-05
9.832329084852647e-05
9.45133193071601e-05
9.339133938156796e-05
0.00013489827128471067
0.000256377338694655
0.00022955113597260184
4.574451947522464e-05
3.0443626365475112e-05
4.3919754425419906e-05
0.00023922978230790076
3.21696185541812e-05
0.00024277945381383307
0.00010058109583846866
4.0836061198104615e-05
7.99057125473508e-05
3.610642136680083e-05
4.646104878982938e-05
0.0004639535890809118
0.00019054484170891227
0.00023717009385764793
8.856152609952569e-05
4.0671414043730654e-05
2.380027034803731e-05
3.044465512084956e-05
4.2990374377319835e-05
0.00012326798190190992
5.1153974659384325e-05
9.73306192556282e-05
8.03906514532367e-05
3.545716043150901e-05
4.759349842999068e-05
5.1847131232832056e-05
5.0759052201312744e-05
3.890074561511962e-05
0.000327341395176546
0.00012452816730599067
6.623328355826574e-05
0.00023900787920312072
0.00016256014764367587
0.0001693486007543982
9.987922614680004e-05
6.461141373564265e-05
4.3428251445816545e-05
5.2329920043622065e-05
3.8182350792931895e-05
5.856423521942511e-05
7.886774080180121e-05
9.807430917228273e-05
5.276694956440079e-05
6.0966552706366005e-05
0.00021797668257645113
0.0001643692428293732
5.188320568951947e-05
0.00022960521315751098
0.00015807746369009024
0.00019457956624174388
0.00021958023007493275
3.4805870747176514e-05
0.0005166223465856451
0.00015215826188298324
0.0001741503965517655
9.74025519302229e-05
9.944184911987305e-05
0.00012474709153247998
0.00024059135158351167
8.230676968368764e-05
0.00015493388815139894
0.00022798111490306922
4.263918596625448e-05
0.0002167745368848033
3.8366295506554195e-05
5.7027317474216676e-05
0.00013381969810950974
2.7238648328540216e-05
4.149618656810719e-05
0.00021834017582746348
5.015752522686448e-05
0.00014493709532296159
9.392234483911614e-05
4.538800860854937e-05
4.346567293285312e-05
0.0003708330811848166
2.9175890837448853e-05
0.00012935080466875437
8.185842930286596e-05
3.870672387539148e-05
4.8717089883115986e-05
8.28871463177187e-05
6.189921860722206e-05
6.854012918544284e-05
2.957940743308598e-05
6.837936819845129e-05
0.00010077557942585395
8.726145984645726e-05
0.00034449135279082205
6.524769809213059e-05
5.323546179728045e-05
0.00014374345965762842
6.762406808600179e-05
0.0004179132634203405
0.00021063446246196186
0.0002230125003277066
0.00013893284437947116
8.467921591265504e-05
6.339462942158721e-05
7.966977163694435e-05
2.9928981888195156e-05
0.00021747692553262247
0.00013559539412110128
4.2729571798349883e-05
5.027706934920619e-05
0.0001522247809325961
0.00023829764497642
5.4950623830861616e-05
0.0001426514735587069
5.044133223367331e-05
9.464742840390927e-05
7.431403999693562e-05
4.9323897211900934e-05
3.8185877747183165e-05
0.0002277511512386754
0.00011728367199585631
0.00016575820716253068
0.00028496050493404424
0.0004798777808137913
4.6493546461395926e-05
0.00012705514120252005
5.383979034393899e-05
0.00012519093136155725
7.738612911554751e-05
4.748692831321219e-05
4.721063699341992e-05
0.0003871331340531763
0.00015231822236409217
0.000185425639049671
0.0005398066368860751
0.0001269757095823374
0.0001508751447719665
5.2065467381838354e-05
1.70308103942433e-05
5.890146040719916e-05
0.0001283875401843205
9.090751156091014e-05
4.0806373533186805e-05
0.00027577995094168724
7.431369682413453e-05
0.00041510494386829875
9.938902179070823e-05
0.00014565463740764985
2.9715489429970414e-05
0.00012578434353238075
5.278373483168949e-05
4.272043362565009e-05
9.080767862811814e-05
0.00015849515882515797
3.462242525526781e-05
0.00010543891436250517
5.5041313579940535e-05
4.9562361819195736e-05
3.517909054075843e-05
0.00021720579330937527
9.96622713127263e-05
0.0002478536043203257
0.0001689029730403028
5.063488252741829e-05
0.00010531179911036418
4.062722679672332e-05
0.00012129361673225143
5.7851211432987186e-05
0.00010141525889678762
0.00016312036102703373
0.00014347677782457506
6.941312075464135e-05
0.0001604082847907231
9.273839279864867e-05
2.4952515353200155e-05
5.677510872409188e-05
0.00028153346643983623
0.0001393603097722931
8.669121773844148e-05
0.0001305744333187118
9.518729291012927e-05
5.629248057048417e-05
5.231356138400929e-05
0.00011030507198336097
5.806384537137874e-05
2.4247341269746664e-05
4.8026208368391535e-05
6.858348075878618e-05
3.4419560107713957e-05
0.000181324677823656
8.747902315975014e-05
2.3054832844317847e-05
7.08389472226428e-05
2.8134585596973553e-05
3.964082080297229e-05
3.71793374388041e-05
0.00010273530857492525
0.0005266524373664666
0.00014284647458524336
4.339230680918774e-05
9.636840872158945e-05
9.375902372393027e-05
4.197006658869271e-05
4.278605062240199e-05
0.0001233631990347425
9.860074565256127e-05
2.1180028123596595e-05
0.00012332239647677392
0.00019285115089041652
0.00026658961350699127
6.500015355301328e-05
3.651354853852304e-05
0.00016203748833031953
3.690464117835306e-05
6.989322085159853e-05
0.00016246220534178916
0.0001836409167612438
0.0001708745749870933
0.0001484459022401349
0.0001113018402812428
0.0001478096203277094
4.385871505215661e-05
4.75150781784142e-05
0.00010737127291909261
6.296946656828119e-05
0.00012512645977270838
3.518994742833861e-05
0.0001753156376704323
5.7499421308969346e-05
3.4358672656000594e-05
4.8241469666036085e-05
0.0003091515395007034
3.218162913965855e-05
2.7021753110300394e-05
4.074768882212051e-05
3.35919891641478e-05
7.39789298233869e-05
9.609526758122116e-05
2.3855698888473415e-05
0.00013547844826342152
4.079938639766898e-05
0.00016716942017464695
5.041550216277819e-05
4.803672091619489e-05
2.0638196281853063e-05
3.95184159413887e-05
2.96070885753559e-05
0.0001782279311614366
3.905076099424811e-05
0.00014155518730040814
6.515086041585579e-05
0.0001288083758238208
4.7368420665520604e-05
0.00011592354615022717
8.932125812525264e-05
9.398941118538759e-05
0.00010006302752194884
0.00011458635474640489
0.00028324690691841473
5.5505784152810615e-05
4.631433480918615e-05
5.2083132559242353e-05
5.0939564069442726e-05
0.000173472412502779
5.9728586551330775e-05
3.677388075237223e-05
0.0001331626765183081
4.1645894180064145e-05
0.00015462009670868005
5.132551133889935e-05
0.00020434598554322286
4.210042278303825e-05
2.8266205384997926e-05
3.022969106178454e-05
0.00012955700448131935
0.0001258220484315162
3.583525983999318e-05
5.177630745314164e-05
0.0001280412570739521
7.80408794497963e-05
7.618563412044378e-05
3.828885314124752e-05
7.441018779248549e-05
3.599379048315668e-05
5.6562339896543885e-05
4.689637942502358e-05
6.185886583187944e-05
3.251362601914819e-05
4.377267686340971e-05
9.459463938372528e-05
2.9251856626926367e-05
4.0813445991935606e-05
4.014237934451585e-05
0.00010326401089467804
9.295156434929954e-05
5.477554095144953e-05
8.672448648343042e-05
7.901306176074082e-05
8.8258299966474e-05
5.013221608731446e-05
5.138972623482047e-05
4.249684209431007e-05
6.601743770945172e-05
0.00012426659670602912
8.56899022555138e-05
6.484661047388871e-05
0.000381767937517361
4.842307591303521e-05
0.00011631238086990863
4.182872748828741e-05
3.001320451532101e-05
0.00013855085528533735
0.00017444860417110036
4.8654026328530236e-05
7.175189073605575e-05
5.841191358252484e-05
7.104158575024078e-05
0.00012052474812946085
6.680274841685505e-05
0.00014581384308221969
4.444704619431512e-05
7.636304353250352e-05
2.4888723933678865e-05
0.00015624653099252905
6.131986241455569e-05
3.2191140292286215e-05
0.0005935445445559184
5.266791837504806e-05
0.00012412416134643128
0.0001572129372586534
0.00014589471196048992
4.448699677171631e-05
5.400741119641904e-05
0.00011401802218845786
0.00010063115852405267
4.787094260375016e-05
0.00018784616869122766
3.889206248382801e-05
6.146705769449237e-05
8.809203652397724e-05
5.71109749994162e-05
3.623530158346761e-05
7.848609459326571e-05
3.0808070594341544e-05
0.0003683995040061365
5.0952992131350466e-05
4.584444470425946e-05
0.00015350114538725628
3.946475905371995e-05
9.580411682852806e-05
0.0001575809187639944
0.000348078450957782
0.00012134715967600557
7.75831941002998e-05
6.267743711608334e-05
5.5491322554238217e-05
9.007081102503662e-05
8.764824002453578e-05
0.0001354657246337347
4.82226091593562e-05
0.00010075542374432402
7.108487922882089e-05
7.263209478183301e-05
9.476826997693164e-05
1.911655540829786e-05
0.00011647937089438014
0.0001813767331506106
0.00018312788442108002
9.40982649092857e-05
2.619224721458345e-05
0.00010767041839974716
3.82887663306932e-05
0.00014148233033000758
5.863046138066812e-05
2.4031265877132896e-05
3.8381048812452084e-05
3.3956888899101615e-05
4.866273043200195e-05
2.0703910373148826e-05
2.281931408385287e-05
5.043123243867952e-05
9.129704164576366e-05
8.562838636710712e-05
0.00011562482982198469
0.00011782242421556742
1.3039720549770867e-05
0.00018390903926117916
0.00010689314580720853
0.0002623426755412098
7.201584420022835e-05
6.19255854041259e-05
0.00013297565799050355
0.00014170843945782036
4.320174010098818e-05
4.44786912447003e-05
9.011629484158081e-05
4.004342638304721e-05
3.55392716320496e-05
0.0001150339714119861
3.933045172590697e-05
4.4153031291268725e-05
4.2147038075915035e-05
3.5099502960296096e-05
2.5587612881751694e-05
0.00010160660113825124
3.660181249721424e-05
7.483116094016571e-05
6.497183200855581e-05
0.000288081458630603
0.0002225739020715405
5.348133120661888e-05
0.00010382138557624695
4.893230835321706e-05
4.4006498758588004e-05
0.00011334593876853324
7.713660139240979e-05
4.779593131921524e-05
0.00011897150105560708
0.0002763794314034406
8.301439647111206e-05
8.000830946337094e-05
3.0774251937140936e-05
2.7749306640594838e-05
2.575258392565731e-05
5.894041754801819e-05
2.342920397424228e-05
0.00031204648002541044
6.786860596797704e-05
4.2281029141998063e-05
6.245940043629323e-05
3.142837923270683e-05
4.567016395035911e-05
0.00011877050194060523
6.666355486201222e-05
8.038440094356792e-05
3.9861262872776826e-05
0.00010177227359588034
4.860435164061542e-05
0.00013249957792787126
8.022148993993825e-05
0.00012036227666693571
6.696629139915457e-05
5.293343845080234e-05
0.00018921529457176077
0.00012955912095494122
5.8646891721771057e-05
4.305055473588732e-05
3.6218935178736084e-05
0.00016418420986094942
0.0001287953597113732
2.092602125842178e-05
4.398674301711209e-05
0.0002020654690233758
0.0001286020302044556
5.0144482667761404e-05
5.401371970391414e-05
0.00011576269658108285
1.7662251823596123e-05
6.0591323528153374e-05
0.00014086938902999172
5.7566589058178324e-05
4.123458423799005e-05
4.20249606366979e-05
0.0001403528642886071
4.118305868005324e-05
3.785756288422194e-05
2.39508625730222e-05
7.634318035256846e-05
0.00016695473531922386
4.6573064538852963e-05
7.69083567256464e-05
3.065401955783026e-05
0.00010352654598174164
6.186058457331365e-05
3.0134314259211467e-05
0.000525263749070112
5.9177629951167754e-05
0.0001298711539431475
3.495639907958877e-05
6.0844227521147134e-05
1.988372733025201e-05
5.912891628643354e-05
3.9789729841115056e-05
3.4240030397119254e-05
6.647984534730042e-05
3.703934158992549e-05
3.8886702861586024e-05
0.00010554954272982285
0.00018134091722078944
7.631479660761088e-05
4.303481459915199e-05
0.00014924134717686486
5.0986156164243425e-05
0.00010081205955051106
2.9541601995035476e-05
4.2470905171314745e-05
4.19635245139938e-05
0.0002608270632136267
3.761415044050406e-05
5.9171754595986126e-05
7.461170829274574e-05
9.520993654988183e-05
0.0002460552033795359
5.9352205112425874e-05
4.2186773349592534e-05
5.284701640120604e-05
0.00012204355975366372
2.932469737589979e-05
9.419708672075371e-05
7.443283277087467e-05
5.3320328830700094e-05
0.00012477445883004868
6.637160827799276e-05
0.00013134633837530576
3.987072055851122e-05
9.342040903866628e-05
5.707481127462532e-05
7.038142372018392e-05
5.9885966449198624e-05
2.943196935657013e-05
0.0001083158199763903
0.00042188580763062285
0.00016642279502624511
4.952721051073152e-05
9.762783929166119e-05
0.00010531621445051594
7.798903538140008e-05
5.6326064601311106e-05
5.303575885266353e-05
0.00011583679545459368
4.934513908293054e-05
5.1028787130280416e-05
8.175759720836735e-05
7.43640922507298e-05
4.561554806953843e-05
7.549979966819549e-05
7.920936073557725e-05
5.876293015307738e-05
2.7684327875551956e-05
3.2988935589952276e-05
5.33180782274607e-05
3.449092166283874e-05
6.870383225207563e-05
7.276650493411817e-05
4.453954507123152e-05
9.148997027503354e-05
3.626297106097762e-05
0.00036478935406137865
0.0007861174172583658
0.00010998078613102052
0.00011118174236174765
4.175351706739848e-05
0.00022387572070286168
5.0016939901159835e-05
6.91901131545803e-05
9.392857353735808e-05
8.544168409472035e-05
0.00011851994154149982
0.00014042933427384642
3.188362503572677e-05
4.573763924680688e-05
3.3448636806913735e-05
4.029414264378852e-05
4.497138098501756e-05
4.3536592229740107e-05
4.644271235353559e-05
5.4455786404401206e-05
4.0685475459356566e-05
0.00012386401366140697
1.8154426098557875e-05
8.92480406675464e-05
0.00015288290162803123
3.1809953643660486e-05
9.714962987556956e-05
0.00023265606421953632
3.35194702023708e-05
4.3796536495349826e-05
5.242322840160515e-05
3.0853917789414235e-05
0.0003088125196994827
3.823407444871299e-05
4.370974668800079e-05
6.397814329213264e-05
0.00010914619127119622
2.922535265048647e-05
3.3799286593329925e-05
0.00010689292559198429
7.082564703868401e-05
5.574829514788658e-05
0.0001346915118405833
6.887136940144396e-05
2.0328662187476628e-05
0.0001850919128201381
0.00010649078297438046
5.325993094302286e-05
9.232642252143925e-05
3.334623130619364e-05
6.268782619386954e-05
3.8792027823979724e-05
8.220303176266093e-05
0.0002610550195199205
0.0003122115289722977
0.00018367039370976234
0.0001914065756155523
2.5534809852512738e-05
3.659622360558604e-05
4.9999394123953214e-05
9.957582374664327e-05
2.109705238469826e-05
9.632296670044779e-05
8.200798479896955e-05
2.5362568809249524e-05
7.271050375006671e-05
3.726142206031086e-05
5.727854999772524e-05
6.685832194275359e-05
4.304867560613567e-05
0.00012594078697987081
3.967777307194052e-05
0.00021346244255732454
4.490057702883964e-05
0.00021180270944917798
0.00017906145782904163
3.845958233895567e-05
0.0001455799034672679
0.00015696917710329884
0.00015670154511259518
4.4493743958632724e-05
0.00011805072826642385
4.329928612999712e-05
3.952369945733347e-05
6.187204650230761e-05
0.00012375665189892813
4.135339014938349e-05
3.180475379640452e-05
5.881620478450389e-05
4.3588473304482226e-05
0.0002682865691024125
0.00011003903699989858
7.270782633099904e-05
7.885078879820409e-05
0.00010056329949819078
4.220079293968263e-05
4.22622056892727e-05
9.670600090684287e-05
0.00011932328809183971
9.474866311150109e-05
4.1645946024294165e-05
0.0002034490739790692
3.586859757814269e-05
0.00010468478173925941
0.00011692626724441851
3.0312043081378465e-05
0.0001692491129212394
2.2630163305929653e-05
3.321504154948089e-05
2.0837694835745727e-05
7.5118105682078e-05
0.0002250259247464343
4.892844883919161e-05
5.08510741906315e-05
0.00019560672230604651
0.0001992826831491378
4.8142552395753536e-05
0.00010400692131019416
0.00018642660839245572
7.334016060121553e-05
0.00011467210453414434
8.499814737504934e-05
5.231398049971008e-05
5.8002629001140044e-05
5.339114063162245e-05
8.682089605983115e-05
0.00013626942895339858
7.94166397517527e-05
3.942070638957891e-05
4.25045011806706e-05
9.112095621552295e-05
0.00012386306869718264
0.0001665969774116639
5.0252820609808125e-05
8.222355776302377e-05
9.434241353185013e-05
5.6738944353740387e-05
9.375011625294645e-05
5.392578145055634e-05
7.760880467512741e-05
5.435394535167774e-05
0.00012065058051741373
5.901167910569787e-05
0.000129933353177914
2.1438572416614146e-05
0.00010043027649088613
0.0002046116179633418
5.43296338952424e-05
3.571658495795615e-05
6.58902124840116e-05
4.706901532567731e-05
4.3766638233520776e-05
0.00023010418457266834
0.0001409938539969344
4.0445127224284896e-05
4.1621877158141484e-05
5.462529446029957e-05
3.771185803396344e-05
4.07838560438514e-05
8.62744853714377e-05
3.285788092589913e-05
6.993651247899876e-05
0.00011698812009652597
4.884841303803431e-05
0.00013658757290359444
2.759076814633642e-05
6.45448927583491e-05
6.865128919223674e-05
4.227043661236524e-05
8.207536502747843e-05
8.83609106297845e-05
8.457277916517695e-05
0.00012727781730220467
2.141230059157209e-05
6.334994287494806e-05
4.396133700949604e-05
5.300066698989831e-05
3.222812729749783e-05
6.400563796464894e-05
2.9602280554923523e-05
6.0440244287881465e-05
3.781837304737779e-05
7.293177110857808e-05
7.669781561266961e-05
5.9247209908525576e-05
3.500118758621891e-05
3.694173292489019e-05
4.871910693217103e-05
0.0001050397835411046
4.0355184684295786e-05
4.914663698730786e-05
3.134850573852522e-05
9.705727303377485e-05
6.83929352718964e-05
4.743299419146337e-05
9.485782133639544e-05
6.656810379197849e-05
7.993778267661912e-05
0.0001443689784737726
0.00014532017138277242
5.04724352112017e-05
4.5938290614178806e-05
6.79301200632696e-05
4.297034341639493e-05
0.00020115045719738876
0.0002117499631539716
5.187570763418915e-05
0.00010322578211658439
5.0664351504015336e-05
7.675412129871572e-05
2.9134477338940374e-05
0.0002212487611850978
5.1378324755961606e-05
0.00014025033186083357
0.00023247467234558682
5.185515098587086e-05
6.28785521189687e-05
0.0001577436613985828
3.16520642176104e-05
0.0002617347768878315
8.53935087420436e-05
0.0003553866372430446
5.3671206907145315e-05
5.8979477583437945e-05
7.053074425971575e-05
6.164757221846558e-05
3.868025607074212e-05
4.763352949250452e-05
0.00033267156522021946
6.328294973802235e-05
7.251771028118182e-05
0.00010526878867592903
0.00023103982949219766
0.00012172738271389962
4.34495877982641e-05
5.638089743601749e-05
9.821740869219242e-05
6.282250726905826e-05
6.915563083568145e-05
8.131700416332578e-05
5.322944055969481e-05
2.157607643983731e-05
7.019465573756432e-05
7.73914849038794e-05
8.744536666006487e-05
2.5263378508779148e-05
4.099419001438616e-05
2.8135954184006765e-05
0.000110538572117221
7.884240175700218e-05
4.778564309898194e-05
4.488430952897509e-05
5.3937869426368406e-05
3.3271434357930625e-05
3.543455916080517e-05
4.294773805753105e-05
0.00012599191554457686
6.278581204081121e-05
5.509095480304e-05
4.684469987018324e-05
3.5911678892562754e-05
6.057113468708589e-05
8.43626936966577e-05
8.706907244789176e-05
6.656933723465054e-05
2.5887816741860675e-05
2.3561163899151338e-05
9.080737923197089e-05
8.362102142273291e-05
5.0482324830656346e-05
4.957051196559292e-05
4.983841578849658e-05
0.0001102760433326672
0.00016627095575872736
3.947171189693336e-05
0.00010284067121654473
0.0003631192177136853
4.85070079842485e-05
5.412985252219385e-05
7.394396737002262e-05
0.0001594320664078063
5.1018080060668346e-05
3.434876626620971e-05
5.179072426764099e-05
2.758873374886725e-05
4.885751430358862e-05
0.00010929221172601965
3.630699900549409e-05
0.00033263607947066896
0.00015417245956541177
0.00018046821447432318
6.182346610143255e-05
4.698996866104749e-05
6.403319896423516e-05
8.502611272202667e-05
0.00018294885234236438
9.61776973300898e-05
4.5981424038769625e-05
1.7947270820746674e-05
3.374285028882352e-05
4.083888150935451e-05
4.935506628640134e-05
6.353729570846941e-05
0.00017153589116867865
0.00029914595518799045
0.00010905233327648086
4.9106531779429215e-05
0.0001979379563064434
7.034034299522645e-05
8.979550163455933e-05
4.598703493010489e-05
2.7613867407506195e-05
0.00013408252562239638
0.00014331412918770236
0.00010859173526478881
3.0440421660173103e-05
0.00011546980752582239
5.871971966925012e-05
5.386056652000945e-05
3.2283821155996616e-05
6.764199265023776e-05
2.7880842104022443e-05
5.110437947035791e-05
4.709756835437417e-05
5.0083394911785064e-05
4.107048820971821e-05
1.9371501799310486e-05
6.422281915858868e-05
5.1203339474406665e-05
0.00028843517362431916
4.7834021767931116e-05
0.00011684161253808982
4.912879074626897e-05
0.0001105843896938542
0.0001087826173409212
7.602408782471796e-05
9.303499852620348e-05