0.0032889695330043096
0.14043741857811687
0.11824452121271967
0.047724555977937906
0.09384689207180773
0.014425969645104456
0.06683210628870598
0.015702276350508835
0.050032562957193646
0.022453815707603134
0.03250819889820447
0.01627559406592331
0.007031735356655008
0.010980615378368959
0.013489705288821336
0.04450189421868042
0.007625351642620392
0.007087281959525877
0.003242588969843994
0.03247763961541531
0.003941013206347022
0.0052704493461687195
0.008126759342884931
0.008418162289152499
0.039310061983439566
0.003526835158450264
0.004425795873758976
0.023519708894800335
0.030035380090713885
0.009421346743244892
0.0037140070646198005
0.023481620235733646
0.005905941555527285
0.011941032419514677
0.016541378175960866
0.003831985419112448
0.001407727165793888
0.013516986200252837
0.013695379532547658
0.006031680636785512
0.003446016918176392
0.00293636629592794
0.02914063005929094
0.008181129835796172
0.004942970703934502
0.004395028301407147
0.00288296416998428
0.0065137868421784
0.011692958989833444
0.006570563726726653
0.005132898314714145
0.0014630976368426292
0.003160582491555164
0.021002628943811996
0.018417371196925825
0.0034692078270151592
0.0009667292377461008
0.001997924684608945
0.0056341983928970005
0.002273428901327965
0.0017900396322036362
0.0018156998656837114
0.002927503296998693
0.0007492488903926993
0.009098550452354054
0.006748933874367291
0.007974406710868723
0.004647654355903826
0.0025045024580321955
0.001085420167998415
0.010563680743766
0.0019060176466485501
0.004385124888820909
0.01119733403676781
0.0032785592862515497
0.009915589808850007
0.0014690984961375213
0.006171956945268878
0.0012682946798957065
0.0007490167957251728
0.004766200220487272
0.006107543346540493
0.0016421122258030965
0.011018111207734356
0.0001283255186630649
0.0022569437200057685
0.0017671308545620119
0.0019447863070248814
0.009059272062484637
0.003595534102029191
0.003158984388482872
0.0016835839093010362
0.004792849927292259
0.003414739903942025
0.0012183436796141284
0.0003734541873618113
0.005998516921268452
0.004622839024449936
0.004147669595830806
0.0011966773007857589
0.0039557009012634314
0.0018155416206870562
0.0004563344669560612
0.008637830787453435
0.0070277432703741895
0.008269336805299477
0.0009459464217384088
0.0019485986045351656
0.0016469663663424997
0.0031968590612699303
0.0013686637773143804
0.0010750679894088269
0.010653023475815872
0.0019873539629974373
0.0016411196691320394
0.001097224054340357
0.00373231369959494
0.009569657454691054
0.002828005483215707
0.000983122144106891
0.0023104253009788153
0.00547730344259909
0.00507179373647086
0.0028254311383635283
0.0035350523985182834
0.0034315743503895994
0.0014352374895163157
0.0013041633120810944
0.0010791182640501665
0.0011975866201590411
0.0037084631641764836
0.003009405478792221
0.0006983400457419398
0.0012253405204256148
0.001058058557499473
0.0007944942681480845
0.003929934621221982
0.0011390259265901044
0.002586778474049191
0.0010611166869059414
0.0037787897699631187
0.001981634117607093
0.0054424616519138215
0.0026883925969469987
0.005483566870663443
0.0020785266856911
0.003114543706628948
0.003283710856696993
0.000980278168601544
0.004726361363151492
0.0014802350474586513
0.003120581317373957
0.0002952911864066106
0.0030522802032598097
0.0010550852131253686
0.0020244535366540158
0.0025509000308600086
0.001561372326308494
0.0006701751490942936
0.0009740210160030845
0.0016615771852481179
0.004033082499222377
0.00013683818978584244
0.0014005909252415788
0.008041878390584675
0.003932194520597909
0.00037388624046879936
0.0025482384552979243
0.0020989456628065107
0.0008877282740413123
0.004065004232547938
0.00040509097386960875
0.001975247468449681
0.002426851030645601
0.00378346272334819
0.0016912371411701374
0.002804613376533663
0.0015620136191022236
0.003301159293528325
0.0012560064898868319
0.001424827695645784
0.00164564430483162
0.00152342499336672
0.001121553845013211
0.0031330587748582012
0.002449894768137224
0.0009863606169904138
0.003960213320739826
0.0010085566261072286
0.0011311476933206293
0.0009781533723748665
0.004160338166176411
0.0010283985617524105
0.0014439859135331808
0.001429833604304554
0.0010957532757925206
0.003694931478855254
0.0008052086699428659
0.00190531188354478
0.0035541819612035456
0.0007971112349205426
0.0028539816165686943
0.00027755504173435016
0.0010637974908698077
0.0008138523366393676
0.0017314570401365768
0.0004030916721062042
0.00026692537037189537
0.00032367547146399804
0.0017270963307992313
0.002243379392338347
0.003552163816160101
0.002083023526647362
0.0019075850955748912
0.001670363091667142
0.000852749068914511
0.0006997264775474228
0.0007884919271789512
0.0022932491409737078
0.0006115459271862267
0.0011961917472405078
0.0006844549409369416
0.002539975814998264
0.00044669379116802195
0.0012608837853291131
0.0011265031411256613
0.004350690514839777
0.0026404308508322315
0.0012110647340481313
0.0012720085579755094
0.0015042014030168442
0.0016062086639040327
0.00035440359477013287
0.0012027246060072121
0.0014473712156259154
0.0014554195457996528
0.00016151436623607345
0.0015028668062536585
0.0005747402853157446
0.0012311632521587615
0.002112596392564891
0.0007442828438544073
0.0006312107660680991
0.00022430759842899484
0.0032018956800432606
0.0004856436194138156
0.00043045330564837317
0.0004686737205402451
0.001115642144043732
0.0011152541545344718
0.0004838332421139543
0.0007944655813706534
0.001822638507189339
0.0009668160924738385
0.0017140990192881294
0.001432151231105155
0.0010714433409392584
0.0014221140698500484
0.0015301764682720436
0.000376657719672824
0.0016199209376809923
0.0009549484293402439
0.0014077398110885386
0.0004157228842034841
0.002801594358704518
0.0012363636401773145
0.0011171133146979095
0.0010510137210751917
0.0009464031093478738
0.00023812489469815604
0.0011285328317361316
0.0013639719419902502
0.0005650259528389395
0.00223375337582092
0.00082666662733841
0.0014162269032264147
0.0006833720949650197
0.0002417124703054672
0.001323263860908376
0.002056967222718847
0.003089811044426363
0.00055684568625446
0.0007349871604157849
0.00011871421425741601
0.0005124911868602794
0.0011097565642604942
0.0019678758981283516
9.260142735886792e-05
0.0005740247656891394
0.0013816284349871736
0.0018883547621017817
0.0010478710040499378
0.001782917592369141
0.0007830528028332466
7.13650648572624e-05
0.0001667620625702884
0.0013186653208438893
0.0034961955141555065
0.0012220418797977523
0.00030225683577207995
0.0007691277531704663
0.0009066041722055335
0.003257325024054968
0.000832774441370149
0.002067607943314356
0.00022713360398185698
0.000904893419767971
8.596232723011123e-05
0.0014784506420545236
0.0023743551847186933
0.002519295959371055
0.008601238896615685
0.0010559238529691145
0.004264150453823495
0.00018549089174970583
0.0009328811231951748
0.0007207670068599106
0.0025830072995552474
0.000670752466716718
0.0001511199197060312
0.0008503736766396644
0.0011802913361842195
0.0015863510071326495
0.0023679209441681117
0.001241441951031942
0.0018413285400272644
0.0006814493267682275
0.0002965047427791709
0.0005487913405237386
0.0001482246511366346
0.0011543391584778596
0.0011594396631488203
0.004486275862959154
0.0002865507589847432
0.0015337337506603542
9.486835466111615e-05
0.0021205867489336883
6.676445151655558e-05
0.002511901617640748
0.0010518998559219883
0.0003506807620269347
0.002693321809566662
0.002131842950688605
0.00116956646347148
0.0016495733556313866
0.0007521822881959677
0.0005065019761815967
0.0005563022375971695
0.0004965490383544706
0.00019284885324583357
0.001382123709851065
0.00047281384979349896
0.0004983665720703411
0.00031173939798645966
0.00028204669435249476
0.0014563400995722376
0.0011501004821739033
0.0019529740106147516
0.0005584309011995567
0.00101936801336388
0.0003418211789641297
0.0003674489000327541
0.0016504195811637
0.0001861497560610013
0.0011508652997131944
0.0006496796008090738
0.0008337523182298192
0.000238390248645565
0.0005484533126542899
0.0009128134509341147
0.0005053653025388385
0.0007021232109202762
0.0008450129248563145
0.0008524466634374763
0.0010673913200537355
0.000901291748802744
0.0014796031202443658
0.002122298223954411
5.444079591038264e-05
0.00011976979020551932
0.0006867527184168903
0.0008250114086689181
0.0016628347120053934
0.0015133967524936969
0.0008549188383094174
0.0024786997239076643
0.0011516614689959224
0.001251836376440639
0.0008016047647571529
0.000751375431884681
0.0011026491554378547
0.0004992632842187788
0.0007646562071720829
0.0015483573813177825
0.0013527206252044674
0.00023163899891373338
0.0005474915160079335
0.0005397640450318706
0.0016513990359332345
0.0032880519133119883
0.0011019779225828678
0.0007744394064428887
0.001491541643945191
0.0026396958440583693
0.00045371054610160395
0.0021748224873615074
0.0007219623573747114
0.0010928566780649758
0.00027158952712672164
0.00020913246476899863
0.00017178053914725046
0.00014953483120063837
0.0009271194605012896
0.0005091735302553409
0.0008623787276695253
0.0013376632809349032
0.002771495494952158
0.0013614043217118625
0.00036042343156812034
0.0002114957312543042
0.0008593098464134852
8.280940956617449e-05
0.000507065281882012
0.0007718394338432137
0.0020403912004097213
0.0005345729982886455
0.0007664086278026332
0.0007514005254151609
0.0004911223364023198
0.0010288506008981377
0.0005688299812423584
0.0007784614531315021
0.0026113439321969498
8.851201921203963e-05
0.0011524840100107052
0.00038490337930166714
0.0011044208376931577
0.0008248989328745102
0.0005081793752357255
0.001909853234335704
0.00037856182939827925
0.0002509587299886027
0.0013809027048245083
0.0004335408779713943
0.0004998808847978488
0.0008062952327624234
0.00036108333220191935
0.0007990701244328428
0.0005012545640984686
0.0003121107489212456
0.0006340578520171146
0.0009738495677764355
0.00028396049928549824
5.105669073359729e-05
0.00043398377919607163
0.0002900869075126203
0.00127072568145802
0.0013180885831739712
0.00024156724192050504
0.00024653986776254383
0.0003869681404124528
0.0004370681797008049
0.00046819597113126685
0.0005319382073304666
0.00075632961197667
0.0015313889496333499
0.00016788814647877902
0.001820771127766994
0.0018893374209095484
0.0009331846687177652
0.0006167704126211279
0.0005253998564435123
0.0007048401305599037
0.00052275761151566
0.0013029867905663284
0.0005414790590506373
0.0008404436604773872
0.0015875397526964466
0.0012545386727955028
0.0011427752107947627
0.0010084681702395687
0.0010017360823472616
0.0004468990285491839
0.0005859005805120132
0.0004893812948082832
4.3211567599024134e-05
0.0008639724282608185
0.00010490021639915562
0.00021278784065577016
0.00030376999378572934
0.0007355278426375311
0.00047536254977852593
0.001762223185008669
0.00025967287276653923
0.00029810666346274315
0.0005557535483650944
0.0009933491627190534
0.0007160371819526859
0.0007733446731870734
0.00025923204312409455
0.0005954979501204219
0.0003002634823479044
0.00030777496407618637
0.0013896503938276644
0.00025129838963626716
0.00047747439021579823
0.000457587040373519
0.0006080673263106769
0.0011051355106857365
0.0003009763002342079
0.0006322687675233891
0.00027927259733137626
0.00021693952569620424
0.0006299072576951194
0.0011565493112443055
0.00039663667421121655
0.000663203136909122
0.0007099976735452827
0.0005090336961235512
0.0024657511148581356
0.0004446108038951982
0.0008386829234682962
0.0003244068394693865
0.0007974732190895561
0.00046436677591888174
0.000236164360658254
0.000341154507942645
0.0009137497802463566
0.0005873886757703215
0.0007175673160488629
0.001241922396359483
0.0007292504155233353
0.0009717410938152659
0.0010001663446137991
0.0005021498777733471
0.00022101059798237916
0.000977834754498074
0.0008437649740237847
0.0005172928829182528
0.000334348522256061
0.0009483863843604651
0.0006368050502148019
0.0008663503432510012
0.0006349892738584534
0.0004969337933588309
0.0002175459481540192
0.0009415240893051409
0.0010729126541263432
0.0012978468007542694
0.001737123574230193
0.0008677836310376573
0.0005162021251246811
0.0012409550725076643
0.0007894890628331342
0.0015707358155817562
0.0012514782395385395
0.0009579770961517386
0.00023962324448004656
0.002133351440042675
0.0009208022089454015
0.00040486250404910305
0.003166713233151623
0.0006370653887767892
0.000290800036865635
0.00011100247520511878
0.0005899506298357887
0.0005330787091946395
0.00027179427553319376
0.00043985424850084956
0.0006391719574562572
0.00081061215256784
0.0001456829732445952
0.0010557846341828186
0.0007657376443629641
0.0011263849611054463
3.9004904403801505e-05
0.0010357629111838636
0.0015679662358757142
0.0006186720985768822
0.0004068996499556627
0.00010939537819037728
0.000565866977110982
0.000179606978161186
0.00010518393841255677
0.00023438317004143702
0.000407333209124821
0.0008960392682716407
0.0009983460833069987
0.0003297600961679966
0.00022818886319149017
0.0011276130230600332
0.00021181835855270422
0.0011291184123577648
0.0003581599841856033
0.0010964141768963478
0.0004234122554447801
0.0005824613478712915
0.0012326006860860974
0.0009206300323380398
0.0003847552249810912
0.0011092575161365016
0.0005389799812543197
0.00014470880636093813
0.00025021877091601583
0.0006796202100907143
0.0007247198711782913
0.00010292427536919777
6.016602740364412e-05
0.0016655614344567114
0.000547872512374713
0.0009853748430306113
0.0011594132062007778
0.0004940774349896503
0.0010287409118121483
0.0005147635191343501
0.0004819386707067391
0.0007851053606032236
0.0007459151375195139
0.0008092598573208872
0.0017917505858069881
0.0003932759211937133
0.00026705106210223294
0.0032146212144746945
0.00041092951780721825
0.0003260978860989715
6.69622523885454e-05
0.00025612143345487984
0.00011727287092445268
0.0002689171577702472
0.0007014668831298659
0.0007815709150028829
0.0005998976130345596
0.0001833604114244144
0.0013175730198306682
0.00019265712757296992
0.002051964352373226
0.0013239428366010446
0.0001453322677456555
0.0009730816740417221
5.1507994068347365e-05
0.0011343767656172784
0.0004489979984263873
0.001741047108705721
0.00038695818511379004
0.001005459393563257
0.0002770176070569372
0.0001011079137530993
0.0005680740528635518
0.0013392141779964778
0.0002733669613249409
0.00021212191152107098
0.0003257186328237571
0.0013904652284099412
0.0005765296295894561
0.0007319481750146274
0.0003119344548125599
0.0013141479622228562
0.0003066684506587375
0.0004736569293241771
0.0009292475834749152
0.0003100504351456558
0.0006926816746782388
0.000637313194995525
0.0011244032266928153
0.0009005759618939165
0.000594771321983335
0.0003549954512705673
0.0006038539590275655
0.00032145962890415674
0.0001563413045388836
0.0006086439543521022
0.00016710646592317407
0.0005514113084818232
0.00011289113720982632
0.0007003835321068584
0.00025126690077758223
0.0005465637836294541
0.0001995772733038444
0.0011092620677732822
8.990878607507136e-05
0.0003631101566181618
0.0002480031234972248
0.0002927459323713683
0.0011408642647851763
0.00015728298817277661
0.0003788061192661389
0.0011064988508325347
0.0003830520723003494
5.168246095844433e-05
0.0005906522400060466
0.00016210642261370778
0.00011117755758943214
0.0002734732394490965
0.0001304775739006304
0.0006483436449062286
0.0016459798322534603
0.00032332009667744295
0.0003917025672159207
0.0011803354469602874
9.46869102155535e-05
0.0006551688105580744
0.0001490660599244087
0.00010176483412247618
0.000403785243104393
0.00043953996478728437
0.00030932312801873035
0.0002773837462926225
8.232987247342931e-05
0.00014210280913507807
0.0005058169379649042
0.0003176538873267966
0.00038797745374789377
0.0006144383599626218
0.000234947233463172
0.00012871998276084746
0.0010502641871796591
7.591428325616507e-05
0.0015016187412372948
0.0009991091262781392
0.000803303546698304
0.00012838265017383222
0.0004999965493601164
0.0003299441206390266
0.0009604032820786819
0.0005937600459767564
0.00030659649241068364
0.00035117217997715077
0.00030165588389813113
0.0002836176849747652
0.0009645318625762544
0.0005282768023630477
4.8822898483816435e-05
0.00044982755579234235
0.00017836969466929623
9.641767888749812e-05
0.0004388837971403229
0.0002542827620744596
0.00021942428970689277
0.00018369511099946905
0.000355915148829976
0.00025049547636825007
0.0013028356341588943
0.0003502167651404339
0.00023959043540124853
0.00019629233559128234
0.00014160006166807448
0.0006463633387433606
0.0006983267584280391
0.0010915856376426806
0.0009552112648403584
0.0007698109786549682
5.340602595617167e-05
0.00032710911155180725
0.00021066030221811413
0.0008298307080410861
0.0001892048523412035
0.0009172933345806017
0.0005379818327577885
0.00040219615173597113
0.0007293205873506917
0.00023036075733826362
0.0004934496712909363
0.00022941617330363582
0.0005974043325857361
0.00027204704997006
0.0005235985242456499
0.0003406865627381428
0.0007436818982406027
0.00023043459466777852
0.0004679986244821562
0.0023305407603786995
0.0005709346904146481
0.0005053663336395085
6.227717443434079e-05
0.0011169596071758483
0.00020724189866223105
0.00037051658762715184
0.0011286607914477765
0.0004540254175875672
0.0005781522475595374
0.00024680088509566384
0.0001531908388608594
9.822738006369678e-05
9.920730727268706e-05
0.00034716351251744563
2.7296781609882052e-05
0.0006582985115163178
0.00022475472418314373
0.00035638981909728564
0.0005212047792774048
0.000911546249033884
0.0006440175954092042
0.00032976847877847816
0.00021557669640878577
0.00011571626738144324
0.00028739237687523477
0.00046680751106931715
0.0007652853138430391
0.0007812629856137524
7.752317007104633e-05
6.72170762787528e-05
0.00031566157880821995
0.0003841486339263346
8.406397071844666e-05
0.0003238642979490987
0.0003478427836368272
0.0002495287239591585
0.00019714401535081934
0.00021938687422492267
0.0003850130081313691
0.00045249552037912664
0.0005301897713285563
0.00037136929615620067
0.0005621371867775035
0.00019749512201731675
0.0010747571682956903
0.0006578855023791762
0.00041056113929183863
0.00040767046306542054
0.0017947892795802385
0.0006001383868582322
0.00030886411305820185
0.0006941091578347995
0.00023420007703420806
5.674615738755999e-05
0.0013447528524866083
0.0008176969800182143
6.54952500470198e-05
0.0014608588054287849
0.00027632419315628333
0.00110902618581563
0.0005177874743922604
0.0006169055438876874
0.00022371709904288185
0.0002602448732139179
0.00033392033654786675
0.00030708373664406046
0.0003479105600901827
0.00043917107511492657
0.0001765775837207073
0.0009139766761469876
0.001089747183799485
0.0001367371968042897
0.00017480968686690013
0.00026659729098649763
4.6243113918879244e-05
0.0005519038829266325
0.0005840427083934758
0.0005863028159742454
0.0004852948697142379
0.00031739362871205677
0.0010457390443997052
0.0007744795471280704
0.00025795702297244
0.0003253209515660784
0.0008734950944119397
8.963173270779257e-05
0.0009745084160523469
0.0002855926701627154
0.0008656831885405148
9.593684580318144e-05
0.0001772374999289442
0.00013980497371826663
0.00022657077846175298
0.000823188081455332
0.0005041556497558669
0.0001125345229483775
0.0005428067040950002
0.00021019475589240927
0.0005618321815124278
0.0002255292430195149
0.00017645578417134584
0.0006708775978391766
0.00033970585702542674
0.00037818442009651166
0.0006407395066321524
0.0002523523151536545
0.0006551315549575122
0.00019330552728665307
0.0006518978077217982
0.0006055011470287998
0.00021047545514630515
0.000234218578389873
0.0002920834922454967
0.0006229577408664635
9.587712553548093e-05
0.00021047146554786398
0.0006954526480134613
0.0004792416176207207
0.0004842286940416561
0.00012867578510893703
0.0006863372236155084
0.0003167846054082469
0.0002861063551941828
0.00011807544004282222
9.406321397591993e-05
0.0005853867184029925
0.0006004597175062154
0.0007163251555080952
0.00043057221909192635
0.0001289638710655069
0.0005323905384096936
0.0007693900274140917
8.516531764556177e-05
0.0016708506168790856
0.0012619786423271814
0.00024216158202578343
0.0003590342788580141
0.00022034659443387168
8.355720359313619e-05
0.0002132268421154002
0.0010231762811594026
0.000584392786437241
0.0001094879291335462
0.0004966392523376847
0.00031012528783961604
0.0001522137898485112
0.0002801264579367066
0.00011559534151355742
0.0002572839332462284
5.354930205054208e-05
0.0005797506982290355
7.327833710674447e-05
5.5342803913683276e-05
0.00016881973447970724
0.00018439174867331456
8.713996552300987e-05
0.0005783873111169364
7.819703015468311e-05
0.0001577609411183778
0.0001346210342815697
0.0002654824802880404
0.0003921171201750832
0.0001473279580458671
0.0004317228505042322
0.00037858808636359804
0.00019179713874660013
0.00032842559465549
0.00010240043867274285
0.00045829947552331426
3.907002000056991e-05
0.00030589799855283044
0.0006624258557604119
0.00017955536477520676
0.00044254722358320913
4.7175526123644354e-05
0.0003984491220977804
0.0009526678971187452
0.0007349538429861405
6.214381449630642e-05
0.0001341044421235916
0.00028128328052154546
9.097201242415125e-05
0.0010179251386187894
0.00010612323499014579
0.00016213629693455356
0.0001707503449156664
5.56812388860309e-05
0.00046857802984521347
7.760918856312858e-05
0.00012288032671873
0.0007652242237578719
0.0002506803924340127
0.00041616355228983197
0.00012110817021047707
0.00032973788861076904
0.0002499276262247153
0.00023702780966566097
0.0006199568303827411
0.00013071120649052142
0.00019237795893153724
0.0006071601805061458
0.00026951386459846984
0.000124275821633417
0.0001664418874619648
0.0008027328567737683
0.00022904449590134486
0.0007673053661809783
0.00010289785488001141
0.0001208610614191095
6.531288382757485e-05
0.00037324020081549986
0.0002682698764963648
0.00011924747193899235
0.00022887100600026418
0.0005490317509190138
0.000349497257951228
7.724300520891185e-05
0.00010655297974285002
6.782512320150229e-05
0.0006469116053539265
0.00019591589419294962
0.00018394766411250143
0.0003456886955659796
0.0008648885465292926
0.00033709808636427915
0.00025861021988157496
0.00019619587240753196
0.000622931356870522
0.0004870512681097478
0.00030652703439720797
0.0001764883681337119
0.0002702241429762668
0.0004233499378472472
0.0008211196147040514
0.00031757956445196446
0.0002946714842052669
0.00021269073581948447
0.001255096793225601
0.0002060636195192587
0.00045317980219090323
0.0002345099297570227
5.4401064824978e-05
0.00015096501911021097
0.0008141012931257621
0.00025978314112783146
0.0003172302258805346
0.00041625930868584613
0.0007765374628597093
0.0001727301106548771
0.0004716412517323058
0.0005494036892923804
0.0007458131750835692
0.00016761442598100935
6.680995382024043e-05
0.00016029078608133053
0.0006629704770176629
0.0003189057549173183
0.0003661243834039172
0.0003573273922042783
0.00010702582146330672
0.0004911498970370422
0.0007477623301334393
5.442123628732427e-05
0.0003087445865029145
0.00028841333631814516
0.00030484288918893255
0.0014533605263328216
0.0002593327114380256
5.980185916393597e-05
0.00014824722502003302
0.00012575931961101279
0.00039165475962666307
8.59044616341429e-05
0.00022955416317498175
0.0006909876037488452
0.0001527233179375954
0.0005444597480090223
0.0004438478830366349
0.00014628104607590663
8.110341260459024e-05
0.0002041661546298668
0.00020990474197365316
0.0004153652856372502
0.00022195172543164584
0.00032112152797435147
0.0005383017743586639
0.00035549701797413805
0.00024273410220746364
0.00018170147328822677
0.00026946003369292406
0.0004122084121950935
0.00034744028157722336
0.0005849719304657564
0.0005085605546561821
5.955655012191161e-05
0.00033020373263702293
0.00025680043848381486
3.921997148553469e-05
0.00011889647216090524
0.0005173245857401815
0.00028252761671577125
0.00010988798203831724
0.0003795362242503408
0.00019539828992206598
0.00016623798239247533
0.00014914103831995817
0.0009696486354344431
0.0012273870532021431
4.7274247288053995e-05
0.0006150682524561366
0.00025876984968814846
0.00016282891546983894
0.00046859259023334076
0.00020081209943147456
7.58463344969959e-05
0.00020831302890906311
0.0009467853399471171
0.0005758794859570576
0.0001854163094747037
8.996497495894799e-05
0.0002417134702320673
0.00017007340347391215
4.600864599953449e-05
0.0005684133534455899
0.00016882103105104042
0.0003484052418754151
0.000534546173879182
0.00017453374887450073
0.0006007488812849753
0.0005124430309859498
5.745267050897516e-05
0.0003485405509843471
4.020499701075761e-05
0.00024406984937606286
6.725273617979581e-05
0.00019297866457862472
7.64163345097607e-05
0.00021482883868933814
0.00011698279428594363
0.00043851953915995757
2.1188361142226507e-05
0.00020329584844398874
0.0002766962118986284
5.4101248906649275e-05
0.0003881380399208826
0.0009284305125553237
6.0522643575268586e-05
5.424865740548527e-05
0.0002725008595344798
0.00010755007135168868
0.0005759576490294802
0.00044410098370032325
8.408061102116422e-05
7.942454853645762e-05
0.0005843675560245841
0.00026798758102902727
0.0006542735367876723
0.00019791413518361727
9.717655043556997e-05
0.0003558358271951386
0.00031609780178128556
0.0005100890275247834
0.00015593512493867735
0.0007741423193001573
8.392212355950142e-05
0.0002574766094793634
0.00021085359049602528
5.8354210631844415e-05
0.00044950579127093273
0.001318345919326673
0.0002460320600641733
5.577255920688905e-05
0.00044780708277770807
0.00020684418416675316
0.001049742505096279
0.00020888413243784753
0.00016644321330686485
0.00020027172653960535
0.0003403955004857484
0.0003005070430452784
0.00017902707334256505
0.0002553545507158611
0.0002654919617184918
0.00030180373109864
0.0004423762034113105
0.0002569905915119973
9.935871613481908e-05
2.8851708496274705e-05
0.00020404181522193525
2.85011447130563e-05
0.0002457908881114017
0.00011101806690260455
0.0001367544628504422
0.0002806402979581347
0.00029043611158769165
0.0002188017957822439
4.3886394263297255e-05
0.00017145603271514576
0.00010992539073842674
0.0001685647647005419
0.00026196007018529507
0.00020632999036325058
0.00017513279673527857
0.00019297469865452185
0.00020613776428774546
0.00019519335162356729
6.736822394309283e-05
0.00020625320311689797
0.0002315800612888344
0.00034928210578601045
0.00044334517987432154
0.0006382386811562555
0.00031163216966467646
7.679088398961176e-05
0.00045838463900752034
8.771760427826697e-05
5.907805693360397e-05
0.00011118283409838276
0.0021791291625046583
0.0003639149472539212
0.00010756741573127498
0.00012310984162631705
0.00021204792441245417
0.00020278318558508308
0.0006313864711197627
0.0005383332897405025
0.0009211926753126653
0.00012850464558345078
0.00017546063956008767
0.00015787037972427061
0.0008640459160690476
0.00011422259572053229
0.0003153822050273773
0.00010432173856291293
0.00045885876288688905
0.00012735524972864033
0.00021776217475028093
0.00014467648156158796
0.00041257260469890075
0.00024892061165857527
3.811410865749696e-05
0.00013730350244716235
0.00011335972908931716
0.000544746695557474
0.00016635834415018553
0.00010918781960875222
0.0004308098249859763
8.899450719430333e-05
0.0008105099549892161
0.0001076816555065519
5.936635984627564e-05
8.882171160175562e-05
0.00021241275130728728
0.00013499321522729817
0.0005412769006048501
0.0004942619276865738
3.836280932768762e-05
0.00047180425787916636
6.647213520635568e-05
0.00023794024741679348
0.0001241569281347551
0.000150680851327714
0.000532577982539893
0.00028132902589069625
2.8538541153402776e-05
6.754719850295398e-05
0.00042184081829662294
0.0005314463575354792
0.0005080707853802136
0.00016913435527347338
0.0006839091079444009
0.00023625156014141208
0.00010747681914642357
0.0005138422606541691
0.0004556960805711099
0.00036356803107803407
9.787730878640993e-05
0.00020566627560240423
0.00013173668338682489
0.000564993967396789
0.00016502726825672523
0.0001480397301019101
0.0005317451777132053
0.0002767576790417432
0.00021562262818472055
0.0003060585241936059
0.0003884975269333887
0.00029672954852850254
0.00041429835780379637
0.0005120812080754206
0.00018172690485122775
9.009429608309222e-05
0.00025538646961508957
0.00047984955035852993
0.00026604155258593785
0.00013707494881227552
3.972390705950227e-05
0.00012618655532906572
0.0003776150054791751
0.0003892389773915484
0.00014521134683766695
6.055190888347995e-05
0.0004047101181658305
0.0004268830357354125
0.0001760309257274768
0.00021641814166346767
0.0004075990564550397
0.00032778244661930164
6.272564000914782e-05
6.07191856116588e-05
0.0003138067964843137
0.00032090719829155044
0.0010340900112317739
0.0001795720132738662
9.816718546731112e-05
0.00039794438916258997
0.00020101809271886058
9.440828041552241e-05
0.0003531633822400138
4.802581553462291e-05
0.00023005916465164541
0.00022006593422655972
0.0002235210076384192
4.461942992300183e-05
0.0001486654910030923
0.0004656777779218844
0.00014856570911546123
0.00011598030317490952
0.00011309129992658447
2.281378265674619e-05
0.00020134185761836213
0.0002522682743571628
3.331569060939478e-05
0.00044722359321744035
7.715215392612235e-05
9.444257423297832e-05
0.0007868557054787528
0.0005977948830544641
0.00045831505208840503
0.00016047201215112978
0.0003050682423501901
0.0003827265839145653
9.357601872588192e-05
5.5255503453078494e-05
0.0012881306004458187
9.802439536877839e-05
0.00011448683417494243
6.89742657923866e-05
0.00011180254264595843
0.00018071509221409307
0.0006433844862460162
5.239888530885878e-05
0.00021156941464760195
0.00011753354867252034
0.00023686212660730245
0.0004596721357408007
0.00023602552120478336
0.0001399169154104351
0.0005405629567904948
0.00027813800950105493
0.0003236511779716214
0.0008266311169864702
4.00009063280574e-05
0.00027297064435589545
5.034880470259658e-05
6.552632321171291e-05
0.0001703233257977276
0.0004748827845953773
0.00013303327568153845
0.00022959349567330014
0.0001900706554482241
0.0002817032227567789
0.00015677534957829486
0.00016002663391453994
7.02070809963167e-05
0.00023247650327747128
7.905640347755137e-05
4.432160645611484e-05
4.102131775506179e-05
0.00015310574310720536
0.0008993438271554914
6.5492315815681e-05
4.911285368048605e-05
0.0003069113204188658
0.00031939463666267985
0.00029487175410160943
0.00012904373888287087
8.431229453666259e-05
0.0003532149387987076
0.00019248587727551693
6.655320759331303e-05
0.00036198697894725666
5.624027564088897e-05
0.00039169146163911805
5.654885920740672e-05
5.378180357416661e-05
0.00012696708490230482
0.00047886285827773923
0.00019687049779235525
6.642177206599621e-05
0.00023452859983978493
9.93423695693121e-05
8.473347574269704e-05
0.0009592410560747396
0.0001533714753610717
0.00012143040942247664
7.383201604432167e-05
0.00046939524660222323
7.936554786047298e-05
0.0003359764218864967
9.106817380485201e-05
8.930299574505726e-05
0.00017351692258700074
0.000442181565795748
0.0004227514910899876
0.0001326499998363205
6.170242353447656e-05
0.0005820144931989711
0.0002911328179181003
0.00020085440871415674
0.00012872932422423037
0.00032207346757720875
0.00038538911539415417
0.00031375168336346317
0.00038109458840882265
0.00019758937317723667
0.0003299659061059391
0.0002925213652145842
0.00010480971830459338
0.00047222989138824843
8.868001093936023e-05
4.8321417377149756e-05
0.00013481965031996351
0.00020484820728725348
7.593180414960776e-05
2.2551270818724432e-05
0.0003028807221457793
0.000227004745162142
8.111589266903092e-05
0.00019478921978242764
0.00021384014482122118
0.0001299566392146414
0.00015047794997302675
0.00039220701912028917
0.00036652295657777395
0.0003700090068489029
0.00014389491819363133
0.0003864855761132411
0.0002021024903213542
0.0003399104827591462
0.0002541650884052907
0.0002811518955609184
0.00011931113195738931
0.0003029479205024845
0.000241563799222005
1.8217596409338642e-05
0.0005944369880660133
0.00012639158717988604
5.194198540011478e-05
0.0004926297860549526
0.000141723238785271
0.00011298444852417687
0.0003151360193524718
0.00043386668801041306
0.0006968219949175849
0.00017757464306598396
0.0002716843311422927
0.000291212515650304
0.00012552385416354084
0.00027618712442424207
0.00010954556752277686
0.00013571333914568997
0.00017624741101130085
0.00024937948428449416
0.00039262396605958675
0.0002369352294400739
0.00031989114486234656
0.0001960458671723023
0.00010220078117096575
8.192433294237277e-05
0.00013506960107443854
0.0001752244813684025
0.00016507644505032732
0.00015326640348831797
0.00039018285099376324
0.00035121158211411823
0.0001440266750061426
0.00013841127416437224
0.0003606385774822693
6.397250586307021e-05
0.00023938271047932487
6.209594892815271e-05
0.0002984714794274208
6.863729236625568e-05
5.793794365408268e-05
9.736863143079682e-05
0.0001493364775611317
9.232282501028874e-05
0.00021330820138530229
0.000181858533240408
0.00027759711069395935
0.00021212079447522315
0.00011374606069712019
0.0001552236279491484
0.00015668274135228192
0.0002815173870747278
0.00039214844959003945
0.00043959603986719776
0.0001524756530865182
0.0002661941253751933
0.001246131896528466
4.917027510268304e-05
0.000254093104127654
0.00020647657695231338
0.00036001105838619625
0.00024363775036460546
0.000434276584095002
6.99147202464673e-05
0.0002656305387992618
0.0002781817840986152
0.00012333307773509694
0.00012840305998558068
0.00024398927110944285
0.00019922319008582306
8.006397251909963e-05
7.760053862786463e-05
0.00011577756457619183
0.00023473334221365335
0.0002479492830907111
0.00026498659206778313
0.00014836179483514045
0.00014042295700380776
0.00033976015985998163
0.00011375008089008185
0.0008607768924784558
0.0007865810754061846
0.0002203837578708558
3.545714646551669e-05
0.00014841723379735309
7.374117739655689e-05
0.00012537367002504445
0.0005586963590167779
0.0008650251800132033
0.00019867133984595393
0.0003738639635545872
0.00018165849881526846
0.00022826543778895806
3.564881034454322e-05
0.00017981767800414147
0.0002727975186542126
7.783326006991094e-05
0.0002170597022437127
0.0003174945699740462
0.00022924667314430343
0.0006015322859734781
4.4127638852367396e-05
0.00015892792757802538
0.00040596922381697396
0.0002769056799454187
0.0002552954840130391
3.888702854829789e-05
3.301222976068912e-05
0.00010756644247684385
5.64543468070801e-05
6.337644030542635e-05
7.578894991124534e-05
0.0001345294211917083
8.01169078413376e-05
0.00024212828754649563
0.00011437604407565993
0.00010308300825718446
8.241250854689143e-05
0.00011817718531973963
0.0003206239008951099
0.0002679796571113566
0.00019642434306841515
0.00011454381050220599
0.00016961371014277137
0.0009150078540474372
0.00028093039989470056
0.000373109578877159
7.42244826091612e-05
0.00022976291444783877
0.0001386137632427497
0.00011706808404941791
0.0007432418262725573
0.00014399194271753958
0.0004533583908585321
0.0001849928761139062
0.0005201326391228243
0.00010621922192635569
0.00010073939207437667
0.0001274848554189084
0.00029784217636131784
0.0008140913507889144
6.138331358063924e-05
4.046838538194144e-05
8.598528294229343e-05
0.0005060051415971748
0.0006951880607344984
9.00807507275387e-05
0.00016477647225354968
5.6377020459648474e-05
0.00014799153880418002
0.0004369562473206259
0.00028566176613914707
9.589416444244924e-05
0.0002454580031470185
3.736621126217108e-05
0.0002005101206081515
0.0001818530928453252
0.0001527899400386665
0.0006293975522683493
0.0003243549936838055
0.00011522185946821787
0.0004161202195244903
8.737137932275619e-05
0.0009087127110104807
0.00015248689581713563
0.00045101167881237287
0.00026342996110637865
0.00012453338651610576
0.0003563045626683616
8.399919686446476e-05
8.498134572410166e-05
0.00024510641048169934
0.0002611946629006564
0.00024172417595673176
0.00020074460630676094
0.00021841112646079735
0.00010196322264260634
8.108219369368715e-05
0.000106608919847808
9.506973320671699e-05
6.589263612457122e-05
2.443748258016132e-05
0.0002958494275518063
0.0001386574960723508
6.876526904870639e-05
0.00032166969195410124
8.626148615047728e-05
0.0002542596568993916
5.501418496545933e-05
8.482744073192567e-05
0.00014811332451417585
0.00036531531302405433
5.433219429827942e-05
8.110582830544949e-05
0.0004147967077143297
0.00017572605293718815
9.936573674067245e-05
0.00020137199341657553
0.00018222212040647708
0.00010457607776717652
0.00034258091800462245
0.00028834785923744654
0.00023513245176415217
0.00014766140773809545
4.800542478418829e-05
6.277323781581216e-05
9.857120625648856e-05
0.00024933160077647077
6.743501035417847e-05
0.0001248364362430128
0.00024076829124382738
0.0001407188541793168
0.00025016087273433454
0.00013054773064970508
0.00027735367689441946
0.00026824616124669826
0.0001901234472906881
0.00017669705856332288
4.5653621572353095e-05
6.451760945689922e-05
0.00034742566329931695
0.0003403739104411061
0.0001047022597542549
4.432050247065566e-05
7.791837389118076e-05
0.00033554340273137315
0.00042894773346732187
7.778386675505831e-05
0.00016915504768549172
0.0001804039536011908
0.0002455626310025937
0.00023662139333659
0.0007250428923310588
0.00015607861521608102
7.525765128591992e-05
9.214867537799044e-05
0.00013439804164594088
0.0003551553440148028
0.000435563651868275
8.690258112956477e-05
0.00014702969583741795
0.0003051170535202667
2.545828032635729e-05
7.451363672358413e-05
0.00010643378108580025
8.301520956806435e-05
0.00011399592222921264
6.29854364547222e-05
0.00016403079039960345
0.00026862969462053583
6.165076599217607e-05
0.0001645963157806166
0.0004323008452294312
0.0005524114699709293
0.0003364988288708228
0.0001267922297583965
7.232518006569071e-05
0.00017947427290909736
0.00013949034377121674
0.0001848706747304411
0.00017517021771763333
6.365922690176937e-05
0.00012743439123954136
7.551974899567227e-05
0.00027423133352263426
9.062291535735549e-05
0.00021180606537011493
7.72842577054196e-05
7.182147536653647e-05
8.418559825228478e-05
2.297144164071882e-05
0.00024095048568096284
5.8284476787176946e-05
0.00025471506269772963
5.770354656107493e-05
0.0002120029162348691
0.00017620688209886112
8.774425598820758e-05
4.1483512798440805e-05
0.00029585024948443475
7.638182725570392e-05
5.450107159286086e-05
0.00013004502256324478
0.00015198147053367158
0.0001464042483668625
0.00039958868609344983
7.502548740818107e-05
7.239696688773496e-05
0.00016160498622345593
4.7183728954737764e-05
0.00012389245075770705
0.00021254072679682037
5.41046363897241e-05
0.00030959331142958713
4.858491852148478e-05
0.00012772151937010461
7.65035772070015e-05
0.00010150667546313314
4.96026549508976e-05
0.000304517839008212
0.0001413774640057144
0.00012976755619919386
4.383057461680098e-05
0.00011314211277255351
4.1165863044187226e-05
0.00017858412919627325
0.0007770610295362173
0.00015965490999872347
4.091707760351093e-05
0.00012633481864468438
2.6263764727262582e-05
0.00017538162970901609
0.0002443838952526343
6.87840571748998e-05
0.00020344963401074665
0.00015515922138053742
0.00019472391980914565
0.00030090830429792086
8.665069307997317e-05
7.272114916349983e-05
0.0004965160304593633
0.00014817939516147062
1.693641186366638e-05
0.00031007318460461606
4.9057616618118586e-05
0.00030771681984263224
0.00014318592346093814
0.00018243836401184046
4.175184770999032e-05
0.00019810381877213425
0.00016286419462605513
0.00034803114429418706
0.0003032840878852457
2.3289307434410998e-05
0.0008142499204585911
6.491459639390027e-05
8.597991041712171e-05
7.094450013521943e-05
0.0001557308347667007
0.000285598739431786
0.0003194981312530736
8.476572633489392e-05
8.834000752043603e-05
8.47907713834681e-05
0.00012590240147513507
0.00014863012866273747
4.998350285118384e-05
8.885749923612159e-05
0.00015099128949000047
0.0005040185142454752
6.0166493911671795e-05
0.00013613680224739381
7.359249936972698e-05
0.0003447914571596197
5.739896701040413e-05
0.00014698648625774877
8.492951408968003e-05
0.00011473327789162215
0.0003048293180120704
7.587605663370085e-05
0.00025376199071260123
7.221175622793111e-05
0.00023176476607825083
0.0001187672266486929
0.0006700456980956309
0.00023423644023064813
2.7400251749678126e-05
0.0004700808319142001
0.00011197098167761874
6.516365645050127e-05
0.0003191886710004223
9.089577289783763e-05
0.00017156864099094994
0.00020494755543201072
0.00012629253304755685
0.0011652349967789415
4.854868208745303e-05
0.00014183202789885046
0.0002628478315794158
0.00026624348343211085
0.00037446004804819613
0.00015532680962829925
5.836206300629583e-05
0.00011295687007767943
0.00039790621882271885
0.00019015459848973804
0.00011201714883434538
0.0003260330172946827
0.00018312303912865926
6.976793702668052e-05
1.720835970489454e-05
0.00018030145677181575
0.00024585848963051826
0.0003569454848878358
7.201845449837782e-05
0.00013891586489794876
0.00011738698108361633
2.6047824492238314e-05
6.917403084631186e-05
0.00033318337203680346
0.0001197554969840307
0.0003334237131828241
0.0006011908987278553
0.00014586537618760774
0.00031708254397583687
0.0001018894820968572
0.00010499999384673659
2.975017095573972e-05
0.00017580720938963738
0.00028157087684349313
0.0002504204716789675
7.902468147711162e-05
9.960374568134015e-05
0.00025639744883014157
9.5200331988178e-05
0.00016540742093455618
7.215190193692145e-05
0.0007302178401346436
0.0008744370260219288
0.00011339306107406027
0.0002642745374712557
0.00011182169321095534
7.006889186612537e-05
0.00028562312793531933
7.888385993884318e-05
0.00032928965214914076
0.00031883623447023784
9.674697403254373e-05
0.00011179854759172559
5.774587162532506e-05
9.362928161209304e-05
0.00023805144683908947
0.0001811299535086952
0.0005675139060033864
4.430692895976089e-05
0.00032321786406392386
0.0003472976960475831
0.0006667076347889341
4.0622237979167986e-05
9.819054568741795e-05
0.00012260062148129167
0.0002961578358214689
0.00018938162504744956
4.622175902100803e-05
3.7835825607276324e-05
0.00024877633452686506
0.0004468236583418666
0.00019735968126928605
0.00029729706386340764
0.00020446897112438687
0.00017905598172367968
2.9827742449881784e-05
0.0002612671945485901
2.6909582339386778e-05
9.454065633167216e-05
0.00011639569720324052
0.0001079180817790901
5.466018066106692e-05
0.00014353469882879253
0.0002852776929541784
0.0001616863254873187
0.00011326038200400078
2.601397732288572e-05
0.0001683438790009149
0.00017535113299952147
0.00012487972138871346
0.00013203326956533507
3.348342582584596e-05
6.69298200905155e-05
6.918501301373978e-05
5.6707737836676994e-05
2.208945746970179e-05
0.00015695743315718527
7.510127751671727e-05
3.495085128012832e-05
0.00010558652762884708
0.000594400021792857
8.43868203772207e-05
0.00013474838598672367
7.682342266374163e-05
0.00012202206544770989
0.00019560685098467262
0.00013335019258899414
2.2594272227387656e-05
0.0002176540655881126
7.706916321459752e-05
0.00013195628531232473
0.00015677711902205708
0.00019543363608811928
0.0009834629851372947
0.0001254139267149822
5.085777271266496e-05
0.0001130249882134742
0.0003064999478467016
0.00018701899216528106
8.166131684371097e-05
6.666668138065439e-05
3.42352892672743e-05
0.00013219357314634255
4.5711076664985805e-05
0.00026376076750778165
2.4636443116795006e-05
0.00018455420164196552
8.46706231775508e-05
0.00013989046936307577
0.00012674995019514314
0.0001791715968268934
0.00039600598030205183
0.00013223194609927557
0.00010031118825722724
0.00012449479860278967
0.0001877832416371574
7.733379203355432e-05
0.00017302945482866808
0.00014783663197557562
0.0001254381625989638
8.849035632622326e-05
6.537630511342516e-05
4.6129711330884134e-05
0.0006090885806703879
0.00011950405396994379
3.932324766373324e-05
0.00020082991455812945
0.00010695761282557808
0.0002431423065207754
0.0001412340699556959
0.0002728455043029125
0.0003146079394850675
6.115289893707694e-05
0.0003875923168738396
9.958765135716466e-05
9.206998104363068e-05
0.00015729363962420446
5.602342805387055e-05
0.0001661665034713161
5.986521576199496e-05
0.00032212365450363066
6.17024852152592e-05
0.00015603674395536877
4.035254605248328e-05
3.9389915734470686e-05
0.00012828186000446215
0.0001245224651918416
9.227644561869476e-05
0.0001489706992800131
0.000141879591518799
6.797477040075687e-05
5.436773230953807e-05
5.957205298699192e-05
7.80634726121346e-05
0.00020722098914673006
0.00016820889614909957
0.00032999327249056944
0.0001320452602508402
0.00020411778908045606
0.00019321854053701385
0.0002100239984263535
0.0001429446784080498
0.00034685382233074267
0.0001274245128207807
0.00010038630211690823
0.0003207350645296632
0.0002056342513069286
3.100868679876838e-05
8.850405855803709e-05
4.15687064439691e-05
7.7686863374545e-05
2.3060503121737227e-05
9.651394801225835e-05
0.0002657535888719521
0.00040477999180408127
0.0002076958739311523
1.7332617702668437e-05
3.47043561502248e-05
4.34176056476168e-05
0.00020055699817258442
0.00022364451206122489
0.0003256605675870429
0.0001504121317332941
9.347031220694146e-05
8.737071957349061e-05
9.45575148967907e-05
0.00015500600859883317
0.00020955361839879112
4.854996670842348e-05
0.00034428406202219135
3.680421008229302e-05
6.432947690432326e-05
0.00014447803541809553
0.00011804552738913293
0.00023328726703007456
5.98585167780604e-05
0.0001110837716241726
5.996181107108462e-05
3.427741313124491e-05
3.9364771446583526e-05
5.255092010624755e-05
6.642936472070599e-05
0.00017266797599895477
0.00019003270838410558
0.00012746594784679002
0.0005677445764888628
1.9950098991999687e-05
0.0001477521000235241
0.0001830830000908128
0.0001582152974604778
6.909180825908165e-05
0.00019474824263932995
7.645490010278375e-05
0.0007220202186269628
0.0002177465923046438
0.00021475280496582777
0.00015243867589758494
5.499552693192653e-05
9.217991332440166e-05
0.00014036267608848952
4.656589519362554e-05
0.0003172468092628082
0.00019993085617393082
8.83160324605475e-05
0.00027164886875574745
4.5247188036330134e-05
5.678506954142982e-05
0.0003424948726426846
0.0008215455516799529
0.0004230321088572916
0.0003904723418751959
3.448704351825422e-05
0.0001813162061139566
0.00021111895178172477
0.00015460134338790357
7.819106847678288e-05
0.00023765695762906314
0.0006291878087117472
0.00016615117162897719
0.00010857456371694222
4.807082053977028e-05
0.0002506005225013455
0.0001500336281783797
0.0002117287127030505
0.0002888684109933953
4.728486346597306e-05
0.00014864039127650177
0.00012097822447803657
4.384027414937883e-05
0.00010710312905546042
6.251881955818759e-05
0.00015278153557466106
0.0002962593360061176
0.00015055861606832143
5.620504415049486e-05
4.877978614715758e-05
9.723604324752106e-05
0.00012588815456657373
8.26382393918858e-05
0.0002047617557806468
9.233437493635132e-05
8.317595584270971e-05
0.0008203978146666883
0.00011478363523070379
0.0001111319910909953
4.408262209013838e-05
0.0003895145791749222
8.880796801380193e-05
4.510130215641599e-05
5.450624279425022e-05
5.76348332810139e-05
0.0005486171464467044
6.865497551353903e-05
0.0003334980348067993
0.0001851775647340473
4.832166096170847e-05
9.409527873057891e-05
8.91299623310909e-05
0.0002735043442914555
4.936477823825189e-05
0.00013868970847822512
3.65523526792712e-05
0.0001100709947799908
4.831357893580075e-05
0.00012422315488495728
0.0002333144777794601
0.00012993129907409463
0.0002223083376564164
0.0006816903102333273
0.00011814397032270705
1.2334970392389272e-05
0.00011798460374085608
9.885153958800803e-05
0.00010061934288073053
8.17866778434252e-05
4.0396678973975036e-05
0.00020047787843058485
0.0001473422377569841
0.00020874638372303666
0.00018530251317516716
5.081567268998154e-05
9.399694096551381e-05
0.0003966777278513079
5.0971563964783684e-05
4.567419528645238e-05
8.947124266618616e-05
6.528938788650539e-05
0.00020229078116635105
0.00011360689539319918
0.00018496795481967566
5.585893903970883e-05
5.594781768296144e-05
7.573916675513073e-05
4.397980501433717e-05
0.00019160173881013824
6.668497593654418e-05
0.00013604241385511393
0.00013201164162536782
0.00012410360138199095
0.00024083810886993192
0.00012074357398868951
7.50461804385251e-05
0.0001785929946139047
0.00015101805840865264
0.00012157639005656198
7.105148493577736e-05
6.368984494072641e-05
0.0001085040329991274
0.0004051363984374263
0.00047247980968090976
5.222178618581101e-05
6.475485642804958e-05
0.00014725024391130045
0.0001024242028916465
7.000584458094964e-05
0.00026782069172495373
0.0008247383958805477
2.955398878369855e-05
5.4619746129753834e-05
0.00011693246301996881
5.664765070496481e-05
0.00020247943832942084
0.00027555574772865913
7.39834745191403e-05
0.00023353716480172134
4.524543567169487e-05
0.00010908051164319952
3.563757924470262e-05
6.158507504532504e-05
0.0001414092161792233
0.00029142173298314086
0.0002402318529297324
0.00026314883520789205
0.00012256663650487415
0.00016833013345746742
6.641827672865129e-05
2.7737907002154022e-05
5.8496848538532235e-05
0.00016346238274851557
0.0001523068990182366
0.000126046734483318
0.00010529355767250276
8.294630170166107e-05
7.943597154269741e-05
0.00011143462013681446
0.00010319009836181418
6.04197401107728e-05
8.742003679399758e-05
6.318089656216796e-05
0.00020983544896749723
0.00024033608724994721
8.7211045866456e-05
0.000557282312958534
4.2330971893355064e-05
8.857607082114261e-05
7.770675799279322e-05
0.0001953791294253759
0.00028634336535040617
8.928035757707484e-05
7.462163154260496e-05
0.00035510433413327207
9.210180815575326e-05
0.00018947735715949736
0.00044312035572693703
0.00014955695018531388
0.00010456518689179238
0.00021515300072997472
0.00010512282637884875
9.764517487419555e-05
5.04477651167851e-05
0.0003376926664353711
0.00011222396268550846
0.0001566153740178529
0.00040695182074005726
6.671972705104899e-05
0.0006711586532339894
7.272918959126782e-05
0.00028545330218741893
0.00028932669650218363
0.000114864946201663
7.00254159218984e-05
7.248489785812081e-05
0.00013180559805686136
0.0002523853974884528
4.2644353434075437e-05
8.829487604198354e-05
0.00010238850297382056
0.00029716614288870214
0.0001625390144109947
0.00045486787704096196
8.380877947951916e-05
0.0005294802911809552
7.496749738768593e-05
0.00030324290702792397
8.121011699813262e-05
0.00014472587766298646
0.00023441777226117783
3.7888985172349895e-05
6.795438203065156e-05
0.00012679247886071508
0.0004926225060671429
0.00023850718336055436
3.399758524269635e-05
0.00012944743538929207
0.0001050304328141623
0.00016824613660871055
0.00022012947445301836
0.0004419536791123494
3.062395034366449e-05
0.0001886216439172745
5.6380139882713484e-05
8.592842113253871e-05
8.364456371285846e-05
3.281089363682658e-05
4.3694720496630164e-05
0.0004562892433220195
0.00014038000850769735
0.00013113801037902134
0.0002892873763856889
2.6286200612405955e-05
6.167687071036669e-05
9.097275328009886e-05
3.8468317888570425e-05
2.0208805007421597e-05
5.2675856983078014e-05
0.00014347640247433372
6.581880541681782e-05
5.58151315170035e-05
8.453294366142976e-05
0.00016627642697570645
0.000160750515654887
5.4688368399995625e-05
8.238154027950792e-05
9.415102746082695e-05
7.617249596263012e-05
0.0001345977521734741
0.00028702678693624974
3.594248193340198e-05
0.00028388931493823636
0.00013782705082058272
2.6750542738767167e-05
0.00024223399754278723
0.00013084966264765202
1.9703208178157507e-05
9.752553327956389e-05
6.274118523806707e-05
3.2905619292554945e-05
6.816441526936259e-05
6.851975630578993e-05
6.455720258606461e-05
0.00012019452694901395
3.313553993709827e-05
4.077929425733363e-05
7.82375892431765e-05
0.00026925660675487063
8.31064779877004e-05
0.00015683733426646653
4.4202745813171774e-05
5.966271845775893e-05
8.799961115314481e-05
0.00035541018988278133
0.00021760632612891157
0.00019616736236860785
0.00018462909508985728
0.00023264037911129032
4.240469566940074e-05
6.785468114005407e-05
5.812143933435416e-05
0.00010606088840329047
0.00026376222320062136
0.00015898167799253667
3.624227699245216e-05
3.979347715239764e-05
6.447995624426246e-05
4.03176528714654e-05
8.368844839259752e-05
0.0002852934250252292
7.032371665300408e-05
0.00027797817427068785
0.00011695547934397081
4.4746859058147265e-05
0.0001985155351358251
4.0218614461300506e-05
0.0002727171709894904
1.893847453346739e-05
8.236472308241099e-05
0.00016838166474574017
0.00018763686126260976
5.9097141593129555e-05
6.572123967351777e-05
7.952440676181292e-05
0.00011583515194554353
4.161654334939601e-05
0.00011961509731832668
4.9953389889728705e-05
0.00019888189211269232
6.771392365370782e-05
0.000323269354315605
7.273705151172779e-05
0.00034877222504742635
0.00016387715798923716
3.1993105020019174e-05
5.2992407300055116e-05
0.0002490816979987845
0.00020942129484611654
0.00012176096997021122
8.671818131015968e-05
0.0005035416901228141
0.00012207121463472627
7.366572246847286e-05
5.672793458148415e-05
0.00024324276562969
3.5347010501244065e-05
8.127455086608075e-05
7.20537761777531e-05
5.4349054025581654e-05
8.761748392988533e-05
0.0001612003827361003
5.5222880392431755e-05
9.908465528244372e-05
0.00011030296565747888
5.293689886409912e-05
0.00022975244107755575
4.0909242335561764e-05
0.00011642045942176883
2.970220959434591e-05
8.264643421543498e-05
0.0001324630440875013
4.5519200040856203e-05
0.00013836819244968863
5.2385733203128746e-05
8.607868666695679e-05
0.0004707601214217523
0.00012401592502210703
4.650774227159801e-05
8.58644378006872e-05
0.0002615784327519449
0.0001411267345548067
0.0001261917349289306
0.0001574714794282996
0.00011227406120588966
0.00010460586904115133
0.00015440024630500004
4.010829817295003e-05
9.767452860777605e-05
0.00015073219113953244
7.14012992032371e-05
0.00011565561309881445
5.658339013808926e-05
7.301767878343489e-05
0.00035104428746788956
0.00020097401797237086
3.503094701198383e-05
8.638413352138398e-05
7.556643538936452e-05
6.195538754209554e-05
7.63511250929815e-05
4.514253622452887e-05
5.447753475743928e-05
9.313042919778068e-05
2.16126896703257e-05
3.620820881558829e-05
3.017090521589638e-05
0.00011935240552153956
6.871651815569643e-05
6.638933998553658e-05
5.44392852527928e-05
1.345607905001039e-05
0.0001776248035640089
0.00020805209899609164
2.8921737294756887e-05
0.00012505171851525813
9.17200405025154e-05
7.216828668679139e-05
0.00015843980367823282
3.563224592382246e-05
7.6432342639295e-05
0.00010013223711858363
9.222409377367715e-05
0.0001520030314556433
0.00017727458103409938
0.0011894133270218088
0.00015494353452908446
7.947191020309239e-05
3.669899460006641e-05
0.00012138279911681537
7.159139456651299e-05
0.0001964888196508431
4.9884713395757783e-05
5.804599370117808e-05
0.00035817485494780976
3.765831374453221e-05
5.530920173462719e-05
0.0004197643676879424
8.191570090657661e-05
5.674271517999304e-05
0.00013555950081041361
2.6827741230517e-05
1.3647565475855097e-05
8.877898726086217e-05
4.1812229287731344e-05
7.930323241475019e-05
3.1156438671055255e-05
0.0002994964434463406
5.498994291239999e-05
5.078263278670758e-05
5.4912767156082494e-05
0.00016983989721660743
2.9417051034783468e-05
3.60886324478882e-05
0.00017496908876320856
0.00022473405695411556
4.863140137992094e-05
0.00017106645378597236
0.00011740553635082788
0.00016132806033218412
0.0003023599820340517
0.00038970974927644223
4.968873320940137e-05
4.020044366591641e-05
5.07997167492406e-05
6.810469041655441e-05
2.3239534497066323e-05
7.972219011239231e-05
0.00014040933264377765
7.56177000218029e-05
3.914125462552782e-05
6.942182402311917e-05
4.473024198295623e-05
8.949175978235289e-05
3.190165459385678e-05
0.00017459870184718116
9.128614005647647e-05
3.6533574945707645e-05
4.323942056555423e-05
3.5578810389540755e-05
0.00032620073359904025
0.00024817306683226815
3.4511123796741645e-05
0.00013564933268937301
5.9587652412286315e-05
0.00010553429936789386
4.8346895974645355e-05
0.0001506508891761818
0.00029197219784364076
0.0002935608329207135
3.892223139770491e-05
4.980162733350278e-05
0.00011927187378609553
0.00012281983006951354
3.6027477766179015e-05
8.83203908160867e-05
4.7645545232633573e-05
6.890644803101098e-05
0.0003297502136573135
6.444785429083416e-05
2.205981894712094e-05
0.0001135591000422007
0.00014020501566142015
2.717335811685488e-05
0.0002623523799373985
3.629845899294101e-05
0.00011470637029161051
0.000138949791667544
6.619220927790938e-05
7.232346370783367e-05
9.617103589345452e-05
6.136786499976631e-05
5.6725708003807176e-05
3.080215816130718e-05
6.390202695607962e-05
0.00022699173040653195
3.3587914392594915e-05
0.00010149569255949616
0.00012546166555505939
5.085298920606057e-05
0.0001617490735266158
0.00015948897706255928
4.115331475609534e-05
0.00018202898257821965
5.121389896979141e-05
7.852515830985684e-05
3.1189300942953245e-05
1.6339598482241993e-05
8.240290660291338e-05
8.686832760735484e-05
6.94353846028172e-05
9.137750443377458e-05
0.0002947825393250614
3.812740923175399e-05
5.8687585555462986e-05
0.00017856098863658256
5.2548810858893165e-05
4.1490779302168055e-05
0.00013788832505558265
8.798101659950992e-05
6.855143524596518e-05
0.00019876228627588188
3.2164346031709185e-05
0.00031149806063688284
3.661103801598582e-05
3.184443731622481e-05
0.00022478368332146941
0.0003958578093382423
3.558613242878552e-05
8.012992505290647e-05
3.0652681936445196e-05
0.00027248098551224486
5.013658242801208e-05
3.103193882477922e-05
0.00010177197680726635
9.521602280211212e-05
0.00026819901320652436
7.390674154326754e-05
0.00013849374852532457
3.7297880014774734e-05
7.08825304559765e-05
2.865743621325875e-05
5.868229747213109e-05
5.139494294101913e-05
0.0001469197819962138
0.00014446430425745866
3.4867396315020105e-05
0.0003563850993608275
3.2782610599663976e-05
7.44581122111786e-05
0.0002706163253499386
0.00017826172402792806
0.00020147547311027232
5.752678461367956e-05
0.00011275952479921305
5.755085326515638e-05
0.00032597628726658596
5.463998889749057e-05
7.061645732039351e-05
0.00015946558037355905
0.00017914703112327152
0.00037076542632728457
0.00010343464048603957
4.819229239494327e-05
0.00014396985787456352
6.332541039945724e-05
0.00010863993897595511
0.00015523598380470262
4.116670365444178e-05
8.817401655298225e-05
4.838485880665879e-05
4.009253360641159e-05
9.105104195143363e-05
5.1115784613241065e-05
0.00013285322526206865
4.574720932108163e-05
0.00020319818136402406
0.000309698685916283
5.239095856187505e-05
0.00013479618583710942
5.726194981788486e-05
0.0003379241903792207
0.00013976351234806656
4.8825379569082105e-05
3.3825776670316956e-05
7.244521553703858e-05
4.2927144110381564e-05
9.454363127515951e-05
8.204692219783106e-05
0.0001858608503227688
7.426791283128528e-05
2.1950731023189405e-05
4.989553345137527e-05
5.2529908048671416e-05
0.0003859490825299487
0.0001812112769386183
2.8659548209591144e-05
7.04485764205045e-05
9.088658820017953e-05
8.375943238056765e-05
8.716112995135504e-05
4.3180261481119367e-05
8.855433853373901e-05
0.00015532703259175357
0.00010864669427726787
3.1925437390231364e-05
4.638109751940286e-05
9.729536641824858e-05
6.421241743429521e-05
2.7186523016638035e-05
5.704317910535451e-05
7.952966729240147e-05
0.00012792961865518794
0.00018872352379938553
7.923035611907021e-05
0.00011240018108737335
0.00022951489089670412
4.667762406230979e-05
0.00010387354793099447
0.0002634362923396444
5.5749037399471586e-05
0.00012740925616859945
7.808371392113399e-05
6.301026860503449e-05
9.198233268498202e-05
7.221901060563941e-05
6.340639731020647e-05
8.140752885176766e-05
7.53652516644762e-05
3.939062614818762e-05
6.084281563778335e-05
3.599313013675295e-05
2.7069404031986237e-05
0.00011257196723696036
3.5401654694507e-05
3.703273935362352e-05
0.00012880546222378603
7.545341418540513e-05
6.796029797005405e-05
0.00036799193401271653
0.00017238091306327093
0.00012917089064325835
0.00010090439687152797
0.00010896059687640491
0.00013610014687118492
5.9600860305338164e-05
7.086135872143721e-05
2.6797321290077752e-05
4.479498341043587e-05
9.630923712990381e-05
7.306668226557488e-05
3.069704156706706e-05
0.0002108324645843046
2.4793227498587732e-05
0.0001465181153966971
8.173765585747686e-05
0.00014119230276119808
4.87779262207471e-05
3.702510746167213e-05
2.7361718130748184e-05
5.243146815284247e-05
0.00014770316897458205
2.5965254523078865e-05
5.977514637504432e-05
0.000155956699657975
2.73425246692496e-05
0.0001920922158550936
5.3708489774129735e-05
6.398089602693645e-05
5.279479712882807e-05
2.5789819844261723e-05
0.00019941847910835334
8.504827122139536e-05
0.0002301303381522884
9.924767779458793e-05
5.4914699183058655e-05
0.00012601731377983815
6.028990828779493e-05
7.698164595635332e-05
4.141771171554413e-05
9.474486056641862e-05
0.00011106285593382175
5.071205140323972e-05
8.897922953135202e-05
7.4195801305974e-05
3.098625952167886e-05
0.0001560398035494339
0.00011556034516255026
0.00015131192484764365
4.578501174497168e-05
9.999396192538333e-05
8.229288753487498e-05
4.35553951400834e-05
9.917383465458249e-05
0.0002963902237316388
0.00012394660397040762
0.00011427268200254199
0.00014416619848004226
0.0002662946417193024
0.00018893820385384736
4.13191696239787e-05
6.321715250794406e-05
0.0001280712209798751
3.6850363964432264e-05
9.707867654209664e-05
0.0001443850444577691
5.9678064770165434e-05
7.387455950927065e-05
3.427664511553283e-05
4.567555377763687e-05
0.00016494031719681713
5.217075137814428e-05
2.458599960893737e-05
0.00015226132221658002
9.813281520177174e-05
5.907569024448606e-05
2.752081731432741e-05
2.5768003628855267e-05
4.8031727020127465e-05
6.284344001124766e-05
0.00015448312692995279
3.4774166620530025e-05
3.5059440356072595e-05
0.00012670700508694155
2.921548524490387e-05
1.6200540953436394e-05
0.000191060509158534
0.00023432097601848028
3.7282162510697715e-05
6.628634432098787e-05
3.8348098055536306e-05
4.595894487192518e-05
3.6159765658651624e-05
4.5572943317985225e-05
3.943660398348874e-05
9.951188002157294e-05
2.8214676701664493e-05
4.432595049974525e-05
0.00027731648547917547
0.0001859265887359476
0.00016138599121061
0.000186154232231011
0.00014771205938339307
5.2116514217923085e-05
6.588500543690623e-05
5.108812497206918e-05
6.510667020542711e-05
0.00010651919349094843
3.8884084711438347e-05
4.755275949857357e-05
3.0631066592482415e-05
0.0001401369361486614
9.331960084628907e-05
4.486930189677749e-05
4.440927868715423e-05
0.000140918302350644
1.346934611018405e-05
5.123819407159369e-05
0.00017831046813321467
6.833189839276692e-05
3.010243145435071e-05
1.5335831599923266e-05
7.975946494163404e-05
6.0642364080259925e-05
5.730004770572855e-05
0.0002330650345705744
0.00027336306258046955
7.739452950669393e-05
5.666280932610029e-05
0.0001536236854767071
9.439965178627426e-05
3.880761377043404e-05
0.00019013073774352444
4.2760873058115295e-05
2.0691852872872016e-05
0.0001172846863257192
4.157849201242977e-05
0.00011421256580402697
2.7339712035701986e-05
6.0389728965216316e-05
0.00012570402346060542
7.855217533856142e-05
0.00015016964771932698
7.143708548958141e-05
7.069162615011187e-05
4.237726177480477e-05
0.0002105259625579732
4.47866936006288e-05
4.5201377325069433e-05
9.075975607134877e-05
8.52630376228049e-05
5.312797128359109e-05
0.00016783943812081003
0.00012040532852183408
0.00022383727806585117
5.9129293379544145e-05
0.00010841653988602854
3.754906705942758e-05
0.0001743670421895743
0.0003062182447269231
0.00016930559437222184
0.0001110134343910685
1.9177306814575024e-05
1.0942511449361869e-05
8.619468542749697e-05
0.00020750617518707677
0.00024523539977823743
4.2633366744672944e-05
4.8207466499779243e-05
2.3180947857284796e-05
0.00016225712195554355
5.880423998919157e-05
2.6897266370975384e-05
9.89810736683711e-05
0.00010398161352539126
0.00014913689021948793
0.0001336812382943955
3.664008003519886e-05
4.353510949292165e-05
8.610630173734715e-05
7.762455259125333e-05
6.894125401311493e-05
8.123946288723288e-05
0.0002942628827498076
0.00011992161025019557
0.00014046713281378527
1.847059549103623e-05
7.925456089108821e-05
9.155414521134188e-05
7.455072246285978e-05
3.3954541213266444e-05
0.00014237526375493123
3.589500204404139e-05
3.449142490783931e-05
0.00012993604788658588
8.653942353855275e-05
8.968122517905044e-05
3.101002533407095e-05
9.103851403122594e-05
6.85070210521662e-05
2.6388385088784166e-05
1.921929278894979e-05
3.2990566489806156e-05
0.00018679012029094037
0.00023928082788436517
2.3821934539833534e-05
2.8162243436827668e-05
0.00022397273829024555
4.980765533422063e-05
2.9483250110725068e-05
3.62599836467996e-05
0.00010800290411531677
0.00012414864949562927
2.9449856368864055e-05
3.418295205134438e-05
0.0003192652798326785
3.66732861353465e-05
4.115773737292327e-05
2.2878011438322654e-05
9.018072901706378e-05
0.0001221713327758829
0.00023586867065264233
0.00019579807638693062
7.877148080631853e-05
0.0002910049832679382
0.0001504074948445808
7.085182130741767e-05
3.052269177599763e-05
0.00019334782905429908
4.768376261578134e-05
3.209627097641078e-05
4.6685737708805384e-05
5.691906488652194e-05
0.00014879031669603083
0.0001276996237575621
6.932462861161436e-05
8.682601672189276e-05
1.8456771828787705e-05
3.355566637816201e-05
5.0532693768015086e-05
5.327234056899847e-05
8.567470842103377e-05
0.00014794052225269278
0.0001282749851613664
2.7774133797818764e-05
3.666367419797872e-05
3.457637323016199e-05
9.229801580883257e-05
4.432165388630162e-05
0.00017301441801673362
2.6757289978554364e-05
5.4277946627772306e-05
7.873772036455893e-05
0.00013774768913892487
0.00011223892913289899
4.6953348351342085e-05
4.1747757358186316e-05
7.591964827477668e-05
0.00018142793204039697
6.035580710042988e-05
8.140861048450227e-05
5.001954903072097e-05
0.00014821602853783082
5.720932492855648e-05
9.045386737885664e-05
3.663773641522523e-05
3.955272291645404e-05
4.5140100615189484e-05
0.00016079094216583164
3.128704112519781e-05
3.186446427216608e-05
4.9035603482586034e-05
0.0001428215081364003
4.881031624263307e-05
0.0001715027954335629
8.453548639221848e-05
7.900951572939872e-05
5.8412420321573156e-05
4.919623786835836e-05
2.8741734770300483e-05
0.00022454707916059194
0.00012513098930898441
0.00017612091359766398
0.0002510249641735214
8.980451616934308e-05
5.727572621799483e-05
0.0001322916619571255
4.2443048940149534e-05
7.442685977201377e-05
0.00019501357903498187
4.950871572475177e-05
8.489770997153398e-05
0.00010183928302536542
0.0001246142506946443
7.571551503325446e-05
1.8771958722792344e-05
5.9126380269941407e-05
2.9480690322964643e-05
0.00010904893308104356
5.1047693080027405e-05
0.00012981670817578084
0.0002343562692029219
0.00013687259213703625
3.0159365199442387e-05
9.484148915258973e-05
3.374670714225296e-05
6.607521484944129e-05
6.911793714762703e-05
0.0001272751634100491
8.068977423955064e-05
5.9820344990565344e-05
3.865689094080488e-05
4.406976861306213e-05
5.328560009897928e-05
7.668140559419025e-05
0.00017606035709900674
3.6029203639716536e-05
0.00010388285046404204
3.908757624080633e-05
8.110672962771163e-05
0.00013677083347740188
5.489462985805604e-05
3.685936668604651e-05
0.000168966738333749
5.5587177571743505e-05
4.144888275576446e-05
3.20591256855936e-05
5.011449348744679e-05
2.067572322637803e-05
3.906650130954712e-05
9.716605064983342e-05
0.00025494203183637124
0.00010047480999186887
0.0002906646880473489
3.619334288434034e-05
4.145241162259788e-05
0.00011357341507402817
5.1792512379454194e-05
0.0001548412445517185
5.254618191509028e-05
0.00011226915937311402
0.00014218513361335578
0.00011098029271109542
9.110922324194958e-05
9.473814160926511e-05
0.00010228360250336984
7.758903480914075e-05
0.00031878752623750676
4.3531091734336965e-05
7.787627544972852e-05
6.936203692156451e-05
6.87698826583329e-05
4.73142876185392e-05
0.0001021573887687365
4.096446119800285e-05
5.995286202323706e-05
7.843932499307976e-05
0.0005177469845071281
4.796605999895659e-05
6.501605126031482e-05
6.62715612007009e-05
5.403904292181446e-05
7.087006598959177e-05
0.00010837738771534856
3.61436805225818e-05
4.131799294605808e-05
0.00012877713552156327
0.00011117985482557187
4.899388860225566e-05
4.8531320875522984e-05
0.00020426679820354952
5.0678961545861025e-05
0.00031791782998584006
0.00011369508650050355
6.139144545899159e-05
5.455603592413188e-05
4.4497104087094634e-05
6.734750953967433e-05
6.870783863170398e-05
5.933003833603844e-05
3.959202190727985e-05
4.002405071012563e-05
0.00012104163217645761
3.443666623391299e-05
6.56129706426248e-05
6.359991277206878e-05
2.5080417061848873e-05
3.508096957549296e-05
6.072902119558577e-05
9.091074365945092e-05
7.254301069458156e-05
4.9129624233159876e-05
5.231538486488601e-05
2.51156136634179e-05
6.093857947599124e-05
0.00014988852136568642
2.534258267146986e-05
6.200698240230274e-05
7.71730407060676e-05
3.988946722741564e-05
8.76872222529746e-05
0.00011564020930077823
4.936992604372641e-05
0.00019761535636408274
0.0001401026169540658
0.0002584301988518832
3.887981302812919e-05
4.947898680624477e-05
4.809629325367144e-05
3.291732733581055e-05
6.736858331222983e-05
7.68494823405031e-05
3.4340131607055555e-05
0.00015705527603306304
7.936659165734332e-05
6.416909893070165e-05
7.709944055343708e-05
0.0001586472450621321
3.897421991170536e-05
7.408448759337032e-05
0.0002297201662502185
0.0003292421796921293
3.334627510062111e-05
3.188799672268565e-05
7.01263693320307e-05
0.00017102177807633954
3.001530460087437e-05
4.7554031239111516e-05
2.340863206877419e-05
0.00021816689380681022
0.00018625379195367722
6.19772296480478e-05
9.653384851953043e-05
8.087251438460987e-05
4.9272957932454434e-05
0.00015898333610329352
0.00010444163656411171
1.818985459716117e-05
0.000168261393694013
0.0001203737420527961
0.00019818551161149495
3.563348889352722e-05
0.00031667259941926677
0.00011039469442529257
3.794700616615424e-05
0.0001708994628602907
7.984316239223073e-05
8.902123867225103e-05
7.559302531000085e-05
0.00010313909906728877
0.00010238944276408946
2.646242193373771e-05
6.528250002771891e-05
7.428999462615689e-05
0.00010798121244855881
5.360292189814726e-05
7.774982221396678e-05
4.605661736192297e-05
9.01845967418966e-05
0.0001290476028530239
5.225256059765449e-05
3.0819881066735064e-05
0.00010978838478440329
3.545599560350065e-05
6.501186134990574e-05
7.233467487705569e-05
1.2876778013339966e-05
9.770820701360635e-05
4.340798154242574e-05
2.9528150113453158e-05
6.812688228341337e-05
3.705349061563204e-05
0.00011006629983716985
0.00011938748962338283
5.756656206446308e-05
4.472556626117147e-05
5.145242444960874e-05
6.441115296588793e-05
9.636680583727266e-05
0.0001220903595432087
0.00017607451807720795
4.002122999992393e-05
0.0001706176575366715
0.00016640005044807023
0.00011150616464627192
0.00020711259800372818
1.2768265764996357e-05
4.257670924570495e-05
0.0001081045613076873
7.332008550587168e-05
5.086211070279366e-05
4.190967399962531e-05
3.557034870637954e-05
9.453976234935656e-05
2.5699907543808657e-05
4.571783729375522e-05
4.8765448763877565e-05
0.00011786387510328226
5.134434282866532e-05
9.681119652036555e-05
6.454518011909835e-05
0.00026495701713400967
5.085460686719862e-05
5.02558328926674e-05
0.00020870513276757919
7.241712706728864e-05
4.9337521684916734e-05
0.000166770509547229
2.6727383575071902e-05
5.350765181090047e-05
4.365113263651793e-05
9.057304358526967e-05
7.91969665522906e-05
5.0390034145855275e-05
7.420784244510142e-05
7.898115299222481e-05
2.3785110354693096e-05
5.290508997251506e-05
3.626201503601304e-05
6.388929919629029e-05
8.616999883319245e-05
5.063075653959629e-05
7.348649401847246e-05
3.629001997890016e-05