0.0031891165756591155
0.033885833002771044
0.12571239882007457
0.02878476457458513
0.030436796095317808
0.05241930669213199
0.028336667618565018
0.09076272784668854
0.050175131135834855
0.08399787071911184
0.010608953341483417
0.05681148804557051
0.023071327846521356
0.013514847793184301
0.01160989379109877
0.021276354243566227
0.035983242859969164
0.023700967778541665
0.0057426128149841195
0.033631595164031046
0.002887921735601193
0.0062129702765865566
0.005435876709397705
0.00967388225194868
0.018769231635808667
0.013095697155147632
0.01017889005180325
0.002839105258857811
0.0017888160165796232
0.001703419670074565
0.00888616194950239
0.008062089756549939
0.027715678020372864
0.006613663578383018
0.02122338426547098
0.01570500817742544
0.03221984743711155
0.009139585111505312
0.0096700383225167
0.004945704201839795
0.006740106869227763
0.005983508359029799
0.00820045672113799
0.009168565409189
0.007369349132557313
0.00041016346413730076
0.0036996939023399254
0.005143189868204858
0.021785967325074953
0.007693448005097691
0.010750945264538994
0.002273788197841241
0.006150097523729461
0.004219020505880995
0.006340416833580078
0.0008946789422359254
0.014189620391536666
0.005006683641956533
0.007574775820469425
0.007946581915353168
0.010959431838480799
0.006461394393305163
0.0030801591689293205
0.003928075543721904
0.0017792182206289267
0.003887352351415479
0.0016845222282154653
0.006371585230844539
0.002275335979352593
0.0007518762399217682
0.0011598761520239757
0.004521580595467043
0.013665226400078263
0.0038560026285525306
0.0019109431396950145
0.005871166719751943
0.004688657257885448
0.0009095210995727842
0.00509646985451204
0.006848752238452796
0.007137798800003298
0.004150888955029449
0.0016575118588725553
0.0030600794365920653
0.0012323248836963974
0.0006593358254105661
0.0027892970112731864
0.004829994856357621
0.00395285639512719
0.0017093075393491604
0.0049579048592863755
0.01328713850567304
0.002424402082916475
0.003671428291536254
0.006183363582158008
0.0017423508075443104
0.002425884833876347
0.003473286856585853
0.0027035562257656234
0.007174592325435339
0.0046408312080811545
0.004196736547339728
0.001725983294072066
0.001294263921532256
0.0048165939649135485
0.0016541383840393531
0.0012490275350056789
0.0017018947027035729
0.0050728494275749676
0.0013036531549718107
0.002906776274591524
0.004339861761830354
0.006469083564076041
0.002958904472950891
0.005791812089606856
0.0015992130385131097
0.0037236014015066873
0.0014955855628324092
0.002114704483321069
0.0019426978201511043
0.003144393382209913
0.0034397427503910136
0.005784795095495983
0.0022968767730257005
0.005650636499551653
0.000499536415524744
0.0021228496546279855
0.0015067929633571175
0.005199343019652165
0.006879401926984479
0.00349546495672586
0.001149175421664328
0.004600508399803552
0.0032151499917052245
0.003039282635376416
0.0011812639276127094
0.0020239081910949754
0.0010899452552793293
0.00261536395930544
0.003390612300922516
0.004350963459151203
0.002513411540576468
0.002788872138215789
0.0023930994830141405
0.0008664349322516272
0.0033708738966181893
0.001847984418403061
0.006414571117691202
0.0017327096581947637
0.003984790505347114
0.0010446027785253815
0.0007910736754342824
0.001871120346738619
0.0009254413543819835
0.0005104602306768468
0.0021036173533634287
0.0034236736459388587
0.0009578419496030699
0.005270592278256837
0.002094072456838351
0.0013993932118669464
0.0005789101670888044
0.00040481965088279276
0.004779821237018354
0.0013398464046029195
0.0013116360884339144
0.002038049871814819
0.003641046092568852
0.005086763841774102
0.0008040585909275755
0.0034237269300364365
0.0005239474330653916
0.0017932212140574849
0.0005944573428603349
0.0017196737515429881
0.001171253905357009
0.000728905000901535
0.0025638285742686172
0.001051057057687998
0.0035569434311898424
0.0016023724289511803
0.0017594973003530329
0.002854834701082716
0.0018276939129797166
0.0011193608938644913
0.0017475898426053847
0.0024338380081323206
0.0017859426078186999
0.002400605135543489
0.007106255123723657
0.0024110467380238547
0.0010035810515909881
0.0006992626327205676
0.0007106123181712051
0.004488403442927333
0.0009666604339195607
0.001655068194959194
0.0009128708796606169
0.003684191523416382
0.0008766122375469043
0.00505926307730524
0.006195607157889996
0.0012306161916718276
0.0015352034873959241
0.0016319823234573487
0.0017149252738505572
0.0004619992223978886
0.003296289870284877
0.0017263690825702613
0.001865380609168795
0.0008711817273730583
0.0018717585309214679
0.0009802407359669968
0.006000145284925126
0.0008817927775539284
0.0010274434287849494
0.002602320162525414
0.0009848321757879815
0.0004175282339156934
0.002627899967132935
0.001836280290172302
0.0010071219204070578
0.0001330774704292695
0.0005984895355961919
0.0016366928352529453
0.0009457685153777452
0.0006782649309288678
0.0034572854866456604
0.003916658068588293
0.0017335379689737624
0.004560285056247009
0.00045517383916511594
0.004240137124578665
0.002087070299079681
0.006863979524508662
0.0015282454841425847
0.0012925088032924496
0.0005296165703432467
0.0016057321152043074
0.0013248535860663116
5.829895232540056e-05
0.0013791361811449463
0.0031672903140656564
0.00017046259546141747
0.0019672553979713024
0.0008190972380033565
0.0036193706166443075
0.0006271302784295898
0.0005552618350978385
0.0012731390135174421
0.0007833284794651546
0.0015313261129948578
0.0011600338380031712
0.0015155878224606153
0.0020612774554080848
0.003950188859173055
0.0005886225414032551
0.0030018108975998813
0.0008179946172392669
0.003157131058330343
0.0008625941679132823
0.0017423726463222482
0.0013755429031604958
0.0009603571272721316
0.0008112208110406747
0.0009551624302788055
0.002539512173131349
0.000941025967225197
0.003299136018915222
0.0004809563986424529
0.0007479480287769058
0.00186795985917882
0.0011021105335059776
0.0019010267742047364
0.0009469209158585155
0.001467772402271845
0.0019653708558545063
0.0006708968567695411
0.0004797909039043977
0.000269489433336111
0.00071580577372543
0.0012947500941475772
0.00022427773389789812
0.0007420813720435127
0.002402963898836369
0.0013395592459071544
0.0015474269679821386
0.0005170915399978842
0.0003938891570294074
0.0014922504222894411
0.0029801358074610894
0.0023481046521985796
0.0012947580953208539
0.001065074571945307
0.0012293344709256825
0.0007103442342451932
0.0012154732537016908
0.001399803320496704
0.0070540015734213085
0.002148256559432193
0.0011467662789332
0.00030665443139490256
0.000525628335735426
0.00045837704758733543
0.0018869817919286744
0.0009674754899038226
0.0011104431420108365
0.0005836393756429625
0.0006062103713257243
0.000520655453911653
0.0008103925459909544
0.0006433175659281655
0.00011944473264723601
0.0024613557552719224
0.002069420170736567
0.00015113229128343447
0.0007684030313901568
0.002597252307816086
0.0018040004812286165
0.0004008297734418724
0.001698703122957885
0.0011206282770003665
0.0004443423974239675
0.00133444951791117
0.0002857336492395234
0.0008381747530577042
0.0008966849553423081
0.0009371475959359705
0.0034914042109207132
0.0006448136490321203
0.001507230593655454
0.0016661730060303231
0.0015884151361862833
0.0006015826575909157
0.00024737040708754863
0.0005803128967799062
0.0015382399246833516
9.196252302091965e-05
0.0011473293181257181
0.0005082933677419792
0.0027539408095754326
0.0010004656580218324
0.0010073678794251756
0.0014192009827648673
0.0011443848720455055
0.0005174472552349761
0.00035298468862722553
0.00048013180366520634
0.00017355798216581593
0.0002967897652930517
0.00048825032288629113
0.0018864947356847224
0.0010413336509718955
0.0004769063515757773
0.0012299407654588943
0.0005875935647848362
0.0006389696260696218
0.0009013567595393742
0.0008447554476196672
0.0005106489992727759
0.0016706852354646197
0.0005486041390383216
0.000543029193396953
0.0012504961381446594
0.0021872964357517906
0.0010652349797102636
0.000895573726379204
0.0005419268403595033
0.0004993461102649089
0.0008076972564696551
0.002949119523691725
0.001347570328781892
0.00024096542580843652
0.0014077409820470173
0.00043371082244145404
0.001493547116787449
0.00041609198774177704
0.0010436768080694999
0.00025046094382766493
0.001258401631047786
0.0012762872244667907
0.0009380857503418691
0.0004208744633170494
0.0008450908091866986
0.0008210812350558488
0.0013731248611484072
0.0008840255760190671
0.0008111261576455649
0.001283496784414974
0.00022258208266862366
0.0009692144454937538
0.0024997167684635206
8.026350499490623e-05
0.0010055862539618875
0.0006876855344311911
0.0005221724225953316
0.0013575663055414638
0.0009421824362987151
0.0005541606959314884
0.00046482314580287705
0.0005301772922504576
0.0003746025712546145
0.0013542833187369606
0.0014684718101357446
0.001128750228729931
0.0006565382448880551
0.001068723030989737
0.0009033149370625017
0.0009051988384739265
0.0007877750552546318
0.00046883009891930655
0.0009486785726278323
0.00029407391731280574
0.0012074503929243208
0.0012951872008157195
0.0007579474310504636
0.0011254599631256375
0.0009267822230993661
0.0003478738693446932
0.0001813148235698874
0.002438901742140138
0.0004529941373675433
0.0014155287015245376
0.000653596725855987
0.002490705337854807
0.0003473583521615054
0.0005735073331451739
0.0002643252299557396
0.000737081539430913
0.0007965354343664395
0.002173621929797792
0.0009102061338683539
0.0008783888044609692
0.00045582787783900386
0.00041032365287486434
0.001129248601738882
0.0018290813635606184
0.0009188213812977173
0.0001223946547151898
0.0003198806282579747
0.001213901213729184
0.00038908014588797497
0.0027022489277266936
0.0003932531684268226
0.0007031928800403887
0.0013650670425157984
0.00038107034911515265
0.001168139181138573
0.0016433117491014384
0.0002954068607485007
0.000688902273640725
0.0008985941006027054
0.0008041043460276715
0.0005100704462536876
0.0013937543572795665
0.0007273364070596209
0.0011929275250498175
0.00024800821973189677
0.000723064863357182
0.0011663763828540844
0.000610941285022287
0.001104918858035078
0.0006252134978030558
0.00038745762815685126
0.0009196779676709687
0.0010470971750952379
0.0003665096118847186
0.0013596110404183594
0.0005990466362095103
0.00015144522055997238
0.0009544642500948155
0.0010425054271213337
0.0005862505957983997
0.0003355650175060841
0.0002534268318465341
0.0002964444950336873
0.00036241368651082894
0.0007534334289102108
0.000977360186705522
0.0008267122938649959
0.0007496874818616163
0.0006312622561585342
0.0010990994012309325
0.0002916993565837883
0.0006403859095043416
0.0005119019618640557
0.0008122531649808887
0.00018599914430183335
0.00029210008072257397
0.0004981132555963115
0.0005598175731487321
0.0014871144509312454
0.001028387282276672
0.00034764743489413375
0.0015120481844518334
0.0012236201928615491
0.0006562530143647204
0.00021948833458467623
0.001765281493089974
0.00037552205434541086
0.000319597636225449
0.0009123133538489481
0.0017520592161320524
0.00019862798396776886
0.00028959222468632654
0.00019554195488881234
0.000647927195984872
0.0006471385140754538
0.0015834223296170668
0.00015276709873789413
6.914895360401182e-05
0.0011439755427838732
0.001721379750541131
0.0002869510062993065
0.0009269562103622123
0.001082070029071357
0.0023794488064021635
0.0003350056669644806
0.0004904466751246453
0.0021571894450961213
0.001015261636272719
0.0007086506788239495
0.0020822833733182633
0.0009034199016663921
0.00026728137337623885
9.344375224241386e-05
0.0009290851200934117
0.0002298157560797057
0.000715269413904881
0.00028144862272432594
0.0008231594212776224
0.000394975476792926
0.0003775921514558244
0.0025461814544247975
0.00032773862261401785
0.0009327643185576183
0.0008612835243128183
0.0005892747182863288
0.0007710319239602615
0.0017834326275806686
0.0004404473028783951
0.0012806453224301227
0.0004013919655330499
0.0005953734501794606
0.0014150661198018644
0.0006853087927911558
0.00034486514447999174
0.0010216791626723389
0.0001847945269859607
0.00014369254192236062
0.0011528668904951169
0.00027451544083616816
0.0002486468906325146
0.00045902681593000495
0.0005117627548095677
0.0009056349367779379
0.0004848361777361088
0.0012306410717518412
0.0007546352388816082
0.0006852436611965141
0.0008405825227217564
0.0010510811898574684
0.0005238855168151568
0.00036189330904062513
0.0009709972259098184
0.001391895957824135
0.0004884426139053231
8.406931710639457e-05
0.0012739451019448426
0.0005367340808739113
0.00041186910120526025
0.0012971295131752724
0.001415285994866645
0.00049169966511002
0.0007907551566261295
0.0004681984050321293
0.0009129084749004838
9.931632854549685e-05
0.00048654436546643803
0.00018400814122605767
0.000973349451447545
0.0005065522675837968
0.000573586014940051
0.0005910851770159077
0.0005478719671060319
0.0010094465909015874
0.0011920855371139196
0.00018548355097653017
0.0003608308398529794
0.0007380201188715381
0.0003765589933708417
0.0006438739161661648
0.0004387253878358979
0.0009754690899044643
0.00031753746989605035
0.00030323613831568396
0.0003615766794379235
0.0002825405731804443
0.00022997920351034757
0.00013033172599764446
0.0005283738849706532
0.00033531428532881984
0.0006861827911993445
0.00037105618340466497
0.0003811787008033257
0.00035429304411166304
0.00042336263212131817
0.00012323577476775394
0.00042584232281047134
0.0005670734283077449
0.000998099681247616
0.0009081106098309511
0.0006606850205202908
0.00010660883304208004
0.0005440411601170038
0.0004892710420990487
0.0007297299395286611
0.00040097483288372955
0.0009010954387199806
0.0005152153423664228
0.0002188914361510214
0.0002712448331769832
0.001542972069917902
9.077053840804147e-05
0.00017842830191316537
0.0007628124654812996
0.0004711215732683114
0.0007310212094553691
0.00015108919546091062
0.0007042126988624001
0.0003821099551415518
0.0006719664508735318
0.00019832323346369096
0.001709316074128872
0.0002432029689803722
0.000410777222382758
0.0009122594575008138
0.0001488381210220377
0.000418525523956609
0.00037844716566012653
0.0010480077645101853
0.0017317848786881313
0.0003446891961407854
0.0004971536416297472
0.0002000792231533093
0.00026287198900244133
0.0009568000512598687
0.0002798215645727086
0.00045008143431245196
0.0003988739342688153
0.00029940281379053587
0.0002902061812854156
0.00013875796147971885
0.0012374548147220902
0.00011819871631581875
0.00036470930150114513
0.0005297390926468945
0.0010879387461370843
0.0001785348547176498
6.467109038868198e-05
0.0001495359523928006
0.0005094244515992638
0.00030455446972333977
0.0008139443136073278
0.000245286087606696
0.0001830778462409348
0.00011848658287918215
0.0008012710139520864
0.0001793066857021679
0.00024393161802921552
0.0004366988258108884
0.00021298044104796652
0.00025711416499198754
0.0015957481040739334
0.0019448045603210724
0.001047920062619772
0.00033046439737213497
0.00017546533230006927
0.00038830189326407883
0.0001969470282027827
0.0005448734715297794
0.0010103062155798347
0.0007567715115915751
0.0006333873697860986
0.0004216173429627522
0.0007769127562622114
6.722591328191574e-05
0.0009547595057742501
0.0017080713429026657
0.00030002103291539397
0.00032908967583670997
0.0003345513030830967
0.0002519591506121854
0.000641070281227682
0.0003244350217621367
0.0006560363546415349
0.0008190252589060768
0.000589928039928633
0.00017563760249031558
0.00011923200456307022
0.0005802670429291418
3.0124425857595686e-05
0.00023631626593350032
0.0005482093622964569
0.0010422240348171414
0.0017469235141281299
0.0006845607162059243
0.0008577820725646396
0.0007433488792896248
0.0007262952803517296
0.00014779129257651112
0.000560036290507514
0.00010773472724614386
0.000553479197291034
0.0001530295197526995
0.0005463105594715933
0.0006705019287035291
0.0005216709792530473
0.00011805874374781151
0.0005087911400958632
0.00011958989798929487
0.0002970865901160723
0.0007810804519376224
0.0003701597933747886
0.0009174185543826085
0.0005847595056170614
0.0005028390286074708
0.0001667583502116611
6.0471387087904696e-05
0.0007661575717813886
0.0006481287126539502
0.00039929432927162246
0.0008640615178224078
0.00045668062686237115
0.0006451213487209145
0.00047231646982426724
0.0007404850624193744
0.0002710484883209651
0.0003188097391673628
5.734376179919015e-05
0.000308626594430487
0.0002984185391270133
0.0010189745963117337
0.0011336748615040269
0.0002240058178409115
0.0006931885632506181
0.0003796450091726034
0.0007695825010905784
0.0007611953743192176
0.0002876835022010378
0.0009087528548852637
0.00025804947212743344
0.00024612500548144346
0.00021483178531641424
0.00023268342797908942
0.0005282586560612573
0.0003187181110896449
0.0003297420495576629
0.00011443731733448386
7.913250100982266e-05
0.0005482994037060889
0.00022155451187992658
0.0012568987909297542
0.00035080393423017505
0.00031765817216457693
0.00010823985223895313
0.0007404250582055445
0.0005929473295121076
0.0002080870249187512
0.00045753202595170636
0.00036404073002510253
0.00027803528591380304
0.0005604414737035257
0.0001890293784438074
0.0003866110216385222
9.616728553707047e-05
0.0002802676750611306
0.00010419719545473756
0.0003813118079748519
0.00023847646260437025
0.00019624148919886782
0.00035018060896179615
0.00029885647547348503
0.00032556868000201616
0.0003973109950740925
0.0010590956861327553
0.0005025527414315408
0.0006421523689615144
0.0005824806148716066
0.0006895586772529865
0.00023638517751536228
0.00017138221218612203
0.0009944379274152361
0.00022766678716770524
0.0003379018153870787
0.00013327817019639563
0.0006582565700598833
0.0006766000708979554
0.0008650335357071672
0.001167179894746506
0.0007569178081597351
0.00018091513053565105
0.00010466006670575278
0.00046237866961545195
0.002077253239874174
0.0004113287560757991
0.0003754885717524833
0.0008940820947386971
0.0006321525951572147
0.0006891782300444964
0.0005362447704956121
0.0003469917638575772
0.0003480201450685846
0.0004805116447204349
0.0003125940696514794
0.00027546650248253294
0.00042591927436611736
0.00039976163865743683
0.00041690288928674437
0.00036268163421615806
0.0008184152604404648
0.0001432408119238625
0.00030869227035944604
0.00028827327757655015
0.00011307499068285636
0.00018016623879529468
0.00074314005605031
0.0004257111801796962
0.00022355984582030254
0.00013862798193204105
0.0007959455091532539
0.0007300373642351918
0.00026849635442527966
0.0011825949080941508
0.00037828717159551004
0.0002314533274947699
0.00011422287050985549
0.00012154303678936237
0.0005733982185177712
0.00011275091105865601
5.9414374304691806e-05
0.0014610582479545752
0.0003681115275189812
0.00031665301831566514
0.0013218893614485821
0.0006527957324029123
0.0008039715266611437
0.0004253949749327118
0.00023765158204835043
0.0004113334830917992
0.00025470912558658545
0.0005078409413258715
0.0001084510336820854
0.0010513918002490895
0.0010879254493316155
0.0002817135825570182
0.00027163558718332713
0.0004573191828978121
5.821221163559023e-05
0.00017852380506519914
8.445554165772104e-05
5.3299343878310246e-05
0.00011153217721358467
0.00034059577748930966
0.0005463428599888723
0.00055988506785464
0.0006493526968047011
0.0003656642842065591
0.00022574862732273007
0.0003945691773597264
0.00015116075922425246
0.000252924692796446
0.00023284343301847662
0.000413040902454329
0.0005094866116175943
0.00010483414894838303
0.00025801586436317826
0.0011237296940057743
0.00018133555047431717
0.0008209141999469022
0.0002019689342877129
0.0005062274444805412
0.00035914949432258825
0.0006508841314296892
0.00021312153824930681
0.00017501217326678763
0.00029619269838539555
0.0002632911268535645
0.00021569572652530052
0.0008675769596696268
0.0001810595875133723
0.0001158605570579227
0.000554329891215338
0.00039377481696776465
0.0008004598830228241
0.0003058346836093323
0.00010392863068434936
0.0004023081187659179
0.00012237549112122353
0.00019405539644601715
0.0005009164031769301
7.727506010214278e-05
7.926118051309218e-05
0.00029171823560664596
0.0001460751266815
0.000810909620643215
0.00045866013697653033
0.00040283365478345246
0.00048425743403775234
0.0004902080500964041
0.00018508353117163289
0.00025802613253402137
5.865811926242003e-05
0.0009417070490212248
0.00011084712774788895
0.00038303520854797505
0.0007253191525363882
6.388416352796646e-05
0.00025749683000956945
0.0007803486016747976
0.00012693422815394828
0.0001746807473287335
0.00045467972759361767
0.00048415552404493294
0.00026662424168597833
0.0003688691838753861
0.00018500574634815905
0.0001280907280562669
0.000329297616836146
0.0005558023595718008
6.264334399294154e-05
0.00015628505123341067
0.00040325106575593664
0.0013461544600680004
0.0005710413743425848
0.0004466352475387324
7.614043642039525e-05
0.00025444588900796025
0.00042842893405893205
0.0003360608645096593
0.0006829509177070563
0.0007691722028151883
0.0004796177945389364
0.00047115164289824056
0.00017987790670516678
0.00013503004879731681
0.00013990723013422725
0.0004994664659442185
0.00030123522625490106
0.00019641151692524115
0.0003308381457860774
0.00032635369581348754
8.837589819026051e-05
0.0005393749798773837
0.00012271921769858795
7.855563859640057e-05
0.00022776780609977355
0.0004422648893050488
0.0007210592289189958
0.0005446752019301357
0.0002815971387866684
0.00010438781026316253
5.764457685473771e-05
0.0002123204688186107
0.0005869008360431492
0.00014215812185354817
0.0009800105071003323
0.001200603204284071
0.0002482519867662184
0.0006245322713379592
9.474217709070714e-05
0.0004208408030011433
0.0003143555880724864
0.00014558698273120271
0.00010236939329752356
0.00032246959377320105
0.0007745648259820344
0.00044773901952397337
0.0007071405023652389
0.00017380594809548986
0.0004104212742423782
0.0004615828460811383
6.477097689038768e-05
0.0002961853028979255
0.0011542621286363805
0.0007119370864033966
0.00027609715440343285
0.000254718722621596
0.0009987434621100207
0.0010161715563753362
0.0003592777704682716
0.00021609155254711458
0.00019501130288561202
0.0004962368026574798
0.00041814895230281643
0.0006656660760887601
4.493807194906049e-05
0.00012661630934329934
0.00022444747958751834
0.00015909840978374046
0.00037033998804846354
0.0006590178766329884
8.070207628012078e-05
0.0002895077353483735
8.392377620035806e-05
0.00034823800092478283
0.0003096252611964956
0.0009266835060141065
9.493397577445151e-05
0.0007164006001067212
0.00026494867561968036
0.0004967937706524757
0.0005374728992417618
0.00031275429689525165
0.00026850716897978727
5.620227753312928e-05
0.0005602209292061624
0.0005556798373134376
0.0002567591854376506
0.00016211982084651433
0.00012242518423814916
0.00010964396312858695
0.000656916936841274
0.0003774435841126374
0.00044370046088826754
0.00015672989611100773
0.0013958487517001525
3.9444830187562105e-05
0.00017936450430830334
0.00040593296338525234
0.0005412411377052776
0.000782170469273444
6.598454101078376e-05
0.00016721942607258374
0.0005271746005265229
0.0007587467318447362
5.642574288975223e-05
6.734722847217779e-05
9.090368771000615e-05
8.957423224362229e-05
0.00015724178637644185
0.00029196130071369714
0.0002699014090506504
0.00037546737772565044
0.0002630118877901336
0.0004973523592518044
0.0004835603909220691
0.00023600476615318598
0.00016692982680981854
0.0001238591928474689
0.0002597204726619888
0.000351701215085035
7.893739966596198e-05
0.0002849003685318763
0.0007157418929935503
0.00015647131311090012
0.000245792729550038
0.00031801550808946834
0.0008749771464740679
0.0008192480980166308
0.0007422184589018021
0.00040889045074664847
0.00035281680947591386
0.00032874150774490186
0.0003673310695743839
9.280205505532835e-05
0.0005748644213300058
0.00012016474594904201
0.00010007709800521851
8.64924983950815e-05
0.0002876760338065967
0.0001215653507539991
0.00015345711191068123
0.00013454670976041573
0.0003721906859645884
0.0009405433550075671
0.0003183264603213464
0.0011479472278504476
0.00029096657502029227
0.00044080831889786254
0.0003230712817229742
0.0003788088870211993
0.0001206271202716696
0.00013880534979093733
0.0001442419457660545
0.0003531120518542545
0.0001950342814675436
0.0003197985243478849
0.00013217191154484868
0.0005847932178521766
0.00034368369738818416
8.741024927962145e-05
0.00011993770610019349
0.0001167672750967663
0.000501506355607134
0.00010796984177026824
3.838475025183647e-05
0.0009085789323575274
0.00022472891930374068
0.00011922134237930754
0.00011845233500253764
0.00017873432940790135
0.0007647311659460986
0.00015614444848584358
0.00014092428500973368
0.0005731749923421853
0.00028559374144331755
0.0001741852674308063
0.00018950697163387921
0.00011469810695631275
6.562714807764598e-05
0.0005585107656936517
0.00038152350641605247
0.0002104424474530746
0.0004855602515701179
0.00014316116201198772
0.00025318151127910965
0.00019682819302879192
0.0007690005391391544
0.00015703116818881796
0.0001228393581464805
0.0005111147033717906
0.00020775329520028157
0.00033927069595296954
0.0001898478795685073
0.0002457543565513327
0.0001388109022658656
0.0002490401642597896
0.0001227256659036975
0.0001556250328046437
0.0002622201817535108
0.0003053087413446896
0.00033900273460941614
0.000675458331857344
0.0005320466551925938
0.000214587179224863
8.53818141755147e-05
0.00015210072505489366
0.0007241441086589294
0.0006666231829880207
0.00026210086626282967
0.00013768697287995768
0.0004696099798406976
0.0007893243093090162
0.00046803752292879226
0.00048354084091966357
0.0002517740078512523
0.00010972626123508249
0.00019879786216938825
0.0002217548417645339
0.00019268340802913579
0.00014166740668841203
7.46573970673849e-05
0.000192162161224461
0.0005871261398380919
0.0008658444898568366
0.00042276497343647916
0.0007108209611219758
0.00020614972786269756
5.96671654173134e-05
0.00038534786836047616
0.0005603175232572982
0.0003442161870407767
0.0011354842200635925
0.0004256708369893067
3.0263719102959933e-05
0.0004912597738355802
5.8507333617626296e-05
0.00020119500671717512
0.00018097953669225962
9.071106426872731e-05
0.00034384806719972344
0.0002556953817559869
0.00010491342234580675
0.0004738163161909963
0.0003943540938048325
0.00012590486443447537
0.0002890764048433574
0.00016385310074159472
9.58284944154796e-05
0.00011920207803036654
0.0010183889432501154
0.00015682068323605183
0.0004863815597809883
0.00045203231696387745
0.0008068157116505966
7.62975315558667e-05
0.00046582482230057175
0.0002670435687899578
0.0002733016266818643
9.081874543824104e-05
6.442335334564726e-05
0.00024181693595149147
0.00032403898373369587
0.0006342809589751411
0.0003659632866377581
0.0001276798403422703
8.053806876639321e-05
0.0003290157482824969
0.00028406869659399495
5.842453040537826e-05
0.0002028339204930821
0.0005340111894276728
0.00043103730103035375
0.0008310709643506965
0.0003355062803237543
0.0007900267281068726
0.00017345951017816016
0.00032061036531104756
0.00029085777947927767
8.720614416230056e-05
0.00010416679690742914
0.0002420998813097818
0.00011122349048037659
0.0004338343472387943
9.522215878220645e-05
0.0007945991245702146
9.616958642793106e-05
0.00015311902659962618
0.00029063361861479187
0.00012584154044466465
0.00014696986997973633
6.765342172999673e-05
0.0001999407614706318
0.0003707339080642756
0.0004334972562596982
4.7799792375109145e-05
0.00033190753657912303
0.0005050763285146158
4.8988714551769146e-05
0.00016598782909301045
0.00026323640830371774
0.0009416770418390331
0.0004953692010934079
6.924499143906674e-05
0.0001899557759086243
0.00013410971591192722
0.0002957177423670565
0.00024462557541696977
0.0001140979666380425
0.0002451019033065
0.00024123807345052687
4.431377926025515e-05
0.00039071383027512285
0.0006382427636923745
0.0002104304110888624
0.00010094002790566939
0.0004093279586767676
0.0007734005435662416
0.0005282086540498147
0.0002920080804415608
0.0012324550532281033
0.0004276510054117031
0.00028301631102048354
0.0004025782645881152
0.0006656206588353627
0.0003564931476042052
3.34570549614674e-05
0.0005891559670971662
8.88891223687589e-05
0.0010012402484685
0.0004949322251680921
0.00020728735914530945
0.0001942693716905551
4.0886375674484544e-05
0.0001079124304532953
0.0003153600361002688
0.0003563781912145904
0.0005418062175828109
0.0007556966050641146
9.890478840373531e-05
0.00012085477281710464
0.0005391102831585292
5.872562850767921e-05
0.00015059173323417273
0.00026868199240487095
0.00015290510104599506
0.0002503118953488231
0.00015751862530276133
0.00022300489864587143
0.0006475211036173889
0.00011669860173273403
0.00029767589183051006
0.00027543268045144274
0.0004111689104501166
0.0003622349439280331
0.0001693162255460305
0.00011410937010547185
0.0010221039700559274
0.0001767608592315016
0.0004623996362594925
0.0002848831056798469
0.0005102501176010039
7.644399919384823e-05
7.73736618450667e-05
9.412640345803037e-05
0.00026637130203599176
5.2841685573825836e-05
8.974739173731696e-05
0.0002584546154265219
0.00010533443264651146
8.56237025626163e-05
0.00027995339157356773
7.948114741654141e-05
0.0001224440286529259
0.0004565271057790634
0.0003647006297573756
0.00010722603256495112
0.0002072907814829068
0.0002198377120755671
6.97411683718287e-05
0.0003365847849723467
0.0002659471666491641
0.00022094184169286292
0.0003210631153564413
0.00019832528270408406
0.00010970013530098152
0.00018488296455692143
8.738105854464963e-05
0.000176581940151948
0.00018106503301400966
0.00018764324757831576
6.0764467838936255e-05
0.00044872820291829904
0.0013443378062674405
0.00018444750084993923
0.00013074621636254615
0.00018025646843309033
0.00017190231982491385
0.0006710303448333157
0.00013408700068912133
0.0002291376534944222
0.00019695965761505984
8.907034558645892e-05
0.00010973525721425703
9.891092766157897e-05
0.00023156589973397218
9.773092266281445e-05
0.0015455346457216973
7.27117058604036e-05
8.755491643494445e-05
0.00027151998258694693
0.0008756296806580704
6.125470486077361e-05
8.54426868316673e-05
0.00028307585444961136
0.00011755402543123456
0.00036477889895822937
0.0001633806464697971
0.0003308257483701486
0.0004385187469120014
0.0004403879277059377
0.0003134449616962338
0.00041588877409800564
0.00017796633600343585
0.0004043224125348635
0.000693754969053073
0.00012200794347358223
5.7839926768764405e-05
0.0006279689234500633
0.0003495190397361561
0.0010686218603131897
0.00010996644388229261
4.729188140180156e-05
0.000232666746021343
0.0003738544820535897
0.0004846052083001383
0.00047688160028821835
7.474173200518486e-05
0.000166859927803235
0.0002782670606475269
0.0006153465481089961
7.133665574798462e-05
2.4651974133248412e-05
0.00020285635102972095
0.0010748062052807934
0.00023419203790310674
0.000268409031287251
0.00018413269081517011
0.0005389800259145251
0.00012606135298171646
0.00039561213672008647
5.4243833090055514e-05
0.00011698113842600817
0.00015572080512309293
7.356589372386491e-05
6.81865105670921e-05
7.601568574722963e-05
4.69145304321696e-05
0.0007620653182713593
0.0003020451818439876
7.674963515891013e-05
0.00026472450074494386
0.00021567034591104793
0.0006856063484010146
0.00022340584357074175
4.195483175120816e-05
0.00020524113083331244
0.00023164728263110849
0.00015549606211040254
0.0005085243150035246
0.0002378633790546316
0.0001333100216392103
0.00032147018249479865
8.427461168349867e-05
0.0003428738073010464
0.0003698094235935996
0.000630646304747585
0.00018834167238994965
0.00017019275115746403
0.00019745087874089865
0.00013828146999355961
0.0003466441403574382
0.0002996527052277809
0.0003427927037603408
0.00035045795323967934
0.0002033812677700185
0.0009624796865283168
0.00031798375982494573
0.00024674533054412325
0.0007007956882219206
0.00022763003946372218
8.171761500310212e-05
0.0001474055860929087
0.00047387018287143153
0.000707256999567099
0.00029135061718816045
0.0013880635464188933
0.0005062621352125735
0.0002507235738399848
5.371945367775902e-05
0.00033033725194439915
0.0003973251710091137
4.8149892786363944e-05
0.00011048216089645697
0.00010110013910529787
7.721793660050084e-05
0.0002172056944886909
0.00011303964189914015
0.00024729377206917107
0.000205285007218465
0.0007151708600367359
6.417373202438143e-05
0.00030047712826773915
5.580833666951043e-05
0.00018057606785382176
0.0008262537115174763
0.00030810946998935797
0.0004333271238530299
0.00052811591903287
7.06606436993811e-05
3.659955513170704e-05
5.779486449001008e-05
0.00010355246549722962
6.183394704088147e-05
0.00021555137474772701
0.00011941080423011356
0.0002660365723070542
0.00011864267657810294
0.0007652156645474108
5.525153031391731e-05
0.00024704349005325797
0.000633781037291277
0.00016448992164731001
3.430715719875122e-05
3.325887304574349e-05
7.904311229863538e-05
0.00014804467803873527
0.0007370317588524674
0.00020471208350733675
0.00014336818387903068
0.00018032161123106717
0.000678980363969191
0.0003605201757297404
9.999973724105605e-05
0.00010841306566669286
0.00011750255475684897
8.561588357340823e-05
6.185242251623573e-05
0.00010268102817451394
0.0003601413338212696
0.0001942210696977811
0.0003592420019101931
0.00031402983882847864
0.0003815831297544029
0.00014536142839667872
0.0002811500895305269
0.00016328885225184414
0.00019416995093605514
0.00013670230677847623
0.0002379882012497016
7.312993240960302e-05
0.0005942491912683615
0.00025039310480326086
9.252480327847389e-05
0.00018835460679207983
0.00016053714325360883
0.00033310609954119707
8.339919134842588e-05
0.00011854199503612854
3.33107089208692e-05
6.213976320084177e-05
0.00011134333257381854
0.0001621810475948555
0.00038320808943673645
4.476317337081773e-05
0.0001313627411068156
8.562097834849066e-05
0.0002804541837969338
0.00032177015448582407
0.00011152812849288051
0.00010878758388791939
0.00028275737757986637
4.4440187826375236e-05
0.00015775006907892163
0.00021595878896692256
0.00022036293361841206
0.0004141205005689142
0.00020861662563480634
0.00011537580710424783
5.322778591548223e-05
0.0005788015281758306
0.00011142520365499953
0.00034172778299904256
0.0005132295897729813
9.665732191401105e-05
2.7998749026239242e-05
0.00024710079270202743
0.0002781526663452951
8.934113787793307e-05
7.497052782595922e-05
0.00029116937747967217
7.36110523013008e-05
0.000282470714960341
0.0002138339036691751
8.259378509948851e-05
0.00016112311345227003
5.958005638346127e-05
0.0006945459885973179
0.0001282970333628599
0.00013870369598416313
0.00010272319126942587
2.643914001245133e-05
0.000183780749291031
3.522004200955912e-05
0.0002032686128255192
0.00019505032631277292
9.491481666117207e-05
5.431662376553612e-05
3.840625648166448e-05
0.0001306576153373673
0.0001344882782216078
7.495291503888529e-05
0.00019194513592445388
0.0003333726872955069
0.00015747872045450873
0.00033054536464533613
0.0004831653743969619
6.823728448169141e-05
0.00010384844373395751
0.0002499869161989397
6.609488931479078e-05
0.00037152652435859464
5.465206522800511e-05
0.00012220826267751503
0.0002814626013997681
4.6968183267858986e-05
9.045796875698616e-05
0.0003065506324996844
0.00039765187629698024
0.00012657695949012444
0.00019703423425781135
0.0001707959966747613
0.0002720176966070426
0.00033405102093381553
9.904602938628026e-05
0.000409992195899589
0.00023236846998919288
6.456229818874722e-05
0.00018801754014468954
0.00018832999620520968
3.0178741788729127e-05
6.884989442884053e-05
0.00026653448345539266
0.00032721703358856924
0.0003822057393159689
0.00010904713678887206
0.00024204773057056637
0.00030000817494011723
0.0002948415931182525
0.00036236264771840617
0.00013026309252452185
0.0003976515429562764
0.0002198556733666666
0.00019882233214550896
8.078064208795179e-05
7.647162464137777e-05
5.191309095637913e-05
0.00010314793498009878
0.00023631019118572382
0.00017345551955991426
0.0009136676706345334
4.662927408189619e-05
0.00016530348403068486
0.0003015631647858851
0.00011676810599865405
5.877459700920474e-05
0.0002730535656457265
0.0002612200803796039
4.8297984730184095e-05
8.960772523229433e-05
6.870129456671754e-05
0.00014742027899247446
3.839688241434228e-05
0.0001579005208903471
7.722090658957985e-05
0.00016376079193235253
3.489543914475615e-05
0.0005488086494703958
8.193715036416575e-05
0.0003206461449997394
2.4059969696381533e-05
0.0001827710232169907
0.00027198429845275797
0.0002846539367586714
0.00018717610682655612
0.00020390041989511536
0.0006310760044258947
0.00010861772720337237
0.00013759237980575138
0.0002675602521691694
8.818887242142413e-05
0.00012057589334004894
8.909740054320293e-05
0.00016028458200668017
0.0003636963384716288
0.0004282639873420076
0.00024543524927522433
7.871825833155585e-05
2.8666332879915113e-05
0.0007789427711883273
0.0007635168285385384
0.0004435551135200462
0.0002739566827167672
0.00019791290711865383
0.00012876826265011856
0.00013021126668739198
6.169432648520637e-05
6.223535169352054e-05
0.0008186838668623426
0.00010213272976916845
0.0001716611173482525
0.00023349612805540783
7.943633253860042e-05
0.0001355509574590186
0.00021362515230226528
0.0004675646636071916
0.00013443824478803025
0.0002526209455616227
5.0757798019068e-05
0.00021671291126496353
0.00012154885494890132
6.209834830075438e-05
0.00014066963369510017
6.478162315125342e-05
0.00010598333037325733
0.00016357752178766354
5.564866392627929e-05
8.172154827056901e-05
0.0007053926871238588
0.00013593595168360072
0.0003049147990372964
0.00012896992861131598
0.0003740207866444379
0.00012280283877912895
0.0005079920244298337
0.00027203184132626614
0.00031212995237455744
0.00023254821096347337
0.0001240544544676063
0.00013543894009331172
2.9490399369635412e-05
6.80042101786613e-05
8.523406118796178e-05
0.00020174748804100407
6.218754236272937e-05
0.00012646309844976158
5.035488645161071e-05
7.407070458661597e-05
5.00657194315747e-05
0.00015679399237655502
0.00020065459341543182
0.00017958952960542613
0.00032577103235563925
5.719845854178107e-05
0.0005769470432968452
0.00015969112365602395
0.0001479860285921786
5.129443883225721e-05
0.00015284091037294847
0.00012073561855375002
0.0001828487697355713
0.0002855415534977445
0.00010657082303288467
4.507119533012956e-05
0.00027666334297372084
9.922805194830149e-05
8.126106053786764e-05
6.355162619793543e-05
0.00037248404440818044
0.000191978055086195
8.863332389704732e-05
0.00020815889147378917
0.0002156450172607982
0.00025230131213991924
0.00019177894836906447
0.00017126540175245398
6.791913446344412e-05
0.00032869733980286453
6.508836843886412e-05
0.00011797107524203428
0.00031865175599338403
6.091125302694512e-05
3.145397050197236e-05
0.00042965725713943427
0.00021905021561073723
4.70606431599275e-05
5.389841314110465e-05
0.00031697161207882554
0.0002030642063787589
0.00010334886130252801
9.388595217782559e-05
6.80104094359484e-05
0.0004423464034855736
9.511534747090719e-05
0.00014021419249415635
0.00013489113045201325
0.00013701924573727718
3.0031263467650502e-05
0.00012396491603735936
0.00031321695602581657
0.00019416491232565982
0.0001385844936055517
0.00011208532715153744
0.00023571194385173198
0.00010821393391655924
0.00040350008946180905
0.0005149960063184973
0.0001100374117938007
0.00014168432684035713
0.00034267884657046847
0.0006189997137892994
0.0002868255357837357
0.00024161758589947817
0.00012366254145040236
7.011629986434354e-05
0.00023961226269598988
0.00022348656310656873
3.63921174156361e-05
6.90590697556879e-05
0.0001376994237485779
0.0006158005853628761
3.9206478241467326e-05
0.0005141580435556156
0.00017684445765802322
3.1257540656072574e-05
0.00015679018271356338
7.81799667854005e-05
0.00010353530297310833
0.00011244445043293883
4.226467636349273e-05
0.0001891430102224603
0.0005197489991394245
0.00010174947705828859
4.734323421546553e-05
7.446679216753356e-05
0.00011664943153153236
0.00041464717775031433
0.0001738200965196304
0.00017543858029651766
0.0008845967461923845
0.00018903759532779742
0.0004955856029909313
0.00015468016291667457
0.0004400438809693644
0.00019474961717931945
5.740266736723574e-05
0.0006692535946520561
0.00010401641768975013
0.00014663334389132497
9.581624286613837e-05
0.0002414862645634648
0.0002794624003294306
0.00014542641366285865
0.000105747374678263
6.404233767276019e-05
0.0001490284962803217
0.00010426388340514105
6.901808947466355e-05
9.134469318592835e-05
0.000257683800294146
8.979675628008986e-05
0.00038677830659032144
0.0002772370588900792
0.00036462035983201403
0.00013370170799599854
5.4306556825950533e-05
0.0001479576502749515
0.00025309864855267705
2.8511689864155522e-05
8.071945305405861e-05
7.562412747727204e-05
9.661837317760483e-05
4.299191321664418e-05
0.00016587967843473291
0.00013664523586360918
7.922790208973035e-05
9.115849655480953e-05
8.452195155603e-05
0.0001798791618168479
0.00014685103488236377
0.0002561848858183272
8.95768672968084e-05
8.496972664717415e-05
6.544952141145595e-05
0.00027252266551031144
0.00018115592427148753
0.0002619489527551191
0.00019495250234331758
0.00011234535111309427
0.00024228084906293012
8.987708228810276e-05
0.0001560847737785282
0.0005877792357666036
9.655785937850765e-05
0.00022497930267346752
0.0004737340819615023
6.349974006030577e-05
0.00023590564315203587
0.0001496132354812904
0.00022192946326412243
3.738049984958937e-05
6.356908476551313e-05
7.477453133351702e-05
0.00022032097262255731
6.334166450794014e-05
4.571003018827591e-05
6.664252028060991e-05
7.753487712004091e-05
2.119982759138919e-05
8.634541033439815e-05
8.833669781318357e-05
0.00017478746040665923
6.896916448277641e-05
0.0007282224388951139
0.00040841566992066394
5.942493145399147e-05
7.787120924016182e-05
8.72315605314904e-05
0.0004718596246896972
0.0002723564023807564
0.00012642908613771025
0.00012904491983589789
0.0001652171552529672
3.736745598305717e-05
0.00041243805803228346
0.000145811465709911
0.00023568048907060004
0.00043837410431313154
0.00022391731932279544
0.00020263151114007115
7.757553308450323e-05
0.0003493320763506691
9.61342315057306e-05
0.00010790214103855037
0.0001653380281105202
0.000117547781222236
0.0001876051974197946
0.00011097398403202109
0.00020870950257281893
0.0003237191588684759
0.00010986558371241923
3.354150654256973e-05
0.00027066400192003764
0.00014785574303268238
0.0001219076472845942
0.00013823451422415115
8.162187851948017e-05
5.023362356639035e-05
9.069055468262148e-05
0.00020491995315366526
9.071726086355036e-05
8.881171881885974e-05
7.523457992042226e-05
7.226692265711288e-05
7.86342328136307e-05
0.0001640780515352963
8.668616582437668e-05
0.00022579772334810206
0.00018975022322225067
0.00019632251855318492
0.0001363937506064719
4.11798991617536e-05
3.211350401954197e-05
7.028307112883251e-05
0.00012203459099177465
8.258016959103295e-05
0.00016663789910143558
0.0004952856188729354
0.00022568434897872708
0.0003619919598082796
7.274650152170277e-05
0.00012860145668029072
9.432746474304438e-05
0.000328287368490452
7.760476505191339e-05
7.25502180783043e-05
0.0003741723097510527
4.732239199652462e-05
0.0003462336120635771
0.00042209490529761105
6.805157896254692e-05
6.298033433763022e-05
0.00019038408831512814
0.00011351846740054605
3.8031156045686466e-05
0.0005459984540303761
0.00010812857801802142
9.178488064818408e-05
7.370284544431069e-05
0.0002414619304281698
6.869170575172485e-05
7.133506431656213e-05
8.080221911404786e-05
0.00014296627855552856
0.00014396058503982214
0.00010450284145782271
0.00021238766617310642
6.763945508831444e-05
0.00015523759024107454
0.00010256941519228809
0.00021022366503612203
0.00012815329085804673
0.00016884831745835985
0.0001715113707128844
0.00015461961793046617
0.0002267396516029385
0.00036395898774192254
0.00024207486339192146
8.934253827613195e-05
0.00013892483191279035
0.0002690831077494437
0.0004562323156411786
0.00015983357481498325
9.488084291653312e-05
0.00018401688742176005
0.00010970047780410792
4.5374664417359634e-05
5.9508169743519554e-05
0.00022151973573086451
6.616352665103476e-05
0.00013054896485406643
0.000315847706992806
0.00023030234975062442
0.00010574963567736636
0.00017585758679845845
0.00018634289459723335
0.00026449618732782255
2.2699033838246042e-05
6.125997893187675e-05
0.00020010569275494218
4.111801209579584e-05
7.47381984745874e-05
0.00014978309096487687
0.00011639807645852744
0.00010882696645252946
0.00010156819201456629
0.00027399875584043843
0.00027723809999775033
9.365707334504109e-05
0.0003662396340977487
0.00014008311108874312
0.00032783631136960477
0.0002461686294091423
0.00047371006508010354
4.434161365249896e-05
7.416328181541287e-05
8.694603589408663e-05
0.0002866876609124774
0.00011182059688315039
0.00019732312460295716
0.00012472264057093892
0.00014443926369576618
0.00045963795651831544
0.00010521160576239705
0.00015764644922342316
5.925762003978535e-05
6.454804126552612e-05
0.00017689368176593008
0.0006724223461798203
5.480191504921891e-05
0.0002223853539867589
0.00016688589338599623
0.00015779582892786956
0.00015225060680270348
5.010074927288119e-05
6.30243652898562e-05
3.9346374035662786e-05
0.00014734866126240058
4.029804270242829e-05
3.279771325538498e-05
2.4629840646508128e-05
0.0001045867658098232
6.263489958272125e-05
9.289869158622183e-05
0.00011770936919389778
0.0004918132582460565
0.0002136773740756321
0.00012273462414935687
0.00010484218151053158
5.47651948853911e-05
0.0001213927215654022
0.0001513584138513403
3.286866140360247e-05
7.263679606837151e-05
0.00016811340395390877
0.0007430881829238958
0.0002471383855297303
5.126728884926376e-05
0.00022355922492051542
7.071043323846633e-05
5.194723836558226e-05
0.00023508899989237712
0.000207245095660896
6.5998108256766e-05
5.7937947814910485e-05
0.0001184594956056919
0.00021195557569045023
4.0533756161099095e-05
0.0004474143836378212
6.500524201723261e-05
5.752838403578962e-05
5.650427291510021e-05
0.00010424428084268148
0.0001225228633423414
0.0003551653382126935
9.406645347680221e-05
6.922785928660017e-05
0.00014365143039398332
0.0001230152624664577
0.00011542445279757833
0.00016950204761873028
5.412826390160993e-05
5.7759876376201054e-05
0.00044433494229252564
0.00010673742716954781
5.396821748680923e-05
6.796053041238352e-05
6.448384786916244e-05
0.00030372874398517454
0.0002448383902154812
8.36549451862482e-05
5.429938364030065e-05
0.00017884721365307328
0.00025438413645196764
0.0002033516186272666
8.609126448351288e-05
0.00019001572407328958
0.0001039635463860681
0.0005916532753408219
0.00010551045645339568
8.662757186375738e-05
8.831099000971345e-05
0.00020130778762940957
0.000269233121884108
0.00013124486851150445
7.431142635958642e-05
0.00014778822441715805
0.00015464226979817393
7.419952920302529e-05
0.00028105691405412803
9.686342114071255e-05
0.00010941622325182387
0.0005415445349824534
5.425821645699311e-05
0.0001321858875610412
0.00012139506376170325
0.0002625001883749819
3.143287666549334e-05
5.027230801596474e-05
0.0001599944889252795
0.0007283606672961943
6.823773776158754e-05
6.023669481120325e-05
3.701150977028544e-05
0.00010437403262451573
0.0001110757561480254
5.825942686776991e-05
0.0005440299420756518
6.93812857420297e-05
5.614569423934955e-05
4.976962126483669e-05
0.00029542076985372907
8.508385276107249e-05
4.1829863156454225e-05
3.1762594847139074e-05
4.163768041785896e-05
9.779121316668888e-05
0.00014520802551302338
0.0003128146187257274
7.912159792305699e-05
7.265937335454563e-05
0.00023384792773744492
0.00012021639236041116
0.00014731875321817816
7.838923259657027e-05
0.00023377243231897355
0.00011807128366722831
5.956645330059184e-05
9.342434498182829e-05
8.43329400009993e-05
0.0002115286445520545
7.663994417260934e-05
0.0001907917729412201
0.0001356824209366458
5.8894137686046045e-05
8.401308790475561e-05
0.00044334933693737926
3.3378244712162444e-05
0.00012662531824696082
8.462148021537375e-05
0.00015932206643879318
0.00018646226845720526
0.0001070011828511152
0.00011678175369584906
7.248883589413993e-05
0.0001155671689994221
0.00018698421502383198
3.373528643126726e-05
0.0002559689503900252
8.492143820499651e-05
0.0004062182906621176
5.781064511146637e-05
0.00011564481366849499
7.062733443938318e-05
0.0001129868004234885
7.993916553993492e-05
5.284759150795602e-05
7.412451795565445e-05
0.00040632576842309064
0.0001592000570512052
0.00045022738055598363
3.067795949267849e-05
8.977518913751317e-05
6.617366672610788e-05
0.0001012960358298468
5.845272785410238e-05
0.0001484778253840242
6.135758684155455e-05
0.00030117961029327365
0.00012408487466530245
0.00029183174451401835
7.651832585697523e-05
4.1105277375100875e-05
7.546892158818272e-05
0.00036103396522905816
0.00016421272558765222
6.15312656759492e-05
6.095116983881064e-05
9.900320342478217e-05
9.610415852545935e-05
0.00016953490094303035
7.630909315026191e-05
0.00011317941689811535
3.727456367586309e-05
0.00014915805521019642
4.8415910915891216e-05
0.00035717086570234626
5.277681370306867e-05
0.0002896854547157825
0.0001293991008935122
6.901113944506467e-05
9.205825543318184e-05
0.00014290220885971417
9.242407972545713e-05
7.47518692200087e-05
4.184470953039771e-05
0.0005869263357554529
0.00022928740460691782
8.471254226996274e-05
0.00026847994946401513
0.00013818305382408156
0.00010632170926778417
5.2898192945523166e-05
8.701898564081045e-05
4.32499559269598e-05
4.372808473562887e-05
0.0002814688273349505
0.0001760047111613025
5.565925751459375e-05
7.124033027611569e-05
0.00014330250081587317
9.761565862862728e-05
0.00011565049510195174
5.225695758054644e-05
0.00010908880105945775
0.0001375372953875861
6.130958058799986e-05
9.815186933939137e-05
0.00016603516614035528
6.0306127127443014e-05
0.00021768863769068515
4.29332672179386e-05
0.00021912657596273973
9.147288213740316e-05
0.00030538884133835274
8.321858883180932e-05
9.73592471076445e-05
3.0503103887859106e-05
0.00015125212739527198
9.828960509547174e-05
3.928150344037061e-05
6.663370236452637e-05
9.988893944217191e-05
2.4709949669598487e-05
0.00025440077420270005
5.274866880830036e-05
0.00015963546723564222
7.961552827628103e-05
9.599796479572844e-05
0.0002893076897697699
5.7339276444995036e-05
0.00011336261767532415
5.033723877580464e-05
0.0002525862643896151
0.0001332001815713199
0.00014406016923334947
3.130937766766631e-05
0.00010913237947912352
0.0004993798728867513
8.105315527792489e-05
0.00014338327629586075
0.00019889629138882456
7.555074123156348e-05
9.584206939513128e-05
0.0002881331693855222
0.00018018457167414258
0.0003957455938271918
8.737526128459233e-05
0.00013198463794002218
5.75737662924414e-05
0.000327270440986692
0.00016430171947703752
3.116417706557016e-05
0.00012514277307687697
0.00024204716111595042
0.00013303814628776915
0.00011402947587012289
3.214427329716629e-05
0.0001700687825713511
0.00011595302605129753
0.00026903680879668897
5.8413659939568634e-05
3.182377688404782e-05
6.634716803492956e-05
3.7821078408706884e-05
6.969707706457633e-05
9.642027518512714e-05
5.2609938955295443e-05
0.00015894393656746961
8.285818732043309e-05
0.00013103157636870796
5.9776944814991325e-05
0.00010485400858272341
0.00015223178353262928
6.248523336682034e-05
0.00011029675259550344
0.00022050942664764514
0.00018842011795920037
0.0001553945893614499
5.3704061421014236e-05
0.00017019852906140974
6.0654453543770254e-05
0.00020606254062411814
6.343423054831577e-05
6.926324701610861e-05
0.00017861483256516932
3.11181711126111e-05
9.687542457693723e-05
0.00012065630140622126
5.828785089069114e-05
4.4460549326573885e-05
7.804468317577633e-05
0.0003345447830864303
0.0001218882652495921
0.0001696866371754879
0.0006462042888795655
0.00027073598245926035
0.00039623051673400115
7.617635464895766e-05
0.0001737087681344645
0.00011770236879963764
0.00017021938032974298
9.013737435443285e-05
0.0002021977071566838
0.00018912518974468874
8.662065734591462e-05
0.00033497379600982193
0.00018149421565885436
0.00047967785744402173
0.00024901741392904163
0.00017935359876100146
3.603548790520139e-05
8.956755226498512e-05
0.00010649871964967114
4.9700383005085053e-05
0.0003335930620024664
0.000317604036249908
0.0001809877746459538
7.368755679091135e-05
0.0003367593031127761
7.790519869276064e-05
0.00011047979503821431
4.219289974509607e-05
0.00010768150393032595
5.37214383911879e-05
3.6241043317054114e-05
0.00010118932849233096
0.00015213365594164075
4.659090222046645e-05
0.00030611734972344704
0.0004595635419545928
6.114234223930514e-05
0.00013896962767766792
3.133730408691592e-05
3.913069865950888e-05
0.00012417054850203294
0.0001413501328320855
0.00011937837408669056
0.0001438318497088078
0.0004393014243800415
2.0895891586516465e-05
7.41146197171417e-05
0.00020814364006126683
0.00013458317481372754
0.0001699555488777145
0.0001639123633894599
0.00015223077005030068
5.273604844901184e-05
5.488237389306342e-05
0.0002294595355419655
0.00010284848477034229
5.0396791385266316e-05
6.180989365556829e-05
3.734700624211165e-05
1.9562921563349493e-05
0.00016298574951181658
5.73749748093994e-05
0.0003755845215870007
8.878524096237681e-05
0.00025953075026960887
0.00019718040258513293
2.4762634358223988e-05
0.0008235683987654695
4.673957505014464e-05
4.914843520913012e-05
0.0001473856656770022
0.00022158355331888417
0.00017360518647145488
3.7509413453424014e-05
0.00013507394365794788
0.0002717131096989374
0.00011420920567422532
3.2782058358555624e-05
0.00020966668563565216
4.224002397093298e-05
5.2421731713868666e-05
3.113791659987561e-05
8.930679743376021e-05
0.0003654723165794541
0.0001878954343517484
7.757045135695441e-05
2.1782662533122415e-05
6.272915579881186e-05
0.00025200474170954573
5.391041310534281e-05
7.014361723173086e-05
0.0002585120528363684
8.762649945641525e-05
0.0002187734620319628
7.089744111727177e-05
0.00035724715658795933
0.00012383663112014377
0.0003551308483248713
7.732862863592312e-05
0.0001526695415117933
0.0002862148972633861
0.0003543304103434036
0.0004454099409947926
0.000385304943360483
0.00019204340692976007
6.0528543086077066e-05
5.132417001336231e-05
0.00012687758368518264
0.00027222139941335515
0.0002067181818360185
9.246593586569405e-05
0.00010414265641628817
4.124372490563408e-05
0.00013582702763382517
0.00020651393141635254
4.873949506467424e-05
0.00012099029084504367
0.00022940918241778254
2.685584929344622e-05
3.287913570697152e-05
0.00021729472418043392
3.266229701411088e-05
0.00017667123695736442
0.0004027590903914713
0.00010169797649350761
2.782322955063927e-05
2.6285745902307527e-05
8.216353453040229e-05
0.00011900727518537813
4.160208222782098e-05
8.051680325371112e-05
3.536145686591837e-05
6.109620461054734e-05
8.296910941013802e-05
0.00015241248888393942
0.00013795725494233972
0.00010374780789310582
6.617569699777038e-05
0.00010419308411871893
0.00015929398411523648
2.8499623921982644e-05
8.927791698483022e-05
0.00016948751118014418
9.246498677896117e-05
7.909226913700163e-05
0.00016759406275931564
8.237740706095709e-05
9.552029467575968e-05
0.00031148935252087683
2.844649910398273e-05
0.00010573534769266039
0.0002086403596907748
8.966196926249941e-05
5.364808451663345e-05
9.735895843589936e-05
0.00023301868865660894
0.00030404191379603636
0.00017098268413974903
8.001431199612594e-05
0.000262123436864522
2.371452603652623e-05
6.059649364417769e-05
7.259597150072914e-05
0.0005045342987010369
8.001489851160027e-05
7.888455567657813e-05
4.136102101219835e-05
8.886967048465192e-05
2.6716261659213027e-05
0.0002817277345880605
9.480464004740879e-05
4.113683959470765e-05
0.00014265908489312706
0.00025581868889145283
0.00014242157325816598
7.758204557507295e-05
6.005558226894298e-05
0.00010781057583309986
6.30014704048235e-05
9.87965612045922e-05
0.00013012534459564518
7.914729575191045e-05
0.0001108983282976389
2.6229761497573144e-05
4.284893953328256e-05
0.00012101438396347702
4.8075225304216896e-05
8.848991925793857e-05
0.00019635326698110573
6.729741539073509e-05
0.00020300599065267873
0.0001232257689104113
7.598488932899758e-05
0.0002867360942808696
0.00013594905687090535
3.5647915333449044e-05
8.449488591628016e-05
0.00010411991542453396
0.00018987409164205002
0.00018438195002756818
0.00023721832084095017
0.0001469361328468291
5.07435503814587e-05
3.710955283244306e-05
2.525806709010739e-05
0.00036558032606666234
4.1121994733359907e-05
3.0221436122127067e-05
2.6523961624736654e-05
5.620344970902133e-05
0.00010486371882180388
3.224815373462299e-05
4.128105395450342e-05
0.00014947336434267014
6.293510085429621e-05
0.00011741446987203803
0.00012798023823983216
0.00031007777364507223
7.469987704709331e-05
0.00024227982498769928
0.00011342594080392399
0.0005118074645112721
3.959206346991678e-05
7.728323761316107e-05
4.542965830260457e-05
6.317174815552842e-05
4.867374956221583e-05
5.828039319661827e-05
5.526680093042808e-05
5.519021129467404e-05
2.5280752694202195e-05
4.286662563643881e-05
0.0001482904600864195
0.0001108782386447938
3.4724992719724975e-05
9.23689588291883e-05
0.00016492283686261614
8.013770493571898e-05
0.0002817104628496295
0.00017356126443677882
0.00015225236909630484
0.00023246214925291798
0.0003197280250978203
3.6457439740359706e-05
0.0001178533230624022
0.00016378071970985045
0.00014728300408911875
0.00028699866306843605
7.77718690347864e-05
0.00029217100259453546
0.00013437534342420772
9.678685627368282e-05
0.00023286359053124506
0.0002979071217784072
0.0002434305198255481
0.0001719184870859565
0.000471211413364654
3.457174119750759e-05
0.00038233411863493663
4.5791339394293e-05
6.426131409170039e-05
7.462849968550493e-05
0.00019272027001801683
6.72856500870999e-05
9.720028176405239e-05
0.00011006257787392504
6.152212271782573e-05
0.0002974904666442764
0.00010646302255889354
6.922760518184026e-05
0.0002644511874956914
6.801746814240883e-05
9.834892673526112e-05
0.0002807096477056181
7.663989500765148e-05
2.9198645931949127e-05
0.0001870328476632175
7.987797802269283e-05
5.945019572891271e-05
8.203328957053304e-05
2.9394912331633096e-05
3.206966158672856e-05
0.00027161518131559465
0.0001253350085390638
0.00010967962420658917
0.00019858483632340655
0.00011878795987880562
3.929998806891349e-05
9.592116170237132e-05
8.978839165739587e-05
0.0001368897124639736
7.67525108318091e-05
4.537737995665311e-05
0.00013367529701505625
0.00033096545880858267
8.78447268808071e-05
0.00011382288238924359
5.892320876223762e-05
0.0001449513638256399
0.00013152524332861156
8.265008956170986e-05
3.3578116198950773e-05
6.248221262808319e-05
0.00010935731558489473
0.00024443984301465596
5.6578456864030344e-05
7.73923021214433e-05
7.880543893972364e-05
6.901282907722154e-05
7.873933134469771e-05
0.0003493620212855362
0.0001590700571167612
6.211381459633191e-05
0.00044039139166619394
6.479868991194979e-05
5.3866305588802224e-05
4.366793540160917e-05
9.497555368382484e-05
0.00013473588657449698
4.581616785063176e-05
0.00015576124967243187
6.817148451273997e-05
3.671185961610413e-05
0.00011374640740386884
0.00015119539689352623
0.000461976443050173
0.00013926068757710736
0.0001780305371176845
5.014319427876846e-05
4.711189767980118e-05
0.00011367239882247906
6.199641059220055e-05
0.00013058364952299236
0.00010897316562797026
5.010517880664497e-05
8.884810358504701e-05
5.097521040827279e-05
8.399329814677267e-05
7.08059589038832e-05
3.316075108960464e-05
4.0153826349366755e-05
9.748972953134168e-05
5.504363372850468e-05
3.0707115274516674e-05
4.6390035682754814e-05
4.788371450669534e-05
3.4661840112837606e-05
4.0157474064915546e-05
0.00013706711294219292
8.714829888706604e-05
0.00014137017864468597
0.00017462092756662334
3.184239326877738e-05
0.00011839849394785897
0.00010681571943119894
0.00016781802956688765
5.826831379598929e-05
0.00018863329746704149
8.386683535027116e-05
3.753179858557001e-05
0.00020552883798470256
6.376093667740739e-05
0.00020816665293444823
4.1606676162249626e-05
9.932260854784254e-05
3.4975846777479817e-05
4.891554653306861e-05
6.79979831753112e-05
0.00020597066675506022
4.215947716768081e-05
8.199030481271564e-05
0.0003301143641625101
9.978938145996865e-05
6.800617937441984e-05
9.887592855438303e-05
9.995638398220689e-05
4.304457266316411e-05
4.687224554064559e-05
8.632080684674878e-05
0.00010094949275662371
0.0002371426890987925
0.00021389249637549396
0.00016480169107944664
5.464004633179117e-05
0.00012462298899543664
4.516587609423058e-05
6.027936138252185e-05
3.4666876957280234e-05
0.00012464262600567983
7.437827820863825e-05
0.00012432732621135508
6.719712144622424e-05
0.00035704746142850883
0.0001076655774296134
9.576824128679917e-05
7.41595247470812e-05
2.654092817332763e-05
7.395746863814473e-05
4.043587951291246e-05
3.426283558697143e-05
5.045206201328967e-05
0.00022349745355653596
4.139856509960187e-05
0.0002458478074636202
3.604044707065067e-05
0.0001448793388539903
0.00020107962450395883
0.00011769697047498262
0.00020023844139120694
0.0002842504689981749
5.339399336921122e-05
8.477250938983063e-05
0.0001244002592759109
4.3510678543111756e-05
0.0002244536326905456
3.928470454949914e-05
7.131618320230662e-05
4.487792350664521e-05
0.00010206743910031702
0.00019034936852826864
3.898827156627228e-05
7.10521453484249e-05
3.807471286738469e-05
8.045311763611982e-05
0.00014797709861935317
0.00017549935660708953
0.00023309285143983838
7.029859729873238e-05
0.00021412910197312197
8.932781018227215e-05
3.767385047846484e-05
7.9681018990098e-05
5.858179760030958e-05
0.00010669476166352749
0.0005173408061710054
2.5061711207023822e-05
0.00011839673450905703
2.582122110117039e-05
4.478526531461848e-05
0.00016592638878235367
0.00014384243264597383
0.00010615198313771278
4.025006744222509e-05
0.00018986120711488494
7.208662835936445e-05
6.113094882047678e-05
4.3403536933858016e-05
8.005669216469426e-05
4.7950583296832235e-05
0.0001336524350590527
5.3438971252490894e-05
3.7114888388052586e-05
4.229372981220236e-05
3.143026068597169e-05
3.8136089268459116e-05
7.994171852744296e-05
0.0004729824680397599
3.448647772862438e-05
5.596995528514594e-05
0.0001393751580406165
0.0001480476080304815
0.00010426869177784764
0.00012686996127335914
4.30899355201503e-05
5.489146575240499e-05
2.1872785518813908e-05
0.00015053837372622724
3.410871764506509e-05
0.00010877448097532998
0.00038144938762000035
0.0002150201918931935
3.5302662244342753e-05
0.00017633403694572767
7.432424682450268e-05
0.00010731443383032015
0.00020931490251705073
0.00020663296313153264
8.069807188911085e-05
4.705157424899634e-05
8.758148225850101e-05
0.00015580289088694605
0.0001236802678697265
7.676091318013519e-05
7.324360503834427e-05
0.0001570311617265522
0.0001315446969646999
0.0001664714198644321
0.0004073585363941486
0.0001618632560082175
9.841390317521655e-05
4.6983488820832066e-05
3.703927261609777e-05
9.125531205298402e-05
2.1163577831849345e-05
3.8306980387141385e-05
0.00012408417060628705
5.840960602133647e-05
5.29548976537138e-05
0.0001560848060929978
0.00010099715103706284
9.83504397795997e-05
3.128334913128889e-05
7.071613594038954e-05
0.00010596794321654191
8.378977264684663e-05
0.00033210974353694607
5.0811948243641206e-05
4.392060241970932e-05
0.00013572275865469626
7.179483572356117e-05
0.00029896144995027754
4.1792876762967745e-05
0.0003820102478394836
2.4920515508808867e-05
7.423056288331477e-05
2.327522750729625e-05
0.00013440334031061688
0.00023230827015471682
5.996690923872045e-05
0.00019791910004931593
3.366581936083858e-05
5.021810361847158e-05
4.884192170401063e-05
9.417998724786902e-05
0.0003304756091220344
5.4623176727455114e-05
0.0002627222200520182
0.00014855810810414933
6.438565391703056e-05
0.00024635820903568483
6.55862433793114e-05
0.00024146504744039125
3.445764685849158e-05
0.00025380608344950786
0.0001132256047495529
0.00010879223053478229
0.0002888999355887135
8.571410074187674e-05
0.00010473603036465355
0.0001420173570581883
0.000292096559509757
8.516497397970078e-05
8.56832366238042e-05
0.00033910744214148787
9.442026680577963e-05
0.0001666451969637976
0.00014294629563384848
8.162852430412344e-05
0.000275462637769417
0.0001832208516229505
0.00013845277025713572
4.3639643205005635e-05
6.09611621697772e-05
0.0001291893686200802
7.22763285676606e-05
0.0001748137807548972
0.00021207126327458237
7.65554724692457e-05
4.836184733418239e-05
0.00021244094153998283
0.00012433535723456067
8.703443391258844e-05
4.953716750329842e-05
0.00030510070804058026
7.490620188308951e-05
6.249677076507239e-05
0.0001381724279984692
8.073619158620405e-05
6.808599475711733e-05
7.470312118299131e-05
5.318758144826625e-05
6.504677790943476e-05
5.753768339424398e-05
6.044100345165438e-05
4.012696509097615e-05
5.577020960926044e-05
6.087640982896814e-05
0.0001435594368127666
7.176012069061126e-05
0.00010767650230797437
3.194234583180361e-05
0.00010050420447580106
9.564560469033454e-05
0.0003715516131485879
3.930574183396861e-05
5.350437149920332e-05
4.1647086364108874e-05
8.514165587735798e-05
8.991075998962188e-05
7.317983314636648e-05
0.00018649887669058095
7.210024906096204e-05
5.84562784395481e-05
4.091295563742335e-05
0.00010785087211581647
9.63657312502076e-05
9.738003863513922e-05
2.713732778159892e-05
0.00011917269876710084
6.113420738792861e-05
6.591250941034755e-05
0.0001518188216473256
4.3040229387800836e-05
0.00012852025927237234
5.5154322836015375e-05
0.00011227825166524218
5.673815058697002e-05
0.0001304577336038265
8.123000551549414e-05
2.1536645320308886e-05
0.00017395288951960135
4.0262831040170255e-05
0.0004537824351688959
7.196666731506793e-05
0.00018314381474806419
9.020876709199213e-05
4.517982926221216e-05
7.827255344027522e-05
6.662957696871837e-05
0.0001103464982355177
4.0054655867937305e-05
8.592416954038032e-05
0.00025846202809964625
7.71005249318237e-05
6.259536941271733e-05
9.956811012296631e-05
0.00042192081533788564
7.050549500034684e-05
4.589851286135345e-05
3.8174520851694244e-05
5.826203648733377e-05
0.0001389562377756341
0.00010096212620150529
6.966317668840433e-05
3.952877759337505e-05
8.062667930088906e-05
8.813203423519057e-05
0.00022834722616528035
5.2895978591088853e-05
0.000307866015432899
6.523715900371427e-05
5.570031648696124e-05
5.9060349765219195e-05
0.00019477873121805808
8.446213506040137e-05
3.395510328776535e-05
0.00013413876360145142
5.1405478109274e-05
0.0001130909093715226
0.00020279339961972774
0.00012135766159333751
0.0001195176591587359
3.92987553878611e-05
6.197782711056951e-05
5.314967297121789e-05
5.406049857298129e-05
4.741037530379556e-05
0.0003296253451479476
4.8437838716088026e-05
0.00011937853169723441
9.385118877751854e-05
4.7448351281039336e-05
0.0001068116528437891
3.38886334784142e-05
0.00012676822531079138
0.0001235477384774029
0.00017514071291246225
8.47053682310991e-05
7.73827748818661e-05
5.1216885029764114e-05
6.284669292056828e-05
4.479923366264946e-05
0.0002296966064177027
0.00017618542501199517
8.157771392924752e-05
0.0001115620921807277
4.8028473460741826e-05
7.555826636332405e-05
0.00021369875415302433
0.00010353822876745954
0.00035673150243402553
3.3041207112331555e-05
0.00017962399415581397
0.00023463800584825055
9.627329336985721e-05
0.0001465349639935361
0.00011515770341378471
7.326569659318641e-05
6.437409772207498e-05
4.20677836571213e-05
5.433373741710165e-05
5.324385624733999e-05
5.329667333857866e-05
2.792105418580367e-05
6.334945183068526e-05
8.78529627210226e-05
4.529409547082456e-05
0.00011006532317001837
0.00010986181289961253
5.3683466332912967e-05
3.536670673215545e-05
9.150977640682587e-05
2.3531432449776942e-05
0.00023196541003881366
7.260228056331791e-06
0.00011665339422197025
7.31832908205496e-05
3.69751918161693e-05
8.366500551667809e-05
3.884751732414601e-05
7.891278443832614e-05
3.98557648478817e-05
6.869407993516793e-05
5.875298696412976e-05
5.802146388583461e-05
7.192924388941212e-05
4.176370953789087e-05
5.945470383563355e-05
4.4765149602410296e-05
6.834597185935494e-05
0.00011537969811201944
9.526887277926936e-05
7.17911962039867e-05
3.6035402339514566e-05
5.344577198938454e-05
5.408434307094269e-05
6.237097176645626e-05
0.00014422382128708916
8.038252595761069e-05
4.5317842843287134e-05
0.00013743844453319664
8.671208777055167e-05
1.4737374848233758e-05
0.00013976467410977344
9.441747877627538e-05
0.00012162887579814957
6.644766416719407e-05
4.395687092547401e-05
3.8095439616722346e-05
7.440254700541531e-05
3.54923142674018e-05
3.589634861317289e-05
0.00013028214381884855
7.470402736353205e-05
9.500075712532582e-05
0.00014049701466683034
8.330198224290724e-05
7.371542087505473e-05
8.787100025500308e-05
3.311802644903416e-05
4.844132279997887e-05
4.790346912399306e-05
0.00010172599113923169
5.2684044565161625e-05
0.00012439483843366663
7.078114846279941e-05
0.00010821493759198359
4.9920198707200105e-05
7.13027273062098e-05
3.997618846911219e-05
0.00015376235943955253
2.8415836755498008e-05
2.8788989381059613e-05
9.674828827944861e-05
9.531256433476007e-05
0.0001136864905442045
5.7142386389521916e-05
5.0863316928128114e-05
0.000122906082025833
4.481618306388436e-05
5.249330049473996e-05
7.247526983877525e-05
9.557871222243494e-05
0.00015018314116583062
6.247212267812423e-05
5.427881599653495e-05
0.0003204651082741491
3.902608246088244e-05
3.875739064705509e-05
0.0001287452879459986
7.908018527745913e-05
0.0001027744273085265
4.5019659811528965e-05
6.79387557323342e-05
0.00018906963155696345
0.00012903492821482318
8.791148264270009e-05
4.795400366944266e-05
0.00018081719070335003
3.9530220874119595e-05
0.00011381065465740008
7.865214785438289e-05
4.783007882176712e-05
7.064840203107625e-05
3.3472618228227015e-05
3.013203937479224e-05
5.2682094610483166e-05
4.737071623093021e-05
0.0001321535519540787
0.00017630529058252067
0.00023255324848425046
2.439568711559668e-05
0.00030980422596496387
0.00010564793137899533
5.5149349230433306e-05
0.00021140241319692608
5.8045931267052836e-05
3.84642138508116e-05
0.00012951249629680525
2.3081579985791308e-05
3.032010647756214e-05
7.247383834492879e-05
0.00010824416815440937
3.318861221598254e-05
0.00013836023850391548
3.6617854389948864e-05
2.127066273879715e-05
7.946429035278501e-05
4.2369428407560044e-05
0.00018774887103158275
4.508522244967055e-05
4.322592550115968e-05
7.119381838811857e-05
0.00016967019083715233
2.946887887315634e-05
7.679309888666167e-05
0.00013394186226839858
7.588086695234295e-05
7.910642247094913e-05
2.820093544066894e-05
0.0001700876265722019
8.199772201260152e-05
0.00011387679162101594
0.00017770770088232628
7.21901497131624e-05
0.00021018954642380283
5.3561777697833985e-05
6.017330694905579e-05
0.00010339043652000364
0.00011442946591206765
4.871673062282157e-05
2.4018497475202128e-05
5.848507694247326e-05
8.274139742396529e-05
5.626944601576426e-05
9.850907567691812e-05
3.4671775650580264e-05
7.351133619405456e-05
7.115915336669196e-05
5.200817786826973e-05
0.00011421414580474114
0.00017098828660095202
7.158972566279855e-05
6.924642458055539e-05
2.7436369581371352e-05
5.520121397299072e-05
0.0001429081056703026
3.118798459624855e-05
4.026713390228077e-05
3.893874428484255e-05
9.266945020405245e-05
5.062686533984531e-05
7.505874091874399e-05
0.00017360211661967515
6.611801770738594e-05
2.9976595516087424e-05
6.60712716718875e-05
4.389373798552265e-05
0.00025284472493249734
0.0001868567459325412
5.2883510912315535e-05
6.533974006783223e-05
5.628267055525876e-05
4.6635928281401626e-05
6.058506434743973e-05
5.4107644171722246e-05
0.00019942269392692543
5.313708614111275e-05
1.689996865642545e-05
5.649895738129421e-05
0.0001169183263092887
8.033365744804259e-05
4.581085202480697e-05
3.441567368737908e-05
0.0001093366632522166
0.0001456169676451845
7.763717232792084e-05
0.0001622701192905279
3.617537880690882e-05
3.559348404040317e-05
9.819653249523372e-05
6.521526281570307e-05
0.00010687277624070525
6.379421792001961e-05
4.106743208204325e-05
6.58616229281201e-05
0.00018641991423082291
8.295144421597489e-05
6.014264837682243e-05
4.781790334778591e-05
0.00013643128424442954
6.397841077875162e-05
3.2548353927485044e-05
6.463508841487343e-05
0.00010833128938364226
9.26817751786778e-05
2.3538054153805257e-05
6.1060742160501e-05
2.7118719006135304e-05
3.1497435011224884e-05
2.7364099754031286e-05
0.00010663001039841476
1.9294803115165586e-05
0.00013331863370337572
4.854600630395373e-05
6.304947188290908e-05
7.508437286287906e-05
4.438862598434603e-05
0.0001754823090416661
4.317453239361608e-05
2.8734352117881185e-05
0.00011231940486644416
8.44758283390777e-05
2.489737084588624e-05
3.141801376037072e-05
6.868134895709193e-05
4.543328125818201e-05
2.1370045667705573e-05
0.0001625084831255739
0.00010714749343751318
3.127603970031719e-05
5.5886071420214394e-05
0.00011885291808386833
0.00011397117593557614
6.763119275486283e-05
7.059254066152013e-05
3.394061385688473e-05
6.439091355186739e-05
5.7523104606171725e-05