0.10567413747120075
0.03486296897119493
0.13741048074332013
0.030044591443907757
0.07313497806607332
0.048025837962841864
0.047019638745436
0.013408103903894285
0.03276972076503994
0.01621973850928357
0.03421090679751614
0.015296229890726216
0.07084313731628204
0.026575139379981186
0.004358222982814383
0.004845243997444486
0.01976435900980258
0.010623698035399629
0.003922252141203405
0.030563167889538057
0.01465813855758002
0.009808154833616318
0.008676168800586071
0.015080538196338025
0.01585763118172926
0.010862965322802873
0.009487046164025598
0.007818971998150945
0.019215894827883336
0.011884263806706288
0.006638979121519762
0.005616284977539085
0.006442216658808198
0.00752573992717272
0.010652950484099732
0.006288312398090184
0.005254648924107803
0.003582179923703074
0.01522289433070196
0.005851559402221345
0.012176277998629373
0.002100270593429048
0.004469297524088018
0.004390477687605014
0.00304098885915674
0.0053709915138012085
0.009137076435530777
0.00178337075723714
0.008007190310156967
0.03668557779336347
0.013456859246851723
0.0051086915696568844
0.00496365026156951
0.006474898604001503
0.004970895602045528
0.00444712130782625
0.0060764717018017035
0.0036068779591379666
0.004302063449436174
0.015862787467101624
0.006557148889197851
0.003362623834109902
0.002059771932716418
0.0017946310450357363
0.006903337651739236
0.0054414118634996626
0.003778562549779659
0.006708653074489841
0.009290798779191173
0.001388520135880906
0.0032814118917724243
0.005318918434969504
0.0015300841377138723
0.005946862511039636
0.004328421447564985
0.007898524136906795
0.0066361466603437735
0.0013017586886070861
0.0034284961888302167
0.0058927687841972545
0.0031443715250389455
0.0021741937111302467
0.0021745973883369792
0.007443603517649207
0.002831969594625381
0.005513013600445401
0.004166957519470507
0.0018096581269035365
0.0022705541101826444
0.003165369170250828
0.0022810529187180053
0.002992017435588828
0.0010357667438998701
0.0014178287647459388
0.007701515771977394
0.0004893793206714038
0.0027363138941893486
0.0037737334488561324
0.0014179679568622225
0.0006754124183964336
0.004551856561187631
0.001506474179012462
0.0023103097862681578
0.004965651904063523
0.0015515221806517588
0.005845621341662111
0.0020909399196827948
0.002161050082183353
0.000856278934513953
0.00825432947229773
0.0016156191485514845
0.0016390246745853893
0.004475741411909064
0.000539030930888004
0.00141553671295431
0.0005784678830316268
0.003960586536557015
0.006341598955165057
0.0034410242546256673
0.0025365669582005897
0.0047034354366906105
0.00043565364263719247
0.0033102744013900898
0.004656002306649649
0.004380514222243869
0.002774741683010453
0.001509485110325607
0.0008090001418783871
0.0033298847701113054
0.004823981794323385
0.0006696163590018012
0.003036231397211065
0.005070475416611449
0.001720760089688669
0.0046655749981050175
0.00269989831949284
0.0020124732674235194
0.005719386572102047
0.002023376431382424
0.003547677230779448
0.0016839974575134698
0.0012505417761698543
0.0023608593267435657
0.002892297451225083
0.007310694984524596
0.001574624633406802
0.0009143214728674534
0.0026549179051207823
0.0007171596633255993
0.003639426476797307
0.008820509368839026
0.0005256745302546509
0.0016040396307137595
0.0005850840558900204
0.0035065512772243872
0.0011912552619596645
0.004495537802932044
0.0014363324016801195
0.0010766779442119144
0.002009662148317795
0.003193539836990877
0.003572441508841534
0.001171366986139526
0.0011587454419868116
0.004750557988768782
0.003529422181004954
0.0018773068536904406
0.00524247200457807
0.0019056302213394502
0.0035026028760991694
0.005763209599861285
0.0025822048970929605
0.0012931345997647908
0.0014683111037176292
0.0011878871712292737
0.0023353016186932426
0.001563185678553115
0.002844819016111492
0.0018747937246158418
0.0008714673418743861
0.001874416932907522
0.0005229176524230904
0.0031100349158881416
0.0014163351899832517
0.0016137136090937675
0.0029923105360127873
0.002582116255771955
0.0035946373848117236
0.0021566181960301295
0.0009758768312543177
0.004169196738961821
0.0022949788457856083
0.0025819267913081254
0.003134600981363813
0.00618269274291895
0.001400054119828387
0.00042097127326147813
0.0017663642965396176
0.002159492460858479
0.000898645712869703
0.0020280332865707474
0.0046263165081326255
0.002112851261751712
0.0013893611381970013
0.0012173017128856375
0.0008260929425593154
0.00014774889211692724
0.004487824593598478
0.0008240460146325241
0.003029745519349748
0.0014963663128492702
0.0020168848661349915
0.0005528661339028866
0.0009889815368120524
0.00023778288116087755
0.0007224678645046855
0.003794662532364412
0.0032009131433358394
0.0003643830598529481
0.0018518371822512948
0.00039670273534515144
0.0011049363629755862
0.00035524405904752853
0.0018286894331260857
0.0006926382701642109
0.0006972616853413433
0.0024839572627726805
0.0035560535277970916
0.0009942030317611548
0.0007024691941157771
0.0006969613598054537
0.003318142435949188
0.003487803997204637
0.0007765185231285839
0.0007156781765622304
0.002372376610821681
0.0010434652555861733
0.0017557706718110582
0.0016666344561507393
0.0027213623774070324
0.0013021260962287362
0.00019784243997143902
0.00044164077308254766
0.002198833700676164
0.0011987514926435554
0.0009070651426671622
0.0008152699833273561
0.003324588750182851
0.005200952832863794
0.003282540974225816
0.0034279122008590867
0.0010472308400208284
0.0011371713507276875
0.0013392003315690006
0.00113001650460199
0.0025126839188230428
0.0009392518858248343
0.0018360503284711432
0.0007804596976223929
0.0002963944443428726
0.0029175268216414803
0.002264596552146945
0.0008469295554684903
0.0019218884670593756
0.001160530630729189
0.0007018794312561108
0.0012535541903584463
0.0015645808896291278
0.002128315842947569
0.001427439550826135
0.0025024547825667075
0.0007146620684709116
0.0012189674534393452
0.0016431731978808007
0.00027852752219446615
0.0003199220457838388
0.0009893684406837436
0.00016272154462159037
0.0013686519506023195
0.002151647346550352
0.0046592672256232145
0.002281498095616419
0.0018475422715307748
0.0009755181179805973
0.0028599120428309368
0.0007472460310392577
0.0009761874148485845
0.0006701278239437538
0.0005733079839718907
0.00040187174364861164
0.0029231396896357946
0.0013572275466272367
0.0021126854827884264
0.0007799250792854557
0.00028854391578036874
0.0029807152494108233
0.0009540672476511024
0.0002918670804251555
0.0022398262839532757
0.0012354248130290256
0.00025345459576500007
0.00032284464051667965
0.000584750724388549
0.0004600573568662654
0.0007933089983785179
0.0019136021545927185
0.0029783558213968345
0.0011989792719616736
0.0018415863857566934
0.00044996774150296066
0.000844377990288654
0.0023548295978440244
0.0004600065059978119
0.001360004519668185
0.0017286450621592229
0.00036267517012606695
0.0008660196078746088
0.002897788846476986
0.00032101958357776063
0.00091028594688729
0.0029515713516851307
0.0010458292158097573
0.0009845968168694984
0.0004217393051872328
0.0011170752200663715
0.0029714701527245872
0.002764576651637577
0.0001725901409349356
0.0015644067968862325
0.0009971899326581522
0.0037611784332263654
0.0007590903554888689
0.0011983430058847817
0.00047041959883235753
0.0011325349281881877
0.0006310795343608377
0.003843037447225054
0.0007468917034400461
0.001276372937822349
0.0006831789201224019
0.0005497828412402097
0.0003666663338432299
0.0007853806745615629
0.0006362012038958731
0.0008411182379361031
0.0007014188493730916
0.0007623480277465448
0.0013747645225015267
0.0011258667482223976
0.001120871377196901
0.0012464268095624912
0.0004657198594787757
0.0019998692319835388
0.001348929966626313
0.0009206099703105016
0.0011394259782466782
0.0013388245950753262
0.0002537424592987408
0.00147047430557396
0.0016528285975880826
0.0007310837387925567
0.0008939769934454587
0.0005764277195172645
0.0004705363479022024
0.0013925808964021685
0.00020853326060281432
0.0028059778707114225
0.0010761630753719615
0.0002675839884279818
0.0017629524836369542
0.0005729623645511202
0.001188422565240794
0.0016170555533681322
0.0009810742746943794
0.0005237631739085787
0.0007817490187449717
0.0014548348869487392
0.0019313540990370088
0.0004051658788627248
0.0007765543777489553
0.0009007619344193961
0.0008956898476742757
0.002092297338047825
0.0018020790969101206
0.00017712717458355653
0.00010822409451470292
0.0005438265858552184
0.001768360888978712
0.00043867198026651115
0.0002609768598670566
0.0007006696981567768
0.0012099892365523962
0.000850297239750735
0.0012236389135225488
0.000610222403210849
0.0011299000306963015
0.00043171434743268563
0.000756605336600297
0.0017995064216584646
0.002036031317244246
0.0011229139001194615
0.0002550467552294296
0.0007405429905580865
0.0015031225480655267
0.0003508560817724202
0.0021493759933525476
0.00037468425216675375
0.0002007953704883737
0.0013387835613932705
0.001197521927330389
0.00035937913007514396
0.0024267269440685834
0.0005788677273517058
0.0010067805249438385
0.000912520397091297
0.0010753801695653682
0.0013419703803515823
0.0014683262166577183
0.0004310478404791994
0.000749478077577854
0.0010539712312922322
0.0010792615809239105
0.000733382519714387
0.0004519135587245222
0.0007550660444354957
0.0008020827011104189
0.0010226982671378555
0.0021260122069341183
0.0005051085347113887
0.0018877030439434538
0.0002649778609574193
0.00036440887627059703
0.0004746268090682724
0.0003245753740111019
0.0016008628807971526
0.0007127773904137318
0.00041581333782133645
0.0005064573394790153
0.00046955704159677995
0.0014914382914152106
0.0012789492676557985
0.0017541436578451365
0.0008509634531181237
0.0004240334810709111
0.001312965439852391
0.0013550873895638183
0.0002225669563685762
0.00031797193598621904
0.0026948588120446226
0.001217257262370337
0.0010829368797507543
0.000556372530265481
0.0008350053641038791
0.0004131102111112859
0.0006848971093346686
0.00042729003524726635
0.00045979921193535777
0.00018054526049600774
0.0002618254551007903
0.00012240729696382614
0.0003223207427836244
0.0013015853403513424
0.0004997844840329544
9.352075733951788e-05
0.00046466778114032575
0.00037375439933088315
0.0002784442275693954
0.000544336873176156
0.0005867366338854304
0.0012965626343433639
0.0003863500263783824
6.205807271778551e-05
0.0012180887478728574
0.0004502602361457965
0.00012327049042931197
0.00022862119356169942
0.0007008180317015634
0.0005705249385655655
0.0012350918932623343
0.00030661498375981767
0.0006184443018332589
0.00044443639200059907
0.0016986315070456764
0.0013501564550477496
0.0017039733574325672
0.0013802137930059562
0.00037028749637024765
0.000557099146918544
0.0003289501324425437
0.000697044980108304
0.0018614147102696105
0.00021817600359287122
0.001892428864888709
0.003218116253593678
6.845812067471519e-05
0.001015979537107539
0.00025242770984804775
0.0008586117820420926
0.0005386043637367842
0.000428672920685068
0.0004647914802629311
0.00047880127111648213
0.0014420249639017454
0.0008586410309228268
0.0012320923820214851
0.0009481313163920938
0.00024013822364432518
0.0005339174097007165
0.0004526897410467915
0.00028372549065892156
0.0006452166310459868
0.00030579050747993287
0.0013870833028439692
0.00014804240932283315
0.0011956727289104652
0.0008837435960814251
0.0018881155929677074
0.0007627253693334774
0.00030424705216699604
0.000267487667123786
0.00032523454314871436
0.0003384146206768063
8.309595190550822e-05
0.0004394324929589548
0.0006235163880296827
0.00023345918051443087
0.0007604758272191151
0.001574323061343385
0.00034556325346045446
0.00047461604709268774
0.00022011098398282727
0.0012295228240966239
0.00022794870008705778
0.0005281502431974982
0.0003163204285986306
0.00029539412979657365
0.00027908195247798557
0.00021263788344280668
8.362614738037678e-05
0.0017978933114333275
0.0003573739079021857
0.002222728820927796
0.0002943503567771462
0.0005589378933544133
0.0002928762471641477
0.00039601043970976754
0.0005332080537102692
0.00012758795102083895
0.0007405527085569691
0.0003858289713353849
0.0008755338343200498
0.00021504087420186414
0.002222385096547814
0.0008310525164285125
0.0008932978156467716
0.00013252991182028176
0.0007304513283597788
0.0002446962550167732
0.00018842041351185653
0.0004139170445272694
0.00038491296878026966
0.0005792934599304749
0.0006490231600471217
0.0007784137519644547
8.254883372411901e-05
0.001241264079298628
0.0006290451026400929
0.0005285967321453751
0.000536149882830006
0.0006030458196948957
0.000275217565782098
0.0005379310451070553
0.0010723189134836143
0.0003781362244349886
0.0014027013673977315
0.0003653328152651035
0.0007439247115787399
0.0011089986718796757
0.0011277823071711235
0.0006006546225655238
0.0004560768385162728
0.001061246459335016
0.0010834052520212404
0.00016375653747566357
0.0007874565376422124
0.0002203648517448548
0.0007757182338928679
0.00035609611272175774
0.00034665987901872627
0.0007813370444522587
0.00036092536403851136
0.0014553653567086493
0.0010922862869772688
0.00013658018278538218
9.147779203957568e-05
0.00048810625473594743
0.0006259659345103763
0.0003129397094424704
0.00044657446458177803
0.0004024645613206653
0.0010484983344816296
0.0007004094740697337
0.00032181835522588877
0.00042486081506699507
0.0006886428268361818
0.001563881168523833
0.001077950047813913
0.00011144461830174142
0.0009940015119844741
0.0010352917614803692
0.000405674019426369
0.0020282617598071213
0.0009986114444635135
0.0012834779726345104
0.0003066593393541551
0.0003029852455402701
0.0002542883753562987
0.0002814970909661721
0.0004313491503656693
0.0006205180541796634
0.000829960310056556
0.0004285925359286648
0.0019880659140066527
0.0018507887326807053
0.00029267677073672635
0.0007526663372110081
0.0006610691563929028
0.0006947859897480507
0.00034168731404933154
0.0004172420287061717
0.0014513645593446348
0.0008393578441359557
0.00021248562588245607
0.001028230816142976
0.00025552575578082415
0.000559865046037609
0.0010710302552636509
0.0004989888123400477
0.00012016410606867164
0.000467037482918423
0.0006211426839843183
0.0005013223087829561
0.0008311515731061107
0.00018667587853134964
0.00039523073838370617
0.00046129971065765477
0.0001310139984842934
0.0008583528569512843
0.0004169175757669914
0.0004053143262533007
0.00018448737243037652
0.00027700209177497167
0.0005737238353858604
0.00022027888172926124
0.0005991780000342154
0.00019178853705048495
0.0003627221102916983
0.0005925557569669572
0.0003715205121361252
0.00029488419947271393
0.00038781647515523046
0.0002313127972446269
0.0003907905088494565
0.00025829115274117194
0.0014724273004466076
0.0024803172145447636
0.00025588733567785893
0.00012403849726488604
0.0004458477483913957
0.0001983535251186966
0.00020312930745441476
0.00013069922176356852
0.0005506168916018266
0.00031807975785503543
0.0008509203360600688
0.00027015893254020147
0.0016496799729236024
0.0010714425167708671
0.0007070517734762485
0.0005163424937489181
0.00020063864839536125
0.0003654235346552922
0.00043360931969801774
0.00029497088649187814
0.0017265377854301187
0.0005717997632473859
0.001209900768384282
0.00010874530101286615
0.0014906300341311811
0.00025823616203852427
0.0007993597893802318
0.000872437728609855
6.60576393678736e-05
0.0002802808665428283
0.00021422593860385983
7.305013737452383e-05
0.00064450754203609
0.00026903373644546826
0.0010310382632243555
0.0006616940959221902
0.0006298373916348366
0.0012843041450863804
0.0002428256206075227
0.00029364520601832673
0.0007836797241170073
0.0004795984560448595
0.0005255029486736394
0.00034410150908084365
0.0011486867880167602
0.0014764120876477231
0.0003621749799593944
0.0006175719902062312
0.0005742011111370303
0.0005506973413164811
0.00020950215212703954
0.0005885639542670592
0.00024812178872410986
0.000978711291384365
0.00012037234628725396
0.0005059340262032237
0.00031905456548851895
0.0007400769986741377
0.00027706698205798487
0.001094495775362118
0.0012553941211880314
0.00028805671236898755
0.0010341718954283833
8.013901633204983e-05
0.0006168208511384134
0.0002986420342928509
0.0006003157510920091
0.0006659743974192657
0.0003674060638741714
0.00021893984748534113
0.00028616568784433174
0.00019416490101602975
0.0010953176223924023
0.00037202370153557987
0.00010188197668772115
0.00022150826786674
0.00043684930843589364
0.0009887470293320217
0.0010618249162456682
0.00037210216499260467
0.0005230712306236739
0.0009379600311290958
0.0008896820417670857
0.00017090229842404083
0.00035904332330502443
0.0009965056431772638
2.5164337392777133e-05
0.0004768251013365166
0.00024026896829727537
0.0005561325456263913
0.00026602405645035
0.0001705588028933737
0.00018048598354994277
0.000285208298534789
0.0003969896976458121
0.0004935589363142101
0.0001690794404839448
0.0005314737110079604
0.00045114062346253496
0.0008378528253627031
0.00018630517771947575
0.000434799995316323
0.002494082505033608
0.0004994910708196576
0.0010654983948463561
0.0003533249073364212
0.0005296706510571351
0.00037835598901392797
0.0003063449161181312
7.241521306893205e-05
0.00012686763674468648
0.0004116348982882046
0.0003843777492272154
0.0005207173322410597
0.0007814769665322208
0.0004351633766206324
0.0009711454434217002
0.0016012169893082214
0.00024022790496324757
0.0005038061728903988
0.0007831275831570207
0.00017870986083687434
0.00042334539338074757
0.00025569282950229706
0.0001425778779018026
9.73901697701563e-05
0.00016971911245490558
0.00021846928762737997
0.0005136983713917183
0.00047068528897015616
8.735742932459264e-05
0.0008943444185055919
0.00022337167798706334
0.0004549305520542796
0.000467490587936604
0.0004436011609913176
0.0006335030172478895
0.0006220731468445192
0.0002038530339011187
0.0006504554821925558
9.996298901678244e-05
0.0013754536822574858
6.868328211389533e-05
0.0009847039480886104
0.0006088640076587423
0.00012641893052259102
0.00015450144864752064
0.0015440536762554122
0.0013370947362743237
0.0007822094626742724
0.00025627704385593387
0.0002748068541151122
0.00026750570874796594
0.0004469259814222027
0.00010400580190954702
0.0003265847940651859
0.0005616140296573869
0.00013476474647528
0.0012315174549535892
8.867516970912872e-05
0.00018910471227681595
0.0003054036969073141
0.00032277378423184954
0.0012649003404053025
0.000340242722832896
0.00042211827125683896
0.0005845676743214242
0.00019320693356365622
0.00018482408281080752
0.000832949494104722
0.0006006283875887494
8.941751776959176e-05
0.00017387317680981446
0.0006816025380893436
0.0004503042222952508
0.00020648307942966275
4.941477345430568e-05
0.0005876378286165938
6.709778951492197e-05
0.0003603754074612669
0.0007117412566600265
0.0009426024885199575
0.0006114658772340469
0.000554718414171335
0.0007062307795353151
0.00017212068358368767
0.0008266599902506161
0.0005595009094001612
0.00027325144315805525
0.0001944717251085281
0.00013787639811687545
0.00021349261189248595
0.00020465431960920826
0.00042428396086524443
0.0010561574188424306
8.661421446070447e-05
0.0014044815020672233
0.00014835913001381572
0.0007426757532192636
0.00027995525480122496
0.000680071391914391
0.00043826879234683567
0.0002108666560362684
0.0014030363838820204
0.00033282241166994936
0.00021252746120238727
0.00039711457922155717
0.00016046955355521452
0.00013277798507122787
0.0005374016737446451
0.0005849897241576781
0.000993976648425659
0.0009907366177854663
0.0001769625320641965
0.0013711146340579833
0.00014742611588852508
0.00012912628901220024
0.00020023454502915566
0.0002635336135735502
0.00041735633388526744
0.0010705982845976055
0.00010395970399536981
0.0002508142902733926
0.00017597546849171594
0.0003080845509244374
0.000792422305634503
0.00014097524892676432
0.0007458617090725519
0.00018906208887546158
5.972999259104719e-05
0.0010184700636198525
0.0010042241771657265
0.00016748326913811558
0.000123425542440862
0.00011394787473854165
0.0006933685886104361
0.00023856583538602047
0.0003152866552611363
0.00018623686574411843
0.0005918004663207827
0.0008316326225027941
0.00040540853896628675
0.00031010248506261153
8.194250925985256e-05
0.000378766264895964
0.00047839836704201624
9.657747140761294e-05
7.919317665996648e-05
9.222831768043976e-05
0.000864234664565047
0.0003272787521247751
0.0005451684830769782
0.0007726952533776961
0.0005988629604876812
0.0007675513704840025
0.00018939774817825451
0.00043151170148774087
0.00016837419543984782
0.00028279199133032166
0.00039679718870545177
0.0006743346369743777
0.0009021905285706714
0.00022739411896099078
5.762471445650515e-05
0.000459147413919334
0.0005508576957285412
0.0005715180937381491
0.0003769865914044407
0.00013719345076368853
0.0003301180841392726
0.00033627945295374145
0.0006038619955840508
0.0012874778127298378
0.0006593560327208584
0.0006171868812574718
0.00021737091110357677
7.230618323886548e-05
0.0003130769556461141
0.00030445207075393887
0.0008952144796131531
0.00036761938148364526
0.0009497566142718611
0.00034222850394151144
9.163344308159215e-05
0.0001643583856710931
0.00015417844965589464
0.0005527188159901435
0.00011156166821269706
0.0012615171653779448
2.8464334213378073e-05
0.0004500744027708546
0.00012771336118944072
0.0001117520870048925
9.447979427523867e-05
0.0002926277910672906
0.0001875184193006722
0.000229593345903849
6.307053929298392e-05
0.0007869541867304134
0.0005478028269833865
0.0004378616720501806
0.0007273617265408597
0.00011188056366279171
0.00014056720881028438
8.286273832909668e-05
0.0005135987763893961
0.0003256785657682351
0.0002683084490832794
0.00023036008150588612
4.098672234627592e-05
0.0005072965528693634
0.00034040959733921077
0.000640112164381266
5.8325704312073223e-05
0.00013240285097608148
0.00023695358298987505
0.00012003981148928815
0.0002163999966102357
0.00015190457935604663
0.00010114055226673355
0.00020514282688341437
0.0001648796477318739
0.00024258701068191697
0.00029550363269558285
0.0007743490296347528
0.0004803230105715897
0.00041991377608674007
0.0003409729240509138
0.00031726737121008327
0.00017543829968257832
0.0006227286294500235
9.148620895439956e-05
0.0002994243452381064
0.0002175308222905943
0.0004653930920892129
0.0002599405394029887
7.775008569602546e-05
0.00028454261718809175
0.00018539908472103975
0.00042146881030424263
0.0003580417937976535
0.0003391835666137431
9.453619233203393e-05
0.00025024407115674467
0.0004883395495640185
7.965332036336704e-05
0.0010176518413462987
0.00011444138328372877
0.00011397380845884337
0.00019786000591987216
0.0002876955075329836
9.738765193636625e-05
0.00012087384762082105
0.0003165299735579827
0.0006685602320204614
0.000144577532768775
6.521923139526405e-05
0.00010616649975221087
0.0003718154328168084
0.0001116699354686503
0.000263567108550871
0.0001851902592595565
0.00022826967660333393
0.00011918419945536155
0.0001965113994636305
0.00022187822278878547
0.000162385345234724
0.00031198373358445875
0.0001950673065929632
0.0006773378144496792
0.00020017129405452071
3.745653104628666e-05
0.0005460777473626126
0.000259387503027712
0.00040254667966606463
0.000147472476868398
0.00017252716752351607
0.0007940758257196383
0.00035387264204757307
0.0002598978101396737
0.00013200927106646597
0.000643903375331615
0.0006587337473575173
0.0004692194443769424
0.0008059583638990004
4.523816352728656e-05
0.00016150212603846016
0.00021169062375668771
0.0006339294363290527
0.00018358402964429365
0.0003998838418900819
0.000445814529892251
9.845936202433748e-05
0.0001368301517384712
0.00023248481743248675
6.10680754512945e-05
6.360387631746732e-05
0.0004738073206995787
8.014789711313823e-05
0.0005922594114313872
0.0002711921429118344
0.0007221069042441311
0.000333484452290191
0.0007382186565481378
0.00023355094822827683
0.000312164790061118
0.00018832826033394223
2.6152740896204183e-05
0.00039983103232385395
0.0007890730821471829
0.0001865589498481509
0.0004508680340160112
0.00014205556338968452
0.0005638875170480114
0.0009076227464460226
0.000441379016953539
0.00023702273397859842
0.0007020431008913777
0.001117951021683432
0.0002984605608942896
7.107386293519555e-05
0.0001479895778819749
0.0004297162625635599
0.00018390336729074086
0.0012526191253996242
0.0002063029413833676
0.0002085770923049933
0.00023200158394219876
0.00024117859114757223
0.0010308313204819475
4.516133248068288e-05
0.0003358248822035867
4.485329431455003e-05
9.025065250926843e-05
0.00040815276397637105
0.00017729410224372901
0.0004501285719941193
0.00032345210170461744
0.0002081695956373944
0.0003219898853287287
0.00021086489969337642
0.0001292781876037962
0.00034511031291461645
0.00011190865894992078
0.000370228014909178
0.0003116173539759284
0.0007111759612534207
0.00015660370281227456
0.0007058455904354721
0.00014363206140329546
0.00013040668890479265
0.0001593106744588141
0.0002447702567075719
0.00029911214358519146
0.0006575009535950457
0.00022432692500016824
0.0004126464602039019
0.00011835868432093279
5.827421229236913e-05
0.00017169845736771892
5.94672468928065e-05
0.0003059758115124192
0.00019659074194169503
0.00021666226312502384
0.0001563783942056658
0.00013662880356763083
0.00032216960415756835
0.00011737864837849087
4.213779668172479e-05
0.0003296406192386839
0.00013224051452875987
0.0001506790841917437
9.290170096199798e-05
0.00021172920854988316
0.0004681800347511269
0.00010634815133187687
0.0003882843514355329
0.000256964634184539
5.3992476830182266e-05
0.00016632879244829577
0.00021129444157681526
0.0002449678697260606
4.505494079628602e-05
0.000792695158733872
0.0006071536927136164
0.00018882993433614993
0.0001533385644230094
0.0007422822410660649
0.0002534043984492396
0.0007417788545260932
8.139665733931295e-05
0.00022708152757294913
0.0006672216238982522
0.0001699316564135948
0.00018618984727016314
0.0005530996355117878
0.0019744934399695937
0.00034245465067261844
0.0005960090696905693
9.035593782061569e-05
0.0007750150134954827
0.00011423596620824119
0.00014952663937073193
0.0004957329636574216
0.00019241046071209286
0.00030428118134094426
8.606868517034772e-05
0.00014845823814676172
0.00021161500932768556
0.0005230636311418685
6.099828646302924e-05
0.0004661930357970333
0.00022469013070296935
0.00018366051892825872
0.00015285425072941708
0.00015317680616493582
0.0007665184014938396
0.000311810906318997
0.000411801639945241
0.000550513332847736
0.00035706139682981715
0.00023852672813263014
0.00010845455830536273
0.0004275981358157772
0.0005150668512092037
0.0009447377338395947
0.0005358838430820132
0.0003469599375248208
6.995798406953356e-05
0.00023852243950909138
0.0007041399353805947
0.00016710974949281333
0.00019104426975338065
0.00024358926157127655
9.569859964855712e-05
0.0005962752883604468
0.00010496336167900735
0.00020602671792307534
0.0003813687104995577
0.000356552754996095
0.0005150859085435187
9.189040235342873e-05
0.0001628284467120376
0.0016901031295483307
0.00010069288388861656
0.00025980197299945687
9.50938914171601e-05
0.00019043964484736632
0.0002934872084478971
0.00022160621575516385
7.158466963022268e-05
8.935351309943736e-05
0.0003192460874229697
0.0003380914408840515
0.0001851011176225242
0.0006354625055102353
7.772721153159833e-05
9.606257970723509e-05
0.000253271464589769
0.0003042110944244977
0.0006536722385362749
0.0003605143946425081
0.00022997771967600287
5.4725697286167515e-05
0.00016636786572434982
0.0002763997296340033
8.522258258491472e-05
0.0001155186850833478
0.0003217648327188348
0.0006347311073623186
0.0005117924729098162
0.0005401134201434496
0.00039438432818978395
0.00022407522920872777
0.00040511082408524257
0.00019318848701295875
0.00015284950340564102
7.35590368810196e-05
0.000697766388528995
0.0003829102700552532
7.492460608126555e-05
0.0006196349220523474
0.00024402921113247098
0.0001581375239868857
0.0008155967392613701
0.00014009923546788144
4.7126332593065375e-05
8.513861209468738e-05
0.00023149485647603238
6.480976004221868e-05
0.0003945659763593795
0.00020102451727556795
3.160808846936092e-05
0.00041396257820563965
0.0009603473182401579
0.00010716890929070434
8.805115960491975e-05
0.0005816862575831872
0.00022096682793569167
0.0002956437104588247
0.00047407576173124044
0.0006797644049239463
0.00028027873279515145
0.00022254684605398816
0.0001573408507916124
0.0009708252660771642
0.0005065596170800047
0.0003111430569567393
0.00013496390420494032
0.0005594897696271713
0.00031639707100475535
0.0007924202731133335
7.179006849206678e-05
0.00020650051458563645
0.00025818985911602114
0.0005056505667304084
0.00036362255145183057
0.00045393018785885316
0.0010179847069053637
0.00017578091681606905
0.00024203978085206356
0.0005824506838475003
0.0004253798878446071
0.0004478860970573031
0.0001947416233951173
0.00012583003239921464
0.00015997526532759317
0.00013283277246343232
0.0001453623590999037
0.000262230318486037
0.00012771096010490883
9.817866533004462e-05
0.00019064420923223515
0.0007533969856545879
7.671093346464125e-05
0.00042918904528021357
0.00020902020640072323
0.00016390545402905236
0.0005313012675464996
0.00010589705206663657
0.00017276326430452687
0.0003734679179446994
0.000261510456783633
0.00027738085301186094
0.00011367720533116258
0.0003035778059070931
0.00010218394706401741
0.00016859748493198453
0.00013852605814519778
0.0006589667667970464
0.0003552619395929241
0.0003817408343945216
0.0003339264144238865
0.00017634911709636948
0.001086975903681198
0.00043103749314153065
0.00030652980854526383
0.0002094867614454471
0.00025827035320537614
4.587250861894093e-05
0.00013201944178125195
0.00048373677969418136
0.0005459367794109872
0.00025027551290001884
0.0003588161032411322
0.0005926426176153208
0.00028693304855385984
0.0005197867283226352
0.00013999583859607655
0.0005563197319675545
0.00013441578227405912
0.00038347874664701985
0.00014038489230550871
0.00024665304439012693
0.001289843093217298
0.0005318129821607456
8.414964343455502e-05
9.654958745634153e-05
0.0002093421839415117
0.0003792468949600754
0.0006624303206492842
0.00019333110516600238
7.83919648901151e-05
0.00021086951500890632
0.0002054427556206574
0.00019859056318302849
0.0006543152644063471
0.00012822903998267393
5.8440299171041926e-05
0.00010702499847153075
0.0005330950050289242
0.00012327650344049376
0.0004786108769344395
0.00019422751659682009
0.0003317988313234763
0.0007201997407917419
0.00041085724109661494
0.0004677236469336938
0.0006249181022546544
0.00024188050431122116
0.0006135908808426446
0.00029479853777411927
0.00014859656181291905
0.0001706516065547744
0.0005495314007136336
9.6352424328323e-05
7.668265239418777e-05
8.407330284180829e-05
0.0002825195976543595
0.0001141957107967994
0.0003594985486169773
0.000422369565690452
0.0001780171336663116
0.00019675080410036953
0.00016039701654425162
0.000277278044281284
0.0002690228822396471
4.0917964115402816e-05
0.0003949043673969278
0.00020213574226971722
0.0003484532771784086
0.00041116312780147506
0.00018916461433649497
0.0002658226439910615
8.229701180751619e-05
4.109335557753186e-05
0.0002735392738996624
0.00035169776571051213
0.00012202709440933219
0.00014205710920291793
0.00017579511769222589
0.00047393396099509546
0.0003858948724515951
0.00023720561189473948
0.0006116210724438194
9.54204460865628e-05
0.000381187734767123
0.0004254015125661054
4.767176897758493e-05
0.0009329978703047315
0.00021307898943669562
0.0004217611912067206
0.00047545219192479644
0.00012942309956335583
0.00018072847088097165
0.00020297197952127565
0.0002679131682878151
0.00047370774787869866
0.0001286607117479716
0.0002169717709872709
4.731287020609659e-05
0.0003033443563979284
0.00030258473225278727
9.576073186617803e-05
6.0691329146488994e-05
0.00014067739003240578
0.0002020668547786576
0.00017110856033573704
0.00020024115651267718
0.0002026965390183736
4.722241688290277e-05
7.881010504979258e-05
0.0008353326499248549
0.00010663931621269247
0.0003083786422732745
9.832522776680767e-05
0.00017763860073532293
0.00033569720275039377
4.653567699103143e-05
0.00020405472225364522
0.0004818882841802405
0.00015434209606168714
0.00022113126715038215
0.0001620670231473529
0.0002792146813108734
0.0004291994378857091
0.00019860027646601108
0.0001228935252095702
0.000404931353568418
0.0001293166928467171
0.00017838081856347033
0.0002808007651116342
0.0005134127953982792
0.00013623486402291132
0.00013507163797981157
0.00042242856872091447
0.0003455448380439286
0.0005390269159917168
0.00014878016565148195
8.094748494201766e-05
9.661840054351458e-05
0.00012638012930197616
0.0003110748719651777
0.00023824914705354637
8.969858298203393e-05
0.0005522810850390588
0.0001697422778878089
0.00010970975476530767
0.0001375087681615122
0.0003767345878431185
0.0007065700288848265
0.00021696834528647178
0.0006654943909666888
0.000722174708605629
0.00020177357370046437
0.0003296678134985513
0.00015391794970078722
0.0003284112469852132
0.0002538860256751296
0.00027611269951951167
0.00023015298889373102
0.00017664228823620863
0.00021137611827022848
0.00010542331535012981
0.0003142507187255199
8.142189060228641e-05
0.0004498666508550553
0.00030539034565465225
0.0003257276781811307
7.380249624312439e-05
0.00011562599642493934
0.0005549232619221997
0.0002260677650863161
4.751193496877749e-05
6.515703098886654e-05
0.00031292701369135405
0.0002857483260590003
8.568437981129372e-05
0.0003197503829771564
0.0001531349741720144
0.00013044188851311223
0.0004752627023567641
0.0003072818742882912
0.00020663670621597072
0.0002052293720884315
0.00016371648041013773
0.0005432138476826148
0.0001420808025928963
0.00020257924993945855
0.00016821359644021472
0.0005349132786731716
0.00011193038782659683
0.0004118401989719316
0.00015647965996747073
0.00013491651484432728
0.0004345120161373508
0.00045201246565745103
0.00018836415238290754
0.00040809773957097505
0.00019911388273347847
0.0002383107206968363
0.000648862732699484
0.00013157752469921086
0.0003319154384306801
0.00010929125851581624
0.00015110830636268338
0.00018219533768285722
0.00022878054365302016
0.0001602819219603268
0.0005322352849429604
6.524609264669166e-05
0.000231217998462323
0.00010867105333741844
9.668549314875767e-05
7.888356769551181e-05
0.0002274282437407374
8.217506334468524e-05
0.0004257882581370948
0.00016493939773805022
0.000426311372364848
0.0001357162678082064
8.287683190587638e-05
0.00040889386601894006
9.153479900367805e-05
3.6918813697470475e-05
0.0002536418170027205
0.0002755538743208435
0.00022871283392867652
0.00022056832580471346
4.0121677512607036e-05
0.0008463383417201531
0.00014987939056518786
0.0004356770509080182
0.00018422423420762528
4.1683348350597304e-05
0.0002132528356022049
0.00020247246536522076
0.00022688484448028822
6.247233079705002e-05
8.195362957311548e-05
0.00019867827185324113
0.00010246055251512579
0.00039582791320875874
0.0001354131641798864
5.925927735373782e-05
0.00017435623621243172
5.909942969028193e-05
6.962677667542448e-05
0.00024879617070378007
7.670004071482831e-05
6.498997917298993e-05
0.0002364056471179198
0.0002453985691929967
0.00029918858212715625
0.00044462642089279874
0.0004587663203832777
0.00023795720158250385
0.0001858555663552496
0.0011842425638998871
0.0004525873251652781
0.00013119310131240122
0.0003502625563790256
0.0001517698194641142
0.00037387022619722355
0.00026106711622570785
0.00011293845021675165
0.00020690993339034754
0.00018582040213029302
5.381117287857387e-05
0.00011515151890161753
0.0004274100614048969
6.12268726168221e-05
0.00015829040829174826
0.00014571388990966414
0.0002160735131680117
0.00019530382932496276
0.00032487707180390755
0.000546864813440697
6.0109463280460384e-05
0.00044397776980601637
0.00017564608150640447
0.00012010305686246947
5.684171952518561e-05
4.3346772920323937e-05
0.00012756825731320524
0.00022720455629610686
0.0003769013382417052
0.0005274189089846191
4.5963675752610824e-05
0.0003592651598983434
0.0001541523053827572
0.0006485914951608853
0.00014047625461930326
0.00031535177606566346
4.597792318049246e-05
0.00012130210665778011
0.000896014958235684
0.00033189141221940657
0.00019392964283311833
0.00020253357554577897
6.436310256354526e-05
0.00017112921880545008
7.092019652391717e-05
5.098518069878672e-05
0.0005154575461482909
0.00046135808556055103
4.780092229156716e-05
0.00016279855852711296
0.00012039245256552955
0.00025184929911757967
0.0003664039894212792
0.00014008496330817055
0.00027749608771038145
8.555290802294028e-05
6.611534676728734e-05
7.107065487394261e-05
3.5862986522607565e-05
0.0004597971136370023
0.00030816163331719816
0.0003691175904277616
0.0001416101612726435
0.0005689230698958321
0.00010438248529724678
0.0010363965472014501
0.000493436484311934
0.00027990742551582443
0.00024848398362252346
0.00030203941181250764
8.234233257310591e-05
0.00014698743443209683
0.0003695661354862984
9.836980743438413e-05
0.00015358362823799632
0.00018508689803258837
0.00018088945324788727
0.00010916887073786805
0.00046422630746867724
0.00010556679733890363
7.16709632831693e-05
0.00031240576000858913
0.00017237673306624659
7.763476191356874e-05
0.0001739964233130699
3.934298895002488e-05
0.00015421746160777862
7.332794839286486e-05
0.0001985258067642995
3.346292462656351e-05
0.00010439134025438222
0.0003719315262705933
7.985187440758886e-05
0.00026390752633242124
0.0004984403373142283
0.0002914303005607183
0.00041059705744153695
0.0003464753036541951
0.00016379143026799473
8.41302072006762e-05
8.071638214806005e-05
0.00032978655670809547
4.7916704465390685e-05
5.160887895172705e-05
3.572633878219186e-05
5.2575837986332144e-05
7.927584328775496e-05
0.0002589622497376722
4.608593586134912e-05
0.00010928492576326862
0.0001839723561397788
0.000383183891753823
7.757850567653058e-05
0.0007727563188505273
0.00024687219965087307
0.0002751584756345554
0.00034454416297207557
0.0004621565155227187
0.00010832054820497356
0.0001534616848405614
0.00012458166110069875
4.836313931523438e-05
7.128579608652433e-05
4.0307687023392026e-05
0.0004131069386435999
0.0006198434089109502
0.00017240488332511837
0.00034116508667193644
0.00011667224990735914
0.00010612660938005009
0.000135605352893926
3.0793329277192076e-05
0.00011817533332707197
4.064683516608499e-05
6.58249716655457e-05
0.00023566162136483398
0.00019383831612886825
0.0003122592525969295
4.338556215445117e-05
5.737426525498899e-05
0.00010302732001763105
3.590803227030251e-05
0.0001669482789669094
0.00023265963240110438
0.0001617933910566535
2.6997560211159287e-05
5.004900457202959e-05
5.4812855236301235e-05
2.2016623797049294e-05
4.337566531203388e-05
0.00010606766638209786
3.778841042293626e-05
0.0001582584775431621
0.0001679884973170033
0.00011597456442777595
0.0001678242479755995
0.00034278579176245743
0.0007076176329548141
0.00021805442566029555
0.00023261262471146934
7.616039108242612e-05
0.00036078552883919826
6.762017278302784e-05
0.00013890963571450962
0.00038787970889557456
0.00018826407471079454
5.551068184943646e-05
7.686413131247145e-05
0.00042100427800902964
8.464694879459892e-05
6.311169252868202e-05
0.0001885077953820949
0.00014388013860627846
0.00022511501533488545
7.795041643334337e-05
0.0002864829038571295
0.0002458896115550125
0.00015871792765722928
0.0005919212029376928
0.00020469938504874807
0.0006478222610063355
0.00014983559013394273
0.00016860167659966396
5.484707648219357e-05
0.00012203909187501708
0.0001778652025595834
8.678875930029999e-05
0.00045394002257177215
0.00016347772879332558
4.189377846594551e-05
0.0003268072535715353
0.0005825901627436467
0.0002626652422524711
0.0003915708270303737
0.0004429883254950647
4.849943761953158e-05
0.0001464145831040567
0.00022136224089056608
0.00012254865946145665
0.00011096012943702508
5.2011770868659616e-05
0.00020908612156714595
0.0002123478161450861
0.00012270495649848608
0.00022934899869061137
0.00011567637207677013
7.709282132966646e-05
5.1900578204999214e-05
2.4047582036733495e-05
0.00011050979008680541
0.0007221487112546997
0.00016154550016079033
0.0005274096991983779
0.0006302774338277975
0.00019376549018094286
0.00020384223400331432
5.2869387445838736e-05
2.175564654781707e-05
7.094076741622389e-05
0.0002581948907550256
8.304490238277522e-05
4.3464181481113756e-05
9.61146667559163e-05
0.0002431872479334641
3.694842265900845e-05
0.0003267812086840797
7.89557947689777e-05
8.136150082977753e-05
0.00025021985008861954
6.902293607743797e-05
7.04181202328143e-05
4.383053418177633e-05
0.00020362306648531145
4.61310706788803e-05
0.001479496003067549
0.00023051587334445254
0.00012232254491492038
0.00010813675045798908
0.00030046767562099096
0.00024454165961349585
0.00013616107860168022
0.0004403280217438474
8.706465081430039e-05
0.00020485900245120772
0.00022351546389197632
6.546500213876747e-05
4.817954705626002e-05
4.894203685407964e-05
0.00019214625355988901
0.00021166409299179043
0.00013490308013457255
4.414335858454865e-05
7.1408511599522e-05
0.00028968691628560207
4.7373876344712226e-05
0.00012433131053385954
0.0008479131410930156
5.809362214098614e-05
0.00041421079540462317
9.889558724406256e-05
3.381970525000268e-05
3.093392508264373e-05
0.00011971180824205744
5.719571758191592e-05
3.240402978816272e-05
0.00022229465220858632
0.00011781973182719568
0.000130172373060312
0.00022161045814493935
8.96157697624319e-05
0.00034335571110597255
0.0003194298858260513
6.230078773741806e-05
6.546349146836144e-05
0.00012183377409749525
0.00021888226368211834
6.675581289675943e-05
0.00010580596178789388
0.0005524486903481842
6.450912262676873e-05
4.9721178467065894e-05
3.627769552440427e-05
0.00021892791732641218
8.387246869639382e-05
0.000338280332034113
0.00016839568178904054
0.00011221458595907184
0.0003652499742036684
0.00021962165565389658
0.00032244633025486306
0.0002864959611762812
0.00019128180559823603
0.00013058709779941038
0.00017476650751214128
0.00011499968387695995
7.426986094428261e-05
3.854837854931862e-05
0.00015880979604709195
0.0002243516149442038
4.1191273028033666e-05
7.486025266540907e-05
0.0003675537684605746
0.0006058976141825547
0.0001611453933927248
0.00012370573264385517
0.0003645379630834635
0.0002850734072531875
0.00029494926201368654
0.00017349267825333717
7.51047506431783e-05
0.00013520957563110833
0.00024952694642193114
4.8427297149925206e-05
0.00021074894974702603
6.490782516054289e-05
0.0001074291939294412
0.00011270396963935586
0.0003353283827609115
9.248803523698064e-05
5.5723000752511e-05
0.00015853130025178562
7.630083416435716e-05
0.00017508598302655085
0.00012273948228933793
0.00023242500436572398
9.120872747513871e-05
0.00018368174199208834
0.00013119336283523355
0.0002595524048451455
0.00027676525421041964
8.222988975283002e-05
0.00010596250089000513
0.00023063627737704445
7.49825122767368e-05
0.0003015965243146692
4.7461937286230805e-05
3.221372889803416e-05
0.00024249667726023344
0.00013824699333029973
0.0001193161968321755
9.376855164998703e-05
0.00023915091923852212
0.00019880541430037805
5.1883395820206673e-05
0.00025415609572425557
9.945239618298755e-05
0.00018646028788226675
5.097960391842023e-05
7.958131895056435e-05
0.0001194132105268626
8.671665804267543e-05
0.00025500108255666206
0.000222624933061082
0.00016434135312813782
0.00038829676400848245
9.276711876557294e-05
6.212933630085099e-05
6.619772846123371e-05
9.384747400307848e-05
0.00025594259688860977
0.0001129603983767185
8.553133106791365e-05
4.685217814018373e-05
6.352765201228035e-05
0.00011916246002253751
0.000646869392953045
6.985750927606626e-05
4.3445653734688035e-05
0.0002622750860811283
3.0367590320019815e-05
5.061714496206261e-05
0.0003393822933520274
5.1358265031462026e-05
0.00010915309309334457
6.936846461886171e-05
5.643166239633833e-05
0.0001297610575682666
0.00024269268403422195
0.0003189102041496265
0.0001575241806428036
3.5197423111117955e-05
9.341080620546337e-05
6.391185968507507e-05
4.4852213195557396e-05
0.0001411477960286954
2.574619991802242e-05
0.0001931399324497305
3.160870811886949e-05
0.00024567255163110657
5.8497646741067316e-05
0.0003416630977049716
0.00019594509700085236
0.00014886344867223186
0.00010921638328504767
6.76655690401582e-05
0.00025284609468365153
0.00011451668332611737
0.0002718785793964513
0.00017534861045570785
0.0001201266573191404
5.747438244148669e-05
7.23731949648827e-05
0.00019026486985912263
0.0004690972307324704
8.284367094495857e-05
4.3063501399045686e-05
0.00012105330350349723
6.860649087515866e-05
0.00033390764676907795
0.00025510211431346895
0.000243218005372065
0.00029101747995425366
6.794247696740686e-05
6.178283413416473e-05
0.00023473138319425062
0.0005138282754655265
0.00012890226177766876
0.0004398785295325639
5.983919242528279e-05
0.0001099145034630646
0.0002181604849427863
0.00031439448436722175
3.588803335020362e-05
0.0001396991895700663
0.00023088678630069602
7.286219288200428e-05
4.701701775676164e-05
0.00012558147014643523
0.0002726336202904231
0.00014790631655524282
6.527191900829028e-05
9.751094191516443e-05
0.00015726543100272322
0.0001544236076290891
3.4385911328203924e-05
0.0001303629457003585
0.00018989260055968853
0.0001001785041998159
0.0001983449466831621
8.986691894289932e-05
0.0004504395848813165
0.00010262501440007964
8.896554488998133e-05
0.0002178897249121279
9.278649849338577e-05
2.739683275814943e-05
0.00016478133700688076
0.00014909268798639415
0.00023763002628315977
0.00027409710495740117
8.546598716573193e-05
9.791644671512143e-05
0.00012115954431929792
4.3651617336788696e-05
5.399632571564755e-05
0.00012864965148056293
5.847018090910745e-05
0.00021822527987692598
0.00023079896865125165
0.0001317989695160175
0.00010875702383272009
7.36715298676048e-05
0.00028664083804457455
7.04947291903693e-05
4.771070832261097e-05
0.0002475131047031844
9.457762481902867e-05
0.000414810575290562
0.00019235163155868987
0.00020303802161221782
9.955076505900818e-05
0.0001398599441491787
0.0002622590834913619
2.7725075120638605e-05
0.00011628443332120552
8.43814713849819e-05
0.0003686977891633312
8.514716631416047e-05
8.295055153994408e-05
0.0002915247320986522
3.3120187692280475e-05
0.00022458505754939468
9.249121138402101e-05
0.00021780634328647194
0.00045981480722070067
3.427868781216945e-05
0.0004086722739591056
0.0002762785904652282
0.00037904485770691757
0.00011923255338635294
9.006697510009168e-05
0.00012745227408271725
0.0002883850241429558
0.000143059822906879
5.754710858323556e-05
0.000621683873133665
0.0001311572003514793
4.338980447408278e-05
7.297253059929099e-05
0.00012589059821982099
0.00011741193341251866
9.65012389319264e-05
8.60855062235922e-05
0.00031355162148179525
0.00019161632772570508
0.00012874056287519854
5.356654074629455e-05
6.053214854030646e-05
0.00018393975001544888
7.592061410464462e-05
0.0001487036683573358
0.0004571087845154835
0.00011079658812904217
0.0003192887698459325
8.529162736944316e-05
0.00011679417677719884
0.000935441264260884
9.485118282622693e-05
4.896283369940996e-05
5.5204873803557006e-05
0.00048705130818242273
9.448279393887338e-05
5.7962967528945706e-05
0.00012433252552128608
0.00016388337261976708
6.50341824175789e-05
4.3419562880709286e-05
0.00010835156088574247
0.00028528921419386353
0.0001913517607080908
0.0003761842950728513
6.406155552937251e-05
0.00013017641614694787
5.987872572883152e-05
8.887184475493749e-05
0.00013676285448659963
0.00015072893631757524
0.00010856651685896416
5.470978831795165e-05
0.00019806589971729137
4.6388186568156456e-05
0.00011359461934969407
9.873358433317883e-05
0.00012584631916869079
7.373996925433407e-05
5.44588530160047e-05
0.00010530229111519864
9.37116781744913e-05
3.701107542848799e-05
0.000109471062042135
0.0001084813200296406
0.00027709612717176433
0.00013987038479261192
0.00010153683056219264
0.00017787876752774304
0.00017841228463451198
0.00013407708167452426
5.209499055755604e-05
0.00030950438776659655
5.502591649507574e-05
5.305530543893225e-05
0.00020416903233610968
0.00023276233463101167
0.00012774915232768405
8.136676271531866e-05
0.0005034213774977129
0.00011916333744076359
6.0191730231670034e-05
0.00021988407370184551
0.0004149520359893999
9.748920169422548e-05
3.179149445028082e-05
0.00016900911759295826
0.00034427843293382144
0.000141463701131238
0.00014678474496217133
3.1726436172073287e-05
0.0002187804825134841
0.0001775457077998746
6.953386156289648e-05
0.00012776651347595316
5.1945074665645674e-05
0.00012783427480360683
9.042880832084919e-05
9.368834638453792e-05
0.00013618784707835707
0.00012432200423858586
0.00013554138278722017
6.255936173451662e-05
0.00010438082329045247
8.241951853374147e-05
5.726880841371431e-05
7.099531446146306e-05
5.810299631386501e-05
8.41787051840118e-05
0.00018166319509514272
9.329764609840921e-05
0.00014094368397719453
0.00015155510893809484
0.0002607454604077177
6.317732832109229e-05
7.168566904771502e-05
8.579237391553232e-05
0.0003048710743435376
0.00013685761093202618
0.0002861619648452165
5.66669340289316e-05
0.00014524533342413255
8.62527281155495e-05
7.415895075524799e-05
0.00024912906068218986
4.122836686521043e-05
0.0001460041487610633
0.0001819461090346303
8.381008533302012e-05
5.7685104190272736e-05
7.430347746207393e-05
0.00024287572387302793
0.00017352692448796317
0.0002517036850736372
7.804871133383791e-05
9.261065511678199e-05
4.600161572107167e-05
4.881032634854457e-05
6.462103370142845e-05
3.307039932799928e-05
9.338272396415438e-05
8.519961842823006e-05
0.00012875898020369992
0.00010478163471662271
5.266434393146142e-05
7.795065099620478e-05
8.224380954089767e-05
0.00016084801614100913
0.00018700894490978763
0.00035050791876174703
0.0002890940111958614
4.439908416158504e-05
0.00018133718813652353
0.00010376232734177618
0.000318065323898025
0.00027684271919628663
4.6380582343575413e-05
0.00011965718227865687
0.00011589584110558372
5.43818585206993e-05
5.2400023140232765e-05
0.0001327533953135544
0.00016772213238534385
6.606046238992632e-05
5.746274259966599e-05
0.0005133045949038596
0.00011035199122578372
8.445489820266229e-05
0.0001424493661616991
9.721480506215454e-05
0.00011335293556648636
0.00011457892922797766
4.159895923698575e-05
0.00028492029558985476
8.731250758071573e-05
7.141630857771863e-05
0.0002394531415070403
8.865116664643843e-05
8.152570558301719e-05
0.00039269138585139735
5.195400891163832e-05
9.909680402625228e-05
7.37645091607569e-05
6.971986908018517e-05
0.00022075061759599163
0.0002716623928570878
6.24864242253556e-05
7.540630550363165e-05
7.872160178485293e-05
9.872513219170863e-05
0.0001572323107557898
0.0002470023740674487
5.867847746220807e-05
4.542737495071161e-05
0.0001382432981464604
4.043529822554144e-05
0.0003769462451258292
3.7594873706786945e-05
6.834424510283821e-05
9.530038301085734e-05
7.665659034932508e-05
0.00010722062069111109
0.00019471354475373117
0.00010575705057935404
5.445496627471773e-05
4.418654544907601e-05
0.00021480040958274897
0.00020785518980477572
0.00011716183235476606
6.382070190868806e-05
0.00021766502349080812
0.00028982336418070684
0.00013304496291112385
0.00020802325122805672
0.00020025018359746215
0.000240323446828134
0.00014434632017136173
0.00044787621934013725
0.00012322886231986254
3.643426275404802e-05
5.0161552332306224e-05
0.00023182191099428085
3.4820542000831595e-05
0.00047167308320896823
0.0001523650322832418
0.00012111332425861765
0.0004281782236177378
0.00017780508160865474
5.1054039552860617e-05
0.00010829139743294105
0.0001689519404971254
0.00017970760035512228
9.832671577182856e-05
8.058601314899076e-05
0.00048339249112571407
6.523886492502769e-05
3.83814159307257e-05
4.657622049055689e-05
0.0001718867354788753
0.000157199859280686
4.734139453033227e-05
6.937462059747439e-05
3.5493267132032735e-05
0.00022741867395766616
0.00011846022899026393
8.779626682114402e-05
5.714964312592129e-05
2.29187242323194e-05
5.8080026633578955e-05
0.00018517362808357886
0.00026786593475689076
0.00014205782437528387
3.697276241456122e-05
0.0002249594283499814
0.0005099316414106484
0.00010028024925927145
0.00012093172061390069
0.00017329312568946058
5.632368892240348e-05
0.0001127821270410714
0.0007046029708835301
0.00030748377313397676
6.707460333223426e-05
0.00023843432671544153
0.00030043005097006234
0.0002503216275375259
0.00010579332631592764
0.00010599748818226151
0.00020848847381481266
6.434576883372109e-05
6.0290329585100524e-05
0.00021393330487703364
4.109724023687323e-05
0.0002511245283230895
0.0004104306059892159
8.086020721171293e-05
0.0001495553342497181
9.140622608393183e-05
7.436080154698189e-05
0.00025578829894616303
7.018577754661257e-05
9.045803403164527e-05
7.241688693603711e-05
0.0003797318617089592
7.214424161214944e-05
0.00029334158564392503
7.057619587603704e-05
7.88946492721599e-05
5.35660976545049e-05
0.0002909546421154132
2.028447466044022e-05
0.00032804420063315873
5.278541573684542e-05
9.87186953503747e-05
7.679103810409494e-05
5.058807893051392e-05
0.0001325662188353649
0.0001285857109049618
3.517404506163026e-05
7.28915594154061e-05
0.00019294119443453284
3.994876406980732e-05
0.00015658042627720266
0.00010535922793536965
0.00021422210912650324
0.0001808020751774921
0.00028738370196138463
6.911632733002828e-05
4.138103163393308e-05
0.00012144159138901616
0.000120186341034151
0.0001426097831511378
0.00016158146374045792
0.00019935383303191332
7.993256536182854e-05
4.4374499627579684e-05
0.00014404580341234027
5.689569598386829e-05
0.0002729173619167477
0.0001600144240546044
0.00015515239283226792
8.004481824657765e-05
4.0463656381750556e-05
0.00024462580064882805
9.342016748111174e-05
0.00022705231737399405
8.53559899779215e-05
7.569923916947547e-05
5.714966819140939e-05
9.541722367936725e-05
7.925902670120308e-05
3.720672172412458e-05
9.056577503807914e-05
0.00016011167390942422
0.00014379799267217773
8.599998258161556e-05
0.00013451263405437358
6.689610687614178e-05
2.260483565741003e-05
0.00017554249685887535
0.00010647963795138248
0.00015903399055482994
0.00012180854330742007
0.0001421892430330852
5.175520901741926e-05
6.106443022995885e-05
5.543397486494951e-05
5.4327027788906975e-05
4.2960128297942496e-05
0.00015074770394659084
6.38787588449623e-05
4.286395959438655e-05
8.283476706857828e-05
4.4285634651138995e-05
0.00012905945178016937
0.00020116252581258527
0.00010415955926993164
0.00037049871678660975
0.00018768929505926714
0.00014929673966881997
0.0010834490023601826
6.193099483377846e-05
0.0001314514595142556
0.00022606882375314185
0.00025483517018254153
3.905789422949322e-05
4.753311205087725e-05
6.264724995509236e-05
7.995238898314005e-05
5.4531436959858125e-05
6.641230538999625e-05
5.031672078231706e-05
8.455285789413011e-05
0.00012140926081797288
0.0002490686026940786
0.00018059576945798756
0.00022538107483810672
0.00044461715947151094
0.00015689080183180912
7.415092207059558e-05
5.172681748733297e-05
0.00011652123757999016
5.527730707782875e-05
0.00015978081215435865
0.0004278401161099354
9.629114270688474e-05
0.00010719485041888563
8.05529014275488e-05
6.0466251369166564e-05
0.0001705167800774421
8.04926332929016e-05
0.00019398519146345553
8.139496648566799e-05
0.00024062456088232904
5.906735423341438e-05
9.119290918574452e-05
0.00010816035443286238
5.368024498214986e-05
4.578459720480861e-05
6.0752643904949526e-05
0.00011214685807477555
5.375798926028393e-05
0.00023676464614977327
3.619210196403314e-05
0.000159732621091433
0.00020698283249644974
3.589121869904204e-05
0.00016751590913217362
0.0002709617034849795
4.4165026379094135e-05
0.00022639496893596758
4.897847295210689e-05
0.00020212793997235884
0.0005752266945216996
1.177537623254597e-05
6.961229428421635e-05
3.3260910577717805e-05
4.6229945206881725e-05
4.381688496854725e-05
4.3643290055398464e-05
0.0002474434708007832
0.00012128422654218188
0.00023293383771405825
5.863774806329202e-05
6.827388013383516e-05
0.000140505824938234
8.775386987256502e-05
5.2444478318300815e-05
8.653081222639633e-05
7.951992387488383e-05
9.374326134455328e-05
4.220939692460585e-05
5.2917520705189045e-05
0.0004066133287904725
0.0001074167283200131
0.00010789788090824124
0.00016878763973622357
7.464124219325058e-05
6.867365982950131e-05
0.0001148749982667736
7.640964972484743e-05
0.0001591846085164884
4.995417235125554e-05
7.47222880706388e-05
7.110169577204242e-05
5.2007386089875686e-05
0.00011932443306166716
4.7586633437019e-05
5.548054000130632e-05
0.00015708041165671323
5.3205206496977215e-05
7.47856816634182e-05
5.879964336713225e-05
9.284781540779889e-05
0.0002326848911305078
8.50819760628322e-05
7.700592929295007e-05
6.473180722822971e-05
2.01009171524322e-05
5.098318238603556e-05
0.00014944480705400518
5.4189894640746805e-05
0.00017844291655892263
6.60680014514374e-05
7.259711016231035e-05
5.350985986189954e-05
0.0002649371501817573
7.585786438200906e-05
7.594682432222813e-05
0.00023073304661409854
0.00012026030614770149
6.93246349099923e-05
0.00011996557025669752
0.00016924202772342187
0.00014406691311915498
5.553725354417828e-05
4.638034222300873e-05
0.0004177995874878522
0.00036648448557537633
6.191451296058119e-05
0.0002215574174794296
3.532479730119274e-05
0.00023855610462160333
3.4733099568063485e-05
8.721377920303149e-05
0.00011965821337326053
0.00013505460474619362
5.047534691812923e-05
0.00010441725372403358
6.67869232379975e-05
0.00010205088717316413
4.3343683438000496e-05
5.0098796255650466e-05
0.00016209383473375391
8.294967839440552e-05
0.00014593557680607353
6.75959034683076e-05
0.00030845693254828146
0.00013130828421425698
0.00010498525404058914
0.00020157363064657096
7.05978316145526e-05
0.00016030279520655704
9.021170239323953e-05
8.590826414899554e-05
3.237383286481925e-05
7.433642530449614e-05
6.129861902296668e-05
8.095320439520009e-05
0.00023169813515777624
0.00010215236037683755
0.00012966349011421212
2.4759589457755384e-05
0.00012208673560832722
0.00012051990813308048
5.0278570206739636e-05
0.00023200297356934003
0.00010420967297658625
2.587813387678451e-05
4.402367403487944e-05
0.00012853650279171056
5.830972832622641e-05
7.07875291694379e-05
3.2864509540631065e-05
4.0226987861092573e-05
9.662393693749859e-05
7.732197633219144e-05
0.00012172947010477982
8.491953946221062e-05
0.0002770981073093049
6.50032077743912e-05
0.00012207336322788082
0.00010555538914990958
5.4634246014231704e-05
0.0001357806618208015
3.93616584788209e-05
0.00012505108779045185
0.00010185513019304571
5.295128688739702e-05
4.636545059197672e-05
3.4574930042864274e-05
0.00012746955540329864
0.00010583375815424594
0.00010383010986874663
0.0002739530578101134
5.9021106265749655e-05
0.00013261299539717066
0.00023610325119949657
0.0001065460593972352
9.843144817420487e-05
3.7001289151645485e-05
0.00023140381833515152
5.3352791010300934e-05
7.953065821968316e-05
4.3137169360499234e-05
7.210122169812258e-05
4.958589857486855e-05
5.3948193614257974e-05
3.7944138191897285e-05
5.906715279911216e-05
0.00014342455428295245
0.00011618254709033542
0.00013196407192589117
4.892800285213076e-05
0.00031251298501142565
4.5474415909721714e-05
2.8235463639890962e-05
8.938288639202459e-05
0.00012784229360206286
0.0003262864417716266
3.98200269567896e-05
8.50940793180766e-05
3.170678613356278e-05
0.00021514355199717916
4.807873542028689e-05
0.00013974942209035992
5.5433523589444875e-05
0.00013091266978546744
5.645358371982022e-05
3.653256916919126e-05
3.846140320824964e-05
0.00013028248355025754
6.772501245411644e-05
4.854037625936495e-05
7.609903660480182e-05
0.00010255073742212717
6.399016740754186e-05
0.0003998667753318475
0.00015592317259872275
6.0694813907097066e-05
0.0001165844185815594
0.00010471292586888786
0.00012361034650302247
9.728749298210131e-05
0.0001677016045237351
0.00041115129157220557
0.00010346631644879564
0.00012149524401172154
2.6820755665385257e-05
8.916005193263859e-05
0.00047640220231843513
5.099363329649779e-05
7.678511693338461e-05
3.220655404933316e-05
7.430736269430923e-05
8.836253030108888e-05
8.180314404154324e-05
0.00022355676072681032
6.230409630954387e-05
4.671172529877901e-05
0.00016084756336926906
7.637061356201133e-05
2.0113481260334724e-05
0.0002666708324166155
5.218444559587608e-05
0.00017660545488510472
0.00014944793360204068
5.781060011573057e-05
8.341843795689936e-05
3.797238196970781e-05
5.1545745001750024e-05
0.0001385492448114972
4.890794318335999e-05
8.609446744811807e-05
5.987327665178808e-05
6.821467210431167e-05
3.176557585997987e-05
0.0002883757894989818
0.0001220753976027601
0.00012790359548744092
9.940976373207954e-05
0.0003188949972913725
0.00015810496075341135
5.419247170827365e-05
3.942421516572034e-05
5.005570583630268e-05
2.6197308107538862e-05
9.824911595355531e-05
0.00039158930767101564
0.00028990468443616536
0.00012930342174960596
0.00019629947671393041
8.647488222997928e-05
0.00017691122102942586
9.362794977403514e-05
3.352368291630247e-05
0.00010581240033496664
0.00026590751249005144
9.261441118010581e-05
5.705307915593429e-05
7.837719423066618e-05
7.726775580118808e-05
6.022675522460543e-05
0.00012311292800070515
0.00043919005036958426
4.453653508436347e-05
7.35025409882657e-05
0.00022850152469854404
8.444085806487223e-05
5.611597638252848e-05
5.934087289498402e-05
0.00010073024432416395
0.00021856520520181303
8.89533376516227e-05
8.358076069043078e-05
5.140349308713857e-05
6.34313803963594e-05
0.00019320640700817604
0.0003045993494442581
2.6976053985182793e-05
6.312141359648538e-05
6.31320813857212e-05
7.142904417037837e-05
9.375113177087476e-05
7.652606837173147e-05
9.79394681615567e-05
0.0001372072341479885
0.00011182949321330386
3.567590246695999e-05
5.848618806638238e-05
9.624302985559774e-05
2.4868409510035223e-05
0.00011995595630158906
0.00012105020851146054
0.00013628575413772724
0.00011142212804490612
0.00013220114772080502
4.7213253534457104e-05
0.00018455585011138207
0.00012319894267400717
4.694162767505314e-05
3.4323681246809334e-05
9.044264558689298e-05
7.261199764873993e-05
7.713070176292776e-05
0.00020039708996377298
5.3737697879485447e-05
6.578538318028476e-05
8.070394271611629e-05
2.8596475251312593e-05
3.955038397351171e-05
0.00047034737249837885
3.263712352633964e-05
3.993320040310185e-05
5.432802101745619e-05
3.513449902420779e-05
0.00011077790817658965
8.98327255393097e-05
0.0002429704651126726
0.0005138581579948055
0.00010990078710146448
5.767817687838722e-05
0.00013168643477243957
0.00015866634871311312
0.00012391003342748742
2.4248349173772797e-05
6.148391605600677e-05
0.0004785250745897086
5.9582958795368946e-05
0.00011120332324877615
5.901144011404494e-05
0.00012859113431438885
6.533715503383886e-05
8.526808991195953e-05
0.00038127124147760113
0.00010549674463764089
0.00011839632839656241
4.954873101807566e-05
3.314281872306917e-05
0.00012772807982915294
0.00039045337171310493
9.136920643697255e-05
5.623072115864219e-05
8.728182119726388e-05
0.00012144160170442205
0.00019988919620682878
5.0204229123105474e-05
0.0002481918062448194
4.1347966399637786e-05
7.938102568771377e-05
3.8059802650251733e-05
0.00033427940032489117
2.334796745630961e-05
3.2401449153184254e-05
0.00015174664917956353
5.088682326245161e-05
0.0002567553568370904
5.710099595755449e-05
9.340553529881106e-05
0.00011977390421876598
8.653582350188181e-05
0.0001842064245383557
6.405313025162988e-05
2.4808930100211795e-05
0.0001268539224407397
4.348070606421686e-05
6.717756422111583e-05
0.00019648790420051187
8.36269216525261e-05
0.00011432016585886592
9.289331457344393e-05
6.729782694586975e-05
7.23209919954222e-05
0.0002949554889288345
7.144655145961013e-05
0.00019386078303195293
5.061292803247176e-05
7.695727718366563e-05
0.0002705765200805617
8.042735121981141e-05
0.0001833559276459255
4.3838427126441484e-05
4.01646608022027e-05
2.1998772361277042e-05
0.00016694171526215692
4.8114750982701976e-05
5.256070822454561e-05
5.8815943580476095e-05
3.545488533761864e-05
4.7676722411300284e-05
7.06463111575379e-05
8.069673370594778e-05
8.212737763977842e-05
0.00010968544878082701
2.953114167400223e-05
6.95538773563145e-05
0.0001644527819457582
6.0644909185154074e-05
3.363680359199639e-05
7.694312990632915e-05
0.0001175028854606587
0.00033644200020427253
7.29698136331029e-05
3.235735765832523e-05
0.00010907121952251608
3.9206717735510514e-05
3.652771548242934e-05
5.876571027099645e-05
0.00015472162920673985
6.329680648307815e-05
7.82653575112615e-05
3.130766691401664e-05
0.00014763893085222222
0.00014240553509616656
4.551606691097505e-05
5.064499851569775e-05
6.696912609133269e-05
5.7263836386445796e-05
0.00013015465609496346
3.032404974846757e-05
4.2204791384290495e-05
0.00018315078972557742
9.123918176437045e-05
8.206749260088254e-05
0.00017181686513946095
2.419410585913242e-05
0.0001624598415446179
0.000467514086634646
9.687657715860425e-05
7.994859309830349e-05
2.751506642406392e-05
3.407537587216252e-05
4.8855975708487244e-05
7.301279642601696e-05
2.7219597097579088e-05
0.00023852487746356957
3.646558503341254e-05
3.4193955510941924e-05
4.7642743294477775e-05
0.00010437518727876478
8.617318663538976e-05
9.226346657487821e-05
8.085359326796719e-05
4.932005362067234e-05
9.928987444617799e-05
5.13776347092823e-05
0.0002130048148188461
0.0001505725094238035
8.74501431548819e-05
0.00014819354859798333
0.00012646664332879748
5.385314357107938e-05
0.00021365649180350924
8.253521714783836e-05
5.348715843854065e-05
5.541381325735331e-05
4.739543024190334e-05
7.077927034049324e-05
5.214159508880586e-05
9.244327426905298e-05
5.555450458446664e-05
2.4976251521782232e-05
5.402552738916445e-05
4.682095342906662e-05
8.885886263700636e-05
5.059075994032055e-05
3.5712214078753225e-05
0.0002057609823628843
3.888597178190178e-05
7.00845893966977e-05
0.00010629681357738688
0.00012971357849960217
0.00010951791966643884
0.00013038359090043354
5.3735046045543876e-05
9.941901867279868e-05
6.457569475433369e-05
7.30245435883303e-05
0.00015827638689210188
9.428914293295333e-05
9.189421260237307e-05
0.0001066422630075638
0.0001397707595809006
0.00013892100990474274
0.00014718013554026273
8.474203774024079e-05
9.10558645495305e-05
7.44705368069519e-05
4.639929271367163e-05
4.943372400357517e-05
0.00011072208596451349
7.28610366896344e-05
6.346966201749925e-05
6.229598856231327e-05
9.840486087544821e-05
6.87309581364215e-05
9.270430996937826e-05
0.00013143751786067492
5.9498308652015864e-05
6.810787209227108e-05
8.111784478445555e-05
5.094358134428208e-05
5.7045770449357965e-05
6.576699830005026e-05
0.00011653315557994474
0.00010888592510646051
9.77606170453628e-05
4.7820351378855536e-05
5.158759506892387e-05
6.711904836516194e-05
0.00021690691505946996
3.524932461276818e-05
5.3162858503298484e-05
9.365428368889333e-05
0.000130723441509009
0.0001441046237004313
0.0001051725487703448
0.00011052135160385342
4.470818845727026e-05
3.299111789777425e-05
4.576862568548853e-05
0.00011677156044856856
4.498826144128164e-05
9.817859393813417e-05
0.00011415764789983013
0.00010545006757453428
0.00010723255766023274
0.00010050068703505382
4.7108645655409756e-05
0.0001777358836915932
4.640929585683196e-05
0.00012520251436955225
0.0003886795095470144
7.66987164695887e-05
0.00012401244040351837
9.138769269228851e-05
5.88693574257319e-05
0.00013952422972523444
0.00011589323264749787
6.2148839975744e-05
7.243731835626406e-05
0.00014592301502151596
0.0002529572275821401
0.00018859657276168345
7.495810419539527e-05
6.327374643406263e-05
0.00012411947715218659
9.985981345423585e-05
0.00012761139405560265
6.935556543326849e-05
6.189503656691927e-05
0.00010367908207076321
9.579224286074511e-05
0.00013034720187504674
5.9995563789345956e-05
6.335990991461745e-05
0.00011155418529977372
8.08724293037263e-05
0.0007128390152031107
0.0002096146511231852
0.0003256551805001499
4.246338923945403e-05
5.400646110257739e-05
0.0001239222909920773
4.6419152690747216e-05
7.491366906749987e-05
0.00014156114111246038
0.0001261942051786769
8.53506235119821e-05
0.00014061712445574828
4.2569676593128934e-05
7.974413550151459e-05
6.224889943017642e-05
9.573823782877899e-05
0.00012414646992640847
0.00017114855208723417
4.656457724373505e-05
4.459136963673522e-05
9.052729646360029e-05
0.00014985942575879564
0.0001625438130295255
3.366373478518647e-05
0.00010204703756775854
2.68336253674284e-05
5.7783018158191224e-05
6.50689501199826e-05
3.853229379391207e-05
8.745833906336312e-05
8.799806813460377e-05
4.081548834677216e-05
9.006791918567559e-05
8.560786202988582e-05
8.545158867481639e-05
8.595339473087821e-05
9.785358978886797e-05
4.386060390777309e-05
7.404856247848186e-05
8.748935364155014e-05
0.00015674586779606812
2.537537234157536e-05
5.075837907011838e-05
7.610978099055523e-05
1.852947234323223e-05
0.00011848242399642568
0.00012069101824660095
8.198607671088107e-05
5.6277785073470144e-05
2.0164114378362737e-05
0.00015351284335373365
5.862881140328961e-05
0.0001695887828450497
0.00016310235359768072
4.066262966600433e-05
9.850873005616838e-05
4.343801612934403e-05
3.632167358802418e-05
3.2869880361483433e-05
0.00012517761755133873
0.00026331188573985837
0.00023682661073969177
0.00016336561708021535
3.435522591184647e-05
0.00015078843840893292
6.2705026468467e-05
0.00010456788761316933
0.00011208884821451871
4.578841226795165e-05
9.577815776544105e-05
0.0002584775991868286
5.560489315764151e-05
0.00010172925495192452
3.272364741305251e-05
3.880698909265195e-05
0.00011996262148560713
4.8016512117469344e-05
4.413874364788478e-05
0.0003261559459557545
0.00012144264879800727
6.0655387759705e-05
0.0003296103750064331
5.76537441423765e-05
7.154083800813056e-05
5.0179421463917336e-05
5.2357942582843436e-05
0.00010032593547223238
0.00015150056184516276
0.00037264602588396107
6.0590177751066064e-05
0.00019932832633791462
9.922611307290849e-05
0.00012936433305289644
0.00013381275246234837
0.00014381180174472796
5.2522599129185516e-05
0.00010806364160439898
5.016656539724378e-05
3.067202937415151e-05
8.582285799894696e-05
0.00028826017096125056
4.648363878040279e-05
5.495590187854202e-05
7.654967148880681e-05