0.03555153448457904
0.06784629481276137
0.09532540956429282
0.023823070143912137
0.09150767591287112
0.10135625776016167
0.01388292601517226
0.009828552007923456
0.06441428782293586
0.05601774085784821
0.01820202902214301
0.009430090864063568
0.024898854970150715
0.010871305761990505
0.022951631283540996
0.0186428741348401
0.02091975400925026
0.03295450075800686
0.03096375678318489
0.05114358223801175
0.004583940465543135
0.015863954083092505
0.022130690776421963
0.008892087989486893
0.013764954304806048
0.010019496009567178
0.005720840342742488
0.0034079697886161262
0.01236156039527226
0.007988369516485672
0.012803852483847177
0.005613057849404621
0.015037235479779506
0.009291412067230826
0.004558931456679801
0.010209414495926432
0.010025347464086521
0.005409033979353504
0.0033812484634329126
0.001953814625739066
0.006352939391782434
0.02194115640496121
0.002007607361436395
0.001716201702665111
0.008077620819382816
0.0019876982394968845
0.0013012247810606638
0.0029242567994430388
0.010135754523337844
0.0020590321798722062
0.019114151971508054
0.014153068985960417
0.002269830583556826
0.005709088178608513
0.005022329882531771
0.0032538023227042614
0.0040151704889768115
0.0030151631194916297
0.005372510540040532
0.0064573075343132905
0.0035177741971655335
0.007647575260188093
0.0037347763798434913
0.0039356599342750586
0.0036787905463765563
0.007848535250056864
0.011346933542201825
0.0009496637658846101
0.009919766435643039
0.008265644819894365
0.002968470238429805
0.0016957429625737324
0.011558961802264357
0.001785374430911544
0.004364441885492014
0.010129330061792327
0.01109621886144659
0.003492549816064193
0.0035084561687232377
0.0022972088346162518
0.00428715436468434
0.004132721887740435
0.006320732107600997
0.006161037535557824
0.0040331594899739726
0.0021214722544307466
0.00030522983176195116
0.00788029657127568
0.0019161878733872965
0.005189786894020697
0.0046301975640614
0.002868168012991764
0.006696480647348198
0.004676861046796707
0.003911058402688769
0.0008320545819309215
0.0001586042843976503
0.002413835864064228
0.0022525934178529144
0.0022389796562185685
0.002253420463436576
0.0017566909632331879
0.0019559494512835698
0.0003213294550509156
0.004269585296834889
0.0014340374562144059
0.002191980220126374
0.0017723497923400457
0.010188797088107675
0.0012309938928449884
0.0029281492443805927
0.0006949376185325225
0.006657076178079064
0.0036410991039479788
0.0010044594065907152
0.0008363996095775242
0.003621810994230114
0.0036851837680556294
0.0020710296925282303
0.0017489011176583255
0.0025726323978720817
0.00418561787635188
0.0031302449229186975
0.0024976164578270656
0.0030855955563939214
0.0011941479640164012
0.00232802200361062
0.0011759040274701498
0.0008993040315238704
0.002838378062189318
0.001248916042530222
0.0003105598340123848
0.0007876775890960726
0.0024770573746473873
0.0026288702225115584
0.002029198824471389
0.0008224815247848732
0.0065644652269931745
0.002492678041295253
0.0006516524503187093
0.004305730626308708
0.0021218076203581475
0.0005675563959384963
0.0015425669539416648
0.0033357550759366603
0.001165057393083389
0.001368444880702831
0.0025631625636063837
0.0009590957776166138
0.0010049687473974278
0.002387068841989463
0.000689028336980914
0.0017190913160852318
0.0003878915728319459
0.002559017869346034
0.003402899656833061
0.0023219469054366316
0.001167653044257942
0.0009252922804197283
0.0023747443475845677
0.0009997323364079405
0.004649641345475561
0.0016879149359363915
0.0016367186287953514
0.004513926825149115
0.0007665023514727539
0.0005564261711122632
0.0018939035160883053
0.0018375409730947306
0.0028107765170210957
0.0008928035456604587
0.0019961052515700835
0.002430131643915118
0.002266342219985876
0.0014142600506716692
0.0038245393392322834
0.0020531190946013115
0.004068008990781206
0.0007687176071852986
0.001703815084630772
0.00260197948991722
0.001163812801371631
0.0016608740891385539
0.0007695482673953028
0.0006126650170215774
0.00020160256894329433
0.0019286286282653746
0.0006437342982159943
0.0005142019339694992
0.0006093387793041603
0.0002847063905102005
0.0005432986588584179
0.004353051172638762
0.0029616519885210294
0.0014484053378026344
0.0018419500133281654
0.0024555315358713342
0.0032232876595886502
0.000282579733812568
0.0018144936858912697
0.00152935819685437
0.0004593201160329945
0.001795152755086265
0.0007596232485522467
0.0006637199362796039
0.0014031302543528453
0.0005063336233129456
0.0014744290944536077
0.0007446041629517493
0.001417930275125016
0.002147615345508506
0.0029517554102538356
0.0019361208613989126
0.0003095359961626225
0.002169886407735658
0.00037788695821372096
0.000684556375637468
0.0011754707032470535
0.002923837753139683
0.0016372526063534371
0.0009073336951916258
0.003229672527951426
0.0028428867189033823
0.0012845479706461425
0.000620627514579909
0.0012695280385530523
0.00015431460649980975
0.0009333927932444716
0.0021036918775437976
0.002828982645664819
0.0013881435146175273
0.0006906174886502603
0.0010415157692856601
0.0007853951584927694
0.0020508675756323873
0.0011899660100444763
0.0017743591013253777
0.004545051725737183
0.0015308656168396607
0.004397289771637592
0.0028980775606657757
0.0008202598002243826
0.00016113698310902023
0.0024122252490950107
0.0010852654893765488
0.0005221781444503188
0.00030888827410310415
0.0012420538538948668
0.0027085189169640217
0.0021013493127209717
0.0007193383266470331
0.0010981202088602823
0.000913954195562192
0.000638016516045958
0.004894036840777494
0.002858190903584661
0.0015704152088073951
0.0029904371962024058
0.0002275918029419475
0.0013081109892825085
0.0009112966452702708
0.00044306011175297976
0.0013073318923308584
0.0018334250424905374
0.0009057955611897877
0.0004625882008411233
0.0005662123360641063
0.0007136819280369841
0.0015050371142214809
0.00015919610068566175
0.0008466290134644182
0.0010462155945015965
0.0017572670218846027
0.0014922379044833435
0.002709338614677383
0.00064284112569755
0.0010278937716797353
0.001227085949439038
0.00022856966389254248
0.0005408659745315925
0.0011531585357798808
0.00136623384634246
0.0003531423040798917
0.002169128827399445
0.0001232973930099999
0.0004242434101387445
0.0006234175677057816
0.0007200322439701741
0.0034214176852673537
0.0012487286445674083
0.0007380652878982369
0.0004346796945725155
0.0019197753142059038
0.00046064017683141394
0.0010760020981619067
0.0004931212365030725
0.006581834502010358
0.0009683506463735232
0.0006830330899261092
0.0019333390885020957
0.0013522737577075204
0.0007369554300474558
0.0005924023776307565
0.0016642337098018217
0.0017724589406860744
0.000412320877427357
0.0014551570727109296
0.00127045585008327
0.001654976686354183
0.0009859967264176108
0.0019253407912607455
0.0007349432848642351
0.0006805188567975077
0.0002794463305559146
0.001036440044824751
0.002454485433246236
0.0004785579690780898
0.00023852059448846086
0.0006836974763620814
0.00055742321245683
0.0009274721810051757
0.0014628852220052368
0.0012058146112584617
0.0030077747317742527
0.0009857117001840793
0.0012108384004933205
0.0017557875510927827
0.0001224911112259381
0.000576878203067883
0.0035554079125452217
0.0010182410838388445
0.0015286028854118578
0.0008705654791804535
0.0010946460127197516
0.0009820086273870368
0.00026765825247042715
0.00041839611617126973
0.0008602462024183742
0.001429937616845085
0.0008950310808514359
0.0006796722875703705
0.0035088775855481717
0.000929470584879293
0.0011452926570017755
0.0003728405764120649
0.000545399987172307
0.0005219129118750563
0.00021550793006684812
0.0006368091333617859
0.0007515600994167945
0.0008325917703496132
0.00040390190233329973
0.0010404691560623042
0.0005657295445599825
0.0009201278654390538
0.0017466078480263306
0.0019638947876742933
0.001149345894044779
0.0010069640460097448
0.0005631952229936037
0.0013028196931029496
0.0015978506272284468
0.0001571586964612737
0.0005632398884771977
0.0024377838108113827
0.0014968552897935813
0.0010195820939946213
0.00019275844049575726
0.0013724240377881182
0.0006142407963066207
0.00037649255160752016
0.00044537509064769635
0.00035629823031633215
0.0011688533751450722
0.00267578397083882
0.0006515716593806788
0.000507033170282371
0.0022905522514859765
0.0011287015135339107
0.0025272442013529526
0.00015250336740039525
0.0016197222192621905
0.0012032543249706502
0.001272462951313126
0.001010885208041509
0.0011988473151466914
0.0015342903268108648
0.0005656441524867702
0.0007682747824803685
0.0018617955766370047
0.0023331165750421763
0.0009227496464755353
0.00011961364285073524
0.0017212172026910332
0.0031345345891709508
0.000504494176159359
0.001152340690421118
0.0020670309170891248
0.001683861729915498
0.0005022593223644648
0.0003757030189629706
0.0009151669913752326
0.0007409685293913049
0.0005511334296282555
0.0016086577635957607
0.00042375265077516217
0.0010865784988218702
0.0015208433330177937
0.0006605122705922688
0.00048651794895934194
0.00037070889944975993
0.0012238083681771208
0.001840186294193128
0.0018401636515038608
0.000277558847080195
0.0013520554445847078
0.00025953104950315604
0.0005114227342125563
0.001633502901143446
0.0018473987454294145
0.0017989357348731918
0.00038054652063130174
0.0012885945266007809
0.0005422928268619065
0.0009624509213044418
0.0014689966136970654
0.0010352277791463964
0.0007569284759559339
0.0015904584929732901
0.0007590861159879989
0.0008228093216805035
0.0006884618484436811
0.0011401703159678895
0.001468437258679953
0.0003336969333205808
0.000646159016541652
8.73472726058236e-05
0.00046761428025726074
8.14040324879574e-05
6.496314516380275e-05
0.0018175256880688915
0.0005920069230470295
0.0008852746374782735
0.0003728515469909718
0.0006704802059958459
0.0004435203140035505
0.0009294985532389911
0.00031191700912662913
0.0009342394145926762
0.0002544365706238687
0.0004891951139602253
0.0007452107867001298
0.001161782818047546
0.0006332253285387948
0.0006472582932111899
0.0004800451005646811
0.00013096572352735668
0.00025926231630873253
0.001383185799573977
0.0010313898738158172
0.00033037825409129476
0.0007276294907669774
0.0007594145837945418
0.0006961861639004348
0.0009151349236028603
0.0003773157952560119
0.0017419582011144682
0.0005402124443535353
0.00045975342681320227
0.0019533470593760976
0.0005647019799056322
0.0010819621595953035
0.0002648470692412609
0.0006397900251668491
0.00028607627611833915
0.00021779565158002513
0.0008096146033970846
0.0007921675206622352
0.001097280601640005
0.00040133707260828027
0.0007766810765620237
0.0004609825124335793
0.00021092950114170954
0.0006546931751975474
0.0005767575838318943
0.0022041832030154913
0.0009533851851685284
0.0005855384129095475
0.0006403454678249845
0.00012076120036019783
0.0001845857059568112
0.0008914295833409155
0.0002714540593587518
0.0001985745985235121
0.0013758006851531846
0.0002895512156309059
0.00022725256289413915
0.0003526546514734165
0.0006144616085715493
0.000960901595947236
0.0006570967650272047
0.00085467591121705
0.0007466930787537996
0.00016666299229058587
0.0008816755345554187
0.0014907238865551474
0.0002773908828836237
0.00026812299097208475
0.0016727032913878477
0.0005861239981560412
0.00044756278064545744
0.00029940892438748076
0.0011950064430052375
0.0008582362679717586
0.0007889418512506308
0.0026388895714637927
0.0006528214156831581
0.00015050447394817108
4.083037680803571e-05
0.0005101936985179276
0.0015239407595458547
0.0002771566941194495
0.0005854927909957473
0.00044005346893864316
0.00027792277610816206
0.00030775963560932207
0.00021900508489214053
0.00030048628891821486
0.0006668037609911519
0.0006457696840611988
0.0009257100895235859
0.00043175690229263426
0.00026021087053468007
0.0005150633161539953
0.00046167257633214465
0.0007481222139145167
0.0011938363757787603
0.000324331353751314
0.0009915881997120232
0.0027958988612029447
0.00043082388848029524
0.00042242210964912934
0.00021523918982742924
0.00041109262396484686
0.0002946269922053868
0.00010926862574904976
0.0002735613346928691
0.001340548435859473
0.00045369836166712766
0.0006098518108731853
0.0007291236907947191
0.0007209767512139253
0.0003046327330395694
0.000443413393440357
0.0013236336763706978
0.0010243827002537258
0.0013196568526083817
0.00034056733946329743
0.0017636151373533343
0.0005399274765755818
0.0007245806905595164
0.001361296926536186
0.0007537681990269098
0.0005215752094908725
0.0009797770533080169
0.001306893934261047
0.0002452134109373332
0.00011373790886532537
8.211144516462142e-05
0.000294418469141557
0.00015246054138640152
0.0006011627352704166
4.923297721768073e-05
0.00038599922092225194
0.001380514447085249
0.000746607752099184
0.00038304033221983483
0.0005706494041807211
0.0001435074072615449
0.0007370978713634841
0.0006730508001744846
0.0002828448886429369
0.0006574769011404538
0.0006067447683890863
0.00016542127021904217
0.00040866887736223055
0.0008665040575542757
0.0005238145811821458
0.001166852350983774
0.00021956363042842516
0.0010442896169590482
0.0001348429419138779
0.001268000445997923
0.0010035004136952333
0.0003744997705224951
0.0009449845474023675
0.00029580829107573486
0.0001991414777339686
0.0005025294014542876
0.0001319683284239704
0.00033549929991750837
0.000646326994603694
0.00016092643570245972
0.0008728118596530277
0.0004121402047494793
0.0006916989021369128
8.823470972326288e-05
0.0011541690661559982
0.0012146079128308933
0.0015965284360967042
0.0013111742625004645
0.000533025720979936
0.0005101391989031563
7.03413783099551e-05
0.0021191724936430348
0.0006458040417926058
0.00028355084873456015
0.0001834065965901445
0.001611706158698659
0.0007134303112845178
0.0005240033826377371
0.00033711334782962263
0.0006289033439670958
0.0006673452341151292
0.00016490913167896033
0.0006179819104039393
6.654236321360232e-05
0.0011701930470911918
0.0005906139942479262
9.31532887335929e-05
0.0004848289276626729
0.000273250447399696
0.00037062241040198424
6.499782609417503e-05
0.0013235277606053056
0.001270011947704881
0.0014280569846495104
0.0008441311309292119
0.0001385310287579968
0.00015731180056020516
0.001120659843664712
0.0008988211123704357
0.0002808533608854087
0.000840117505850692
0.0004229814680776116
0.0002696253069652948
8.460079289333895e-05
0.0005799669370303204
0.0010240306482806759
0.00022628148986434112
0.0005711907451089455
0.0005731589583105389
0.0004428596296232946
0.0007299511030008937
0.00024479884145208646
0.0005776264707266556
0.00026416390391250646
0.00029637398722213624
0.00020490879734717546
0.0005069316139926996
0.0007879747350719817
0.00036869359190358974
0.0003336376764629982
0.0002488860937418974
0.0012497842966005149
0.0002800909541833397
0.00034280755026386365
7.205719332412788e-05
0.00029710919723715065
0.0007252032946425463
0.0006188523179554567
9.847688652395629e-05
0.0017946018968671134
0.0018389024799732362
0.000637533533943671
0.00021070367279498736
0.0006405030177409464
0.0004207262734115706
0.001380012315928247
0.00027010559608106323
0.0006447149159982441
0.0003307672066316104
0.00013993331261053922
0.00019056859224376397
0.00011230480870925492
0.0005994758125074827
0.0008524826043028473
0.0002590980150942534
0.000865924890447312
0.00028025243590322946
0.0009056049766424282
0.002672551826023418
0.0002869902807941056
0.0009565449829524412
0.0005256228894995323
0.00019671516888546519
0.0008238012337845962
0.0007810456503690275
0.001053108315877118
0.0002202433174255273
0.00019181739731673024
0.0017402333670823874
0.0006141375379344301
0.00031222586868379803
0.0019855906499681828
0.0007986214345270681
8.735577160850653e-05
0.00032103227417138537
0.00017173225644506369
0.0014713525864137112
0.0004785258633944038
0.00025514955022416824
0.0005823898620589756
0.00026080833248629036
0.0008538117282319812
0.0004214329104378413
0.0009621599087560617
0.0010748085077238565
3.227496455425294e-05
0.00032633299437258767
0.00042955471042793546
0.0003527256240109056
0.0014759803241747357
0.0011481562544917426
0.0003850780846759392
0.0006179057388539524
0.0012556203505575798
0.0012962418066174298
0.0008253865523429034
0.00020570588838375006
0.00019591279737768693
0.0009034369894317792
0.001807672533055964
0.0007161220023132855
0.0004806027212033358
0.0003815549790391319
0.0002567017064898689
0.0016886469708183138
0.00022006439796929756
0.0010111430502604006
0.00024712095910648074
0.00017722913925202375
0.0005168769382094687
0.0009703367923290828
0.0003380710637125398
0.0009203598385530175
0.0005768090782630915
8.141031785283598e-05
0.000626569476820991
0.0008073686600477034
0.0006644689525975092
0.000170697145608211
0.0009611429051668194
0.00016571285627793353
0.00010890424641172074
0.0002216409265624524
0.0003524596052721653
0.0019619236653731593
0.00019553658679233687
0.00038786256570979525
0.0003441071164386779
0.0003278073885828107
0.0010256285154008602
0.000905356817489026
0.00045561125881750353
0.00017332072089762255
0.0004124272113615441
0.0012601668641273108
0.0011024954847742051
0.0003471910867661374
0.0006472060511326225
0.0002956066378740636
0.00011900644114635881
0.0008271562953203201
0.00014238406258420985
0.00011542577196959353
0.001166656668645665
0.00010338088239444948
0.0011918217681253108
0.00039028628519273645
0.0006668492950779052
0.0014369347686825267
0.0014536288951826595
0.0005197871475170695
0.0004636956671519955
0.00015356045868539003
0.00046608983143511183
0.0009556137431322836
0.0006837893693178859
0.0013041510371881112
0.0006482607254403412
0.0002253124597414753
0.0008153464932721687
0.0011473719323517903
0.0008977677010051394
0.00044821258649247896
0.0007884398013169704
0.0010355637237028676
0.0006548931821601893
0.00125990846324585
0.0006396140491687478
0.00017727430807607062
3.294185841166944e-05
0.0006970396283352512
0.0004000974805212159
0.00028243452995063717
0.0004675357268682001
0.00029260910164638385
0.0002308952376308824
0.000504289096431228
0.0007920241227000428
8.913940921062933e-05
0.0002840497071353156
0.0010363431257758933
0.0002922862505398574
0.00037836932005425885
0.00025226874202562583
0.0008894744022401781
0.0009766553815496472
0.0016565719634135
0.0007995053023738258
0.0007043508995854299
0.00045810886751718703
0.0007515566502051029
0.00048680897143845537
9.956704451035306e-05
0.00010753691817572288
0.0014415002716773868
0.00022137535780570615
6.414394683525591e-05
0.00022541295717839351
0.00025234832439911326
0.00023026043954519056
9.505903476958386e-05
0.00021804840038590383
0.0016099420654232936
0.00020687251034996984
0.001399107226133543
0.0002462852236075054
0.0007922955169507408
0.00025400576265106775
0.0017350323030178834
0.00031619745120097957
0.00035485208832452235
0.0004857629096154892
0.0005119580499789887
0.0003686872348989977
0.00027934910278300235
0.0009885860091076813
0.0006407821847337489
0.0008331766897804135
0.0002317001754333542
0.0003162204347105197
0.0001115008757733294
0.00011092712057006179
0.00041668727800198434
0.0005582741373106398
6.17583901601318e-05
0.0009112962016716366
0.001201523161202147
0.0015353526045189306
0.0003877569095303211
0.0003781585930133996
0.0005009489366885718
0.000759080901120499
0.00041523651449597185
0.00044567407451343954
9.105969251973573e-05
0.0004846017231272875
0.0002943058407166784
0.00042945187721656086
0.0003290718531187855
0.0005451601181615244
0.00047730478381903746
0.0002696073890020409
0.001210001546165379
0.0002369562811283362
0.0004999314308707834
0.0012837957484358202
0.00048102357456882326
0.00015135340831210885
8.533400855320824e-05
0.00016421589022183703
0.00030201674014760586
0.0008016784548209857
0.00024884355991798996
0.0002530614301307118
0.00012636497622814643
0.00017012726303996183
0.0003851794117313822
0.0004473218384493102
0.00025273540640196506
0.00045856720290207215
0.000786651610573356
4.328487074108739e-05
0.00025527141838907117
0.001055193346536595
0.00029544740348728433
0.0002373338771603328
0.00025463418178227765
0.00022155329049765508
0.001132381214785099
0.00038416534180045237
0.0007679537726298516
0.0002803325696799513
0.00025756390192263064
0.00011354538087490091
0.00029132778920033526
0.0003135642757463508
0.00012185609915226109
5.2029894475319354e-05
0.0005540367535390413
0.0009537150520452373
0.0002983990852685677
0.0010642468813554283
0.00013189068400822957
0.0002161186147626051
0.00037900618371577467
0.0004542480398359631
0.0003217575474170835
0.00045583630290014474
0.00015355894888971434
0.00022128424390116546
0.0001696391019088843
0.00027991515312883
0.00033655066116728636
6.452592348137406e-05
0.0002252974602958132
0.0003674704981499865
0.0005095302402227754
0.0004461987193820524
0.0012919819910245833
0.0002492580032214495
0.00046841754583657976
6.23961114076962e-05
0.00026027558370313555
0.0005366443367482498
0.0008918162819819831
0.00015874615713530347
0.0007599741403745687
0.0007580118046217435
0.0002887152040694746
3.52123134146683e-05
0.00028221308037996507
0.00014676987862295766
0.0006227206050092646
0.0002678554184303402
0.00016900782417837967
0.00028884389162538035
0.00011319174093743423
0.00031592430979042176
0.00014363703181365445
0.00012434521827397592
0.00044722082168690495
0.0003628876530856223
0.0004077856243201317
0.00016728395426182692
5.061025466030113e-05
0.00044464814103335737
0.00019979994938300937
6.624600683382383e-05
0.0005201730966644736
0.00035543437453085464
0.00022802635096432912
0.00027139241784292104
0.00045881128836674476
0.0003442234274992174
0.00019019237033887114
0.0008112690945568217
0.0003372287003110702
0.0006019106410235969
0.0004050527873044684
4.756400692662786e-05
0.00011683234095048885
0.00022855749342279028
0.0002657021250098026
0.00018581903399863493
0.00020699501814825598
0.0003918343811318697
0.00010768255195821659
0.00013721917624158277
0.0003469475258654314
0.0001552305039966351
0.00015002373581876418
0.0004691369609949697
0.0005610798799519093
0.0007989312742156967
7.897811143687914e-05
0.00014816262187672497
0.00028212144649368944
7.745068449623999e-05
0.0004180642627135158
0.0012109999901454827
0.0004730220162800033
0.0007278052897063194
0.0008821415728651485
6.93697219936708e-05
0.000662136577579816
0.00026240671122122397
0.0005317450126277511
0.0001484951810765264
0.0006637515744296251
0.00032852691247588884
0.0015477792164591748
0.00023261008173733281
0.0001335328097168251
0.0004710661186379128
0.00032961042544028796
0.0002345736930877102
0.00030809790674195194
0.0003450918454600784
0.0004430108193347504
0.00012632588608333655
0.00024235468960304832
0.0008256525862112802
0.0002811533161462948
0.0018158025589785807
0.00011103452241307705
0.0003624180365464891
0.00035436984244895266
0.00011153528051009094
0.0003219288727701998
0.00020350278379195088
0.00017939924182476234
0.00025448929982278015
0.0009064843191378735
0.00020698614209182766
0.0004986488907865712
0.00020351291591045668
8.423084521368756e-05
0.0004677503075615827
0.00022383002541285826
0.00015157888875939242
0.0006179769566127586
0.0002660672602174905
0.00016715224006600316
0.0008481957203691855
0.00010179668560535595
0.00030760456695762907
0.00025717299681261445
0.000724228833638938
0.00010508122888238083
0.00012083919903706843
0.00019471371659969127
8.627923209501181e-05
0.0001320038350375662
0.0001807335041247942
0.00040512511437666623
0.00029565064823712533
0.0004549648112844826
8.727460542472914e-05
0.0006039027901207775
0.0005114171347937243
0.0007396626879926852
0.00018058471877778983
0.0004119182577603045
0.0008837868977734977
0.0002034378127235642
7.878346517714723e-05
0.00011581374515395282
0.00015320115783668366
0.0004623943416530534
0.0002390486191866336
0.00027231507520951475
0.0005830358714630905
4.527363564869532e-05
0.00010685185287947911
0.0003157854821651843
0.00015938329800860851
0.00011304387351967659
0.00018152279007242598
0.0005537561633747541
0.0001854626129935679
0.0014191653159113245
0.00011874355452527845
0.0001248556311281953
0.0006514483687484728
0.00120214659779516
0.0001418459271708943
0.000257045355754199
9.1934825677241e-05
4.8531061487213216e-05
5.4911843620133145e-05
0.0005887840430493442
0.00019894564497654536
0.0001390184104788914
0.00036284693747459925
0.00022599555600739013
0.00041054338973166646
0.0004091298372713201
0.0005834833680531535
0.00015828765987655372
0.0011155709212785005
0.0002909680802546059
0.00013183633435644298
0.0006426823577259163
0.00015028428860630393
0.00024544900384759343
0.0005830078326622895
0.0009525121320584253
0.0003966801129402609
0.00017823898337384253
0.0005002677564633283
0.0002505568993345718
0.0005604980119842554
8.716889422436616e-05
0.00028381783652760506
0.0006533821458139789
0.00016574941993322665
7.324294923250468e-05
6.160744535807043e-05
0.00023501085326356025
0.0002334356571408078
0.0005852747609938098
0.0003675759864654588
0.00029113658117360284
0.000268406194301532
0.00039480710048227664
0.0005226742955587459
0.0003257056101273255
9.781823136412659e-05
0.00011072338505025926
0.00035989928506093656
9.998828123687021e-05
0.000292521645922242
0.0006453625273282171
0.0002783506044765347
0.0002687328089628224
0.0004520941573007806
0.0004931442703694659
9.925641258094192e-05
9.84391880526728e-05
0.0008529179895923817
0.00021084294299233454
0.0006722329467477591
0.0009767287152913963
0.0005482890254936543
0.0010596480328489294
0.00010339824387541857
0.00017869478799813966
0.00032618453321029003
0.0006790166397959507
4.9108546606103904e-05
0.00037311364502870195
0.00031426227337481556
0.00017088268303599725
0.0016000734115826645
0.00021667623006241545
0.001071902702689532
0.0003051103089306217
9.798768462017261e-05
0.00033621847609988917
5.730105318080637e-05
0.0004823980123877893
0.00015424672968967714
0.00023843630566946984
0.00026760551007123083
0.0003799351640625189
0.000810533376929345
0.000494925060642796
0.0001028432064372919
0.0002701583067574375
0.00036190931083269166
0.0006107207525453302
0.00040629012833946445
8.085212413391271e-05
0.0005500629185269159
5.7604248760963224e-05
0.00022721299223698625
0.0002033095565952095
0.0005202505526340205
0.0006107693092165567
2.6105212487805e-05
0.0005339173591160344
0.00013724393432689935
9.30064055286419e-05
0.00028885854816164256
0.00017098668573149124
0.00035084109776827173
0.0005120035315175233
0.00031224349002586816
4.669165950835425e-05
0.0006876639548300246
0.0004404746285381886
0.00011394566033371548
6.577521051021604e-05
0.00030780160733977777
0.00019080898462542028
0.0005649434819129321
0.0005889726541848442
8.998008705938259e-05
0.0005224689419309654
0.0004264038233211095
0.00012085573981983462
0.0003919726453215096
0.0005768316372239348
0.0001601873506807805
0.000588223709065788
0.00026785300557513624
0.0001793917029434647
0.0003385510838758236
0.00013059957526945681
0.0006188821426909691
0.0001631114591287644
0.00035907079016587724
7.216888477898561e-05
0.0002194256081489255
0.0007047381757709963
0.0006876168829871311
0.0001788330414704915
0.0003296126515107391
0.00029749169685861724
0.0001950201420516724
3.32383449057304e-05
6.652385355868845e-05
4.833648204083422e-05
0.0001679155517442437
0.0005112437067057659
0.0003585990026552884
8.105924869118015e-05
0.00021337509271743323
0.00013556095052484263
0.00019347069644254836
9.29077736227669e-05
0.000356983930081899
0.0002142346556889055
0.0003277710164595081
2.5629395674046463e-05
0.00016217163368776138
0.00030156865306340896
9.714217822058549e-05
0.00018795964142755858
0.0003309756126104947
0.0006260385823321982
0.0003391213260879326
0.001203938804551641
0.0002671536304212732
6.221093621782346e-05
0.0005014994411079566
0.0005524789063944238
0.0005613942302634871
0.00010417781289147518
5.484349441489097e-05
0.0006287429920095247
0.0007864016828850676
0.00017446380543659036
0.00019282938453395225
0.00015747820577898753
0.0005316269497691544
0.0003483275231583556
0.0010951989555132177
0.00012571293642149256
0.0004093425239483114
0.00013818871832808652
0.00019811922113725677
9.423293570617724e-05
0.00016886302643439628
0.00016265287392410986
9.402417268528401e-05
0.0008378867014369215
3.0547375091828105e-05
0.000422317854923288
0.0005249282407897947
6.405289098669336e-05
0.0004501288398752569
0.00026833668631448754
0.0011766529520180885
0.0004165789999097831
0.00016656195433080545
0.00035341655308367777
0.00012460422833527823
9.547385305037178e-05
0.000411700805820562
0.0005049028925982487
0.00018921289899213176
0.0001716683790868256
0.0008104944857847588
6.645375344721008e-05
0.0001143121257708212
0.0006771685625261205
0.00034089623214407565
0.0007226129030459613
0.00027717951799450716
9.619872507200995e-05
0.00042352909974043284
0.00030306168258486025
0.000413732517561025
0.0002841832468312153
0.00015363263693194152
8.544034476608137e-05
0.0005107845690563462
0.0008682857999120719
0.00011214997197425392
0.00017715661614497592
0.0002624341828674265
4.682131759194843e-05
0.00022945644868606568
0.00015735793074201948
0.00027226287822798605
0.00021363581541114705
0.00011067084633774454
0.0003426332889127749
8.831923687999879e-05
0.00010954756514432584
0.00022267412692728036
0.00044437581218789154
0.00011562171384332116
0.00047989244291382204
0.0003142020074182111
7.097079541084012e-05
0.0006759890379120558
0.00036541418883818364
9.149655691248768e-05
0.00028698686807964927
0.00022663623530274254
0.00019463241140679205
0.00019765404319263934
2.369788455962301e-05
0.00021319681804410703
0.00022389251364859507
2.5690556132048622e-05
0.00018946768441851654
7.574677531298779e-05
5.5616505826827734e-05
0.00016873632181213142
0.0003561670792940316
3.8201971586916426e-05
0.0002241884087267908
0.0003446703629834911
0.00020696116110300125
0.00018349100174000824
0.0005590521266695995
0.0004936912404104126
0.00018234758431687854
0.00021521676785514945
0.0001755623857223125
0.0004050503477822705
0.00026520749283634557
0.000281396854885965
9.422442118991897e-05
0.00012756442897847014
0.00011607099059495289
0.00024337495059739434
0.0005503497789420475
0.0005444084721012484
0.00024320589241196605
3.739207364094242e-05
7.211361925554136e-05
0.0002650054700486572
0.0003419214348389991
0.00011141065674707933
0.0002809491456771126
0.000570051492991336
0.0002616306400103191
7.423101596771175e-05
0.0005315754630288795
0.0002587668204434375
5.473913415029599e-05
7.911443490669504e-05
2.757731672562227e-05
0.0006703257785063731
0.00019297009283005068
0.0003657978546493643
0.0001703580519999866
0.00026517778460410604
0.0006326008567349356
0.00026190691718504537
0.0004858277097221753
0.00031513061378990394
0.00011675518060169353
7.662313838675776e-05
0.000371936178589467
0.00046067544436454133
0.0002630715749227451
0.000630613198993306
0.00018289944151959986
0.00021598265690967017
0.00020050519500640937
0.0004147408963805326
0.00029105032662184003
0.0005667736562259153
0.00030047002370398317
0.0003365259081252875
0.0006795499550808506
7.820514648731811e-05
0.0002874749539391135
0.0008473291819873085
0.0003563967524012764
0.00037613782331759267
0.0003514279444397896
3.303428152896088e-05
0.00024068557912753434
0.00021411309800263643
0.00031279652648072876
8.893280071379383e-05
0.00034518998730674935
0.00023503446628599223
0.0003147201364652638
6.830650120418795e-05
0.00010973948552978469
0.00013676418202774262
0.00014670026352296822
0.00046475432478960727
9.146611079568118e-05
0.0001735326445169196
0.00021402699701765396
0.0002703171043962776
0.0005463099386210614
0.0001056561970942731
0.00014445637813382037
7.394587504755538e-05
0.00016631375346897657
0.0004394074253506431
0.0003550842281095897
0.00019433244257673315
0.0011721033359464472
8.2041525329678e-05
0.0001755749592172568
8.375619086553588e-05
0.00014696256646239418
0.0006885215484323245
0.00019237688141757986
0.0005012981320731217
5.0484217831791375e-05
0.00010835421292723932
8.419986546001734e-05
0.00039660498200823346
0.000351711758257013
6.562476684311499e-05
0.0003900780080934188
4.7528851847742555e-05
0.0002800535904863397
0.00019504327420146085
0.0002385288303362927
0.0002822597591710004
0.0002120713268433672
0.00020349592133352278
0.0004033891832431555
0.00027742658927061467
0.0001552410769331953
0.00026768838542275076
0.00014863545705253426
0.000908875242194503
0.000576825207961116
0.0003813388538045691
0.0007311761148722771
0.0004039891693324682
9.362926927886724e-05
8.505697352002587e-05
0.0007412124366231201
0.0003062195588543478
0.00091145526582205
0.00015330003750886788
0.00044607296944384475
0.00023349356266671602
0.0004858588565397033
0.00028560056592070803
0.00018676959397264376
7.364578947683897e-05
9.137469371347028e-05
0.00011289504447453073
0.0002661579491367773
3.832027369486475e-05
0.0004951560870273703
0.00010810208487833627
0.0007113420017318655
0.0009519960956939474
0.00013813263376138938
7.62607998308636e-05
0.00068421982649809
7.205516235503159e-05
0.000105583476871841
0.001001014112603754
0.0004927911008917684
0.00029316403111947104
0.00019491633403002692
0.00039442511886234846
5.718244972076175e-05
0.00013341681908213854
0.0003976511969830207
0.0006530561335926872
0.00024034549460982726
0.00031823164603291064
9.323750544649918e-05
0.0002803608957197177
0.00015619921683779478
0.00031209412473893084
0.0008128622239212943
4.8518597872130586e-05
3.39127150582158e-05
8.007564017365646e-05
5.585132204580176e-05
6.71345041795822e-05
0.0006640038137922133
8.620946578368097e-05
0.00025927422766906837
0.0006593871852609094
9.03885522449999e-05
8.407556185477455e-05
8.593991275064916e-05
0.00018358914911854903
0.00039512047422243085
0.00013688928095585324
0.0001545838577399552
0.00017613335862784278
0.00012190254360495632
0.00034830018323321
0.0003648776445461188
0.00016519854042067203
8.610048282812157e-05
5.792854778474922e-05
4.184213903057726e-05
0.00034196216543786487
7.850674820478888e-05
0.0006600464628775356
0.00013510169023146123
0.00010084349602741421
0.000534079792356432
0.0005786123209153732
3.1644978728352504e-05
5.249408987892254e-05
0.0004254196226642271
0.0001733598217847591
0.00015067055489584509
0.0002458459789905601
0.00101278186920296
0.0003779327921648366
0.0005168315219269556
0.00024278278484521798
0.0002554394631009089
0.000351486198882668
0.00035888224315451365
0.00015790779584248975
0.00040695859095993503
4.597541657155705e-05
0.00028064701637515625
0.00024794058205274095
0.00042173594308952993
0.0003802083486321522
8.993749400239303e-05
0.0007259014478801654
0.00045162908025303555
0.0007371550244009374
0.0003811778794646759
0.0003046268162712735
0.0003176278501429941
0.00020168849441617133
0.00019077463264800598
5.621465731184727e-05
0.0004347044796132658
0.0010403492813008224
0.00015130103217774856
6.720331546562931e-05
0.00013106752360991756
0.00013100388421548477
0.0003630714087933962
0.00028316571699762045
5.443497793829601e-05
0.0005760840424865983
0.00012207855697045572
4.1284641813960505e-05
0.0002816236179563369
0.00020713899370796698
5.427066423868474e-05
0.0004714657702368098
3.288924522695305e-05
0.00014411383373242424
0.00032983751218501584
0.0006832268737779665
0.00016599874267092608
0.0001717446139693494
0.0003705700355202356
0.000611139335422168
0.0006111313126725036
0.00018348524445951792
0.0002834463955560949
0.00046701098737724454
0.0001381989517970592
6.212143169633772e-05
0.00011350141291095091
0.00028659984499607703
0.0002678020285327797
0.0003173308991793473
4.9332704389485936e-05
5.484828703734337e-05
0.00019013310896876973
0.0003974336420539895
6.312589543374376e-05
0.0006438559223405104
4.36961208482151e-05
0.00015831053271905883
0.00032104587599224885
8.779052029427457e-05
8.485893656918332e-05
4.139649805505632e-05
7.320234859293187e-05
0.0001229576532884744
0.0015263600232402067
0.00012915498023194255
0.0005265546796552283
0.00012004742306921281
0.0004001757691426382
0.00011172877627085056
0.0001931117457127803
6.465351608335297e-05
8.027643356784367e-05
0.00018319149163123773
5.347989954062474e-05
0.00034007386951239875
0.0003987814946307595
0.00012707964073472428
0.0006688520756180658
9.642436935318439e-05
0.0001359670944722025
0.00014490404474911805
0.00010267893591334705
8.61282967750564e-05
0.00012918587944596454
5.009194883225418e-05
0.0001708112622677043
0.00025200156902160876
0.0001500792557968517
0.00014278070226071953
0.0002434026914590251
9.872005104147236e-05
0.0002242291863587892
3.104275070666153e-05
5.960398740920627e-05
0.00018586238814020917
9.082716076997169e-05
0.0001167098206942229
0.00013728420982853603
9.580928894331681e-05
0.00033417193567535254
0.00017631143218636147
0.00014231086588752632
0.00013778189289375794
3.1139293480521265e-05
5.871433972052286e-05
0.00012943892005849692
0.0003155002219313287
0.000394668948240629
4.285194347071624e-05
0.00010912710743665532
3.1472183826070935e-05
0.0005057724658323263
0.00018597200511674558
0.0004255604504003728
0.0001363196746186441
0.0002157451329755465
0.0012409368901967325
0.00028172606102483275
0.00022327563366188373
4.838318056476692e-05
0.00062314999891665
0.0012890544298299028
4.949380436293989e-05
0.00028706862771954564
0.00015780846014340505
0.00041475910982424546
0.0003744218055833069
0.00021962946849167313
0.00019179780459974345
4.3965111109963254e-05
0.00011773445823592212
6.933883439680793e-05
0.00014793884042609966
0.00020774412330772842
0.00026655944939983856
7.892158325071369e-05
0.00041909903490080933
4.823450079639598e-05
0.0001576286774105827
0.00017745304245497736
3.487105309864709e-05
0.00017145595809537657
0.0006609387939531406
0.00029059153097286044
0.0007740247270412418
7.798779451386977e-05
2.32929332446204e-05
0.00012132966634254762
0.0003452337629099534
0.00018869410273945425
0.00012238402366195576
3.01252605949336e-05
4.312870390013513e-05
0.0006324958799149182
2.5658027033559497e-05
0.00015092032531007356
0.00016146362085212238
3.862303254659563e-05
0.0004201985069722459
0.00018905496009957108
9.454401823878867e-05
0.0001237296507016493
0.0004299170017614909
0.00026078316176321806
0.00035249884333115743
0.00017724094311119938
0.00017633082777157385
4.48859698835825e-05
0.00035173442109008595
0.0003920637742649911
0.0003202706025167419
8.498226718488945e-05
0.00021713064434105697
0.00016477515395266326
0.0003598046042847042
7.502389737646078e-05
8.681553438514066e-05
0.0002004422740622151
0.00011092783971399168
0.00010425345072396886
0.00016344029001259304
0.0005029462535696498
8.573960492574307e-05
0.001499952560718785
0.000432928236544658
0.00020651202035771972
7.54426506195849e-05
7.036969117123703e-05
0.00018712558880176145
7.442870579670812e-05
7.873935196332537e-05
3.9072131865175125e-05
6.0872273426152667e-05
0.0001613668594781928
0.00016510005986633346
6.495880000895662e-05
7.970733929512108e-05
4.64459610383825e-05
2.953376272331827e-05
0.00016401789175409523
0.00014360889534997866
0.00035084186732854537
8.848051867238864e-05
0.00025423410389293196
0.00031235461213078745
0.00014112267104654107
0.00026662961314851904
9.667393396976676e-05
4.697358937117523e-05
0.0007734365931820641
0.00023421448789272975
0.00018659067898121488
0.00016817159783563446
0.00015934759948046161
0.00017537401972169268
0.00026065909222284725
0.00026723335117000813
0.0002876309076582221
0.00018694344807246587
8.213522458548514e-05
0.00023092651356049172
0.000262179373977975
0.00029280972749697585
0.00015616507723475718
8.941188736045286e-05
6.008142760597798e-05
0.0001556668037304652
0.0004848266734060679
0.0002093434923825344
0.00033673195874007507
0.000133481479507983
0.00015313432742338658
0.00011444533677128022
0.0001698746027212277
0.00023068530898040518
0.0003133308007229109
7.566238987647015e-05
0.00019051533685838674
0.00020243995455975305
0.00024871778009676445
0.0002443371260455878
4.768787641422806e-05
6.482151006921288e-05
0.0001605256753782464
0.000972508849763795
5.735957462030375e-05
7.056068936391636e-05
0.00010078218054889797
3.146057554661555e-05
2.9873274610419822e-05
0.00019815383031020054
0.0001310571324435258
0.00019005796316810597
0.0009058145646427797
0.00013334500814798732
0.00039067571061868146
8.244258315116838e-05
0.00035333919116153255
0.0008383548802811594
0.00021990270070107297
0.0001231036499858376
0.0003706571641825348
2.4849617548313737e-05
0.00019093945313799937
8.686159825276973e-05
0.0003178202170483115
0.0001772849930053832
0.00018342262774858188
0.00016261659156923972
7.178206458495434e-05
0.00018777811840596767
0.00011763693306621328
0.0002762773972474181
0.00028271301487511983
3.361114650960544e-05
0.00015069532047689058
8.4407748186805e-05
0.00026338925334376187
4.839656833388276e-05
3.0634217173603345e-05
0.0003128008264003004
0.00026759494829041143
0.00018164503691771045
0.00015213123879090264
9.813246010137775e-05
0.0003396751768459508
0.0002037642592427857
0.00010736754526843617
4.345497062632627e-05
0.00011080979125769838
0.00011809142856853388
0.00016806094194023505
6.100521964196937e-05
0.000547456990309873
0.00014325797099749938
6.481271833092393e-05
0.0002331041007700086
7.558457545392765e-05
0.0003467668899903171
0.00011197946256320996
0.00042973601909313805
3.9381748518727016e-05
0.0005281054819145581
9.379964765186043e-05
0.00011303818419151577
0.0001463969498741151
6.822531544444647e-05
7.319137193772744e-05
0.0001013441825188426
0.00010482481524905945
5.847113050312863e-05
0.0002025575584153285
0.00011612694859273551
9.535731060882595e-05
0.00015511363598561646
0.00010057270615492098
0.0005177418078309842
0.00012841464420477338
0.00011393191325781404
4.381699522659996e-05
0.0003243986879534425
0.00022300148934641873
9.070790124689375e-05
3.7506538800580266e-05
7.169590647560245e-05
0.00021986213825428105
8.73412308981277e-05
9.004354322947902e-05
0.0002119022700592205
0.00021944494811854153
0.00010050588528574039
9.058179398524531e-05
0.00013155786073234724
0.0004969502968989405
0.00022056249713411428
4.637518051324119e-05
7.928216531708896e-05
0.00013049478918599665
0.00016866257676893028
0.000475654864419505
0.0002871222879857192
0.00031449459590164613
6.011428250538481e-05
6.439330518016843e-05
0.00014142825481446662
0.0001195778873354699
0.00012251308351846556
0.0003842314659436562
3.934966937869664e-05
2.8237953844070996e-05
7.400679115134036e-05
0.00016363657964475729
0.00018807745236523835
0.0005729222095950142
5.795884515522772e-05
2.9526509788102796e-05
2.530120300256994e-05
8.823666220734651e-05
0.00015819036027398878
8.33857796381748e-05
0.00012262135225936773
0.00018934494162661352
0.00020338545577658487
7.444246976571076e-05
9.255022635545e-05
0.00010652000905483856
0.0003223938307626157
0.00020285014312878267
0.0005735297206266156
0.0001398219001029009
5.645566046865029e-05
0.00031712850904940085
0.0001631018107382476
7.301207504501302e-05
4.497099873303428e-05
0.0003961135743970722
0.00035848200885750373
0.00014651710721706753
0.0002741255037286689
0.00011665303572727564
0.00013316105016766478
0.00012041349762900192
0.0005699427127181946
0.00012041389915840153
5.7884272713802485e-05
0.000254702355574755
0.0003762787696354826
6.574591831432729e-05
0.0002987580679162899
0.00034765159120463444
7.828523718119709e-05
0.00010414262971490389
0.0007504331885113341
0.00030867809049525485
3.952263319521493e-05
0.00037487678588787535
0.0003298654998166922
8.836049098515652e-05
3.904783794371401e-05
0.00012971598955229126
0.00011607355208001475
0.00013419899975811812
0.00021676247378295494
0.0003172417826588664
0.0003451693490665894
8.04039708072334e-05
4.2239270009643435e-05
9.290560284358848e-05
8.292347736410306e-05
6.0722631004852366e-05
0.0002994465824435498
5.104442230595719e-05
0.00011723052334203147
5.033017604345731e-05
0.00030161882462931944
8.932408180847913e-05
0.0002452967780841322
0.0001855365117011814
0.00040631567555705656
0.00018619034471703037
0.00012014353812163303
0.00013221860058747922
0.0001687073414988709
0.00022884684448994013
0.00015372831720708094
4.212468073438354e-05
3.386245593722875e-05
3.5661747865555e-05
0.00029558668364824817
3.0593840330967e-05
0.0003810845122938143
4.300420200245371e-05
0.00012618516922581835
0.00018531812025537672
7.533097000003496e-05
3.9146632087718085e-05
0.00032853556387265253
0.00011921990488449906
0.00030488192370953953
0.00019572142354730036
0.00019004918413502702
0.00043991551744690925
7.195459883981603e-05
7.847879224927697e-05
0.0001972841894876628
0.00025755603571095474
4.583001537628303e-05
0.0006485039519826166
0.00021503208326537307
0.0007519119610066884
0.0001842426149027289
0.00033564387431438516
3.593159176365027e-05
0.000329753919208941
8.832773296543624e-05
0.00010560091773928983
0.00013859106682111722
0.0002315195306815915
0.00013020529281836715
7.986004847829836e-05
0.00022634743867884567
0.00020201286135494413
0.00011679189665442934
0.00017634131428747953
0.00021270492016556834
0.00025313216523300245
0.00011852212398561958
0.0005648371666500867
0.00012463108643512503
0.00020496816627900376
0.00034247355106808785
7.277733725941259e-05
6.845477039581887e-05
0.00013033902130873837
3.1987768967737e-05
8.554781955167626e-05
0.00010119135604496772
3.0248838888661735e-05
0.00020190435795830084
7.426836669099881e-05
0.0003941507908093008
0.001057357507784258
0.00013502500811221686
0.0005928356604737397
1.8171842456639015e-05
0.00034083423961062576
0.00023942360152425963
0.00016542418337048233
0.0004868250171062501
0.00021362101575416652
0.0002519659902210305
0.00019677963593606627
0.00011560994023275653
0.00019334331331250708
4.10537448683443e-05
0.0002914351412359264
0.00021957838911164693
7.036464208248548e-05
0.00019837817025401494
0.00015802488337087744
0.00042482237660548014
0.000270047397967588
0.0004701356454993805
7.328700189768738e-05
9.416557530798736e-05
0.0009233463414558632
0.00014197409386920397
8.174002462557571e-05
0.00011409519060232377
4.3105969045119635e-05
5.628590962860322e-05
0.0005045576581654788
0.0002392669788355596
0.00025421010592331726
0.0001610030603157173
7.523812373735203e-05
0.0005493193498733719
3.3489893639324206e-05
2.8396248721662976e-05
0.0005098031215975152
0.00017156259173222615
3.848404725954202e-05
0.000445115168880531
9.899492826378822e-05
0.0007257634658204711
0.00014302052609647655
0.0001854051436892389
9.753221485472058e-05
8.684586155353748e-05
8.145982963354552e-05
1.8999834692206373e-05
0.0002069580468085615
0.00010391721865105839
0.0002372930632343736
0.000247290396819923
0.00018888101223983473
0.00014855005651558448
0.0002194509383013205
0.0004619795078130382
0.00022718037653499397
8.154189454155708e-05
0.0003335715663027527
0.00010538442711558954
4.598128478452532e-05
8.73629045616901e-05
0.00023558979548941723
0.00017188355316076647
7.077847794105352e-05
5.861682159246505e-05
0.000510342795072288
0.00027625597336642673
4.150960204019329e-05
0.00014886397809629444
0.00011697131729368547
5.414622043128171e-05
0.00014188804198914635
8.830880537948532e-05
0.00013186551695457612
3.694938839548937e-05
0.00033263821930264013
0.00028542875358533607
0.00010791139485722629
0.00010318073049508318
0.0003180136605818214
0.0003143483175855947
8.034775439095434e-05
0.00027364666811324713
0.00012479829145410008
0.00022663908634889407
0.0001645570917973408
7.330606286083228e-05
0.00010919389021925675
0.00022711131391469142
5.912578857962705e-05
0.00011873044692190019
6.637399772323688e-05
5.468464408739009e-05
0.0001644422622025212
0.00013346788877044357
0.0001466999715664877
0.00031482343994993124
4.948891571787927e-05
0.00014499318399347817
0.0001304683064127936
0.0004304569911658038
9.886029384674317e-05
0.0001503887336429473
0.00021700115540273238
0.00023316572181396902
0.00013649099125335893
0.00022073167245935643
0.0001631779302587548
6.383589187675936e-05
6.264810173148714e-05
0.00031707683307650785
0.0001186233229102649
0.00026703944800620185
0.00016174312599625697
7.451763158419372e-05
3.9001520958728055e-05
0.00042209312783585243
0.0008079951741741216
0.0003479368699835578
8.896020901706905e-05
0.0001659376497342605
5.130174447338064e-05
0.00019648299105861424
8.825059668098606e-05
3.4589709419145455e-05
0.00035186571857569616
0.00014191417929025014
4.580893882947689e-05
7.400620687554519e-05
0.00011739995942647008
9.05873690253106e-05
3.608102184680159e-05
0.0003860016897858513
0.000777729214445369
0.00020737988380278006
0.00033831596265734913
6.866674556185525e-05
6.880068909278054e-05
0.00025508311823677424
0.00014810468846785716
0.0002693254644211308
0.00019041755594245455
0.00031537872945718953
0.00044949346427473316
8.274037192828809e-05
8.571150783279935e-05
6.470348753876101e-05
0.0002486592149942315
0.00010449553106010649
3.0120812512888557e-05
0.0003992285714575343
0.00010775038881385096
0.0002285945964280945
0.00036165628964428736
8.402732863618912e-05
4.015159456884889e-05
0.0003142605282555282
0.000167557699456308
0.00020319242071101194
0.000159467940473648
6.917746933034377e-05
0.0003036683990196994
0.00023988333771787432
8.221064691896467e-05
7.818903035379456e-05
5.689329554164087e-05
7.934611175013094e-05
6.982374136141824e-05
0.00022713132370033728
0.00011861403445669525
0.0003710230796405254
7.639810297305339e-05
0.00021362108265195697
6.476792137989652e-05
0.00026359796790420195
2.4769995539457223e-05
0.0005828426530567819
0.0003476752727674653
0.00024472978702560295
0.00032720729079909594
1.3004245250892827e-05
2.2779440615151898e-05
7.897770430033561e-05
0.00014577084216080963
7.597063774140572e-05
0.00012599685929096823
3.955612480921142e-05
0.00012295892272407453
9.61530549178063e-05
0.0001056406210298283
6.579386954438345e-05
6.503217624637756e-05
0.00011442960854178772
8.020682891255528e-05
0.00025569123009676554
0.0001396870334916871
0.00018927501605364488
2.389267355288056e-05
3.450760465167994e-05
5.8494641919911865e-05
6.019080464783111e-05
0.0005148180457228601
4.910114275591225e-05
0.00015015582371456172
8.86341335012707e-05
0.00011004383123045299
8.395356969749027e-05
0.00011424219848619384
7.40105859997333e-05
0.00012011649208886564
0.00013891897148977095
5.10083979323925e-05
0.00010934722216193751
4.207859086520093e-05
0.0002243999662485553
0.00013752641147260977
0.0002218290303378967
9.420561014782432e-05
0.00022494007401545782
4.2997525765068874e-05
0.0001581163255555923
0.00011085169461471428
5.621696128657015e-05
9.177102226022578e-05
3.9042645300776745e-05
0.00015275241635193752
0.00040984349925248783
0.00031019469819097684
0.0004342249180662793
0.0003605470597016799
2.717381377901507e-05
9.416631206897187e-05
0.0001187191362778506
8.530591706445423e-05
0.000299796537421809
2.4919308790295532e-05
9.697036348133893e-05
0.00028675563592630166
3.8437342793256025e-05
3.952563229361272e-05
0.00023105051645559572
0.0004579057085077303
0.00011524875467745091
6.644003116611795e-05
0.0001295220055440385
0.00020498994903782796
0.00014590765996188982
9.503426330102687e-05
8.720962992266875e-05
0.00036838585222467434
0.0001736016298476122
4.9423584224972434e-05
7.035051413998237e-05
8.1714860528306e-05
0.00025661349443521656
0.0003666181436700677
1.813458835032173e-05
0.0006970349316818182
0.00021272650796528954
4.98183694571185e-05
0.0001161949553051189
0.000238591520991142
8.771540650496266e-05
0.00034916453820797006
0.00012030776383477292
0.00014774991346481206
0.0001073055785877898
0.00022468171162426517
0.0002126105544637729
5.104394589339804e-05
9.699284276757354e-05
0.0001285250007740388
0.00015409669583586272
0.00018422649705856516
0.0003623871368761016
0.00010400799171736556
0.00016358005915279375
0.00010094439608462314
0.00012086143251443123
9.158231425318382e-05
0.00017927286341674735
4.109400281776791e-05
0.00028900658090648146
0.00014579506182892983
3.937858022894955e-05
0.0004043810221658628
0.00013497935105997818
4.403582054640346e-05
3.719890497286362e-05
0.00038155606823845814
9.486488690218973e-05
0.0002635968577689169
0.00024843421994505545
3.177349449782193e-05
3.054872610920557e-05
6.806680802330279e-05
4.868862524318638e-05
0.00021558247824208842
5.859672714271709e-05
0.00012260114761376622
8.013662130451645e-05
6.421520047698143e-05
0.000224268548675104
0.00026549002346362184
7.614219414627648e-05
0.0001462988715654674
0.0001283112324559847
6.703523652010489e-05
8.077469522933163e-05
0.00022831471902950266
0.00022725248975316258
0.00010201544125009892
6.689570660860929e-05
0.0001814499459266466
7.046397065508175e-05
0.00015799578017811945
0.00011846520409783126
0.00023755697447883835
6.052154833844044e-05
7.800880889733705e-05
0.000256151245226836
0.0001815297956831041
0.00019840006068663738
0.00015605785888119837
0.00011277002668356109
0.00028689332928786567
0.00023068242400573372
7.10712730707512e-05
6.633394756167328e-05
0.00017919332329744645
4.648564986151879e-05
0.000280327662391004
4.754823455761256e-05
0.00017739800320468017
1.1511536361666448e-05
3.012056642039715e-05
0.00029845342559933275
4.837065085769167e-05
6.352999242011503e-05
0.00015548001835637826
6.625769926224759e-05
0.00018564688158057263
5.638532353767248e-05
0.0001347369289754337
0.0001320206846156126
0.0002715623568508718
0.0002558168432496835
4.2111054364329e-05
0.0003298430423255281
0.00015629803238299527
0.00016881095729522045
0.00019409383016970232
0.00010403214910743083
0.00028705030818826295
0.00011049404447734066
0.00017575720803475565
0.0001414658696639441
0.00016170550662557696
5.101638441803162e-05
4.1478751484520145e-05
0.00011433916267339944
0.00011309309950032621
6.219175786666655e-05
0.0004605235089252505
8.395463634955029e-05
9.526596195946576e-05
0.000211152921339725
0.0002969895338440403
0.00013870788848586283
0.0004384427831220619
3.8594074373392444e-05
9.227339772994017e-05
6.615083434204867e-05
0.00015474123174187256
3.897219102576605e-05
5.818681289630891e-05
0.00016145430276912932
6.926190013747394e-05
6.304724380274403e-05
0.0001456260353983479
0.00015940865069160107
8.758804673801735e-05
0.00014037437793939318
5.908554212319904e-05
0.00013882433335545377
7.420696418224621e-05
3.562657184264868e-05
9.837775669626626e-05
0.00013187117239556688
4.1101647054804267e-05
0.00025881084454647447
4.517445596409279e-05
5.343014684967389e-05
8.606527987737949e-05
0.00019799827006542552
0.00010648186187758296
4.061675404557427e-05
0.00033687097950502735
3.507710870357353e-05
7.515584628447359e-05
0.00011198216269309227
0.0001740318572051699
0.0001044572467053608
2.7567776991530414e-05
0.00015388219479030283
7.454769588341986e-05
0.0001466672409467697
0.00015584555065782156
0.0003380746141895651
0.0001064166828427942
0.00012818129162994916
3.3627620203868326e-05
0.00035569011292811524
7.240688932626086e-05
0.00014352565503105872
0.00014650029439307644
2.742874484362735e-05
2.827860268503321e-05
0.00012868904413178332
0.0001766757717400194
0.00019869312338462568
0.00019643090061320444
0.00016569063689482664
0.00011323162907867095
0.00011773705960564781
6.426834374867238e-05
5.409373259445564e-05
2.5094354768560836e-05
9.881439836959077e-05
0.0007176519236188108
0.00035362992361708044
0.00018783050946109665
0.00015817752624162904
0.00022340453793083396
5.991284220674562e-05
5.2097605812168517e-05
8.137166113973613e-05
0.00012689769707858501
0.00035719767217535245
9.304886619211739e-05
9.548163012883507e-05
7.651668761022367e-05
0.0002592008594835811
0.00016876592408611977
5.006553360586269e-05
4.528910899034459e-05
8.427797775131529e-05
0.0002606274667227488
1.5688922137091806e-05
9.556694149836538e-05
6.615656362936483e-05
4.032930024222962e-05
0.00010039752091795304
2.7925335535486732e-05
0.00023448152365188404
4.11411043360497e-05
0.0002135236730311925
0.00019486884628032452
8.506663185321911e-05
0.0002254908821994178
2.7557734463470816e-05
0.00022895290864884214
5.449526029714238e-05
9.097778051025108e-05
3.537555997289633e-05
5.410475302687267e-05
0.00012213402252640593
0.00016116900757759848
2.721789365011665e-05
4.45342311553147e-05
6.875683217285321e-05
0.00038896788681316066
0.00011757589835425568
5.584977520657221e-05
0.0003247263054961247
0.00016969805734723793
9.54726180570984e-05
5.0518614335092305e-05
2.0992879100044304e-05
6.394091426099025e-05
4.840420361172837e-05
0.00021113440274219506
0.00010758567186432769
2.788853615462034e-05
8.773325900656477e-05
7.528441326186884e-05
5.89511692892581e-05
0.00017133772876343879
4.025028699914338e-05
0.0001017949190379802
5.683945180875066e-05
0.0003517525390686626
0.0001818898753388851
0.00018929185717172386
9.654500288361626e-05
6.318068442780935e-05
0.00014791377120828357
3.63269488734786e-05
5.0110974506823964e-05
5.608815886201299e-05
0.00013096731881242214
0.0002341922145637151
3.6013250720159324e-05
0.00019435174787043555
4.898773563581877e-05
0.0003881594663640157
0.00024596652272874605
0.00021393570421601466
7.595855064048891e-05
5.498258705356451e-05
0.00011406567530470018
0.00022321601667418115
0.0002555438036928696
7.425326683170377e-05
0.00014248837504561294
0.00010044087378461291
3.91275595243462e-05
7.440994453279751e-05
0.00015200272230788976
0.00011809669496993655
5.4372740477936184e-05
0.00017514366807502954
0.0001473794646408818
6.471957696645812e-05
1.6821004797163725e-05
3.674901384151673e-05
4.8681933084421906e-05
0.00012039474046508874
0.00017824190385281103
2.4904688489958466e-05
0.0003129171932653147
2.2288575702745913e-05
0.0001540296641369487
5.114601238234131e-05
6.384919642207613e-05
0.00015794511899523884
0.00012877488628062453
3.2085440884852445e-05
6.084639518433619e-05
0.0003732701537822438
4.7404017422392395e-05
6.281431135055223e-05
0.00030028992822781826
8.115035969882004e-05
7.475642032802622e-05
3.31639772182824e-05
0.0003160238242338479
7.238658679739286e-05
4.774333503291111e-05
0.00020487621910354533
9.079816182622413e-05
0.0002664528039070371
9.087921631266022e-05
0.00015818206430710254
5.853056623123148e-06
0.0002792703401770179
3.622417418939742e-05
2.24578407195909e-05
9.252662321818413e-05
3.2420600896265e-05
0.0003064358394064892
0.00011220663526848635
0.00014749804623666248
2.5171930732938935e-05
0.00038650055143281745
5.5249758853092004e-05
0.0002456111693678006
4.4979920956764406e-05
7.56965384608322e-05
5.773485695963934e-05
5.859325507173198e-05
6.218883017675948e-05
6.183188540666557e-05
6.450039766006068e-05
3.7565681940694516e-05
0.00021909545453583742
0.00022768220518909225
0.0003885384276068588
3.9292643475920174e-05
6.47452386383366e-05
0.0001955957884743686
0.00010088208822765167
8.298756879641341e-05
8.37062163522273e-05
0.00014430773786865478
5.958208781250756e-05
0.00011678226027313419
0.0004499924118583832
5.55281502518741e-05
0.00011536496136398526
4.204542925840492e-05
7.629910572667775e-05
9.602071818002949e-05
0.00035630420958800363
4.8016244961516534e-05
4.9115804173462535e-05
4.504936262772105e-05
3.229424997653411e-05
0.0001247266761046896
0.00016763816987449255
0.0001196324029551819
8.028375623690288e-05
0.00021073862523799883
0.00012122762728382324
7.405363782724412e-05
2.819187171605696e-05
0.00013527803093810515
2.9522521638912664e-05
8.890649600393263e-05
2.375681904331442e-05
5.083405337750563e-05
9.538570112328409e-05
4.391090993911656e-05
0.000238148482557431
0.00017145594417687402
8.13347877804453e-05
0.00016842488330367624
2.8851895421089806e-05
7.279111445923953e-05
0.0003453827891962359
0.00015515196405822002
8.051415277215493e-05
0.00046032598970933617
0.00014843482737945693
6.820917373051017e-05
0.0002301640847926644
0.00017356812168071789
0.00013740754758048392
0.000212523128790001
9.865135926533137e-05
0.0003012640490044331
0.00014134266302811391
0.00010956173176931947
4.943509746205917e-05
3.057446670791625e-05
0.00030007808373761174
5.40495835187518e-05
2.1474667658642075e-05
0.0001090561573324293
5.336934129526343e-05
5.311192040810669e-05
0.00018694720506699916
6.418981886432484e-05
3.7568819230100055e-05
7.457376752079951e-05
9.760942265265884e-05
6.68219091393515e-05
0.00023261526870522244
0.00024538397168307315
0.00012900387955907077
7.763227242046377e-05
0.0001103964476612864
0.00022836723710985672
3.0805010166842825e-05
6.372746666753318e-05
8.127617178635795e-05
5.4352882289257364e-05
3.7760142398924837e-05
6.257729403506566e-05
0.00035638231674968034
2.412244757944261e-05
0.00011478192884887811
0.00013682245130504
0.00011701442854285915
5.5640199874499183e-05
9.140545485424686e-05
5.9232226079699745e-05
6.607650611275003e-05
0.00014744083317531892
0.0001354370026052613
0.0002841273510509856
0.00017163749198285047
6.97452825536809e-05
2.459529553767476e-05
4.1656964899198826e-05
0.00020696777912224067
0.00010721276764261956
0.00016996801808637506
5.905357942204378e-05
0.0001841847241263162
5.7358531392958243e-05
3.135616333398769e-05
0.00010709214981766324
6.292931123514025e-05
0.0001754905435691244
6.2683144956716e-05
6.134542467182692e-05
0.00012484162366742737
0.00020070056014505404
0.00012377861509452792
8.55939993922086e-05
0.00011312654255442822
0.00021442724490667298
0.00011957532816202885
0.0001553195716621973
0.00015243508445673338
0.00015317858651502824
9.732587900502768e-05
0.00012163621278524384
3.9781647277281494e-05
5.5577345267478656e-05
3.021507373498452e-05
0.000326222245018221
0.00018845152458367862
4.7354632006775305e-05
7.530308994944169e-05
0.00015112499327138112
2.2855503603666158e-05
5.062731529454626e-05
5.1363276336738156e-05
0.0002069321764078178
0.00017311905129183204
5.033377461900631e-05
0.0001515929259042176
4.2951760758830093e-05
0.0002080838458725568
0.000141168090316222
0.0005247869631850916
4.6839597858564166e-05
0.0002053333010347582
0.0001510449873426157
0.00035501506800567984
0.00019597581348802229
0.0002806467436837579
9.604046151385417e-05
2.708144401717726e-05
0.00010704603575418948
0.0002537970260924503
6.539253708103405e-05
9.499756933272404e-05
4.012115173491936e-05
0.0001729234977086897
4.0732908579909994e-05
6.301445577134686e-05
8.890115980211059e-05
6.581756792715132e-05
0.00016782489346408414
0.00016583010877783906
6.786050157527168e-05
0.00036735955728207063
0.0001864482839929042
8.759196906208502e-05
0.0003123817071730071
5.9977442140847255e-05
4.088305724863834e-05
8.343178330162218e-05
5.4512243287650506e-05
2.5649783194184688e-05
0.00035709798121835544
2.630991506965926e-05
0.00010631833869068706
9.476858050420956e-05
5.9377683734276314e-05
0.00028983088349304796
0.0001984454962938969
0.0001444836315327248
9.872918103791937e-05
0.00020874667820264706
5.879962623416924e-05
3.345251850620655e-05
4.8220279871215154e-05
0.00017138556312158338
0.00012246393544532763
0.00011040387229099449
6.265594522593771e-05
4.4049494763831235e-05
4.601763694283684e-05
0.0001701091889683718
0.00017546580920924166
5.1476229652627827e-05
9.376304221677435e-05
4.892718544680893e-05
4.832669645587161e-05
9.186878287468393e-05
8.356936663256034e-05
0.00012168636802385687
5.71169732246343e-05
4.678207468339916e-05
7.181205338449794e-05
0.0001928253113838206
0.0001054505107939361
0.00013688873444081456
0.00027346443688396516
8.877932006859027e-05
0.00011295466693992197
3.150906197005031e-05
0.00016193688125727885
0.00014551371161800844
9.202095484985399e-05
0.0001389445063876244
0.00018962584129509526
9.304078583261806e-05
0.00010002761047019802
4.409451933401249e-05
4.700268615923982e-05
0.00010245514490653239
2.21764932401214e-05
0.00025520756586418464
0.00013049605607480798
9.026149195583823e-05
8.565581908888236e-05
0.0001248708715105013
6.841191722966897e-05
0.00014289244602550786
0.00016960156662880382
0.0002865467020746725
0.00014290049220752477
0.00018900953974554957
5.519402243636729e-05
9.144825326038155e-05
0.00015712313698119262
0.00012924721485092582
4.794057657699841e-05
0.00021704010659730612
9.452235956364638e-05
0.0002365469800081009
0.00013471430959947588
3.961121585853923e-05
5.647683389810089e-05
0.0004694393392171207
6.944448409266517e-05
0.00012292865154276103
0.000417453625426357
4.849548879682136e-05
6.378997349547436e-05
0.00025150572638038543
0.0002476856016245508
2.8159144077712267e-05
4.6535066038548525e-05
4.896609984386937e-05
3.349650967968677e-05
0.0003656632016021982
0.0004004368756361574
0.0005753935346783862
3.305867870766491e-05
0.00034994122254045453
0.0005684773794205826
0.00014561588415665247
7.366226133048683e-05
7.724102588894304e-05
0.00013629430056753494
0.00017113384890090694
0.0001446586188923692
2.1710895490986377e-05
2.04200819161077e-05
3.608134446111237e-05
1.7847035480217906e-05
9.917436562825488e-05
5.199648277091084e-05
1.8564716606541126e-05
3.703369142409888e-05
8.02748157221543e-05
2.642538438202437e-05
0.00010285768510431617
4.923160541904098e-05
0.00013560123420269048
3.163530158407894e-05
3.6633889108091296e-05
2.232162632428784e-05
0.0001529050116054755
0.00014832382362346382
3.1876675522424807e-05
0.00019759429232859722
5.138854999235175e-05
1.7764462297810027e-05
6.255647967139664e-05
0.0001273447402973826
3.875203926920967e-05
0.0001727589712325417
0.0001006324097477718
3.394931764681704e-05
5.577835853704282e-05
5.8253849532434396e-05
0.00013559161352976119
0.00020612876060422208
0.0002714270371089404
0.000113661756687828
9.948026283305139e-05
5.2058370523134854e-05
8.579634010823574e-05
0.00011129090457521436
0.00014642911872364092
2.610787904569255e-05
5.542835239585425e-05
9.288221749553595e-05
0.00012407844098201174
0.00011308965233052525
0.0006603231761600714
7.75726924685166e-05
3.478512272377512e-05
2.9157673283272734e-05
4.296709912796416e-05
0.00030949431744307297
0.00010087835731096268
2.6602382962298186e-05
9.010626300419352e-05
3.962148902814863e-05
8.941412369125524e-05
9.989741217189042e-05
4.211969784173109e-05
2.98365226200771e-05
0.00016710983278950907
0.0001233246302027415
6.0954563048730984e-05
7.383789380556009e-05
3.59211743012873e-05
0.00014455738018355629
0.00016993975118598912
3.0519275276430086e-05
6.875034710846668e-05
8.405157893078326e-05
5.199085341718073e-05
4.556188797905988e-05
6.251083115729771e-05
7.140683355535721e-05
8.268232383487294e-05
0.00021564840068128652
0.00011024991985948595
0.00016261273842083676
9.443258482722539e-05
2.6268857047003323e-05
6.272426093720052e-05
6.243931596379135e-05
3.713510858037451e-05
0.00015612665987574918
4.9093174902044405e-05
4.160472786360545e-05
0.0003968388772631363
0.00012859675547218806
4.917694858810393e-05
0.00011200451191238858
6.449842598237428e-05
5.135965509352166e-05
9.332529191070834e-05
3.678944171677121e-05
6.997981041337149e-05
0.00018750574695460096
8.7214736057358e-05
4.389756646765325e-05
9.189260509582888e-05
0.00013719618006933522
0.00023611740413770826
0.0001777494655976439
0.00011999513938409032
4.411894592346147e-05
2.501065437091735e-05
8.275662969235562e-05
8.461408991956672e-05
9.987988619668244e-05
0.00011848085987178897
2.666942256429682e-05
7.5785585127866285e-06
7.743410525429942e-05
5.839196140689134e-05
2.9666775901837087e-05
2.612191046296475e-05
3.766582358346848e-05
2.4604774102712863e-05
2.428920793210725e-05
6.0578126399414524e-05
0.00023428272540573333
3.7754061867241654e-05
8.333129808102821e-05
0.00013003682098229898
2.6401452858895562e-05
7.496294995895248e-05
3.7349916660318585e-05
7.096076166551939e-05
0.00010501674986722468
7.80385491713437e-05
7.231460429896776e-05
2.537529457394879e-05
3.069618978665018e-05
0.0001045762992100071
4.64154847824135e-05
3.929095633803646e-05
0.00010282984551363445
3.507142799549803e-05
4.326783942311978e-05
7.411728739800834e-05
0.00025143200059889485
2.9468884872185016e-05
0.0002066657349397022
6.247404707677023e-05
3.652381360880137e-05
4.5652461358899525e-05
0.00048464146244930927
4.219715055603893e-05
0.00016976597399966385
0.00010880902257047493
0.00022599731367561253
0.00014404765566272015
3.9827438740390904e-05
0.0001587757466411358
6.704806513502588e-05
2.9905743033250134e-05
6.40236435799531e-05
0.00016822942282454593
6.050184837600525e-05
0.00010125500653667663
0.0003475624458992918
0.00011795321040866154
9.259126667686807e-05
5.3164798878732075e-05
8.779671949254326e-05
5.674176314392924e-05
2.505100494441017e-05
0.00014272694447819352
6.485429439967456e-05
3.1397634144198617e-05
2.9029083437703455e-05
5.023593665783146e-05
2.8742764651073217e-05
0.000133357031342746
2.8024642871914206e-05
7.842777711531544e-05
0.0001283830264186876
0.00012124255828950646
0.000251816053353978
0.00016604587661379628
0.00015455113707808473
0.00018562121639441315
3.3881480573764055e-05
0.00019939636820596118
3.325082606770626e-05
8.06907880008035e-05
0.00014613528819519284
0.00021043552755256899
4.1834694490305724e-05
0.00016651002478271289
0.00022760444528883395
0.00025601472288884497
0.00018537048664253386
9.371172667804449e-05
2.847316278565481e-05
7.971554398030585e-05
4.164588674399684e-05
8.537444630567719e-05
9.43506279530667e-05
7.335514902782604e-05
0.00012354072540628967
6.065133411784641e-05
1.3738364210605415e-05
5.9226662497941e-05
8.67869793381234e-05
3.465057175620905e-05
6.62277050427704e-05
6.27061778386623e-05
0.00012036019260130939
9.055422052365611e-05
6.121161176810721e-05
0.00037637576318991066
8.11846714344781e-05
0.00016893095766147426
0.00022631898287930747
0.00020031121055325368
3.1551043215325195e-05
5.7028380154894255e-05
7.860612161668211e-05
0.000190540325033829
8.45461419502276e-05
0.00015712104360471102
4.6021364481065655e-05
4.1852794334521585e-05
4.559440003573667e-05
0.00021772461924423437
6.283714848419928e-05
4.7582781477879024e-05
0.00033948152226954834
2.5017860199548644e-05
5.749785010292847e-05
4.6035033841418934e-05
4.565364140728365e-05
3.688013807496169e-05
0.000253138810223619
5.942947718662209e-05
2.5933734492715605e-05
4.125450605081986e-05
6.039566090403383e-05
3.194075754517039e-05
7.340197655760418e-05
4.014683776234097e-05
3.177984393893719e-05
7.090228615125965e-05
4.6956947515779686e-05
4.046778982966218e-05
2.6552089355253868e-05
0.00010677395795526064
4.4042876933394325e-05
4.8319228721095045e-05
5.869435377164983e-05
9.956926874636238e-05
0.00011484199814257541
0.0001897251894055631
4.7254008833004835e-05
4.212858145584587e-05
7.224919937513015e-05
9.393576131434791e-05
0.0001114836716013833
0.00010467895310520829
6.556754741280826e-05
0.0003434202855394119
0.00011685280122064294
0.00015463721742749545
9.028158148318395e-05
7.86635234698878e-05
3.741288953672764e-05
0.00017788512017830431
1.838125860310891e-05
3.913416250415141e-05
0.0001236453741609434
5.304621768042576e-05
5.060855811179322e-05
1.5697418379726248e-05
6.887598808630865e-05
7.695085060518588e-05
5.547580680688145e-05
3.266502036445872e-05
4.5274772990711134e-05
0.00033097965498094493
2.5112128376165576e-05
6.575843544840028e-05
8.642786967519712e-05
4.6286011606732045e-05
4.5690876797599e-05
5.913995131934297e-05
4.659065409022275e-05
5.808953501804928e-05
4.922630618086159e-05
0.00019544938259808073
0.0003698028570368671
8.912733339498155e-05
5.013955767771242e-05
8.777801380107111e-05
5.133626266587193e-05
4.91276440156701e-05
9.82452974475897e-05
6.181743192715605e-05
5.418750874380222e-05
0.00010258592726663818
9.74090670689543e-05
4.4281213213231384e-05
0.00015156327998969396
0.00014362005698661355
9.735588183965046e-05
3.243104993465991e-05
0.00018191244591237606
3.143841033695462e-05
3.670448224031223e-05
5.896098796350797e-05
0.0004360597897346647
9.738920328186644e-05
4.478489099023564e-05
0.0001243369072503803
3.1034248494634654e-05
7.192287170396749e-05
9.669030289299379e-05
0.00022838774655534105
4.7615830971484484e-05
2.6610528268859362e-05
4.3833042902420107e-05
8.165238840032722e-05
5.803689071570675e-05
4.720391704802884e-05
0.0001283086846832003
9.459013196996276e-05
0.0002737567072105269
0.0001101807140205601
7.025517539527172e-05
9.235078678497953e-05
3.118062633410873e-05
9.307937648356152e-05
5.3870717389855166e-05
9.765215542774472e-05
6.465998155211168e-05
5.9730414934591304e-05
4.2834687763579266e-05
3.21448661408309e-05
2.996997174721593e-05
0.00012150969676096704
0.00015217139299486545
6.353359300059175e-05
3.102531857667101e-05
8.257618244183335e-05
0.0002163657195839526
3.2611305632408443e-05
0.00014219915528697352
4.602806656516798e-05
5.09540233258093e-05
2.6843011261880243e-05
0.00011708387572996999
2.6403149132000695e-05
6.76177436283069e-05
6.794151434819962e-05
4.020214888206579e-05
5.541700544210037e-05
0.0001257751282473696
7.111923147572919e-05
4.675284263044972e-05
3.258595202738503e-05
0.00012168486412925473
5.342366745987671e-05
5.626944860831751e-05
0.0002045470344445165
0.00041603978051663043
2.4077032272600655e-05
0.00010158954801834916
5.346359311001123e-05
4.957350710989224e-05
5.0750843895536466e-05
0.00013739655318332916
1.7074648617551524e-05
0.00017082919664643088
2.585805976047275e-05
7.853070854830957e-05
6.980019582880432e-05
0.00014359576447838394
8.787343159805804e-05
8.001441915145283e-05
0.0001330507393558876
4.6590927926511724e-05
0.00011376195415090536
4.6594230745195e-05
6.279423604300892e-05
4.512495501536245e-05
7.07879340689394e-05
6.324566331475192e-05
2.241704058300137e-05
0.0001287571999459467
5.358626383214729e-05
8.061144981583991e-05
4.865225777957876e-05
2.2405029269396094e-05
0.00013703470793186698
4.976926501122692e-05
0.00011029947996082615
0.0001810357074964281
0.00012044162823669257
3.3050482226165565e-05
0.00015211921436621527
0.00021939822606747124
7.352632771766145e-05
5.6657482203053e-05
6.054615054027117e-05
2.013764974748004e-05
2.329079817072124e-05
5.447913234225379e-05
0.00015390759251453218
9.906655084835192e-05
4.2739118726770594e-05
6.483934764486829e-05
0.0001315404753051617
4.860574430878791e-05
5.332309867578345e-05
6.490589776574631e-05
5.713677644569096e-05
1.8169585563005766e-05
0.00011142368317013058
4.654684697083682e-05
0.0001804452940941635
0.00011182450017842599
7.877657938147908e-05
5.099428398114656e-05
6.359790452821891e-05
0.00042831646747994824
3.410828218575478e-05
0.00020958862984875114
2.1027815024746135e-05
8.337411442842911e-05
0.00014697347396893778
6.063084834504761e-05
4.088787039661991e-05
4.612195057536692e-05
0.00011182768550533105
5.4241994514338514e-05
2.0379625323644136e-05
6.372118456654265e-05
6.383123697176717e-05
3.3163480268156564e-05
9.303055698945298e-05
0.00011619308180694666
8.796067435813906e-05
3.0855994152488564e-05
0.0002117208280079682
3.7104159619821676e-05
6.33158994014737e-05
4.577714602988249e-05
1.8030611288168635e-05
4.794860592074572e-05
0.00015672343360938044
0.0002572910942640793
9.323795280367339e-05
4.4205014203854e-05
6.315998653280911e-05
2.7614696500963292e-05
9.867785376422233e-05
0.00016518287554549902
6.527662538124702e-05
5.5839886113534726e-05
5.522329051412712e-05
7.151291794344087e-05
0.00014507348048879682
0.00010311265343105273
7.242290440128972e-05
6.417993033411469e-05
6.117428331056641e-05
5.949146868703474e-05
8.036484342120483e-05
0.0001362100480044351
2.883518607402701e-05
8.783735682170854e-05
2.8578597899125083e-05
1.994343323115718e-05
6.540072407307483e-05
6.147193802163409e-05
0.0001078124989522112
3.32956943188849e-05
5.0224586397910344e-05
7.03811299722621e-05
4.5736666329769326e-05
2.650656327031782e-05
0.00018669472065308243
8.590428222304525e-05
3.791962556223119e-05
5.388066400910782e-05
0.00011426398382383463
2.3333097115729445e-05
7.266767721079748e-05
2.55698996741122e-05
3.147449201594368e-05
3.984093698482851e-05
5.4475607479726186e-05
2.4126860096069936e-05
3.7979947921641385e-05
7.808825844483582e-05
3.913434963087439e-05
0.00017454716523916992
9.696213809560492e-05
0.0001325968128295836
2.4652705873426608e-05
5.9806476202483394e-05
0.00017628896209848
5.3250738816959136e-05
0.00031973132550655315
4.5936067056885884e-05
6.836761552539352e-05
2.872200304819234e-05
0.0001017610769252073
4.682548229031869e-05
0.00029093359680723775
2.290946339156725e-05
0.0004109549504678769
5.244316831100388e-05
3.645276387181357e-05
3.0524418302471106e-05
5.966406010915084e-05
3.2959496845535546e-05
4.417922180876985e-05
3.871079729616072e-05
6.201949039623668e-05
0.00012804667238822888
3.204044067005464e-05
6.349180807566559e-05
2.529830001289558e-05
4.080885158730549e-05
4.209384662009733e-05
6.357100185776617e-05
1.637962256059073e-05
3.6307371500623426e-05
5.861241425304776e-05
6.517411891269982e-05
3.68342855085204e-05
2.410780155036539e-05
4.417639214547166e-05
5.020328233678401e-05
4.575223848291961e-05
6.855149728748876e-05
7.101675934228125e-05
4.718827246028606e-05
5.389782239271199e-05
3.0348241731538755e-05
6.990357927952899e-05
1.8890493065223975e-05
4.0098134608625436e-05
4.5107140455888396e-05
5.307844463353197e-05
4.887328805712411e-05
9.790466986674244e-05
0.00017793571341369533
8.376785736153427e-05
0.00040254500299018555
4.599958152991238e-05
6.600745092516595e-05
3.500469559894016e-05
5.155074910050565e-05
0.00012041102141394719
3.2781172162401594e-05
3.559226634188677e-05
9.224251094734401e-05
2.995598633760927e-05
9.60611628162991e-05
0.0001346519201483637
2.904772711481863e-05
6.682469334320331e-05
3.4973696690829165e-05
0.00019333188276186443
9.505643151261013e-05
5.506769983426042e-05
5.6165867475802544e-05
0.00014679381414428578
0.00019876955712048842
3.8119013149727745e-05
5.5437147402271336e-05
5.562422221182275e-05
5.386325418111584e-05
6.036413811534864e-05
5.207609458341763e-05
0.000335004229668139
9.365348902912911e-05
6.75714842068726e-05
0.00016108707967398442
1.944584514553645e-05
4.383336531218285e-05
6.0616603114455835e-05
0.0002510403037177714
0.00017688757625068834
9.944702483984661e-05
0.00022864993871272272
0.00022840736806518222
4.7562660794397305e-05
0.00017864229208385503
2.8893811935989185e-05
0.0001057162178652863
3.5768134461778294e-05
0.0001473741514332713
9.958237421395466e-05
4.562857993520362e-05
5.201525043114351e-05
2.329765165355724e-05
0.00017779463029395865
5.862286238552989e-05
2.225149691828893e-05
3.997408777607866e-05
4.3044847169302527e-05
5.097042177519132e-05
2.406264418065186e-05
8.323553079842817e-05
0.0001982286315939154
4.13116099594185e-05
0.0001085240541604859
0.0001254487689660009
3.1542062906944245e-05
2.292236456388326e-05
0.0001925806857440863
7.067236359966877e-05
4.3917355769423985e-05
4.812848563645231e-05
1.4339121712295939e-05
7.493646157624167e-05
0.00018130859397121285
2.9448783556771722e-05
3.409575157427914e-05
0.00010453728201562161
6.007644272654189e-05
5.545045492760656e-05
2.877592399067942e-05
6.564757287940634e-05
0.00018245098643167296
0.00011936100017776732
5.1601197597154936e-05
7.268364214468601e-05
7.121846111860257e-05
0.00019507705163955381
0.00016251134243928301
2.0857112409642352e-05
3.35738053092641e-05
4.417343012769269e-05
6.767746461059172e-05
0.00012577095243540847
4.038342791444725e-05
4.8513562196607526e-05
4.768892162683623e-05
4.61065260810333e-05
4.3619638531201414e-05
7.395805218393689e-05
7.633560661362617e-05
3.557643169189423e-05
4.563276689091636e-05
0.00010534819184388231
6.038434452925558e-05
6.372287045397716e-05
4.2463304484444246e-05
0.00010927113742955965
0.00017788242580514386
1.9401891519434552e-05
4.632392688074132e-05
2.5091334266835173e-05
3.4465967354449104e-05
4.029792933828567e-05
7.874925272025064e-05
4.524100812706484e-05
0.00019795376585107029
9.800148070249464e-05
0.00021972126882235249
7.57972495254901e-05
0.00027257784888633663
0.00015646431374038993
2.8282875651362165e-05
2.5675223720233932e-05
4.883101819073892e-05
4.261191158970102e-05
3.7812441639630245e-05
5.5745567128952194e-05
5.0211794503919676e-05
6.765908620424052e-05
2.7539409039887917e-05
3.025988599265541e-05
3.4635813713712686e-05
1.9606779407242693e-05
4.696511315884598e-05
1.950071317430793e-05
7.585870199356563e-05
6.342882003861674e-05
0.00011487141962532088
6.087647769555121e-05
3.303449572674254e-05
3.808106103373617e-05
9.257883483000411e-05
0.00030576695824844496
5.785237999069887e-05
6.242753198845382e-05
4.529397162255479e-05
3.2215738224211554e-05
2.9924091511567062e-05
0.0001221562733698521
6.536175430013062e-05
5.297950516773743e-05
1.1007279057822697e-05
3.534224937323766e-05
4.1236688376575004e-05
0.0001057304307676329
6.700861511170827e-05
6.603580935592234e-05
9.92584673480744e-05
7.936204856648015e-05
0.00029236555428720966
2.2801464055604908e-05
3.4471030044067544e-05
3.961179735593925e-05
5.20760235724038e-05
2.303221938777705e-05
8.202596042277301e-05
3.0791999463451106e-05
7.976589922253785e-05
0.00012613509000470685
3.852000417921556e-05
1.6476891370525093e-05
0.00013098163287304895
4.728720115231984e-05
9.160887588358774e-05
8.139015178068407e-05
4.066871384362385e-05
0.00012247003133868491
0.00016383236980389187
4.11119192089656e-05
0.0001450961624080759
4.564163410513405e-05
7.580623748487839e-05
0.00012485922185893707
2.8312757384924345e-05
2.9226852876146044e-05
6.983373641325527e-05
6.083988829667139e-05
5.092562015790267e-05
0.00026381315006153357
5.377573471629517e-05
3.8341562882119886e-05
8.269387007527995e-05
1.787135847953295e-05
4.174779635763743e-05
6.935533508845861e-05
2.3448806094406255e-05
4.657726065153326e-05
3.826695789371194e-05
2.2830508614582983e-05
9.52789287947318e-05
3.5559845353104835e-05
6.0371189210482875e-05
6.175436900745928e-05
0.00022001603830691053
0.00010117807055132895
0.00011287033886666741
4.4534613453471924e-05
0.00012611859871699893
5.6757458172189017e-05
2.8909461445491e-05
0.00011607388676873347
3.662346733365391e-05
0.00017821316092015912
9.272096830536103e-05
0.0002949497152019597
0.0002023551011910762
0.00046411568328506825
0.00013744330027438148
0.00010693550456419763
0.00012614731996028964
0.00017408153553285014
4.425214248081229e-05
0.00016414176637160883
5.0505577657977826e-05
4.5834008109831954e-05
0.00012625213664112488
5.5243072931897723e-05
0.00010708280114238987
4.081220434668954e-05
2.1989556272919897e-05
3.699297245850538e-05
4.2661495360364466e-05
0.0002101531470914911
6.039859767553058e-05
3.3974686315559435e-05
0.00022709156025367064
0.00017622062858157225
0.00017027865246483343
3.16316045026168e-05
2.8494752518301807e-05
4.3056262898394605e-05
3.8100771239404044e-05
1.8131317305611924e-05
8.24388866562498e-05
9.661222858317347e-05
2.283934591209884e-05
9.650667166643374e-05
8.192499776184927e-05
3.7644991364714645e-05
0.00020653012667731836
0.00016232528104302804
4.581186824910621e-05
5.293757427875904e-05
2.967485787843448e-05
8.574391061203666e-05
4.53127300025013e-05
0.00010870454411130727
8.03456228129137e-05
4.583707563194528e-05
3.2893807674947985e-05
5.210741698048425e-05
7.185793353142641e-05
5.298105945359225e-05
5.4259571086239466e-05
5.007862924837561e-05
6.739371288517426e-05
0.0002190583394301582
3.094825719463472e-05
4.564028510071379e-05
3.5494915991623435e-05
2.213533125526767e-05
0.0001747786904491678
0.0001662457260141198
2.563764042401941e-05
3.6316880706247896e-05
6.86438950715858e-05
9.13935019639892e-05
0.00011251752599341597
0.00016763304770966484
3.787574425927462e-05
5.342755135230217e-05
4.6154430414382255e-05
2.169438608729497e-05
2.8652936554410203e-05
4.5362391538870286e-05
2.3705973413523988e-05
3.117917279048323e-05
6.764270737325275e-05
3.0055836200299236e-05
7.517146206227156e-05
0.00019835286447412399
0.00010618075355725992
5.0717806146893376e-05
2.4470582460198956e-05
2.4540050820806404e-05
0.00015796376462683955
4.471260549489367e-05
0.00011523671476159398
3.968061080785874e-05
6.611286609166961e-05
2.268934964848568e-05
8.147230079887933e-05
9.519067150192292e-05
0.00013863825530234937
3.198862299719634e-05
4.816167626306068e-05
2.2274896487345934e-05
0.00018177861635062116
6.324131988796151e-05
8.222587224465203e-05
7.307653652916916e-05
4.7467501375974956e-05
3.87705825691253e-05
5.790966127880107e-05
2.8479824682228593e-05
3.3979067160679674e-05
0.00012176734966067334
0.00011960608541076216
5.6231158306833406e-05
4.3730721789672203e-05
3.707078911259356e-05
6.273141377489084e-05
9.806205210614959e-05
0.00030364319078976363
3.2527117752208634e-05
0.00021980902562585003
4.630744365921364e-05
5.06873000807863e-05
7.84565644547158e-05
6.877581502050689e-05
0.00021045507050540825
3.550045536236766e-05
4.642922989597963e-05
4.367599124110959e-05
3.357387172038169e-05
0.00010433173429422799
3.9664965231947055e-05
9.267857549987614e-05
3.165622000942449e-05
8.931643953655991e-05
6.289312610743304e-05
4.028064561225797e-05
5.259308192519784e-05
5.204423232668198e-05
0.00015608718105702605
8.971654755335634e-05
3.474734409460233e-05
0.00015107259049990693
4.490310686305384e-05
7.244845924262115e-05
5.610450010931758e-05
3.73120648816455e-05
4.087861443061201e-05
4.0709496574892235e-05
2.619533230111922e-05
2.7927665549789924e-05
4.736748471013259e-05
0.00013933979145480029
1.7396099553893863e-05
0.00012893128147440072
1.7418588729748256e-05
0.0001567044197878397
3.2920311844805556e-05
4.598535584505615e-05
0.0001261341864160486
2.687116556560804e-05
2.4893673987783458e-05
9.321601247962048e-05
2.340185525975267e-05
4.738525821282772e-05
4.036905999975266e-05
2.7331552119803594e-05
5.8699021026928606e-05
3.327430560365472e-05
4.354861060855513e-05
3.960920267137847e-05
4.4439546636291136e-05
3.9581640250501344e-05
5.283554055455412e-05
7.23908070942257e-05
9.513359408738099e-05
0.0002650211898454631
3.755886310073248e-05
6.14341567431425e-05
6.726584210355563e-05
6.243066909190532e-05
0.00020413180680903996
8.628529214922172e-05
2.3308139782555608e-05
5.05918819059896e-05
3.554766493995825e-05
9.9942584520204e-05
0.00012582408693103073
0.00023981143604175325
6.513690478170879e-05
9.516648553728611e-05
5.58564832026764e-05
0.00014507125849415065
0.00030923623547531086
0.00011639408122797538
5.225788391690579e-05
4.7077058792851437e-05
0.00011833496061293622
7.624276138380342e-05
7.101500150493871e-05
6.783878639233468e-05
0.00011301854446895065
8.166929521329365e-05
7.566193752485475e-05
9.400298190188246e-05
5.387545935259252e-05
9.376769258833107e-05
2.950690914619429e-05
4.5097898953482216e-05
4.846666678499085e-05
8.90840784335519e-05
0.00021080471795725605
8.136557279658466e-05
5.9069835252557805e-05
2.6592268844120355e-05
3.979765813154678e-05
2.538070679222064e-05
0.00012024572085240375
4.426170839602575e-05
5.285118097883609e-05