0.038395974893702084
0.03142396126546374
0.027553694201022473
0.11417550804172397
0.08528575800098523
0.07491974630289866
0.04717049404485675
0.04161684813985897
0.028397984666692556
0.07481850949434736
0.01911476023617884
0.03189777439193143
0.0118132781224095
0.04662535164201843
0.004710203393307022
0.006790899506624048
0.01155545197686461
0.006172554683263446
0.044385011351337045
0.005086138126395447
0.04278836647472128
0.020787367063861147
0.0027799678936925583
0.016471511566382664
0.013661642994635414
0.00765294334711573
0.007838898384648024
0.010607856986038442
0.005246414163097412
0.004748113697617193
0.004467423431147524
0.011975373885177254
0.038431986909173904
0.006072733786353815
0.0028891977636546235
0.007408901381132858
0.008104965048538791
0.008244803694473288
0.0037942064019622274
0.006970639115480203
0.006751298075440801
0.004193391595551525
0.0025559460983389237
0.015647584024111396
0.0011223714115267962
0.004893533748045218
0.010354220344947476
0.010423311187486737
0.011247482716500267
0.0039986900737250955
0.013971129340562008
0.0040816505145740605
0.0031686967805755915
0.009793183196760693
0.006054705839048719
0.002384057606299218
0.004333606742316298
0.004732044851447201
0.0033663662713651027
0.006299279183337941
0.009579371136056725
0.014211431961669806
0.001556943040666044
0.0016334154730750573
0.007072374758074966
0.008968268896791542
0.004049037996588663
0.003872548569301003
0.008144804203906128
0.0029463558954476153
0.0013676601059240557
0.005474648621339855
0.0008906880526626262
0.00808576955769359
0.0009211145191115132
0.003827421524039759
0.007726120795723958
0.01061901477967343
0.004950264440563145
0.0018676527126817578
0.003549539479406213
0.00401536866473244
0.005013602399341071
0.002598281378389382
0.006101399104456344
0.0009998104173468067
0.0024094549256353146
0.0038416290099539383
0.0008544550178342037
0.005837318154445488
0.0026944822722866327
0.0021525750144745248
0.0037198284311501456
0.005853358876129023
0.0011739193666157747
0.00340440923929857
0.0013394309373326238
0.0053767922881772815
0.010658072788716109
0.0013616814956722736
0.007439369288319339
0.002470932310070268
0.002355191530682231
0.0005177365765213534
0.002224408540860657
0.00592205780984849
0.000935008145013233
0.0049924062089236835
0.0021029592547925796
0.0020000697731163263
0.0028662362155740606
0.0028020358511344147
0.0020797899624267575
0.000600316031254802
0.002246091589483763
0.011028637097560459
0.0019596229544010576
0.002159509561870957
0.002072042888941989
0.004081526525143722
0.012434799240892748
0.004452532459736919
0.003447836070658153
0.003691962319452208
0.002518637047009601
0.001613899528998656
0.0034883329500443898
0.0012529847301513857
0.002904642950847282
0.0007702161153120518
0.0011800887298793986
0.0009386506736362764
0.002867977348738143
0.002107557983059047
0.0011728574041069456
0.0007396060720305356
0.0021496613847473015
0.0023779756331105727
0.004522957653784418
0.0011726455485438737
0.003240955320036476
0.0019167374618795185
0.0032608262127431236
0.0011939341805999037
0.0016760944605448674
0.001960206041947559
0.003438099251152152
0.003187951254194758
0.0015720499951222932
0.0020305634043146833
0.0016817024905812809
0.00228017663225161
0.002111725676188033
0.000456828826138749
0.004139922627215686
0.003239068693133144
0.0007195086603769926
0.0006819524970222646
0.0006961710269824178
0.0014237690541720857
0.00030440120529396015
0.0050920929617346965
0.0005083824688645861
0.0037723724322203406
0.0005908250044166048
0.00156354665894084
0.00017646764363024275
0.004400626735189379
0.0035890169844332164
0.003315430404837801
0.00198427740077525
0.00037933573736133026
0.0005594772050354966
0.004257308900976899
0.002997949634821162
0.0007430200455560452
0.0028334495963296667
0.0019003345456372748
0.0021811815420423714
0.0007338904641584732
0.002689552245414732
0.000915341543383882
0.001520875598332972
0.0001889036216091672
0.0006807879663287526
0.003945460841276285
0.005967713048937405
0.0016581403607685702
0.0008869724308463577
0.0018784655407559623
0.005492304448690232
0.0005911942648801796
0.0015121419731052787
0.0007892095908644059
0.00103254362753539
0.000984089354562189
0.0023760302495374574
0.0011091032986253568
0.0023604519720271566
0.0016123282706884394
0.00531253016090626
0.0018009919520971928
0.003038827604411222
0.0017221408341749314
0.0007886136825772808
0.0006053597590306344
0.002449967013065086
0.0005506163921914429
0.000732011896392261
0.002152228410419911
0.0016458541066973185
0.00172175677495631
0.0006076205528415637
0.0018169081063077917
0.002206424318812119
0.00034541018426817026
0.002098689992874945
0.0003406284082805953
0.004297236853024447
0.0015109443521199068
0.0019058115276116279
0.0007696466906178966
0.0007174432085444334
0.0050573547794397575
0.0026348408764685634
0.0011502857582490439
0.0011420711279618025
0.002127168019023076
0.00421789367299514
0.00048009760221008564
0.002832900219639295
0.00045928169649440856
0.0021805802266150883
0.004618667591795033
0.004154458038122279
0.0018638334773211885
0.0005325767937119266
0.0008444174275632968
0.0016737607044539976
0.0008811834687414801
0.0010977050160436857
0.0009757879630016386
0.0007617460378236699
0.003101831678830561
0.0003736653625678135
0.0010887507146471343
0.0007402619536137502
0.00022001325226751408
0.0024430961068830823
0.0008050587327697009
0.0011754191601389898
0.0026894319612198216
0.00041644675986493297
0.000977635653468251
0.0016857928474825201
0.0009362233378765104
0.0029073579848445234
0.0011483953417680923
0.0007366316628843856
0.0013797589583521685
0.00040145451755925043
0.001742755762500965
0.0002998842037386268
0.0003402436382774904
0.0005849960168876982
0.0006305898194225194
0.006688530508606384
0.0005445848854176371
0.0008552226249925708
0.0012820704871519288
0.00037421077008517297
0.0026641150810707056
0.0008654823973167484
0.0016739297039512085
0.0013386046878580402
0.0003878643916288085
0.0007414020957804703
0.001301114478178527
0.0017355800182540261
0.0014223035043180454
0.00015824569393251578
0.0018707591456792888
0.0010443486715728185
0.003929013204172521
0.001027589936794004
0.0018918574701883306
0.0004956154519039376
0.0011088039349406327
0.0010858644531168602
0.0010247920662207854
0.003122402429625613
0.0010136452319799245
0.0013071639442621577
0.0011037115872429171
0.000448788667356111
0.0008541283785550152
0.001418655076224346
0.0007996173559739251
0.0014484129180062822
0.0005586137061146528
0.0012839077924862348
0.001057603711659519
0.0019547839772687333
0.001165980030004664
0.00022138250962144214
0.00195214510840844
0.0035201508409193187
0.0015477634962768464
0.0023943956933613684
0.0015045500923733372
0.0016161644272767069
0.0033291821753037645
0.00014813753270809165
0.0004675985626863133
0.0004441456199835917
0.0014848403178609173
0.0011132134898369337
0.0004100348602910207
0.001511632707897749
0.0010809592496523368
0.0002939486458159328
0.0009718603555986699
0.0020245489760018606
0.0006097150971575504
0.00105542280505632
0.002134714426169763
0.0008825025383454905
0.0006986568076828666
0.0036572551028382087
0.0006143549712001394
0.0034757097059647684
0.0016265908974454556
0.0003626661131939709
0.0005594220654102752
0.0007599553900454848
0.0029785544886969805
0.0014405877855320976
0.0006849493905238626
0.0005629016753415548
0.0014380636412908545
0.0001654224240535758
0.0017987255388008665
0.0004020224805107795
0.0005820563118127711
0.0007146257695503868
0.000560399503847558
0.0009248906896691051
0.0003147008441774263
0.0009110692267424074
0.0004650485039950785
0.001360166086018315
0.0007132986839190569
0.0007333410158777704
0.0006931047746865163
0.0004933735404965856
0.0014749497079823589
0.000761239154749163
0.0013988701495785722
0.0019890907998519457
0.0005797817462801224
0.0006735083300665407
0.0010169287509407576
0.00046072459501977876
0.0008031008909064455
0.0022718116064453686
0.0033822186247310275
0.0016781544921357278
0.00021006927223176159
0.0008054069044475371
0.0015918773074382493
0.002193096469985457
0.0013819010745650276
0.0008658544688979341
0.0002201737719022005
0.0016836956751729876
0.0005434528582734761
0.0003016537202414051
0.0008002257341980203
0.0013034935959988323
0.002234881577626033
0.0005927607378282911
0.0008967121204434334
0.001918679187653435
0.0005276272053163317
0.00010631838028623247
0.0011210049615745785
0.0006044570087606827
0.00030580875590826515
0.0009677429290337575
0.0002473407502895954
0.0013614538377826981
0.0006261607331586647
0.0037507486092971695
0.0005706196822196382
0.0018449077354651545
0.0006856584660064333
0.0015990835238391852
0.0005864663930484601
0.00021440647808013578
7.048687722638077e-05
0.0020776089180002807
0.0009903331518804088
0.00035394366964342275
0.0004752816809404009
0.0013424401552260738
0.00012725287163115024
0.002190339815536953
0.0005391003031975681
0.00072359248788046
0.0003572571582268181
0.0006686579801962004
0.0014068261955005833
0.001910971123474506
0.0016139271924624254
0.0011452801276624106
0.00037880934412855483
0.000835608205481449
0.0011302222181187149
0.0008948614943159919
0.0005920890126459771
0.0003294810196435896
0.0006725077570837226
0.0019380575637984762
0.0016828744077522324
0.00022943364812670543
0.00035376988388299754
0.00046017275720965675
0.0009570367535733902
0.0004082355716372764
0.0006236848665683719
0.0019172852962827617
0.0003270098368543898
0.00017621302141895462
0.0004395944240983953
0.00042878165543916007
0.00031642447019909634
0.0011020871445933307
0.0003209874252720823
0.000859905468659659
0.003158759686048084
8.378875118603798e-05
0.0005445492491448166
0.0002793517713371041
0.000730621565167429
0.0014472679470955646
0.0010911247645740238
0.00015584766748612266
0.00027342528993924
0.0004711247731709049
0.0017529271921140307
0.0011276333021790993
0.0009796908863600189
0.0007423411014776766
0.00017663333098827977
0.0005794919686278913
0.00018300066596124026
0.001684748571618474
0.0018760753081288294
0.0010586949223026156
0.00030474362115237184
0.0007193827171712524
0.000176206548891235
0.0005369118793312322
0.0013941814100759734
0.0007580615306419355
0.0006887724646380511
0.0014876131051781661
0.0003153788589694612
0.00013192015825314073
0.0011518255507353583
0.0006630344309992711
0.0034338256927102136
0.0003433203751111065
0.0007578967409819794
0.000897058987045556
0.0019194336911042098
0.0011954635364787984
0.00014644678440886577
0.00021057742616970205
0.00012870322471049606
0.0017912574193266648
0.0004810382743429349
0.0003908280119594823
0.0006708396970131544
0.0016590069624837368
0.0006516972811118188
0.0005456074831844144
0.0015630918756856984
0.0001688570795888942
0.0005120917731463954
0.00047534324139047107
0.0017930423899929695
0.0004758916124255046
0.0004957678460232241
0.001621603200689142
0.001186867920228928
0.0005436006124817699
0.0025076834808029596
0.0006123078888058836
0.0003802683965110565
0.0014668935011731077
0.0005701517232648975
0.001012698839629082
0.0012446699351861387
0.0003230655105797547
0.0010301285709998656
0.000444008054818244
0.0011110212131658411
0.0012011624665291504
0.0004622189099090639
0.0005321022636167616
7.594876700379935e-05
0.0011408837103836457
0.00023751753958051194
0.0005955523884299659
0.0006545781942063596
0.0004404046612744912
8.12811655179651e-05
0.0002394761734992832
0.0004850561752720276
0.00014525935512780963
0.00045128853480688876
0.0007525087047994734
0.0008401535430661826
0.0012096776614770007
0.0007029817252884249
0.0006987963557434481
0.0007342504940113762
0.00029824394486619235
0.0010707930424682802
0.0005314851321027958
0.0002867874082705476
0.0013042454401215819
0.00024323412518971186
0.001038796985631919
0.0008003686095605767
0.0022869020198208224
0.00284615966152764
0.00021029887400353858
0.00010543342818415661
0.00039193920474044774
0.00028334572269960606
0.0008146296956748416
0.0007815879603796171
0.001372736652158423
0.000784217594880281
0.0009959441574305488
0.0005041268327995379
0.0006771465014377695
0.00019584133997010725
0.0009344562012373936
0.0005171026857636526
0.001353381928018686
0.0014296666514770535
4.578829630751949e-05
0.0003046847387912247
0.0004233969625495562
0.001484344963676704
0.0005700298411272053
4.74010065377126e-05
0.0007822072300484743
0.000446137409994751
0.00012532665089116338
0.00024481898041158807
0.0005339548936276213
0.0001956334088327428
0.0010891737509864871
0.00025515177167289156
0.00015590775200252573
0.00012935383104169072
0.0018502298129952494
0.0013665614686929671
0.00014714903822980475
0.00044407858520601325
0.000490291111962006
0.00041091839642451417
0.00013663038307392113
0.0006280383417336216
0.0002271547544922377
0.00028235498250198907
0.0003272378313995844
0.0004538282324842212
0.00025860115812748307
0.00047390533672366235
0.0003395465091570729
0.0013029484940004971
0.00030238552854848695
0.0007555697549806286
0.00010421264567486723
0.0014207042038327262
0.00036030813701952197
0.000244307351060932
0.0001234060394784617
0.0011917116880901374
0.0011740637752764818
0.0005162640260883237
0.0006477908219221444
0.0006751982358052076
0.000606788608225424
0.00035955996302527353
0.00026104198599735825
0.001922937638359337
0.0004741313306417943
0.0002497737725574393
0.0010596986209033556
0.00015965574147145127
0.00041358096077031013
0.000360665139637024
0.0013899299305719633
0.0007330285246859262
0.000562773840798437
0.000426790035321253
0.0008787302597055328
0.00024271105501388204
0.0015865232393643838
9.307656471507252e-05
0.0006159102979878706
0.0013339024908127252
0.0007792130307361697
0.0006057005063052397
0.0004854226031884686
0.0013637000406168998
0.00037891504346219344
0.0003835224905201792
0.0009190464990393848
0.00018058480169042164
0.00023436620963712982
0.00013518174317542748
0.0007549554529558947
3.19430379737693e-05
0.00010812263892860611
0.00022375878590598098
0.0006800855620777693
0.00034014749346513964
0.0005293668587830237
0.0007011009730621596
0.00045930846639333743
7.684663409437963e-05
0.00033296941572586076
0.000880589087905353
0.00045246860482286283
0.00038452154769592195
0.0007957214306567428
0.00019838562320919248
0.00033244172122774663
0.0002973415521462498
0.0007107131890191915
0.0006155069002943127
0.0006368754937699534
4.948854412722838e-05
0.0003436755996720998
0.00043451395202336827
0.000435751328423123
0.0007968165127338969
0.00046157749471604034
0.00219506337627125
0.0006624135573130607
0.00015204075952087286
0.0008451435667415276
0.0014545780190739605
0.0009060572358745231
0.0006286234129058175
0.0001035264625073647
0.0005944932956633231
0.0003325692628190463
0.0004355491568934606
0.0004897021693044911
0.0019395757191596578
8.561511272704063e-05
0.0005580447196263999
9.928049666006481e-05
0.00033245288292985543
0.0005400857054499458
0.0002205808528067001
0.0008295228482905759
0.0003594320044107635
0.0014061942068770213
0.00020221309855546866
0.0007144421347830961
0.00029594653417720627
8.705669034306443e-05
3.986518438946926e-05
0.0008667468516066589
0.0005669934470324364
0.0011250572865617973
0.0001614304799303663
0.0003744378408914746
0.0008484876847273599
0.0009577970941591449
0.0005120952200310965
0.0019439781621194985
0.0005827361071642866
0.00025428000900890057
0.0007924328616358772
0.00020398611274797537
0.0007278736281351941
0.0004228287033029757
7.949165592335766e-05
0.0001330214467365947
0.0005292044273025562
9.141807106623815e-05
0.00017896546496669726
0.00033688078612344804
0.0006511711719026309
0.0004055229732776229
0.0004172294044891166
0.00012541476961593098
0.00028875920091747784
0.00016719766497491558
8.912833584420252e-05
0.00016695896444058822
0.00035395694899531657
0.0007535534085985658
0.00042533429004348617
0.00035917553792940647
0.0022697523361509164
0.0009017722880139233
0.0016400950430539042
0.00027023389338253065
0.000202598810481252
0.00039257634442596453
0.00025036290305550235
0.0009203882541692486
0.0006496017130828436
0.0006684665819823817
0.00031070244269540577
0.0005132204893974211
0.000142897107110486
0.0011867524114611166
0.00029022778685130476
0.00020981595629004777
0.00022046537878217125
0.0004377550643573114
0.0003958249310030339
0.0001480966380994206
0.000209310970982911
0.0014738932716225914
0.0012007218963218695
0.00019919455764575306
0.0013929882909457967
0.0003836746006778259
0.00023667797395164839
0.0006234605068313997
0.00022087776360548477
0.00044813670161717974
0.0002980004709359832
0.00037067172728517646
0.00019896281050959004
0.0004078922667142922
0.0002114285295294601
0.000651305931960126
0.0005051707708798606
0.00023416420158659952
6.453908916319873e-05
0.00017066524372534158
0.000302242015712139
0.0004307435236231176
0.00043701401198358307
0.00015238810095780052
0.0013259039001330213
6.224317369877514e-05
0.0006818189298075014
0.000394730781492741
0.00011992535038789773
0.00015683602606922335
0.002026787311062428
7.864632454253924e-05
0.0004066461103993215
0.00016997053981456222
0.0004259335314236212
0.000887064919752856
0.0007949163520147319
0.00017475577409345415
0.00011249099565478593
0.00037533923526191756
0.00011802603597468563
0.0006736956187815779
0.00041820655148016526
0.0007864994365699442
0.0011719543928946242
0.0010481716375956038
0.00036223524429155923
0.0003639800595032616
0.00045174632087044815
0.0006702452141048228
0.0007055229260602466
0.0006619634958415032
0.00139360332343567
0.0013200166623415985
0.0005038206842884765
0.0005060933047719362
8.7820066774311e-05
0.0002283590390568762
0.0001811571327495674
0.0007052163511724654
0.0003785232799662547
0.0003091985002361773
0.0004374806201963869
0.0003976755441606758
0.0002409239346781126
0.00044768227227764723
0.0004067747985975998
0.0003068408349769293
0.0001028979460260287
0.0006198725889028758
0.00036532478669001043
0.0010176640291883771
0.0007851212311939234
8.053767941693929e-05
0.0005449770761961027
0.0009318033545710883
0.0015925276733397948
0.0006052525548319381
0.0004432238387777466
0.0004920447068774743
0.0004596171319305288
0.000276093735631935
7.530258324991579e-05
0.0003884546499055874
0.00018711054282489703
0.0005923837018339233
8.421887729530481e-05
0.0001263832072376961
0.00033093885112390293
0.0006755221276958954
0.0005151667165815848
0.0006219792014254583
0.000338203741038617
0.0001484861370446644
0.0001848634286813695
0.0008872751211694437
6.5508334648292e-05
0.0006001814095915497
0.00037931660449401283
0.0005061685809830375
0.0007939963639438114
6.036846188592126e-05
0.0005820009181260349
0.000152168412128019
0.00010222627923683963
0.00027021702355483485
0.0005653052852558054
2.0857035988101378e-05
0.0005144897392597577
0.00031465771035325135
0.0010409164135540454
0.00047666194735727707
7.305908307444784e-05
0.0006199716793245835
0.0003571380237981276
0.0003546298016086323
0.0002842976579562599
0.00013757296847755702
0.0004461503744651854
0.0003767103497566169
8.162999321211078e-05
0.0001304500922798487
0.00041075113609465486
8.204622726180064e-05
0.0005066896301034711
0.00044449863193074426
0.0002466026506059938
0.0002376858368544141
0.0006651654148204263
4.11650713690791e-05
0.0009173444653825493
0.0005011371351920573
4.6577820157885825e-05
0.00038731588804904055
0.0003018368128489829
0.00012738107277962852
0.0005341516567340489
0.00017304631833984965
0.0002816671073666502
0.00016682336680109037
0.00030312347725878146
0.000331550062600149
0.00036918363675222276
0.00023125258821692313
0.00032948417612883846
0.00029455390888837425
0.00030760551930027213
0.00012666633262183637
0.0004352677958143582
0.0008394249356351514
0.000606922302527928
0.00015114342357915757
8.305592919637556e-05
0.0003445250207461827
0.00047392791300390497
0.00010438031332082431
0.0014460911889203393
0.00018362754825178396
0.00020476135469179674
0.00045055884324642195
0.00013027132282826748
0.0006508276775749539
0.00028018133535621963
0.00023037265495031188
0.00013524026554478612
0.00016160477137135653
6.225345103997619e-05
0.0003622924494104286
0.00027697834847615607
9.353553684088913e-05
0.00029988412441650015
0.0005064847091577312
0.0004956572946147007
0.00042961707222693865
0.0006025637489795202
0.00022231577799912912
0.0003846240350802109
0.00011929427925874547
0.0001195656973507137
0.0011558283925115094
0.001328890036790432
0.00015566033993014605
0.0003089873928415449
5.124404054596428e-05
0.00014468727839901665
9.009683442719311e-05
0.0008174001077462874
0.00027313776242180875
0.0011228908309832335
9.67622609514741e-05
4.515877623764951e-05
0.0003127027176524378
0.00012649405293492383
0.0009020713579274202
0.0010756906944227303
0.0002508438338070436
0.00010931559009952046
0.00018202018971054664
0.0008545047121053919
0.0005513036718283056
0.0008973157823094561
0.00014945261055794562
0.0003598205554522229
0.00024310723683812978
0.00019275177912048372
0.0005782726656107528
0.00030830765035912795
0.0001298447449268078
0.0003622956075844007
0.0001303942119065149
9.315710263115228e-05
0.00019823645644648403
0.00023617844672804993
0.00028770303426751606
0.00019738673368885882
0.00015835269469171616
0.00027839059468559986
0.0004993490572550927
0.00041876847586148105
0.0003279020754858065
0.0005318694480893044
0.0005126914523805723
0.0003553664105604259
0.0003837332716950957
0.00011133281183635058
0.00018554810201947962
0.0005515917772284686
3.799762586811974e-05
0.0004041883655511235
0.00011876315236128967
0.0008419445696435501
0.00023706508553026924
8.988152333198433e-05
0.00033370903321629046
0.00023883312638182103
0.0002122994170132664
0.0006429955525290786
0.00021280187971903556
0.0005635420527594322
0.0001557246632454932
9.334906389638225e-05
0.00010212450466308185
0.00029764068242683016
0.0007125012016882842
0.0005199824235026209
0.00015913409197316117
9.64576844457759e-05
0.0009775611673063802
0.00017547637321580907
0.0004901565858218094
0.000266414392188935
0.0007622459094507716
4.063758496294658e-05
0.0002520126704978903
5.181350820063911e-05
0.00010751110153660578
0.0001206947360518931
0.00021270326962901493
6.0544411745097444e-05
0.001012869734105332
0.00015938088530030212
0.0005419396514247081
0.00022565810866741337
0.00012131743827919458
0.00017231588122464757
0.00027650357659357697
0.0001885741758955148
0.0001318822988651504
0.0003883783997458201
0.00041836630662413904
0.0006849398172254163
0.0005706235382973752
0.00015402040018014365
0.0004040072931459955
0.0005300996654655608
0.00023099387501103667
0.00012664828199234873
0.00022495664997430895
0.0003153812691793039
0.0004111551156102783
0.00040918949900029065
0.0005381300473556578
0.00115615716988358
0.0003369976679077526
0.00017861951648312312
0.0005948580807225268
8.663721693876395e-05
0.0004412623395435888
0.0001414261386695368
4.731414323849313e-05
0.00015533038727426384
0.00028086289258696104
0.0005144506437805047
7.900426848837638e-05
0.0002889911457882941
0.0001630939444401381
0.0005920720089841224
0.0002571734641583395
0.0012412027154335792
0.0002877581908923581
0.0012920007547078214
0.00015148796712761962
0.0002314038010240035
0.0002862844087695412
0.00016918865150141826
0.00017334956812065948
0.0002738043815478629
0.0007493673434949008
0.0011285181207875215
0.0007333830572553228
0.0006807752259144529
0.0006112780777546575
0.00010653502663786563
0.0006580340103807185
0.0003870290794986862
0.0005244426886734627
0.0006646815167747157
0.001535166357457175
6.895362777592929e-05
0.00040895703260265294
0.00030267685388576086
0.00011099458221816279
0.0002598294966185896
0.00023595742297564975
0.0002011934215874949
0.0004527229737138032
0.0013518644746171255
0.0006469182695193245
0.00012758064131862597
0.00012149924560619426
0.00016256377234443855
0.000361072949713106
0.00025022897114701395
0.00033961901846516125
6.21174712750291e-05
0.0008041847602078343
0.0007536609439014043
0.00016846287319557862
4.680661336120505e-05
0.0002676437554756604
0.0001503602735030367
0.00016788869301706741
0.00024656774978373363
0.00021089528866943225
0.0004079969971535728
0.000671748383866821
0.0004020151838468641
0.000917296438583274
0.0003033882628405188
0.0006039933189507505
0.00039195623144153987
0.00012129564450781379
7.142394533089638e-05
0.00014068935821087795
0.00010171466825979803
0.0006007134851925124
0.0002651186326428482
0.00013712614462808487
0.00033681404023857
6.4547963599406e-05
7.74544941718666e-05
0.0005170493685100269
7.139041937906016e-05
0.0006198675137814044
0.0004981289472294539
0.00019901383512761146
0.0009110269467824268
0.00019381224655952661
0.0002891803895002238
0.00015135519321122338
0.00019226190110721784
0.00035769533510535785
0.0003416874540795821
0.00046141753268050424
0.0010301111560916524
0.00029024871725536226
2.8040106654127044e-05
0.00043262601172516503
3.4225425440053946e-05
0.00014017786252320253
0.0004370079554977027
6.274231832998896e-05
9.590361774735606e-05
4.771854932375462e-05
0.00020258784404844223
0.00018794650182956792
0.00029518756902807355
6.269106138534636e-05
0.0003046631480519348
0.0002020543091067717
6.439195809067109e-05
0.0001889597638351835
0.0008080164213840573
0.00012323382355025776
0.00021708333499085005
0.0002208248557064197
6.463533676348517e-05
0.0005881520681431328
0.00028974221712385183
0.00022005862115287105
5.6311526493885845e-05
0.0001474247924358341
0.00017650716018099104
0.000790428684154675
9.161678066524367e-05
0.00073366422702353
0.00024371562245402187
0.0005740103677607686
0.0004903302520880617
0.00012838834076239145
0.0004265893967243571
0.00011808634556649588
0.000647035004571077
0.00015323221420414303
0.00017299335769479975
0.0006110421343547637
8.641101319240886e-05
8.751615387621467e-05
0.0006764997270226713
0.00015268823000411585
0.0001013054986919505
0.0006828093877932434
0.0004638737371151822
0.0003783188385562085
0.0002300548279826362
4.04513231173805e-05
0.00016223504894378787
0.0004928468501556774
0.0002515035226735444
0.0002256354891001675
0.00029582025410467146
0.00015959216725270194
0.0005367055415158267
6.584589146017168e-05
0.0003937418915521013
0.000205400518180374
0.00024011828333068128
0.0003384570903580095
0.0003194471090276699
0.00018048082774612957
5.05549804918958e-05
0.001012540357215827
0.0007157128055499188
0.0007316826372339549
0.0007113024295012205
2.9724183505747336e-05
0.00015336658131881196
0.0008752014527162012
0.0002555853525060608
0.00011852878798354707
0.0001329324875152611
0.0005377523209803065
2.7618917830986075e-05
0.0003512834818002473
0.0012495866524931687
0.0002119521783091244
0.00044448684180003345
0.00037304267661230007
0.0003595919912582619
8.416322801914321e-05
0.0005292376103747693
0.00035716272905647834
0.00014682701577973324
0.00017743796713565361
0.00024889840644045784
0.00012968357264717204
0.00012379333283001496
3.861316210020517e-05
0.0010636409632499197
9.610744284254929e-05
0.0007005339869695675
0.00019300803798732118
0.00041553915435504283
0.0005836942832120467
0.0005358108876847542
0.0003633943751803171
0.00014093864581257387
0.00011002869233579258
0.0007657619078711405
0.0002017352136821452
0.000335880655829379
0.0001516500919108054
0.000636647888445711
6.905825713031891e-05
0.0001819434811866433
0.00034812674089528217
0.001121731248089293
0.00017095208402280904
0.0003503896925104923
0.00026289730347104945
2.6706784390789614e-05
8.31627529502763e-05
0.0003542471160253935
0.00041449131867811234
0.00020372691271754593
0.0001272877791408819
6.135995163347481e-05
0.000274555047067868
0.00022498703125176594
0.0004880243485306507
0.0001953167629531872
0.0008906909862397372
5.9594870037332325e-05
0.0006797622137054775
0.0005931144338192376
5.6204019480030123e-05
0.00012226100304966436
0.00034702808948497974
6.995654646052449e-05
0.0003951524973991859
0.00011065887000802146
0.00039645875490476243
0.00045556147291673263
0.00023449081618344674
0.00035689684437577405
0.0001707461912956378
0.00010140006440063698
0.00019038663732264324
0.0001325436671920658
6.86055771226411e-05
0.00028970340360967453
0.00026074783713931173
0.0001910300462136462
0.00014498444339686343
0.00019453177524313267
0.00021703224839127722
6.0087750239402107e-05
0.0003528347147515647
6.780382589096712e-05
0.00010645147667897204
0.00022866000491738374
0.0004515707081233204
7.745261700821926e-05
0.0005412417088600599
0.0002113810102752517
7.976068752625768e-05
7.309876649625077e-05
0.00018946987392975807
0.00024060129198021372
0.0001014647091200351
0.0006524612811904568
0.00024118552288737873
6.38941166959534e-05
0.0004851921097643661
0.0001721631268298624
0.00013147159969945167
0.0009182002111579069
0.0002776806678029376
0.00014994248716016949
2.996931808105255e-05
0.00017858273224660742
0.0003209747782627479
0.00012000196997135728
0.00022097682639788343
0.00020895956519819032
0.0001509575484005504
0.0002979878404624248
0.00012184699254994413
0.00015249896096208762
0.00023983925911158193
0.001625270391562901
5.9406215755415046e-05
0.00017124532692546244
5.967705860688901e-05
7.408626663929781e-05
0.0005122501421618019
0.00032696447144809325
0.000303784016049738
0.00013099371664941978
0.00010927707082990656
0.0001977209079234489
0.00014482144843189372
7.623632170692021e-05
0.00034958084858031756
0.0001007401946665729
0.0001913086098070124
0.0004877376539566053
0.00013378126389404176
0.00013396594162849406
0.0001128395986991241
9.387518571349935e-05
0.0004084839394777792
0.0006149145897715814
0.0001923007733864802
0.00035197328944826137
0.00016189573997138184
0.000412690002525531
5.838404628571992e-05
0.00011209005953858273
0.0006075488948373481
5.666897783585212e-05
0.00029368778786730714
0.0005164951166816585
0.0001842255194085321
0.0003088203920975512
0.000328406151638701
0.00012301171045540107
3.489335383351322e-05
0.00014859330770683902
0.00042073913375018546
0.000219469911654234
0.00023247940832804925
0.00023695028246511587
0.00030196430569996366
0.0005576524228051757
0.0004667491158141542
0.00024177332105590818
0.0001165375023062882
0.0002560780608591837
9.226918544030959e-05
0.00013876906084251073
0.0004341421299566649
0.00021901967281338943
0.00014757362059359156
0.00021177551270401657
0.00026148722742900046
0.0016179473362462557
8.344183726155402e-05
5.1461885442312326e-05
0.00029423920295929055
0.00027746296870308294
0.00017281629302734456
0.000641349150429032
6.517487192439188e-05
0.00028100352675278716
0.0003006750222010483
0.00020665349009799686
0.00014565197605640942
0.000474016395965497
0.0003115438267598305
0.0002375976557316582
0.00014070415718582147
0.0004631200881210486
0.00018607403328421685
0.0002889014281531487
0.00032087480011300565
0.0006868783169283015
0.0006180934171774894
7.288471488505538e-05
0.00020379081207094022
0.00012118150573599889
4.318691324050982e-05
7.639109134530488e-05
0.00043354303320067994
0.00037664636391965685
4.043725114178891e-05
0.00017086979627736193
0.0002637230182106204
0.00014557882077157928
0.0007449316425665351
0.0003634704345540235
0.0002215058697179547
7.176115949596439e-05
0.0003744835039499525
0.0001908881711954285
5.4274095678433555e-05
6.376288785924942e-05
0.000121057562227368
0.0001794255981158877
0.00028279741200534504
0.00024104879649621336
0.00014533005855804968
0.00018807557440790967
0.00021768022215420922
0.0003263266540854648
0.0002475240975045747
0.00021171429016511297
0.00018456287475824334
0.0005664844835515715
0.00017151136759918108
0.00029028335181644887
0.0003151959978428538
0.00012544997458315338
0.0003564080418117955
0.00011422972153563274
0.00016476392355968569
0.0005144337939087425
6.273058845177843e-05
3.782823832375059e-05
0.00016090428071640522
9.109075853215246e-05
0.0005912224026491142
0.0006922091098736323
0.0005930431333601494
0.0003255016295667986
0.00013862027274293113
0.00018236941298337448
8.107096253363588e-05
0.00038505432432155677
0.00014435766920337142
6.349169018221878e-05
0.00029295819218312283
0.0005323390525490642
0.00023261974945102816
0.0006102131313504845
0.0003215483626703468
0.000171545620663877
0.00028349127230752606
0.00010340472947211432
0.000443214508052639
0.0004079422434428971
0.00010951833423359789
6.339979310776915e-05
0.000337154375190107
0.00023188887319612126
0.0006840483097473971
7.11237432830225e-05
0.0003182028970682567
0.0006734932487589393
0.00039103659962762163
5.4525873558596686e-05
4.594882691236723e-05
6.686157132715336e-05
8.696643776877478e-05
3.9258242243858933e-05
0.00017477578066191836
0.00045335466366253893
4.1897877126563996e-05
0.00016686612366303342
0.00027713245257764135
0.00016660877139305802
0.00022226572398187128
0.00027181576980087415
0.00045285979455094
0.00011486404138279676
0.00026457353662350354
0.00010882333904173806
0.0002239714574089318
0.00025597346352892824
3.615093580895136e-05
7.50274488179764e-05
0.00028040331976690857
0.00011313634830072505
0.00027108624520849053
0.0002914331841706525
0.00010975054474937825
0.0002569136196220577
0.00011368047796616942
4.480832668994127e-05
0.00017243815542860374
0.00019651900173006442
0.0005100069665587014
0.00038245395689095915
8.299506553093226e-05
0.00036383969657049304
0.0002307143324646452
0.00025229682321978807
0.0006004500485099038
7.344797227885393e-05
0.00016122888171550323
0.00014518274256361487
0.0001967178587721273
0.00019953681837393554
0.0004826534719559372
0.00048474732217680574
9.666263891086081e-05
0.0005721095274910081
0.00023615496884497829
0.00018131465814321467
8.374781866093936e-05
0.00012004139625622892
0.00013588850117235345
0.00045330072913386484
0.00015754402602204484
0.0002867953287081416
0.00025195598061543575
6.672646614853328e-05
0.0005357102621067093
0.00010947044523700489
0.00020763976347716953
0.000966242200597665
3.367003491840722e-05
7.929500728032674e-05
0.00014634526653000215
0.0001378884097286954
0.00021978453669011736
0.0004956309462285041
0.0002664490888626705
0.00021583502323975232
0.0004695656368856091
0.00026067348105729616
6.059769339371342e-05
9.511051835845405e-05
0.0005937402834835416
0.00010182181123302642
0.000508838127825119
0.0001817632789998162
0.0001758456295405664
0.00025598582063072935
0.0010859417275146653
6.751327695265916e-05
7.664789370683621e-05
0.00014649668579493313
5.877046412602673e-05
0.0006551692204030696
0.0006478986366743501
4.536252628722548e-05
0.0005274998371307414
0.00017355505621874867
0.0012719996942959697
0.00020972886407992142
7.958616765909783e-05
0.00015817031509633548
0.0005279508669958704
0.00025326635527262554
0.00044769970164141784
5.512644287330533e-05
7.985729346678416e-05
0.0001227775570751581
0.000209389458346403
0.00014812667176164693
0.00012816106252081658
6.196345045738297e-05
4.738985511539396e-05
0.0006324296642814279
3.1916395471225196e-05
0.00016831338983350872
0.00025969650879826043
0.00041245412791144807
7.06799428712719e-05
0.00012039229692832044
9.414573744606655e-05
0.00015516391353115298
0.0005037375474989305
0.00011070247275769963
0.0002934708338959478
0.0003529572286601147
0.00016416020075504632
5.2018890936512786e-05
0.00012453251463525824
0.00017035482814446091
0.00044502899137957574
0.00012550576341411007
0.00010434899345689132
7.556637300389031e-05
0.00010887983486916611
0.00015030050218794148
3.3774232044362944e-05
0.0003898572814814782
0.0003150212554014017
5.968405318362324e-05
0.00011294468140998044
4.49438519904716e-05
4.7377331610698316e-05
0.00013230720182913085
6.320318849697474e-05
0.0002583011464533256
7.994993797441761e-05
0.00010732343417006756
5.693950989128438e-05
0.00022537187392620414
0.00019660172910198698
0.00018237681453344123
0.00010093792622532918
6.191766389186688e-05
7.636881633710658e-05
0.00033815772647747286
0.0002549246886941128
0.0006939004449870019
6.218482153098415e-05
0.0002581419638728353
0.00012397995880445798
5.7446131927288374e-05
0.00011164293338904979
0.0014884224717770526
0.0001208149889762626
0.00026238891273607006
0.00015012125435638144
0.0002521108055252285
0.0008255966723656396
0.0005316852632100355
8.239419588041533e-05
0.00010315678821719305
0.00029750575546435437
9.592458791883993e-05
0.00023260427696230996
6.884461068811903e-05
0.00011154999971085132
0.00038559890767940415
0.00014854573467938613
0.0005286081898396357
0.0001033098755481517
0.0003182774502629365
0.0004238395308041232
0.000126692687031371
0.00021565965122298086
0.0002162170891189514
9.424359137901654e-05
0.00023816468163743635
9.26912608030697e-05
0.0005018498004876698
0.00021185689925928494
0.00012495910013923852
0.0002594826781282496
4.525450792187457e-05
0.00022537167208091897
9.403611506612452e-05
0.001348901765049072
5.390985087278893e-05
0.0005252469456716101
0.0003089344672159291
0.00018935085324311646
0.0007389252696968928
0.00026506471478258454
0.0006744496265944103
8.250205715528283e-05
6.767014407651066e-05
4.8625913032817696e-05
0.0002587588202554262
0.0005542100473187983
3.289436123513326e-05
0.00024754279430339824
0.00017463990513346734
0.00012837377055322343
0.00025371441206581787
0.00013173356090200966
7.848802086569924e-05
3.2989793586673066e-05
7.874814913538361e-05
0.00037917169040765995
0.0001845402399197463
0.00018780144922967532
0.00016979341683374526
0.0005233876561645139
4.172418565523509e-05
0.00020750991644340595
0.0002882700904248495
0.0004275323927580673
0.00024276065923636823
2.176688071459007e-05
0.0007014381325246657
0.000404128091296114
0.00023064762013367464
0.00021872245061092064
0.00037294371674243974
0.00013013916560042948
0.00026809456146249203
0.00021670688590486872
0.0002239993559009707
0.0003478084407797384
0.00016437110610277415
0.0006313032133304227
8.847243827019378e-05
0.0002195819174248458
0.001325567388980354
0.0002597868835148729
0.00012783209102667256
0.00026961822628331956
0.00022299674435437273
0.00023568785929168535
0.00043823948536092
0.0006268783888018056
0.00018488221971579038
4.856054447671637e-05
0.0001810162573155466
0.00015846847724785375
0.0003960364153365599
0.0002021865397843201
4.437154576109266e-05
0.00011458767964821332
0.00023227629459520322
0.0002455662539449608
0.00028370457438986593
0.00014988892315120436
8.554658491347873e-05
0.00036872883517815344
0.00013367122182654856
9.899138499194573e-05
8.6830798209099e-05
0.00011095882084558821
9.0475515521068e-05
0.0002773726284749839
0.00014797901461248292
0.0001808458265174511
6.152694797601673e-05
0.00017419180296340914
9.726807192445275e-05
0.0001339715588779119
0.00011043601039255975
0.000470724645356566
6.965736429314255e-05
0.0003919374668702733
0.00019906438700359913
5.9798604413014015e-05
0.0003151875198536519
8.66070509644823e-05
3.526997802192833e-05
9.416812300398539e-05
0.0001487626382418043
5.98862412902051e-05
0.00030015565442330523
0.0002583961975980115
0.0009669694697065516
8.095161209090272e-05
0.00014838072148980842
0.00021358153121750877
0.00011243688193047348
0.00013503904604276185
0.0002424751064858628
4.102495115812788e-05
0.00016466421086298665
0.00010211626769343043
8.618325661718082e-05
0.00023286978294270315
0.00019721261918128607
0.00019284313922899877
0.0002866206796866428
9.243803722407698e-05
0.00012761228993581278
9.801798459349978e-05
0.00020885860493822148
0.0003391921907236736
0.00017011073595752743
7.842239343967356e-05
0.0003230793940575613
6.595880150402058e-05
7.774398340390039e-05
0.0001524197470765983
0.00018794735791908464
0.00020052102425308798
5.305943848805578e-05
0.0003900810587622193
0.00016776401979698045
0.0008529858320213335
0.00036180582393016935
5.198443527487473e-05
0.00029307994813412174
4.088304169621516e-05
6.59995892136298e-05
0.00011709579219175732
8.094003710539031e-05
8.447143423123972e-05
0.000768383236091245
0.00029649481685120653
0.0002733641843705298
0.00014605839059344983
0.0003538474606911277
7.66546931448199e-05
0.00023454187147046245
0.0002447729859832892
0.0009028589627313497
7.274067579792624e-05
3.8691252235380666e-05
0.0002721771991470712
0.00023452366853787612
0.0003822731150984281
0.00041416891633456364
0.00023915487552933674
0.00019816331382595462
0.00035059410867340797
3.932571368457195e-05
0.00048436330217758425
0.00011719263106791473
0.00018779712239707727
0.0006048785483970376
0.00018129666003592905
0.0003083816821573585
0.0004770955938046974
0.00031365400692698716
6.803755006542715e-05
0.00046001427877190206
0.00013655525912096268
0.00022711540669204724
6.169864002267676e-05
0.00018436204980556623
0.00019143980989212193
0.000440086010309152
4.625707555364855e-05
0.00040831697329336966
0.00012586959472375483
0.00022101015068518086
0.00011314279223685603
0.0003881000258549325
3.947008711618164e-05
7.412167916297127e-05
0.0003723018792018852
0.00028274141383400687
7.153376775321337e-05
7.695080697943288e-05
3.969171381706254e-05
5.422207546686138e-05
0.0001848685082681518
0.0004422711832368606
7.788326728631679e-05
0.00017047156697933441
0.00045400666629781365
0.00011464789361458282
0.00018329239755261937
0.00014586635087339978
0.0005390328799174074
0.00010484710729177295
0.000382625101101392
8.209626123283987e-05
0.00031549929742884345
0.00018787554329521486
0.00021128668500050408
0.00010100974907317757
9.655663801361628e-05
3.622491147962644e-05
0.00011894211015899799
0.00010409868784349133
0.00013717847979885148
0.0001148476430837674
4.889438144646844e-05
0.00017598029116792598
0.0005566421297937016
0.00010179981376247848
9.163945915945263e-05
8.354628079820874e-05
0.00032542956160980604
9.908538129642731e-05
4.3425580039325346e-05
5.2158628923929765e-05
0.00014193501564058772
0.00011323179164420257
5.170273025385158e-05
7.378114476073482e-05
0.00033899263019618856
0.00016462824852290164
0.00018160525335164884
6.990201130739993e-05
5.713218394283001e-05
0.00017068830626582022
3.466441494273809e-05
3.482632448403883e-05
0.00011453955118847965
0.0003525808966457189
0.00017336979479074763
9.634841489411993e-05
0.00016728510645601662
0.0002899001573717178
5.791863474924826e-05
6.226834822812213e-05
0.0007839731149085977
0.00021868595688480204
0.00016824995719258386
0.00036266730025928966
0.0008185621010816755
0.0003293998908121321
0.0004498124442193558
0.00026662448886451904
0.00011975061354396025
0.00016609222525764032
2.8821910226564962e-05
0.00013957223871037923
9.126609454060525e-05
0.00010521837505779595
7.404651823122484e-05
0.00019864825475325365
7.14229618929592e-05
4.615947664929001e-05
0.0001409049721560569
4.7576402319249014e-05
7.972917328899728e-05
0.0002443798983042349
8.649178293464844e-05
0.000310866574311048
0.00015942789864381902
0.0001243429968812973
0.00020854394895403883
0.0002712496576265913
0.00019120887268151188
0.0005677444129782708
4.309085802746888e-05
0.00013699385909663053
8.568158690436942e-05
0.00027370117554661853
8.531614229112141e-05
0.0002142527172772027
6.0667820475405126e-05
0.00012903350019122264
5.5043857998336226e-05
0.00026625582620401256
8.836919928451148e-05
0.00010481441256553682
4.106240993108698e-05
0.00026945053116611713
0.00018096052510749593
0.00025873343810410034
9.643546670348125e-05
8.558162138387814e-05
0.00022765341665434023
0.0001816546810073867
8.278346174852532e-05
0.00022329704834759916
5.2085071627015354e-05
0.0002010224285604014
0.0001430597625690087
0.00014856948514887033
5.063352734701488e-05
0.00012105403462855933
0.0005081375633402979
9.699048459307298e-05
0.0001555332191056405
0.00012592512958529409
0.0002703437470705194
0.00030355541213966615
0.00038398141209846417
0.00010843018133411151
9.259620954140297e-05
6.83509896429181e-05
0.0002800789924355036
0.00022494507751149575
0.00021117257798565435
7.748984663839237e-05
0.00022233930800210462
5.994334742789457e-05
0.00023787537491823868
0.00024009587345105062
0.0002731102159996732
0.00017910998451678051
7.094066866283794e-05
0.0002750856088338045
0.0002207311710632861
0.0001409644801263262
0.0001268815030657333
6.512187232731223e-05
0.00018289348282842644
0.00013405598633494195
0.00015319214183495794
0.00011137111771022618
0.00018067958671924125
0.00010449634264982934
0.0004268107588548393
6.973270961383266e-05
0.00011221824342721686
0.00013626511578434378
9.606774457834157e-05
0.00011899246236268175
0.00037014923314670584
3.2153961158391106e-05
0.00014143512442677867
0.0001419302636738754
5.614646805855136e-05
0.00010931951255368025
5.8844517649741784e-05
0.00023321719127410102
5.824743135416049e-05
0.0002359436796376376
0.0002614557908428228
0.00016479229386408295
0.00012832033819808888
0.0002931801202782518
6.279324507899908e-05
0.0002131525335826841
0.0001453177736418938
8.628435155970004e-05
0.00012689034185600558
2.9343195047981435e-05
0.00015874576519517812
0.0005369571755455263
0.000422786621500849
0.00017681417931428309
8.234264123633201e-05
7.303335508644735e-05
5.049130085189261e-05
5.0798508598134505e-05
0.00013506433108325582
8.73705679735292e-05
0.00019053819485691643
0.0006234528056809733
6.40436681173274e-05
9.82260637718577e-05
9.184699678138172e-05
7.580552223538726e-05
0.0004132331538539166
0.0001960701608805496
8.29574288658406e-05
0.00015258817619346384
0.00041754388804778156
6.873425502976437e-05
8.438416523241505e-05
0.00012082550449324027
0.00015068793083702667
0.0001559811827512068
0.0005463917067641855
3.6621821855137494e-05
0.00011651390736986613
6.556471254290138e-05
0.00011895408473237726
0.0001313379439334259
0.00010403960822369938
0.0001254453275463906
6.157559011322333e-05
0.00019578950722388787
3.753357531241196e-05
0.0002791364466024248
0.00017618580459453605
6.329988796200426e-05
4.643410661288957e-05
0.00028530396950894924
0.00023595742757250522
5.054045053915089e-05
5.1969612015815065e-05
3.8367152392236885e-05
0.00011541014047436658
0.00010624657772487164
7.365324916983221e-05
0.0002880196171310022
0.0002872001423927972
0.00025414353649372436
0.00011252136588800978
0.00012051249110180714
7.872666560990372e-05
0.0005215237118082409
5.90031674126906e-05
0.0001369187712841902
0.00012810412512277952
0.00019051452068696894
2.2515199778489393e-05
0.00021626049857945628
5.483989697766805e-05
0.00020291714423434115
6.383855753346859e-05
0.00011438658213816902
0.000252603809861288
8.062802222507198e-05
3.0316873083665812e-05
2.4271752622541422e-05
0.00011019380110263305
0.0003906222851129033
0.00017415503292293204
0.0004993587312253389
0.00022481739215600904
0.00013509125913376745
9.981080426399123e-05
3.44647965868185e-05
0.00040104350691116296
0.00016137152272406244
0.00025686520738193324
0.00026727493899669503
0.0003122744132714689
0.0001423323763639947
7.16266157925739e-05
3.683136456593283e-05
0.00010827835580766786
5.126433737932511e-05
0.00011100058906201316
0.0003806814468397536
0.0005378636104483153
0.00026223322305238587
3.65730916806803e-05
0.00012807956307046313
7.683188069172668e-05
0.0001262835158275574
0.00014753872408405737
0.00010503206469120033
0.000370156986558486
3.50211958148781e-05
0.00019248727580629987
6.340676131956082e-05
0.00024769436000154395
4.4785797050435194e-05
5.7026393245965284e-05
0.00015222455441685128
5.328396328223909e-05
6.898002696438767e-05
7.866529400612958e-05
0.0001404714114955286
0.0003248467503411889
8.932995215616366e-05
0.00036369839465871264
2.05429315679785e-05
0.00028093527100527666
6.92053779557329e-05
0.00020210585762466777
0.00013637549083318588
9.202096522288684e-05
3.214818274920343e-05
0.00012322686527487214
0.0001038309645313572
9.720644754899331e-05
0.00037179677027169764
9.41415954120097e-05
0.00024858995184147783
8.400910348092492e-05
0.00011124214259460799
0.00018538799743626408
0.00013271855032516403
0.00029712525336398
0.0005174355147267755
6.391623291386037e-05
0.0001506232731225484
0.0005462142458634768
4.3863339340689984e-05
0.00010906482234592468
0.0001388612538309258
6.580721509978645e-05
0.0001337247851321407
8.458135385683917e-05
0.00016539376772107555
0.00016097038747932605
0.00012502006211550772
0.00018350230082708746
0.00010524277414263527
0.00013885710741848203
6.530667721981412e-05
0.00016812917334131197
6.117068068385493e-05
0.00012550049288214982
9.529143306515746e-05
0.00039803970307132435
0.00021273124873423462
0.00014837043187845457
5.2925103964653095e-05
0.00010328708677441254
0.0002535069508992995
5.352320064470746e-05
0.0005057864023059429
3.518297078716734e-05
0.00030587763898636184
0.0001399215390501415
0.00010645794750845924
0.000195734060358747
0.00016171033619059825
0.00014549370307163554
0.0003768211934919128
0.00023708548988143728
5.8547601294160723e-05
0.00014756082966333153
0.0002948288206583767
4.6006399510320394e-05
4.833721034603256e-05
5.408465822137482e-05
0.00021008191126419958
0.0002453856209076399
5.4789233728849134e-05
0.00018698011530817292
6.38951157315947e-05
0.00011369990003016513
0.00015574071397536304
8.508773476104212e-05
0.0001767714134573412
0.0002697761426832163
5.141537772452315e-05
6.375908109884658e-05
0.00015069034801819232
0.00013099727983133103
0.0002389225296270043
5.2916732127544536e-05
0.00014729836404652773
9.738069676319458e-05
0.00014222115504333385
0.0002197368167965982
0.00043784478330817446
0.0002782188234004032
0.0001299620767146482
9.543694463667127e-05
0.00040518516020892405
0.00031734065416731677
0.00018514476335187687
0.00015635712018811053
0.00015205936953289836
4.7803205131867015e-05
4.444836605890903e-05
0.000401247116262407
0.00016751156606957144
5.1068227065833204e-05
2.2256056466566213e-05
0.00017360136221512
3.99548222971628e-05
0.00019959618219529465
2.592092705199684e-05
0.00010393409081147101
5.874134917932158e-05
8.392242289110003e-05
4.615963457235067e-05
8.519157006699676e-05
7.35625549482027e-05
0.0002386023129293488
0.00024020858190410113
0.00011508848033709422
7.325615792379326e-05
6.229895026125119e-05
5.240002848442013e-05
0.0002591901641522615
4.3640121177874066e-05
0.00012212366836106324
7.847028965575911e-05
2.952858569462189e-05
0.0002548098984351913
0.00032774817022187375
0.00013322821471429375
0.00024389106275535187
0.00013181894128835498
4.4643146448193334e-05
8.641564065325467e-05
0.00013265302855052278
6.480452701877888e-05
0.0002650975195571997
6.337487992574012e-05
0.0006195741746363587
0.00014619887261957054
0.00041983988379817026
4.6854627670100074e-05
3.894279729682591e-05
5.5910097852935646e-05
7.532317877647871e-05
6.863236755580796e-05
0.00023353659455819826
5.406572158776989e-05
5.08698297891421e-05
5.444882599134036e-05
3.1730699300405766e-05
8.916311245054e-05
5.791629786968866e-05
0.00015928519051193032
0.00014529951829797148
5.705663622347208e-05
0.00018446044984329733
0.0001643109023057154
6.525090125436897e-05
0.0001094614900591401
5.9948983060989894e-05
0.00015604370681318767
0.00015658042717451375
0.00045599193005880503
0.0003412623889539018
4.683867192732107e-05
8.034450783690719e-05
9.806141476174233e-05
6.615936797290971e-05
4.923885491650942e-05
5.4042500189003716e-05
0.00012303102696788326
9.206228082550719e-05
0.00019079745037709647
0.0001885438863882257
0.00020723334663746306
0.00018755793100852497
0.00010802033700402272
0.00015469935080162023
0.00010160153922866017
6.33939001239706e-05
7.626784163667967e-05
0.0004273618934783259
0.0005570218592965652
8.235381464905239e-05
0.00022473772493210802
0.0001225948972371382
6.141455326580194e-05
0.00016495295502097
5.8952668637748814e-05
3.510629082605675e-05
7.792369901415796e-05
0.00011385038810262571
8.445100313996302e-05
0.0004700191291348229
6.321472493319173e-05
9.214568357645586e-05
0.00022657518066473035
5.6867011911543166e-05
0.0004023786489759989
4.1800397329195546e-05
7.068187557793541e-05
0.00012628179853096992
9.938280860964153e-05
7.080591160658561e-05
7.31696367219694e-05
0.0001822058444670383
8.991701586201697e-05
0.00017477203537200484
8.816276709616645e-05
0.0001048174627584844
3.555549693461684e-05
0.00015675509042797523
7.294932112866393e-05
5.374469949509803e-05
0.00010929747846678311
0.0005717005725866521
4.8885325071673115e-05
0.00022610424136781156
0.00016976300346183807
3.0068999183153565e-05
3.118397148626527e-05
5.508679071405595e-05
0.00012880558967962908
0.00010621263698567171
8.872922429520314e-05
7.838601906214069e-05
7.023956105317187e-05
5.975308872654226e-05
0.00010356130631914519
0.00012057170616356336
0.00028979689423689036
9.737604100794149e-05
0.00023827713656264404
0.00011478698714902217
6.161907074229801e-05
6.478064801912195e-05
0.00023349022449435842
7.530633412635323e-05
3.956148962665428e-05
5.47697324548297e-05
5.337261673524538e-05
5.892214435497126e-05
0.00014608819006533996
4.010277757484332e-05
8.014068750806124e-05
4.43166052777883e-05
7.991924155953114e-05
0.00014043654251913505
5.642067232497374e-05
0.00010708902600669448
5.500253867657526e-05
0.00020104385374452338
5.166509516975248e-05
7.086290269256089e-05
4.425287726582629e-05
7.16558823686503e-05
0.000172290423069004
0.00023641625437553646
8.696442935876335e-05
8.936965214210886e-05
5.9770414531872816e-05
2.74350605597531e-05
0.00016671016416741266
0.0009149600073816786
3.1714993300776945e-05
0.00016799094494204654
0.00013507968044545012
0.0002500607182608573
5.338595618609242e-05
0.00012478435433727116
0.00012115991456164038
0.0006253954528645433
0.00022067866979862973
0.0002311443347040691
0.0001500819374504377
0.00018723538358313184
7.407542703923932e-05
4.394232391796574e-05
0.0003056491068165939
2.8985166204973915e-05
9.581640787004296e-05
4.4633377464064106e-05
8.530214817456262e-05
0.00014247867345538686
6.821921581408074e-05
0.0002717955778659321
0.00014220158946543355
0.0001385962288902549
7.434331911132823e-05
6.918171496955505e-05
0.00020113097855497692
0.0003093821394820006
3.849170888659989e-05
0.00011910548631912456
4.6221738247883706e-05
0.00011751316400888664
3.9770977716466565e-05
0.0004288028391224318
9.674232379190559e-05
6.638709487248609e-05
4.144442195446559e-05
0.00014813033759442237
9.627296328136617e-05
8.406384055985226e-05
0.00015853489855183726
0.0004621129087258451
7.72427062298652e-05
0.0001553830190104607
9.645714055286868e-05
5.371804074555292e-05
0.00011456005932974045
9.64165843803918e-05
0.0005085613439462261
5.71810616321159e-05
7.253269324777455e-05
0.00022065574556880734
0.00010584019606526219
7.359267482483553e-05
7.98874111420275e-05
0.00010251065573178768
0.00012851840089926435
5.764579880292086e-05
0.0002036085646546631
0.00022815804937225938
5.5148198915503583e-05
0.0001257847727059102
0.00010613162692330184
5.4383168717108905e-05
5.929087870532479e-05
0.00035194778207758094
0.00030033086754902304
0.00012087231046898162
0.00015815356723439865
4.6119702043385086e-05
1.8422930294338753e-05
5.98247111716829e-05
0.00014440393389399648
0.0003509358873559621
0.0002447511737701355
5.050359811255568e-05
0.00014480387582546618
0.00010356031872326053
7.240043327548912e-05
0.00014742343631753466
0.00025162563091292217
4.936990510381679e-05
9.120697974078516e-05
6.430335513447544e-05
0.00012045580275183359
0.00011222629000322795
0.00010017118224910792
3.6196142456748163e-05
8.36296105879975e-05
9.12239485973163e-05
0.00015020779303247258
0.00010629923665766798
5.4467426597283925e-05
2.6729634115610414e-05
0.00021742825916285522
0.00022180872492952249
0.00014651957061114493
7.373928050031833e-05
0.00013118070668784168
0.00018624265807965255
6.548299920442875e-05
8.050273342468178e-05
6.720023306177361e-05
4.659998751940337e-05
0.0001228037547782928
0.00020028931759389566
3.664787539712161e-05
0.00041717152667499467
6.516892765190134e-05
7.537624013897733e-05
4.873705317690468e-05
0.00015690439198710925
8.893429682476912e-05
0.0001338756395105173
5.5058271999825556e-05
0.00015851133470278555
6.961269705460038e-05
0.00021875633927988938
3.7569990257204855e-05
7.933328499429895e-05
0.0004966259749958724
0.00010536989854965626
3.5603746537654595e-05
0.00013149361682671546
9.200950666802376e-05
8.630952139325946e-05
9.483888600049425e-05
5.814732370717694e-05
0.00011132024079281732
0.00012585030055151184
4.166680623683294e-05
6.012813638024858e-05
8.340596552491881e-05
6.774794151856172e-05
0.00016747332488482823
9.614335150636864e-05
0.00016334809436278355
0.00026999489184564824
0.00010627569628025991
5.106940292582996e-05
0.0001305463774082566
4.8698132587902565e-05
0.0002735942232063605
9.330284619459312e-05
0.00016184648282911428
4.332652829096893e-05
3.912440457811755e-05
0.00042994732011708634
0.000452940258263174
0.0002132038151481702
0.00015189986055556864
6.48665809404803e-05
4.378845613987182e-05
3.432505317582153e-05
4.420917215322012e-05
0.00010729387805489692
0.00018825781857000618
0.0001781942351889918
5.875038928610182e-05
4.8207132868895995e-05
0.0002931480336890102
7.931476725143812e-05
0.0001301535811697166
0.00010244016046238955
6.0781117923897406e-05
8.045600434358119e-05
0.00011067806084954009
3.1618382593929704e-05
0.00021145996988399129
4.003638031143552e-05
7.582911812303628e-05
4.8950389386646574e-05
3.2398209166488916e-05
9.839277364200235e-05
0.000328691301373818
4.14304185311287e-05
0.00017563733036877113
4.572704262073345e-05
0.0004069085614514159
4.472997481792943e-05
9.337612961819933e-05
6.671200022953077e-05
7.815654217248234e-05
0.0001820661923512656
3.414810387161497e-05
5.059279699285578e-05
9.413107017808631e-05
7.368924217730687e-05
7.362620664867616e-05
3.629767456823765e-05
8.707961730910155e-05
0.00016231505803468378
0.00011907369632200848
0.0003925299507497035
0.0001545987653301638
0.00019546240082536902
0.00014113982020203165
3.899277399854578e-05
4.0799244945970686e-05
0.00011375882660079811
0.0001925948959923968
0.00017001005322408536
5.663363943543142e-05
0.00011316564770549547
0.00015114870561303012
0.00010364926291291795
4.3103227186883486e-05
0.0001374857844122492
0.00012020847177347852
9.243861723643731e-05
7.87864879646932e-05
0.00011112755080045658
1.912424206192014e-05
0.0002276910152711999
3.8954080749439884e-05
6.445977208992504e-05
4.9172216013198366e-05
3.897249193304786e-05
9.138167106886992e-05
2.444312127299246e-05
2.4621056284856845e-05
0.00017890425397329738
7.014865321106965e-05
6.571802409901385e-05
9.058412922435475e-05
7.334672774707831e-05
0.00010617643241978053
0.0003338423693834158
0.00013298827980941572
5.1608013183179894e-05
0.00017086700375098135
0.00010353525305975504
4.983862090831662e-05
0.00015916559894941417
2.975151720389135e-05
4.0265749262719754e-05
4.433336828542541e-05
0.00034457276051402883
0.0001190097536826238
5.7918046007586836e-05
9.668684626587044e-05
0.0001990671430934043
9.17521822594449e-05
4.848181864856549e-05
9.045691881209585e-05
1.585680364431692e-05
7.564425487718885e-05
0.0002330052812183748
0.00029502027892702216
6.900055735907423e-05
0.0001393459958581076
0.0002822335863924511
3.9512847074545426e-05
7.627995484856897e-05
5.045010845979526e-05
4.262263775394579e-05
9.086534445232709e-05
4.802904672201825e-05
5.520945283229839e-05
0.00011651389642933038
3.214938555741513e-05
0.00019890546081919946
9.347382097326683e-05
0.00038804358172795365
5.1324189762724846e-05
8.25487318327938e-05
0.00013212572482180308
0.00010101286207688036
4.850783865294113e-05
4.879314513148947e-05
6.117003640751069e-05
6.469246840895448e-05
0.00014306236528096323
0.00034575967764894207
1.87041705820995e-05
0.00011670215503415704
0.00020873982272851237
0.00014879831377901875
5.042507521048979e-05
5.857686497383226e-05
8.951964695639314e-05
0.00010142293311130664
0.00019138973158171763
9.260097076583714e-05
6.141800239254737e-05
3.8316299883734826e-05
4.055689130180383e-05
7.928257505820704e-05
0.00013991054755182762
0.0002562679444800377
0.00011773418575820764
4.395116316557173e-05
5.176399456515557e-05
0.00017656359787588145
0.0001955429795444507
3.202705326804163e-05
7.723428499326781e-05
6.73013838950353e-05
0.00012683569344748338
5.138636419934042e-05
0.00019443554272212407
6.80212728897264e-05
0.0001654753100847956
5.4889367707788205e-05
0.00010630771360568981
0.00011348301040651924
0.000103901186120394
5.1120622051702634e-05
7.284583446979609e-05
0.00021755733736432834
0.00010154504815642571
9.340411839328961e-05
0.00017172917761902018
0.0001976158273137242
6.474163491674038e-05
0.00015244797570323666
4.148356710496883e-05
0.00017685702064594675
6.253416129724525e-05
0.00015539419621672426
3.3859406108827037e-05
0.00013310583000645612
2.939382620683844e-05
6.903731028342719e-05
7.583881589019113e-05
4.18054498603311e-05
2.326523722700119e-05
0.0001176687248636764
7.409447510988897e-05
8.368209296140637e-05
7.072511380742602e-05
0.0001444183362375433
6.784847863498407e-05
4.286473013717291e-05
0.00020781062001119378
0.0001354077635580747
3.9474090199072355e-05
0.00018182492008332916
4.7842215708474385e-05
5.372816898130277e-05
6.39359415700743e-05
0.00016300172114040072
6.396612344390017e-05
0.00010419423441344816
0.00030691659132073295
0.00014171693539380067
0.00012144444585725094
3.150246448668826e-05
0.0001221131069530211
0.00019023407171485965
6.921565939674938e-05
0.00010791382130965738
9.229236767845286e-05
0.00012268134566552916
0.00010573898535255976
0.00026862688189354967
5.168293313331009e-05
7.117499861561009e-05
5.795371783647573e-05
0.00015346183063580862
4.668805302535011e-05
7.206543100381777e-05
6.376454547863573e-05
8.665637532879084e-05
2.031249995186792e-05
0.00023595766265583224
7.383419651314338e-05
4.1972512209352526e-05
5.3065915649597344e-05
1.7582318128356844e-05
7.159025314029927e-05
2.464301774034756e-05
7.608731481310667e-05
4.106073947274284e-05
0.00011546657550229875
9.78319131995003e-05
0.00015736993898304987
0.00025712628744041326
0.00010064352862329312
0.00013919946141603806
5.0135840172123666e-05
5.6525558369974144e-05
6.031481762350829e-05
0.00017341323842074715
0.00017965928844884975
7.201599616029147e-05
5.1546331662246716e-05
7.025396814757663e-05
0.0003986706514264859
0.00016340583519645316
0.00011088653377272004
3.452476057728728e-05
5.042492246455887e-05
6.881193462022698e-05
9.418804489943182e-05
6.436935593305036e-05
5.4124440904829714e-05
5.109541127020772e-05
0.0002449508529797268
3.4882486792338185e-05
9.11756583999122e-05
8.507859864153947e-05
8.493497841164441e-05
5.229369369207982e-05
2.9812145076075802e-05
0.00014479272938889358
5.4242991509092454e-05
7.760500513179259e-05
3.7571244090601847e-05
5.0942206276394906e-05
7.621129677464638e-05
0.000104655168122312
8.857862548586877e-05
9.842335161873229e-05
5.0526023729967336e-05
0.000135460052677246
0.00010511893914761234
6.394566468514479e-05
6.936075375304888e-05
4.952423393936545e-05
4.3909290786549525e-05
8.453093985041926e-05
0.00013963970593995943
5.052652503175079e-05
0.00028013064240681526
1.119069318664117e-05
4.958741001084415e-05
3.486123171493114e-05
8.702505709905906e-05
3.5432673460540063e-05
8.79892608475797e-05
4.020747878125771e-05
5.7819053406563985e-05
0.0001740401534570972
9.236401781015545e-05
3.253855976577433e-05
8.140149673320412e-05
5.183886161023942e-05
4.791763381800251e-05
7.064390178831685e-05
5.5189334989112854e-05
3.158189583423284e-05
4.4075932244280944e-05
0.00028113618973287354
0.0001136260127534602
0.0003021935649368895
9.632070917222839e-05
6.788084296924037e-05
6.175016198469113e-05
0.0003354144350553543
3.118312512651316e-05
6.620380584146554e-05
6.0275280443386315e-05
8.488065409355047e-05
3.895000240596946e-05
5.3359259085687666e-05
0.0001342190858131162
0.00013709416411211646
3.680956878003258e-05
0.00015718524653071255
0.00010683411511815866
5.4765025205427584e-05
4.542139526787217e-05
0.00015339999867592622
0.00012164823426026726
3.551534097382279e-05
4.644661040608443e-05
4.215601154344706e-05
8.984727302742564e-05
0.0001306989892135535
7.067737855784679e-05
3.777152799852628e-05
7.083682029584852e-05
0.00011554159484014026
7.418501391708834e-05
0.00010591100013221437
3.44689657040873e-05
5.7561773512291924e-05
0.00013627269482794307
3.6803673021270536e-05
0.00011221398931166578
0.00010365882764150684
4.576278421811263e-05
0.00010517161982327925
5.891014556258587e-05
3.6444494954919456e-05
6.641295930602962e-05
0.00018528167600093741
7.457196578957385e-05
1.7945157987539147e-05
5.863368232638929e-05
0.00016521249204782135
7.16941854148655e-05
6.883322498920246e-05
0.00012456414657604925
4.221886429247977e-05
6.366702879099858e-05
4.9075765899789344e-05
5.731753786668204e-05
7.519968296920691e-05
4.503846636665328e-05
0.00013985966171777814
8.293611705065036e-05
0.00035254959815629973
0.00010279113732504092
0.00011336969550731352
0.00015104224619718305
5.363196642546975e-05
5.703116503536525e-05
0.0003097046208318435
4.445205732495399e-05
6.333731263204237e-05
0.0002524266314374555
0.00026382536635182185
7.771333232773417e-05
0.00013788033298614593
3.324786092848866e-05
6.916926853906048e-05
9.261257598699042e-05
5.6660613798968015e-05
0.00018843292616722973
5.697858209328786e-05
4.9651833775625584e-05
2.824427547147139e-05
0.00010548077895630701
5.1914133760567446e-05
0.00040031047196169425
8.21876687494284e-05
6.779759168974648e-05
4.285816793149535e-05
3.282591115478969e-05
3.740098250330964e-05
6.96331185619083e-05
0.00010095079896171699
5.418020584504264e-05
5.648173709765677e-05
8.966247449000563e-05
4.7744211179126414e-05
2.718945307221312e-05
0.00017286159956409245
0.00016476037919664675
9.836459043570782e-05
0.00016571238499244034
7.674496950583063e-05
6.180458313613895e-05
0.00010655752955858445
8.859289237856031e-05
6.415367561942552e-05
3.859315862924879e-05
4.417275799370005e-05
0.00019068124863071983
4.3784579374084224e-05
0.00011158664237195161
0.00028039601059173287
9.006045139577377e-05
2.9866991436092906e-05
0.0001017670429696716
3.511867618451715e-05
0.00018772321790170736
5.448891559307988e-05
5.521047288626038e-05
6.991871018087148e-05
5.164615320387405e-05
0.0003381232057191076
6.776653286989133e-05
7.535996717563344e-05
9.579192629311439e-05
4.02807166629536e-05
6.516512677554368e-05
0.00010280433421008181
8.386395224143503e-05
5.7969435903096496e-05
3.0645469376450754e-05
0.00011942409922371181
0.00015144488289734568
0.00020389302222387657
5.162656111840873e-05
9.718882600037622e-05
4.3830061398194274e-05
0.00017355895422531612
3.180923299770827e-05
0.00011507301679150355
3.098962932127358e-05
3.98350990579781e-05
0.0002641922747175756
0.00018519087867713006
5.5193685558413266e-05
3.7976090432937096e-05
0.0002308992211456932
4.751604335820339e-05
0.00017353737176890212
2.212084318311655e-05
5.843550422070753e-05
3.950902024949384e-05
0.0002434721636069058
0.00023477706085015882
0.00010856648714286651
0.00012540984561742045
2.3081545920036432e-05
0.00011046751021144319
4.322680478709338e-05
5.703227978430825e-05
8.598974203757157e-05
0.0002573866282763387
5.6186519633935795e-05
6.241272181651372e-05
0.0001383726969522905
4.6284861443027066e-05
0.0001053312413035776
0.00010633867317800704
0.00012623292389722147
0.00010159037202302828
4.914593970777309e-05
6.936725318754802e-05
4.0791165432063166e-05
0.00012543434496513857
6.255128479999693e-05
9.477378063761867e-05
8.366468768209716e-05
0.00017278284311639954
3.526553292346438e-05
9.860019461682247e-05
0.00016866662300626253
5.1766548321416665e-05
9.685076547030224e-05
9.954910749367476e-05
3.025054690123478e-05
0.00011981931388348654
5.670660379920343e-05
0.0001256855919644957
4.166917704979631e-05
5.051330994507527e-05
0.00011571219733223877
4.941322763945535e-05
0.00011882941429423624
0.0001253697710035677
0.0001277176208635166
8.442986776041007e-05
0.00019505507674743848
0.00012738962550981687
0.00012572688957444622
4.1700627566038704e-05
8.203052192957119e-05
0.00021137097418293444
4.1676298565659865e-05
0.00025727885032345
0.0001052517666279905
4.522907567400354e-05
5.5462025483645676e-05
2.8581844409756503e-05
7.825520736736382e-05
0.00015074851179889968
0.00012351921388417488
5.09232323993085e-05
0.0001094829864811959
0.0001544235141156797
0.00012409113490104203
7.201004682578284e-05
0.00010326887022117519
3.7347436597080625e-05
6.048506510206335e-05
7.532297194226472e-05
4.262868892738426e-05
9.030940375824227e-05
0.0001491880574927537
2.035468757275498e-05
6.084665760418902e-05
4.5399215381221854e-05
5.3119808096181405e-05
0.00011824709740068681
0.0002116111235639171
7.046116444390126e-05
0.00011450222945732465
0.00015709131551058634
0.00020236017900922257
0.0001803492734303313
0.000241151508545298
2.8575802767838644e-05
0.00012116543672378159
6.043228347554636e-05
5.4761600299670236e-05
4.326150779060459e-05
6.289259263474871e-05
7.676556814858718e-05
9.178318891380064e-05
0.00016834801814990356
5.978371517647439e-05
0.00010558041815084609
5.983441231068389e-05