0.051952131662998495
0.019481887513529896
0.05015726595983022
0.055944288583622104
0.01860714753927755
0.05120672070638582
0.040476980157474626
0.06177949703756774
0.1121633522206393
0.006849027401459308
0.01578906402622521
0.08983948686475918
0.027894992145201483
0.021890199144678563
0.005825432612622869
0.009726657190865776
0.041102513358777654
0.048345906360211195
0.011892792200072591
0.015285848502104661
0.007111179816360236
0.015371959589882165
0.003510081830759952
0.013780539711129363
0.0177237220637924
0.01178066994627688
0.0011424369493297827
0.007491605308401927
0.006168122740753793
0.008059418609198813
0.011478780170285011
0.0018750993733509358
0.00945902813835383
0.007824221643015336
0.015041017332301624
0.012134504374335973
0.0034523782847152686
0.009385918227039852
0.004601241641589496
0.015195249209907516
0.005932874697575142
0.005572494740474225
0.01180097181812099
0.011748560159090551
0.007915362386187851
0.004440460092351376
0.0022865573187896377
0.005272396097995778
0.0017214802522014074
0.0020390782983505857
0.010415994030016761
0.021613357497835474
0.00501093359689057
0.006557398004916096
0.002184721828308882
0.010275362271936013
0.0071066597893122635
0.005472736965766205
0.004798096006558789
0.003112411723612742
0.00951285945849617
0.0019096342158434496
0.001600570781043047
0.01100018912387633
0.012781279190511634
0.009710411222384568
0.00504498111370089
0.0015398021404159717
0.003223320959168987
0.0031824377796551362
0.002872042205406719
0.004318059543670151
0.002687992933973724
0.00453807922379761
0.0040028929188430816
0.009749395753858393
0.0011382339785159477
0.003070892331443367
0.0033561565286217647
0.010476468857929778
0.002165421494510413
0.011384195697831589
0.0050795692649783265
0.012427054542528316
0.001276274167397591
0.0012105304406369705
0.003312801274192037
0.0004386148550367939
0.005810848510752714
0.0008760369737077747
0.005877922889977613
0.0025000764646240905
0.006352983357393277
0.010861410737618656
0.006179488959855046
0.0004217892610902007
0.004563974768489569
0.002152146300619025
0.0026832210505097305
0.00479331673880775
0.0025527320989121903
0.0013126472182391933
0.008114345454415427
0.0008830442327535609
0.005880923538453411
0.0026103600988025663
0.0029803736142896284
0.005826675637992695
0.003503524550496293
0.002526816188019929
0.0030840404087809615
0.0014898950696118985
0.004669247810063805
0.0029853318255258733
0.002874748858066552
0.0032863783392459225
0.004273980681233585
0.002049497390731071
0.004211048733603527
0.0022717166281789195
0.002734871280462554
0.0034220870425623775
0.0019411625927173099
0.0010591366428455327
0.005754763286109008
0.003264777410347309
0.0006591047610050641
0.0011666786733177256
0.0017450918944583167
0.005456674969785634
0.003246731192542048
0.002856043638958025
0.002376224685407909
0.0010937804199955333
0.006927296218171958
0.00138609552006983
0.006533234619796559
0.0014404105381337412
0.0005834910032466287
0.0037579117938165633
0.004424421191505544
0.004058032217450795
0.002866026375970833
0.003022306282144784
0.005039111548072994
0.003057733152969843
0.004541980469512036
0.003796724461956032
0.0018242193059717648
0.003727861205571214
0.0001307468359459068
0.0009366640388316579
0.0013279136691768726
0.00036968992884621194
0.0030668150340222955
0.0031117276797080016
0.006169831253095711
0.002328023716615754
0.0004219113317610415
0.0027281805963925918
0.004117972993193316
0.0008336170986458811
0.0019385200604457664
0.001816828809061252
0.004055502379057657
0.002373379262987474
0.0022152114482681022
0.0017415213723204132
0.001773911311859248
0.002519933806335234
0.0009242998688877804
0.0017821534793352905
0.0025438362661597417
0.0009388889064632841
0.0012482943565608447
0.0014283266453895222
0.000905228996621345
0.004576652810709085
0.0009134108000186287
0.003571896951518442
0.0027386927220451455
0.0027846733090988473
0.0037541882119137035
0.0038242513678574813
0.0017220878755772973
0.0009149814477772035
0.0022043353187141384
0.0012055342152551894
0.0009784164052240394
0.001126683173227896
0.0015733006047031046
0.001355765060602149
0.00030801274986126594
0.0022781872166176805
0.0004942028130134032
0.001101719591452579
0.0009750854919376443
0.001861954433243991
0.002189528557337364
0.001018641491942482
0.0013294245198719184
0.00027535027696883345
0.00104260840617807
0.0007413932706274148
0.0008158100130265732
0.0006234421138859796
0.00023217346524139322
0.0018688475476927586
0.0017538378084036752
0.0016090114139065974
0.0034484927960945896
0.0013044084742502742
0.0006230651884984923
0.0014937885233661833
0.0006765321646885509
0.002411976361178194
0.005935742024368995
0.0026115642636975684
0.0012732054394103255
0.0026059354636682073
0.0016789420405587713
0.0025205471006703993
0.0035763940211606853
0.0007458715837751313
0.00047413782366341614
0.0008250366186135118
0.0006397424813364242
0.0005095848064086543
0.002709112707964432
0.001725476767529903
0.0020553584078659816
0.005119566356850917
0.0005247357224714352
0.0015500410886168067
0.0006979082822301619
0.0008745469402046287
0.001704290889876816
0.003413852394059684
0.0007199316411961254
0.0008739731657450309
0.001292758467574325
0.0059406650264662375
0.0007968438206316804
0.0025558427104062365
0.0017414401595069761
0.0019050330302381269
0.0006403470546035846
0.0006404474079761597
0.0005287524343265607
0.0009421272745331679
0.0006925182500982599
0.001425976789262326
0.0005067272175904875
0.0027500669807441667
0.002239538919722205
0.0003017153604887997
0.0018500166802650768
0.0013367641454525001
0.0014001007774760883
0.0021870828037065014
0.002065573724564381
0.0006369870238222039
0.0008905588380521404
0.0016182226091096426
0.00117445340743523
0.0001508089240953331
0.0003723043205310661
0.0027646009393125634
0.000476689996441544
0.0019074855578716915
0.0006635308698180893
0.0008688604218378455
0.0010661404646953635
0.0011608616135821079
0.00032641250043149934
0.0010406423462266977
0.0026291248031627347
0.00036195076114816516
0.0006547790063000358
0.0007717153212850546
0.00025312655835131733
0.0008759757418713009
0.0002461780801673809
0.0006598657033817236
0.0020306761175219006
0.002033914698976987
0.00013474612029858816
0.0012465936253078526
0.0013633908122211648
0.0028252523599178424
0.0016439595140942443
0.0035757290823903525
0.0009424890350769121
0.0023895998754590387
0.0007436439999254022
0.0002843625032117929
0.0015889820079836095
0.0008437213288863082
0.001270396008143349
0.0015634368393210281
0.0012628679751537006
0.0012211078322996946
0.002915448602249613
0.0005713843933561493
0.00040519693990738665
0.0006481638305188467
0.0010274223746647815
0.0014350270455071468
0.0004497945675978328
0.0003052414612043712
0.0008436163835308819
0.0014426795459885774
0.0003008175738947049
0.00020068882945726684
0.002989063772913447
0.0028666322530777866
0.0017815737367672467
0.0007205878882114006
0.00030491951165803426
0.00040725845632613435
0.0011074710849924136
0.0004900965397487921
0.0009361285289839341
0.001016153507603465
0.0011417578965731328
0.0005339302124536191
0.0008398741588307636
0.0008661054494637567
0.001170119356039102
0.0019287496852557365
0.0006649481898093686
0.0006084508167042466
0.001913567739097655
0.00038732249023895913
0.0005944692849223726
0.0008002226736037543
0.000487741353386027
0.0017204059696520207
0.0011923620981202012
0.0007804766053809394
0.0037051624186988084
0.0004849517257887947
0.0002143202822845776
0.0007513994803055072
0.0006298130758944742
0.0006343244822995081
0.0018893857474712407
0.0008310256616294335
0.001288040039888007
0.0014439354964938186
0.001119232235016929
0.0002455607620170089
0.0008064289568719264
0.001932186557709894
0.0007529643333170074
0.002128467331817386
0.0003395477643063588
0.0009588124129949702
0.0004185139646022421
0.0008003908562755749
0.0007961683545595382
0.002403158521074266
0.0009366618816542111
0.0003455686703925458
0.0016223385627590443
0.000934616147859531
0.0005840324532604156
0.0007313487717306338
0.00031365429837072577
0.00055811605472663
0.0009555992186322762
0.0005940670474851495
0.0004026916294790577
0.0014736058023243543
0.001970442961694385
0.0007531371664878549
0.00021410652978924195
0.0009131589093543386
0.0005843385798233756
0.000828471336620663
0.0021295279810615844
0.0006388916804526131
0.0018227122303801318
0.00044916810185917496
0.001626313098195456
0.0004401622725859055
0.0005415850459199338
8.205479631881079e-05
0.0005970498430877992
0.001775772717015974
0.0008636313116727966
0.00018154575878325048
0.0009043809175833851
0.0015102422467680493
0.003154582251412038
0.0012445184001744188
0.00015096625557832214
0.0011272467246728078
0.0012615869878318461
0.001434748768254645
0.00013896201617219264
0.0002964725040603817
0.0003198218378248363
0.00038896532931957775
0.0006662693959217069
0.0005398794437179283
0.00031378480773714735
0.0011966533203577655
0.0008255909304557247
0.00020908237156533812
0.0008950981860325656
0.0007280072208502798
0.0009093404756783461
0.00147285036433767
0.0011537848643779984
0.0005321254044029156
0.0026433576824247944
0.0009970914919435103
0.00033406780552825354
0.0015194117310857237
0.0005159742176906295
0.00045410656443637954
0.0002789630945735801
0.0015655499852968398
0.0008059413653025803
0.000820699381498634
0.0013077202019875843
0.002386695641706872
0.0010405947227060666
0.0004048203275106821
0.0004208939340768988
0.0014264327540393017
8.25094772418317e-05
0.0023363821798159704
0.0004584212381572162
0.0011878455984953326
0.0009025674635471138
0.003610455415609305
0.0002356139165426461
0.0007474399430641601
0.0011694556786585775
0.0026386924838062687
0.0005463182389891946
0.0008859928467577702
0.000704523879615127
0.0006087175919860688
0.0007275394023179571
0.0005175090784564176
0.0006004951317507221
0.0008253361889070135
0.0005593384743000366
0.0015086658315577057
0.00015066711977768476
0.0003749063920482014
0.0002163262751346443
7.402961136607428e-05
0.0002118737844978217
0.00035021094171616376
0.0019294766727147295
0.0011715624901356462
0.00018025608313775976
0.0027308786690300735
0.001441215984971214
0.0012299642188341642
0.0012608253658531368
0.001965900520771295
0.0014577553913425877
0.0008505119931314072
0.00048448270756884276
0.0008661390923186061
0.00044535115172834107
0.0009443996472012601
0.00013485994174281858
0.002167758174048668
0.0006506244618014858
0.0006230005268895254
0.00029275576873577215
0.0008330191121828807
0.0009472508474989441
0.0006267396001614987
0.00047417973130517405
0.00043797095551362394
0.0002577871078382202
0.0007349330563424283
0.0009487656852717562
0.0005058355837109424
0.0009531476282988292
0.0008608886591285639
0.000589681373241346
0.0005959839161262432
0.0006115280454430783
0.001523070834241967
0.00045063988899719635
0.0002789492723761198
0.00022175425686076164
0.00025431292844753904
0.0017738505860115407
0.00045687398732723554
0.0009887365206611657
0.0006319695391542699
0.0005730500112792771
0.0001850851865926326
0.0007826740473040602
0.0006745625139344111
0.0008242001544831253
0.000318975717143275
0.0014635544372608247
0.0006940524065214304
0.000894981457886909
0.0006071756320965906
0.0009244981080608635
0.000416427504452046
0.000954302065971473
0.0014062213339533446
0.00023640481611997171
0.0005218355724150472
0.00045727533630573043
0.0009077082961514482
0.0010949111400265805
0.0005726183437309241
0.0005577252667202468
0.0005359820808716016
0.0017353635121115988
0.0003903445306939453
0.00025280143786223614
0.0002675909423264023
0.0010896552104020265
0.00038516290134030327
0.0008409993664503726
0.001074307772342636
0.0011101670625065702
0.000955818992874425
0.00038398838290882843
0.0008446663229638334
0.0019609294594903365
0.001405347634007602
0.0018362321825709195
0.000495260428296229
0.001901433975066568
0.0033059125879749936
0.0009158842715292728
0.00019290824815944147
0.0014806425161260647
0.0007058061524671102
0.0009113227846919655
0.00021396506610648865
0.0008206159057025088
0.0010250712729329538
0.0005495551655437429
9.700971257265074e-05
0.0006823959793289024
0.0007741753067973237
0.00040897463301539573
0.0007206194786640095
0.001685373606864294
0.000518974155936524
0.0005861258288565265
0.0010317773491659225
0.00029844468217206106
0.00014658880052479238
0.0005180753955943712
9.500252340397573e-05
0.0003205701585926341
0.00041182764615874535
8.870991248769717e-05
0.00023339801370418506
0.00041431496305928243
0.0002344621088512495
3.3588093175642086e-05
0.0006263057490082532
0.0006697524111665368
0.0005361417996458859
0.00014900406622995958
0.000696404672716843
0.0011893216251655356
0.0010978052532501703
0.0005429483913398789
0.00022309479284207738
0.00017018086696917866
0.00021704865929956689
0.0009604305547283395
0.0013450154623014768
0.0005424922975384647
0.00012794138362577846
0.0019732956247727287
0.0008635454388839721
0.0008048316781742596
0.0012108238548038173
5.749253052628379e-05
0.0006274129926966518
9.68420136941613e-05
0.0009991215512137413
0.00035233004553327424
0.0007402858525647201
0.0005401958285194295
0.0003039170420712551
0.0007289341735829027
0.0010468559182288816
0.00013684006246700636
0.0007440210834012804
6.8623674744873e-05
0.0013482090506409235
0.0008791499485593834
0.00034138407011147584
0.00033607805206264105
0.0009196434559433007
0.00016707058053659372
0.0001138287100675189
0.0001842955493833472
0.0009176780059253044
0.00017845628785328687
0.00040051497133342833
0.0009071743549032577
0.0005878479646804573
0.0009078952549805471
8.94083502743967e-05
0.0009199712895850959
0.00020425972739439457
7.774626953141677e-05
0.000928692125318347
0.0007561779476533445
0.0005167487708437092
0.0008865629358778153
0.0003875660952153444
0.0012958793079778997
0.0009003217295644619
0.0004780960702459975
0.00034712017498059677
0.0007523087083820968
0.0001255203431689906
0.00035522433618594254
0.00022006717351068038
0.00047586295508649445
0.00021267910859332513
0.000523626809930339
0.0004660822214730472
0.0012493148090624052
0.0008387927398425644
0.0005912759758624404
0.0008253088679621359
0.0005760429500814321
0.0013513504963799956
0.0004129880087621036
0.00024930636046486827
0.0012890793065892402
0.0005219036767654218
0.0003967966046054748
0.000599787462716046
0.0006393581622467281
0.0008008536723709601
0.0004177151073555509
0.0002197827019780699
0.0005318025923368564
0.0006072547736149204
0.0005449142003264585
0.0006346988297305715
0.0003860801670190018
0.0004418873633376558
0.0003544378648377642
0.0015960857466022938
0.0008828352485398762
0.0009052030524732641
0.0006746113295412308
0.00034008217596036673
0.000254917968693828
0.0002491489246367763
0.00029696348367811836
0.00033816882012938505
0.00013600102062913042
0.0003859366934641483
0.00022700631751353052
0.00018834159395222797
0.0006803728878160959
0.0004101453126407471
0.0015722201618197334
0.0009690113250688937
0.00010116823483868583
0.00028522492496011327
0.0007085516432333404
0.00048750147249506135
0.0002469900361295801
0.00016599301247922403
0.0005022325557408886
0.00045083628007248775
0.0002919700906226821
0.0009328539381073056
0.00024988743123977134
0.0005641381215198581
0.0012607916564365096
0.001073023850849212
0.0002605662709724667
0.0007033093388263177
0.0006368775608539795
0.0004536847382592656
0.0006005944530939484
0.0003339884282241938
0.0004800460408742519
0.0006514071761509681
0.0006566308726239869
0.0006102982522374208
0.00013898246483748145
0.0005266730259604509
0.0003131181970697395
0.000436268129660878
0.00046016870333990466
0.0012813119700806988
0.00017992624776444485
0.00017197327733506774
0.0003705137278490282
0.0002928534489766842
0.0005849656226753219
0.0004482497643213287
0.00036143785957397985
0.00010006185720206407
0.0002108441427689834
0.0007332448945365026
9.680941139994348e-05
0.0006580127114726444
0.0005227903439295781
0.00037940584253743183
0.0003888823765048931
0.0006293030001601315
0.001630866876304435
7.128040066305167e-05
0.0003746139281898184
0.00029222444951359193
0.00021976252808607137
0.0008952905761289051
0.0008241032128927934
0.00019505876567565855
0.0001618935874673208
0.00024991763670532166
0.00033399255821284603
0.00036386748085489375
8.72440611442806e-05
0.00021890188623277336
0.00036630779633538534
0.00031815449806735235
0.0011528245037463183
0.001782822828820623
0.00037591649204315563
0.00025583991762206286
0.0004447888197292103
0.0005252956337894647
0.000843105264778074
0.0004958705229908306
0.00037768964504199145
0.0005245008317344007
0.00022828642461983267
0.00035672628535880893
0.0002943995762852362
0.0003970377703086323
2.8300975654094136e-05
0.0002741383746585137
0.0005481573623655345
0.00021735532616397912
0.0002906977180119004
0.000545660941391337
0.0002892658047548338
0.0005159459638651581
0.00029927209887911876
0.0007101752956754529
0.00024587876099958577
0.0013285210983818344
0.00012912431688069247
0.0006695357777249023
0.00010171094813099085
0.0004512363159618407
0.0009534849988727159
0.00022573704819943462
0.00068428003147829
0.00022296045768925007
0.0008914845535420375
0.0009581473500715283
0.00025041359849966677
0.0002349770518682543
0.00021181512229324185
0.00023886324595069944
0.0001715295924974355
0.00031524734242684556
0.00020969730681664835
0.0012467004828271477
0.000652884974960598
0.000305362165667049
0.00032319211135776695
0.0001825575944858004
0.00017132325995681375
0.0015187102747003377
0.00010932280443598833
0.0006943846724485568
0.0009774292992904834
0.00028008998097432593
0.0001916435961218336
0.00083792940321696
0.0001378905873835095
0.0004840475024253464
0.0006962805472970536
0.0008172356898714791
0.000503214314151212
0.0012390274196657884
0.0003317819891635032
0.0008792491630707673
0.00017901961179947422
0.0011104951690102606
0.0006858541169853939
0.0003209727083329876
0.0010279191587290654
0.00019524605986817974
0.00038096002596370917
0.0004902593120006212
0.0004449626779313555
0.000999195554835799
0.0002044082492869509
0.0010682121427495897
0.000716001610392804
0.0003448393028556016
0.0002718506657723708
0.00017763657347683842
0.0006403453599471065
0.000359580577387346
0.0008033806333187191
0.0005008188866687794
0.0005488877217609253
0.0004247122535856824
0.0005031346259248397
0.0006690394026852794
0.0004544283870506412
0.0002893018127074133
0.000319953405678614
9.934519779984404e-05
0.0003536680573051988
0.0001998064231127473
0.002600998806352438
0.0002823593982089062
0.00033336103646781803
0.0007724651406048851
0.00021394081487227258
8.443204080686343e-05
0.0001134520732475491
0.0003219956494145855
0.0011215224233829364
0.00015101819830930495
0.00023813414999659181
0.0003452333901686576
0.00039464795161765466
0.0006333317607317141
0.0005203857300105194
0.0003817177699907521
0.0008052196189655419
0.00028754792689018443
0.0004309412782798767
0.0006689599447175981
0.00048024615822994996
0.0003375068001360428
0.0001747159809705528
0.00029504686101712395
0.0002893398373063465
0.0005792431198834754
0.001049201177814257
4.890965166830052e-05
0.0002683599746327289
0.0013351248343667908
0.00029632474552253844
4.7105908905137565e-05
0.0005129288087273368
9.209349436641675e-05
0.00033656642106738485
0.0007826148379986832
0.00048167496779762586
0.00040428979051228384
0.0004941331164655714
0.0003093648176078331
0.00020992510310632187
0.00119271526207005
0.00015872118267108243
0.00035594159571972363
0.0003007672402059501
0.00019024192913284462
0.000402189564582026
0.0001261740008847439
0.0002651746396722944
9.623802149757799e-05
0.0004004281263878301
0.00044607677348834906
3.3602653326283746e-05
0.0005983104929687277
0.0002636344954752398
0.0004363919071857424
0.0006440735116024636
0.00043220155498001063
0.00039558493217248833
0.0004090269032225736
0.0002245162722162325
0.00026102030044561266
0.00022742990043262795
0.0011028357052616674
0.0004654578410853901
0.00016456251105940694
0.0007332461301851512
0.0006360791489950846
6.031431728599504e-05
0.0001182201886217978
0.0004192271550297156
0.0007046921794430259
0.0005993202302606138
8.339345752228616e-05
0.0001428374474648118
0.0005132785834918538
0.0006479873215315871
0.0006426794519751127
0.001441194151491961
0.0007276415878244928
0.0003166220648684807
0.0007585448393689652
0.00021034114314475526
0.0003661347240401416
0.0015373067731795022
0.0006271220411884582
0.00014290017367344098
0.0006523409840739036
0.00015426532130160682
0.0010543669857510454
0.00018553501452178998
0.00013723806092448044
0.0004723931117770174
0.0008960243836582809
0.00031480639763491614
0.00014681456701456862
0.0002296059063826536
0.0006290022416685584
8.645720080127066e-05
0.0002011206174635585
0.0003871782243767905
0.00026643308349001964
0.0002651180781416199
0.00015789189749928662
0.00023439585603010098
0.0002363072824011583
0.0005030311406037357
0.000527256807519864
0.00023222275151994068
0.0003802787283854836
7.423189325410038e-05
0.00020463545679001366
0.0003293151421259742
0.0007502270263328251
0.0010162282590145577
0.00020914755708604862
0.0005208560088581556
6.107599803331881e-05
4.590757407781876e-05
0.000366122441773156
0.00016085613517187672
0.00031299482078104814
0.00040616849627461894
0.0010007114869811813
0.0004674323209495768
0.00018179658354553093
0.00042592955402109535
0.0005277594518217055
0.0004355471185077613
0.0003175738640892644
0.0003839525775992796
0.00016487573765512872
9.932209332446481e-05
0.0005767636592951658
3.5260491555427646e-05
0.00016123568802892233
0.0003258681486270143
0.000123139173660101
0.0004213867455239077
0.00021619492895859704
4.389064908645551e-05
0.0002428295655999924
0.00034672745241661005
0.001248362906512493
0.0012575694990874175
0.0002939343606903092
0.00021735128341550603
4.76091257341702e-05
7.839371916149208e-05
7.964100756453004e-05
0.0007367002044359804
0.0001126258891743218
5.235424587247697e-05
0.000539795893236201
0.00040138680311848664
0.0011742151596216192
0.0005970496168912038
0.0003768270618144521
0.0005077934205106949
0.00015826347346625469
0.00014513272532498998
0.00017677896956260278
0.0005270166676475781
0.00015621128331620658
8.938649614429881e-05
0.00022477945066907973
3.5531786527550835e-05
0.0001702711808068605
0.00029203853752355084
0.0006118157619427949
0.0003483527800733636
0.00015007151103277336
0.00014557168409266253
0.00040741238840471075
0.00016741495165125891
0.00023951705358888484
0.0004486933221623229
0.0003421214239989296
0.0005822026003439889
0.00022585641456357452
0.00012717729212230957
0.00014234448805866816
0.0004420408609959003
0.0005821337551397772
0.0002696333197287396
0.0005177087216318222
0.00038479460276899703
0.0002550564932373694
8.255564918457643e-05
0.00018050763871331417
0.0004801549981147467
0.0009211362447841598
0.0005528936206981281
0.00031052054978483864
0.0005914928289401369
0.000500542300352088
3.5890945100719226e-05
0.0005639740850724537
0.0006321892669166066
0.00023945089497737841
0.0002037640295010302
0.0002800607403683521
0.0006994043355906935
0.0002627083046022444
0.0002218961698361576
0.00023193062696949497
0.00012432380421780807
0.0004744076280087967
0.0001893885857807544
0.00036550481608894653
0.00013084845330227018
0.0007853111307017479
0.00010727657812454205
9.859400620322782e-05
0.0007758938103709648
0.0011126915062506756
0.0005362092989418855
0.0005942776074627142
0.00028585871904721326
0.0007851183143543619
0.00030426574571436067
0.00025327668058956895
0.00015113432209881472
0.0005525309306535364
0.00025432453534473886
0.0001974145894815906
0.0005040300492297664
0.00031418788337457635
0.00048194225786856804
5.951758528685965e-05
0.0002971888222897308
0.00014101095712046481
0.00012782798284804504
0.0004705767634281052
0.0008456071488652222
0.00032209472227361465
0.001002536851038668
0.00031080211549112366
6.538123032631357e-05
0.000295119771790768
0.0003687176676138336
0.00019926315399381434
0.0003779474359117288
0.0005650422082487338
0.0007173716165836029
0.00037887831274854936
0.0011263312461138068
0.0006387939115077313
5.312964827496484e-05
9.122932133317813e-05
0.00015272594469548786
0.00022348954360553691
0.00024942176023053005
0.00042075888447407343
0.0010259424944526923
0.0004312101235993009
0.000305352017434529
0.00043011295646251495
0.00022208425150950018
0.0004880274821502488
0.0008312276789721245
0.00014431378883350798
0.0009415608245506181
0.0005040879742574784
0.0002366020301119821
0.00011070881516322022
0.00043519282071342744
0.0002754603681075551
0.0007116212633297273
0.0011780441394183378
0.00014451055713602884
0.0002532567382104464
0.0002591419136570388
0.0014634524069564053
0.00011467651329992009
0.0004085972529049143
0.00026621591912206056
6.477254370357913e-05
0.00015975740946680035
0.00018923281708634732
0.00022655515282020284
0.00013714448940020793
0.0006734633010821739
0.00047458643805194903
0.00043570409265676483
0.00019630177300410887
0.00012154567083786501
0.00011956771047578324
0.0007341149156279302
0.0005411712257693387
0.00014163523156926987
4.899993319892039e-05
0.0003562625230389765
7.866730626961995e-05
0.0005200003100719338
5.824742644915083e-05
0.0005438860464522352
0.0006998374956369737
0.0002013655364560278
0.000492308822834436
0.00039158607975816267
0.0004515702227100698
0.0001436756803918286
6.37227589023328e-05
0.0003470796199302707
0.0003174700353418311
0.0007478926035825764
0.0003707150470757088
0.0005773410520915239
6.120235168630074e-05
0.00047375398456482153
0.00032375357060239593
8.325834084370105e-05
0.00027075705725554584
0.00020677625583474156
0.00011014640978862072
7.600075295364197e-05
7.676626289776647e-05
0.0002983866062659747
0.00041340212894693483
0.0006101654916401557
0.0003205543614145227
0.0002044496666897181
0.0006436211828798076
0.0002147775059266965
0.00024008048278660086
0.000512315486398602
0.0001415357982973506
0.00012582701968051109
7.520888300236302e-05
6.594401757623035e-05
0.0001275349327245923
0.0004591929709854032
0.00014082475680615174
0.001340944580131738
0.00013680593862290565
0.0007650875283965233
0.0008145209612456493
0.0008441698256835452
0.0002600243111323517
0.0004859864750180169
0.00024022290405875638
0.00020949297588690525
0.0001017018164672368
8.117286382855873e-05
0.00021006935998581634
0.001149070880194113
0.0004540430470659266
0.0004235493851567827
0.00028637002284794927
0.0007196337062055032
0.00013463507522318283
0.000604365949965699
0.0002574915657344231
0.0001561866847544102
0.00035091609694055806
0.0001496392866598725
0.00019978012171306022
0.0005371657984560506
0.00014721969824217442
6.216518252896015e-05
0.0009200029854056045
0.0001788905185450763
0.0005567061938381555
5.973722717456067e-05
0.0002647839997984429
0.00019295687831697038
0.00025805344345861505
0.0014815128666555743
0.00035159986847038325
0.00015136127937879349
5.362862690756936e-05
0.0009254458769941959
0.00039526775242270377
0.00021588764960730043
6.002938363381439e-05
0.0004239648094356029
0.0003443384796914059
0.00020560119832510878
0.00013003275614111536
0.000148173069568382
0.00031542904846261987
0.00028203490093840555
0.00033992286382497996
0.0003057756266945008
0.0010255770768616257
0.00018993133491150622
0.0005405604823882261
0.0016674868117034858
0.00016083966840965954
6.080232517901423e-05
0.00019894338522584987
4.360277174140965e-05
0.00041075738949682784
0.000576455555539491
0.0001228752520557551
0.0003878586855715617
0.00018483973124117542
0.0009627711383792576
7.770880473930267e-05
0.0001425189219944676
0.000432472631398072
0.0003613372907323774
0.0001445317228962732
0.0001708791133802196
0.000206633574867496
0.00040954016199096596
0.000208916213028963
0.0003061063937440957
0.0010593983861245156
0.00020345605801536828
0.00015517921045298878
0.0004963923737723197
0.00024884277823737676
4.415303125863729e-05
7.155127836182924e-05
0.0001026230011984427
0.00020567668289708652
0.00020139281211271852
0.00027264958319872854
0.0006133930215999168
0.0001618486381898397
3.953518329410933e-05
0.0003843356648273719
0.00018947550729448115
0.0007940345877667685
0.0007626183407292795
0.0011469832685515858
0.00012262852986588457
0.00027558212593009894
0.0013500625556413374
0.0002262964177706861
0.0006728216978378088
0.0002083939420276034
0.00013549723064044855
0.0005388401330351913
0.00035849265115287025
2.8868342633483023e-05
0.00023708474764579457
0.00010073105250039017
0.0004045168758101011
7.311052980679897e-05
3.4983575718067505e-05
0.00033156521925510856
0.0010180957107242719
5.601391042961547e-05
0.00036923785638572537
0.00011973864095896316
0.0004012057272493117
0.0005185314358496522
8.371054613577801e-05
0.00031475615464681594
0.0005195806123029185
0.00011472286734774136
0.001016811631348887
0.000384291819308531
0.0006267766561030873
0.00043061061535869385
0.0006507124096076811
0.0002608385019855242
0.0002693187352757292
0.00022971774554620666
0.00012138325545555275
0.0001201690328571709
0.0005636537453363338
0.00013500832909709673
0.00010500781957621171
0.0001222379039412126
4.047761161072409e-05
0.0012694922616683934
0.0007844528317842591
0.00024580789295212263
0.0003108373136730727
0.00021280976505442598
0.0002756196070247376
0.00017823817076307528
7.42948894249462e-05
4.12326039684394e-05
0.00014150520565865438
0.0001270667565954059
0.0007222754719182439
0.00034468892035610584
0.0007768827974079785
0.00031579444689991984
0.0008718672929357947
0.00012326509865732502
0.00035645607171500487
8.132649207981637e-05
0.0004528965021902511
0.0005742543805017394
9.174349541379036e-05
0.00030866320237217526
0.0006002224014953416
8.289433690368537e-05
8.653138219255678e-05
0.0012601974506143271
0.00044764406472525567
0.00015301040399662755
6.937141330185986e-05
0.0005409278350353296
0.0007002594242167575
0.0011315030888161088
0.0004001398873773388
0.00012380818450829787
0.000665833116034663
0.00016392719881385125
0.00039336599289262517
5.83978416482456e-05
0.00024662986883933994
0.0008788048299266337
0.0002675906648679418
2.9886983594721433e-05
0.00012520720345875406
0.00015865106955823872
5.6423248205331774e-05
0.0003516434719118099
0.0002897868043730761
3.238570636110368e-05
0.0002970340065427402
0.0003793992645772707
0.0002649512161129853
0.000127055072460404
0.0002736935877406046
0.0002558453442815066
0.00020986665282609913
0.0004458753545223295
2.9858213221446085e-05
0.0006143663400833749
0.00012548940003599476
0.00010141177916869547
3.7762139213216545e-05
0.0007528152255841801
0.0002068663818678449
0.0006212918175493655
0.0001341517514981128
2.723808711610186e-05
0.0005075772986140363
0.0007838767026664876
0.0002588301076859227
0.0003589530563599675
0.0013289817583152187
0.00010992829831653018
0.00016589226965595198
6.0323029883490375e-05
0.0004542230774842498
9.076069057139649e-05
6.783669582628645e-05
6.859403178286538e-05
0.00015977638134009943
0.00019828249182390843
7.950805734097702e-05
0.0009042663624764877
0.0001966083269286416
0.00011562980577846016
0.00033905093216641874
0.0007777097193453378
0.0003377885449203094
0.0003818467622922905
0.00040654604367893214
9.822398102322065e-05
0.00015682524659032325
0.0002461120239340297
7.03910579763592e-05
0.0004117549756706842
0.0003011617086181844
2.7498343269237406e-05
0.00013806591727279427
0.0002896648882378387
0.00017200398135580345
0.00017123293099701288
0.0002180679119995529
0.00022419462500075678
0.0005138642079809938
0.00015598871599451248
0.00035255898168160796
0.00013340710969900188
7.3776126183261e-05
0.00012210941099515747
0.00012710644731471845
3.0682962349936877e-05
0.00057417317387011
0.00018733892455398944
0.00047342624731584596
0.00035695726239389706
0.0005972238789253553
0.0003264248891798938
0.00015878141208201457
6.136495486414103e-05
0.000352625612415704
0.00019712157179565664
3.41338255656514e-05
0.00040478935583774254
0.00014744773124866322
0.00013769725312837275
0.00015197392592657883
0.00012818026867602398
0.0001932580160804423
0.0004067328441491051
0.00044764993103969363
0.0001795079636861461
0.000320815736074306
0.0003445876548092356
0.0005776367550884672
0.00013618350200081319
6.536104476635996e-05
0.00026163549098653916
0.0004026833165662235
6.336819023463193e-05
0.0005628637432203258
0.0007549620025144694
0.0004894132636080067
0.00038385619947792205
0.00012390299299042682
7.810727800934354e-05
7.638183232614453e-05
5.565066860964037e-05
0.0002749013857925517
0.00020714239741233343
0.00019330110181813996
0.00035100629466481474
0.0001490707077009445
0.00012113433764209615
0.00010312512911872946
0.00016430353435946385
0.0001953063981348814
0.000294683742097513
0.0005146725854158734
0.0006639923228918649
0.0007182453680880165
0.0004775695399093528
7.928356444873895e-05
0.0007506612673388981
0.00031873877536160847
0.0006430392772071412
0.00018575315672414807
4.968125435884133e-05
8.06707553212341e-05
0.000320614248802352
0.00032550601957923714
0.00023143550611456342
0.00011886955339926319
0.0006758861801363601
7.726861230904123e-05
0.00036158009792103447
0.0008981340437626214
0.0001911679264362525
9.459898890510641e-05
0.00024831919331286186
0.00018204610787617912
0.00019185105572516628
8.839358679151823e-05
0.000150767251696442
9.120974793097083e-05
9.150829212160275e-05
0.000281555543783895
0.00021322021232889928
0.0003728977584611219
0.0001248337134583365
7.582506537048565e-05
0.00013502464551264223
0.00034330293415758893
0.0002761764338260739
0.0006040329605140864
8.12745658078606e-05
6.650534773592771e-05
0.00011324583407165913
0.00045804337055215926
0.00019949663901113837
0.00021095237288670343
0.0002142328194940508
0.00014076729193693882
0.00015253851218612201
0.0002214572198406631
0.00021652229370611322
0.0003912092178350133
0.00022987419342188837
0.00016419829196376727
0.00010959214769289497
0.0002049037034183079
0.00010792400008637948
0.001030138742410949
0.00010164571223779428
4.9024105520785655e-05
0.00020411514219463708
0.00023106752098144822
6.0927079714781225e-05
0.0006697355533157326
0.00012218968902775567
0.00040022848074826463
4.964223152554991e-05
2.8740876999675127e-05
7.73450567899984e-05
0.00015719835038075053
0.0007472522697147946
0.00026802988931115784
0.00018187449525097944
9.07973211723403e-05
0.00011820395849039946
4.907981883439077e-05
0.0003934795883544703
0.0001173643049264019
0.00011475520449027083
3.1181341070887264e-05
8.85328463414717e-05
0.0003296518082407434
0.00038570538561032597
4.3300567672323254e-05
0.00019661152419547264
0.00016274999874395113
5.4075961145593114e-05
0.0005674278896363328
0.00014055233010728323
0.00035073813427750563
0.00020296825298307753
9.87036372635929e-05
0.00044959686847168576
8.512160197498706e-05
0.00024247833615134273
8.055470284354792e-05
0.0002730982794685886
0.0001559741144767122
0.00027438252916669006
0.0001652430236471532
0.00018122666685383776
0.0002176131562265575
0.0008273024795700338
8.611322949248402e-05
0.0001570587325782959
0.0002588505764093502
0.00013693920236278618
4.491765089999426e-05
9.070016759224029e-05
0.00042203832217019684
3.118779943519845e-05
8.627612139855562e-05
8.492856774948714e-05
0.0001852395512372119
0.00019737057300636018
0.00017161298367736
0.00016157387168519446
0.00024092471623010615
0.000135474216063719
0.0005311684395216118
0.00026881029210414987
0.00028862620241110437
0.00019523420890373274
0.00023060857422558148
0.0003704082549586039
0.00019782209919640926
5.865883057165887e-05
0.0003107033000915189
4.214787120869073e-05
0.0003889526032744835
0.00013203479568235337
0.00020435459979580253
0.00010918755713073145
0.00022796486215094725
0.00022741689005835412
8.714893753256823e-05
0.00021661318264219222
0.00020699240098366286
0.0002984895969101409
0.00016969719752107763
0.00038859256041386
0.0002771521240080701
0.00023412961414346595
0.0006936228533552793
5.2051959643462595e-05
0.00012710055844560166
0.0006658890725993292
0.00010363464641321517
0.00012486157412674643
9.803311449944657e-05
0.0007264347552431551
0.0004470034957730369
0.00019774522658616523
0.00023852614035522042
0.0005291032673463922
0.00038192055795255363
0.0002080047016451642
0.0003024429603660208
0.00011958020971972386
0.00015786063655817857
9.847375961031943e-05
8.14001004644942e-05
0.00017117291798576193
0.00020392501049367918
0.00042459752762949037
4.5723136708915654e-05
0.00012597132211728502
0.00029290209086931337
0.00030835332535836864
0.000189416361435835
0.00019178219285155532
0.00010707106668857699
0.00031536735707704034
0.0004965080392780035
5.332332770511731e-05
6.996377989155702e-05
8.632795945036531e-05
4.3576766627328165e-05
0.0008230516283123733
0.00014126980303366926
0.00017069710378981754
0.00017493996635608303
0.00023946619077930335
6.321219023594129e-05
0.00019764922504643048
0.00014254232119697148
6.762714148467629e-05
0.0003090749874606089
8.009858140353014e-05
3.337233982501606e-05
5.257683580910048e-05
0.00042631936410505354
3.6024030080466736e-05
4.322728880717533e-05
0.00016397510169984723
0.0005039755816344796
8.156085169200133e-05
0.0002780477931472186
7.555297068965326e-05
0.00014465404945709196
0.0001756714142211077
0.00016350783235606994
0.0001886418286568248
0.00040535969069697373
5.948308322083484e-05
0.00011090347112362911
0.00018703980091685355
5.85172295886989e-05
0.00011464952990174464
0.00015710651586179725
0.000141697877863465
6.281829065667444e-05
0.0003178373667338107
0.00036584549808792296
7.816004549219513e-05
5.198261860766841e-05
0.00010296086647866313
0.00022574209676321213
3.788767931027747e-05
3.536060078189926e-05
2.7866438348152376e-05
0.00031437226238364144
0.00024442232840959547
7.365806219572834e-05
7.673732422309728e-05
0.00013159139946731545
0.0002371641333417094
0.00013910340913716153
6.442125354450853e-05
0.00036040513554202856
0.00027513432401997677
0.0001479190098261555
0.0004917844291163217
0.00015919713451876196
7.87536138256101e-05
0.00011376145569523899
0.0002674946067638831
0.0004480152417028495
0.00012909915404926722
9.211651070627734e-05
0.00019930961105843565
0.0001317241910500135
9.600515060547176e-05
0.0003633265756176247
0.00021227908495721417
0.0001510545538101551
0.0002947793356790327
0.00018751214831884674
5.113789428807237e-05
0.00029916065694595876
0.0001129920621675035
8.426225144564382e-05
0.0008385593584674582
0.00010802520738288418
6.697174213146741e-05
0.0002026640651247235
0.00026621187481803185
0.0002223959929016092
0.0006505908490759934
0.0007039006762227092
0.00036443358627741464
0.00012618870287604155
0.00010216999058291216
0.0003046321381376265
0.00023279709443522461
0.00021012786126732775
0.00018376095605552694
0.0007765058700459578
3.136986827959631e-05
0.0007744217909521876
3.649542447536324e-05
2.7996648275026933e-05
0.0002121357131306658
0.00014544567372868096
0.0001051645042913755
3.0500858531249547e-05
0.00010260237767839145
0.0004773536514450999
0.0001176304516949668
0.00037359813891009826
0.0003620000314475587
8.877617304085811e-05
0.0001624272315531708
0.0001100338106479986
0.0005094765485121993
0.00019920984787904158
0.00043471956443030807
0.000317432561758067
0.00013043101199490493
6.727459170794114e-05
0.00012579556051668482
5.329691466575607e-05
0.00012972665766466308
0.0003356078175334784
4.4952236267109744e-05
0.0002557633436913423
9.689003961538846e-05
8.706212281117936e-05
0.00017971652105579068
0.00026963940505175636
0.0004697035730327072
0.0002704456921983863
0.00029865057997959394
0.000134399752915486
0.0004660678657659722
0.00017289546749026775
0.0003601744951048033
0.00021646229304824
0.0001656201791845277
2.6807439750272467e-05
8.590103247251543e-05
0.0002097353092167562
6.030353834344734e-05
0.00013526666183225305
0.00016693593698110832
8.584484013146758e-05
0.0003902301949208677
9.262689840369862e-05
0.0002276299849988956
3.816769475744912e-05
0.0001613202508607591
0.00010076140389333651
8.315773115844934e-05
0.0001412082905384809
0.00017389875975427912
4.0334665330723665e-05
0.0001941082722958699
0.0001216654144711245
0.00029999169453752346
0.0004251727080365165
0.0001847035466953774
0.00036954048733870977
0.00011985625278475474
5.0307059283748075e-05
6.69879465460907e-05
0.00018676060586616391
0.00014692174023936443
0.00018836814730706353
0.00038256024832958996
0.00026164826828877115
0.00013199276642319525
0.0001352127739999286
0.00019017916795830746
0.00020971310547429896
0.00034399201107431485
0.00015675224729957255
0.0001241138226541805
0.00031441267404867736
7.801731956499631e-05
7.591036750306874e-05
0.0002062391929938112
5.873931718362875e-05
9.075314018668691e-05
5.0919777523089707e-05
0.00029672036777456795
0.0005406786068917508
0.00015203828971130362
0.00010501211206167205
0.00012150088365919702
5.020074458166717e-05
4.387147583724616e-05
2.5774039245094466e-05
0.0004430975646040829
0.00016691006253831091
0.00024899588264180183
0.0001903480106100366
0.0002049128497788281
7.547289676022054e-05
0.00015747589449894398
0.00012296318206540764
0.00029837743497245677
3.9210361736984414e-05
6.74585002715576e-05
9.65090524679695e-05
0.00023513898059554248
8.154570646548223e-05
0.00015940149931726417
0.00011969060616139095
5.7423119159526446e-05
0.00011084826367667191
8.99622773495442e-05
7.89747571700059e-05
0.0006424447339434887
4.127384929418637e-05
0.0001789029890409092
0.0001223046857713599
0.00020410939803903262
9.442030359973003e-05
5.2043459938829e-05
0.00016159853665384912
8.817570757934241e-05
9.524567262927624e-05
7.341274486785021e-05
0.00027000233564906424
0.0002036983428454687
0.00028197677790005717
0.00010588894056254977
0.0003550213831615762
0.00016907891530699526
0.00021323291482056944
7.47153861947214e-05
0.0001360051384763942
0.00023342056960141543
0.0002425127466643152
0.00012356566702492882
0.00022923353374527255
0.0004315230737246218
0.0004068552444514433
0.00014840414619326212
0.00018064608823199145
6.430659414593469e-05
0.00039265599415445906
0.00042497836677504383
0.0004600830710602136
0.0002962277606068344
3.587598101134754e-05
7.717540151226135e-05
3.1584682298109194e-05
6.42050190778226e-05
0.0002899426340907378
0.00011488325661871586
0.0006621234421645553
5.662695561711563e-05
0.00029973682763232985
0.0005020314604199565
0.00023862657544515241
2.812661144761192e-05
0.00015075507164734344
0.00020905663871642692
0.00017950915008931742
0.00011952113763582828
0.0002668784879754235
0.00018072196932094264
0.00013430695435018956
0.00014717557787303833
3.9032288356759885e-05
0.00016949335141405454
0.00013292631779940445
4.597568308935022e-05
7.350407606979627e-05
0.000653061818980614
0.0007125088505999885
0.0001342479845212954
3.573506437929456e-05
6.302005196206151e-05
0.00032914213267427135
0.0008033951993788338
0.0004174224808217314
0.00017886009185188475
0.00013919005558156916
0.00028174317979606534
0.00015817321961557025
0.00011934734622919593
0.00016757992458988846
5.631165445305604e-05
0.00012079992531317884
0.00029508661629546406
0.00016054577601218369
4.7306930248527396e-05
4.3084074610172915e-05
5.0004149262595784e-05
0.00028439242603095206
0.00041299785355559916
0.0003084066326012531
6.068232547947219e-05
0.0002428936374192878
6.724832516202116e-05
0.00022883683622823507
8.237712656323441e-05
0.00013639138105904817
9.463168762018773e-05
0.000268239431371119
0.00024220677518299125
5.359714645707599e-05
0.0002535268792929529
0.0005289911541030381
0.00024637532710700214
0.00038984129564161284
0.00016286225637291953
0.00019593889414378358
9.935290971126551e-05
0.00011273892873332159
7.545547317048802e-05
0.0004139269623796365
9.384951301366902e-05
6.041697851883716e-05
0.00011482030046890947
0.00036056639123454253
8.73150894253696e-05
0.0005105988028386736
0.00013527625204197332
0.0005693295711395971
7.245119001882415e-05
0.00020209877456876636
0.00042755782100958547
0.0001441887580348508
0.0001242958692744143
0.00022451085876673064
0.00011032923726189845
0.00014730746198334752
6.61465069765496e-05
0.00012658643387029235
0.0003797363913365761
0.00010429667350109099
0.00025259228413121416
0.00028191412104321503
0.00017807220345060831
0.00012515784322176813
0.00033351337470744586
0.0002887990837255802
7.255973957353235e-05
9.029684342507652e-05
0.0003532741560006168
0.00012402003839899362
0.00023946674395234526
0.000206337522665198
0.00020590456601559222
0.00016526874196138224
7.57492523174774e-05
6.782027842183585e-05
9.33194088281892e-05
0.00010270467107939623
4.088180969461119e-05
0.00016738668248193956
9.292180065565786e-05
0.0001267183068078611
0.00013104645138703772
0.0001191286440819759
0.0001533498949709606
0.00010248018518829224
3.0257293069297805e-05
0.0005332315213007681
0.00013679307657699964
0.00010803018717615823
0.00017243864412130853
0.00013506544312341033
0.0004071965059353181
0.0003653970409530832
5.12579515927792e-05
5.582595754200222e-05
0.0001515469583061646
7.386017942102384e-05
0.000211237669001706
0.0001123969100899267
9.528450556537101e-05
0.0002015053341815716
0.0006818513164905448
0.00014826632643317526
0.00013536999162120698
5.11338535853828e-05
0.000366586306713106
5.768009391142199e-05
0.0002744313136194858
0.00011387258823655069
0.0002564681924284696
0.0004505293099638727
8.169693122664733e-05
0.00032970976994911827
4.556780229247182e-05
2.918106696777035e-05
0.0003059405059812871
0.00013879536062110374
0.0006724013697799947
7.623094957971544e-05
6.078210042318796e-05
0.00010045078788965158
8.210654675173378e-05
0.00011438161983810718
0.0001996798970707208
0.00011486761701399211
0.0001643872130185887
0.0001666332016397517
0.0002193848269927301
9.230282315298623e-05
0.00018897144135682654
0.0003242748057036016
0.0002183974804572167
0.0005169962357143137
0.00027652528734422124
0.00012264523710859654
0.00023489269182453332
0.00021376344406349995
0.0002939187178285002
0.00011350869236713053
4.7019926548258526e-05
0.0003029457303527686
0.00018969509890583524
7.37852468938607e-05
0.00010535362257672436
8.483653438088698e-05
0.00022169619159588183
0.0005179028857020921
6.993705642652326e-05
9.076527394206322e-05
6.30265675150573e-05
0.00015710765470375966
0.00010587156479104902
9.337038930532669e-05
0.00016397428672465072
9.55671596126481e-05
0.0002830348149189913
0.0001410622815679641
8.224668260188812e-05
0.0001592197125085748
3.764158941991856e-05
9.334905347785844e-05
0.00021493701085735286
8.622536643902665e-05
0.0002269483336440091
9.118523089123197e-05
7.043489731548401e-05
0.0006372204642797433
9.374940018699689e-05
0.0006561643151881615
0.0001428208365431851
0.00024984977234810226
0.00013407684877933407
9.585169463529215e-05
5.450403632904135e-05
0.00021541508203379672
0.0001449330849720238
0.0001919906729886063
3.202204377069413e-05
0.00019243168558437572
3.522509809698879e-05
4.62206389879779e-05
4.164987616441777e-05
4.862691479650354e-05
0.00019018359067681268
0.00014549558225942683
0.00011724898878095848
0.00012204689700294362
0.00019757989457712733
0.000247750408245867
0.00042532927475693726
0.00020406764645339182
0.00021637152539601785
4.5506269834223183e-05
8.862578933980574e-05
0.00033071785688297615
0.00012622042167610855
8.615350247855663e-05
0.0004921402111593433
0.00015363619300077873
0.0001345150677729853
0.00011204226541038957
4.823231544460706e-05
4.248161178797667e-05
0.00015871095788945092
0.00031404864165271684
0.0010374545106845373
0.00010909357826617447
0.00011617698547613946
0.0002201029442399939
0.0002301900148378085
4.704598703324653e-05
0.0006601439209217357
0.00018013571471124038
3.068736662955249e-05
0.00029303950758085824
0.00023159494898576733
4.9914845599261534e-05
8.897231374907411e-05
0.00010746647791263112
8.923942045026112e-05
0.00040672001876979183
0.00017915668609919005
4.396911727294759e-05
0.00023627339038077014
4.0485691266989955e-05
5.877541282601526e-05
0.0001951616719790818
0.00020193929019480432
8.642184040684984e-05
0.00011364982117127324
0.00010536296469697648
0.00047685121680622253
0.00010497939228773208
0.0006921123857411045
6.117175814241616e-05
0.00034839810127475907
0.00018319831994730536
0.00024211847910001263
6.246995910806505e-05
5.61347046148832e-05
0.00043739799901181496
0.00015825798825273962
4.715642700159761e-05
5.25539513823435e-05
9.286257526116744e-05
9.715045752272502e-05
4.402445204942488e-05
0.0007754763757054791
7.795631844360964e-05
7.188410928221631e-05
0.0001238488867483529
5.452448600162151e-05
0.0006745957530731124
0.00010824724229428938
0.00030389178268209777
0.00013373033056081956
0.00013056842365838373
7.171672882895644e-05
0.00010553039627808913
0.0003110182191491406
0.0002521491045266313
0.00013256329074082563
0.00020242034947829762
4.5370773073506416e-05
8.63167699720197e-05
7.274972606522002e-05
0.00020485368089929779
0.0004531667023406979
0.00012998329317635035
0.000300950740875227
5.627840902877547e-05
0.00011617231851825604
0.0004147907752806855
6.626101223437098e-05
2.8136251443699205e-05
2.7310155818951283e-05
0.00030590440986541626
0.00037453664126224737
0.00012008831425977878
0.00020405683806372246
0.00014314313286791657
4.788730925673878e-05
0.0005180605805373116
6.725785950377456e-05
0.0003728104107392557
6.386191990056859e-05
0.0008576416023353677
0.00010144697109211802
5.9159219627818604e-05
4.800794202909694e-05
0.00027072946215285964
4.227420487209179e-05
0.00011678582835004204
4.8116595129913826e-05
9.851195905950359e-05
2.005433911999392e-05
0.0005654700267959212
0.00020109482599373928
1.8358443773489167e-05
9.582388111445299e-05
0.00014049228118539786
5.29951590528348e-05
9.485505865139137e-05
0.00010306073382362495
0.00010977249093955971
6.358511978436729e-05
0.000250815951253045
4.428771343911929e-05
0.00035321239587718844
0.00024665164074714097
0.00023923348357585963
0.0003041526921639073
0.0002892252863028321
5.164828811841364e-05
0.0005281989862640495
2.2194614818744338e-05
7.407248295781562e-05
8.798458231521154e-05
0.00020443296393387697
0.0001784557468520383
2.6847669936213464e-05
0.0002101167968024706
8.205509966114685e-05
5.0956399411663585e-05
7.005381297545608e-05
7.41699093541015e-05
3.537429867318945e-05
0.00013022525016585747
0.0005619157883328257
2.0673381900154624e-05
5.1027154881367915e-05
0.00024292537314703916
0.0003290007860602659
0.00013244524602295266
0.00015290248500427563
0.00029464087584576824
0.00018872602539749266
0.00010746716829432924
8.924138107684575e-05
9.527310505829634e-05
0.00027049227423203617
5.740755508820487e-05
7.464675133444506e-05
0.0003370483036477883
4.334867120465612e-05
6.281064537788463e-05
0.00014346654554270002
3.805874215352546e-05
0.00021026727044809538
8.628462835033472e-05
8.856045830074057e-05
3.499603118672975e-05
9.746759735661717e-05
0.0005049820136243476
6.0939942127823415e-05
0.00019760817555556978
0.00027522950317355126
0.0003921419550356683
0.00012504634985863742
4.0432262407260385e-05
5.294368124646371e-05
3.5574589454141275e-05
8.737462831904555e-05
9.966231064381419e-05
0.00012794365145876667
0.00017461391893249575
0.00011097507752643299
0.00013763787224116487
0.00010590410908143084
0.00027979653569063894
0.0001027702375135244
0.00016057324795553263
9.238493289157885e-05
0.00019236823923450116
0.00017753374692108497
7.859179525119937e-05
0.0001519227915813259
0.00014583865338603744
0.00013816955258393976
3.2784148311199574e-05
0.00011500434657931197
0.00016487130562063503
0.00045917089088196413
0.00021536865791387292
0.00025201029634210455
0.00010666190024829377
8.103755110224763e-05
7.526555575939604e-05
4.0445078410060085e-05
0.00012585164244680673
0.00032973201230517864
0.0003455777777295009
0.00017847772880897773
0.000195879848070294
0.00014488617840278478
0.0002760595968150832
0.00019179184592049418
0.000214895720616637
2.177883161494199e-05
0.00011689254306197376
3.319928698081777e-05
2.7394299627061747e-05
3.175184806332528e-05
9.599707062418658e-05
0.00037383562328590085
0.00012071917825982396
0.00020720309288453404
0.0001055120784017515
0.0002683095249747241
4.410118137631283e-05
5.950189206350204e-05
5.1214005655075374e-05
9.211077495062521e-05
5.6815091613937984e-05
0.0003893801745239396
0.00010153312080104944
5.327431422473907e-05
7.99822322070216e-05
7.883394252556269e-05
4.92535153277005e-05
0.00010571233880585759
0.00017044419743054165
0.0005398325374333788
0.00022673110808289816
0.00018185842526900075
5.8888997404080696e-05
0.00024811248356767065
8.46534537706435e-05
0.00026055370499795884
0.00011619197743060287
0.00014340281059026103
8.543970328838697e-05
0.0006167662278848084
0.00015507275254153803
7.45407909222419e-05
0.00018720942006443178
0.0001347200168641387
6.406128732783918e-05
0.00013216262072245823
8.626813148074107e-05
0.00011490801248003494
6.76069060879675e-05
0.00014819637837751954
6.40356996661007e-05
0.00021190533357333895
0.00016233399233921562
0.0002789251014949205
3.363662351137387e-05
0.00025072671803914713
0.00032925030247084466
0.0001270624989284787
0.0001938601837064162
7.593503739218459e-05
6.746899025739225e-05
0.00012561947831521525
0.0009266952690865772
0.00010446804160508643
0.0001990757568785584
0.00020953801252696956
0.00018265550101492255
6.162739181369307e-05
0.00024811749984175486
0.00012397387907982295
9.066206377102083e-05
0.0005668012908921301
7.018683917056203e-05
0.0001194142108414053
0.00010839026898558932
0.00047618907079353473
3.38137565854725e-05
0.00011480720107900844
0.00010863612929693639
3.989848415673364e-05
7.715006801078252e-05
0.00022274565057732457
0.00010443606923355716
6.386915987209708e-05
0.0004228651090479342
0.00011314549496967002
0.00020027994131836314
6.821546696172578e-05
0.00015901612681275935
8.019504444741504e-05
3.307237115838443e-05
7.42248105911394e-05
7.520686580336814e-05
0.00011886940110761875
7.391176801397776e-05
2.9824793613562546e-05
0.00016600587054050507
0.00010418375691433557
2.387298684070568e-05
0.00015140332655630211
0.0002120823671685773
7.338093939988246e-05
3.344615682088801e-05
0.0003431370047275001
0.00014390388038068282
8.895323359811283e-05
7.792956375573644e-05
0.0001770657204336238
0.00013543990327597954
0.00012412561044457157
0.00016237756909324026
0.00027171152949909
0.0001708036613985135
0.00022968767094836448
0.00025446121353699244
4.2264628795466996e-05
0.0001235637500805297
8.41964255838365e-05
0.00043814740542638447
0.0001690556817182021
0.0006494749961131572
0.000149895979383854
0.00010081773111072862
0.00022124336064945188
0.000837158383044616
0.0001670669107922602
0.0002251761753233932
0.00017533937352410335
0.00044731380734523647
3.546477770944686e-05
8.066196951386373e-05
3.1078726151443876e-05
0.00017338444145187216
0.0003909582130030769
0.0002470418003638908
0.00014197156645037363
5.126166962373905e-05
9.527624022160829e-05
5.3372281210037776e-05
3.305476857574697e-05
3.565646701874461e-05
2.9767541954604398e-05
7.254632951442472e-05
0.0002874020586138617
0.00013337015506952225
3.756598277799343e-05
9.951114263220322e-05
4.378055582032389e-05
0.00013280779777645075
3.148068985133543e-05
0.00026505116815471214
5.935781123652379e-05
0.00034902611631484063
5.8073977514519664e-05
0.00021503292770445908
0.00013889752934404217
8.170969099360312e-05
0.00011143806228597851
0.0002722954364056397
5.576668585009707e-05
0.0002388438298892336
0.00012672239881053623
4.628126977191127e-05
9.39850092564503e-05
0.00011284323812595239
4.1684112022565746e-05
6.391358598721949e-05
0.00010554857433276715
4.109962362904604e-05
3.847830622707863e-05
0.00013398905181989489
0.00020716868395071863
0.00021900704097112063
7.88333862689382e-05
0.00016362141969375604
1.9835435025591277e-05
7.71698917202505e-05
0.00012814418193831493
0.00019857516972711256
0.0006328702979066282
9.084481835688218e-05
5.9206650194881505e-05
0.00022478456416343147
9.806198499410261e-05
0.00016184658240430384
0.0001896977788520795
7.824043234640939e-05
0.00018986725426615956
2.0645307677090267e-05
7.967982755361565e-05
6.261843501485464e-05
4.482200754466588e-05
8.358932020117687e-05
9.160747743848949e-05
0.00013993741005126898
0.00014282182632284897
3.784948883311559e-05
0.00021018395563134493
9.46363080214273e-05
0.0004849947641606909
6.629795673345179e-05
0.00014030720281773474
0.0004352799095636392
4.093730369895124e-05
0.0003338417641347258
5.605687821618553e-05
0.00030612198473621083
0.0003145817143426112
0.00033182582290281105
7.114616214720124e-05
5.631992694664249e-05
4.005219517083384e-05
7.087581471047668e-05
3.102202449881954e-05
3.694690347144518e-05
0.00016654964367638
4.1407258613707115e-05
0.00027112681873565816
0.00012186356686035891
7.978578135469389e-05
4.542587259818965e-05
5.055781160054455e-05
3.064345920676665e-05
5.327934961507075e-05
4.642361995664278e-05
4.132050521324549e-05
0.00021223081002045148
8.012089476498241e-05
6.593938736424567e-05
9.64730580232793e-05
0.0001489258535462582
4.109786580957849e-05
4.494109408845136e-05
3.244255049001018e-05
7.762501693534386e-05
9.406628565002373e-05
0.0001478097357612433
0.00037118727239425606
8.265687351111749e-05
0.00013260138256583317
0.00010493481097827192
2.844057322620513e-05
4.843192665670298e-05
5.310629482185887e-05
6.564545797968754e-05
2.4876679668101165e-05
0.00010143209164993908
4.888901061213939e-05
0.00016751436011668214
9.904644741808143e-05
0.0005662948831939578
3.6705949917769026e-05
0.0001134981020229545
6.503968350336057e-05
6.570253825435605e-05
5.2103849750118454e-05
7.409295356234742e-05
3.696058896930852e-05
0.00022481576799842165
0.00010589110502732956
6.581194955536236e-05
5.356708098514517e-05
4.605721498245773e-05
0.00014674739730587908
3.4972018151036924e-05
0.00011067488809658906
5.3767805478686634e-05
0.0003905206283888249
3.445007030467384e-05
3.940933416469977e-05
4.426561240169728e-05
3.974015227258839e-05
0.0001099824579932293
0.0002642496078585316
0.00014245875490077466
3.012540677950108e-05
5.197098833025331e-05
0.00010272357258745401
8.94882545940091e-05
0.0002713692146477275
0.0002428164522755416
0.00015941031886824655
0.0001591442969670376
0.0002551327679701174
0.00015000178331106892
8.407676501572027e-05
0.00010901698414586571
7.686844982410801e-05
0.0002802467118419526
3.8198096219028224e-05
0.00023480722632714395
8.589200310686115e-05
0.00011125382935793639
7.154482041090003e-05
4.7701901197163616e-05
0.00010044552888603587
0.00024779553102036975
0.00018897349422169481
0.00011629199386398658
0.00011170155070828101
3.4709036886950995e-05
5.436008123263761e-05
0.00010005578646439098
5.919069785495359e-05
0.00016471241560510547
0.00021991848394513377
9.696097734090732e-05
9.334118257097296e-05
0.0001331514393391912
0.00010227249265271987
6.767104963125032e-05
6.344782117137695e-05
2.3527813987357688e-05
5.304420010015685e-05
0.0004407849024078434
0.0008051110314479768
4.943723119390002e-05
0.00011907618414975321
0.00012358214029307198
0.0001135002702921639
0.00010934092321222694
0.00020808754094579253
8.159369776564564e-05
0.00015535053800725518
4.473904260514371e-05
3.082961685190651e-05
6.681777591798687e-05
3.0593098044983295e-05
5.4872194986139484e-05
3.811584341828426e-05
7.494647780129581e-05
7.566345765358024e-05
0.00010339277350976836
5.527676808401016e-05
6.369521578862389e-05
5.4877944160724785e-05
0.0003844664439391502
5.979816403018008e-05
6.315537747017238e-05
5.907145538246558e-05
0.00012530925052429997
0.0001522408190765169
0.00013694557101112814
0.00019551586531464096
0.00011555826701784676
9.165153022906486e-05
7.687799569342572e-05
8.446984939100997e-05
6.564715466338039e-05
0.00026077253638197203
0.0003046840921877533
5.905392258181048e-05
1.797111473442603e-05
5.5968689272278634e-05
8.385424128726035e-05
0.00026666587095480277
2.380092346064006e-05
5.2632733667502897e-05
0.00014577415025344978
0.0001554602862456481
7.558016384237506e-05
5.5908425713590763e-05
0.00015410823514041722
8.779764495536227e-05
0.0001705114367710382
0.00010229969635876788
6.877512145471971e-05
0.00012573946460911874
0.00020557805075855875
5.107809961008793e-05
2.4841309586299564e-05
8.568494240549038e-05
0.00011026829612461323
5.085193479510248e-05
6.184600846498947e-05
0.0005435356487488826
7.689426335512639e-05
0.00030704730833325695
7.667899962772039e-05
4.059091505489065e-05
6.161341535965289e-05
8.123695303236344e-05
5.8706879569306546e-05
5.3969715397669575e-05
3.86148194755818e-05
5.738228327097738e-05
0.0002994530964933725
0.0003079783956160721
9.270019921986146e-05
0.00022100572174170953
0.00027806839475168573
1.3235099061029957e-05
0.0001234491490446239
0.00024403280005480435
0.0003961773088439477
6.024843206080251e-05
6.471988826048199e-05
0.00016007181462131297
0.00020821881841788737
0.00022601352911376653
5.467324429096883e-05
5.2650043141276385e-05
2.926601039700693e-05
5.0353491472498106e-05
6.484827687761831e-05
3.892001395394907e-05
2.399745718094244e-05
9.829262565648266e-05
0.00012080635075107785
4.5049745345618025e-05
4.612783597969554e-05
0.00039078521690625695
9.743384480123553e-05
8.273519698988317e-05
0.00034431555028566755
0.0001206218946210359
0.00013780402150886467
5.7236426366617467e-05
0.00013884652641290313
0.00011311056834299987
0.0001958199108447097
0.0002224689127711406
0.00011632592011724361
8.066455794178273e-05
2.7881915265343604e-05
6.923202802349436e-05
9.986356931107464e-05
0.00013625203399373603
0.0001152399025379771
3.6877653508834795e-05
0.0001322268655527673
0.0001352210916760908
6.296836735124577e-05
8.13854566123894e-05
0.00023811565780361787
4.7570166153663595e-05
3.140729448801574e-05
7.969998844913065e-05
0.0001485997038375766
0.0002603450668442245
3.367773320264229e-05
7.246516755307064e-05
2.7722547468107272e-05
9.656551135337736e-05
7.26932533289878e-05
0.00014218208285673298
0.00019981061270496378
0.00021845885250304002
8.424663485722066e-05
7.087524316827179e-05
6.0569867216360527e-05
0.00023076300913964118
9.81603253144603e-05
6.202734573014896e-05
6.866455264392145e-05
7.205787425317515e-05
3.9796274953569376e-05
0.00013241601314027557
0.0001303580593122031
5.039752339152122e-05
5.5358084144615715e-05
4.025751984344048e-05
0.00013340707695706747
0.0002024631370329917
6.591485963394255e-05
0.0003080122608781079
4.8788699108592016e-05
0.00013164099840159095
7.876884920565801e-05
0.00012856871141559038
2.6662042232626003e-05
3.566081062224799e-05
2.4421062195388233e-05
1.6720640543931267e-05
8.202512492015164e-05
5.183344355093019e-05
0.00012206885167980902
6.751300133330958e-05
6.179307317496268e-05
5.6788336338483844e-05
0.00014403784963266627
8.434212080118104e-05
3.4417148357065286e-05
0.00019101322537113584
3.128939781035273e-05
5.4634385887922974e-05
0.00019513455465583
0.000646489256322287
3.704125404836898e-05
7.94302731810922e-05
0.0002922131046368025
0.00019468634074637056
2.2078289442128384e-05
3.111729430405372e-05
9.116765544352234e-05
1.8999749888573867e-05
4.41336992173105e-05
0.00011492867181462069
4.963642201389e-05
0.00038747080166790215
4.512802706069159e-05
4.003946487792292e-05
3.1624114938211124e-05
3.317686642168544e-05
0.00022609886237528546
0.0001029681231211369
5.3154632128988124e-05
5.646942876200325e-05
2.0779188677336794e-05
8.020660318503565e-05
4.3530187269904226e-05
6.313899171450127e-05
4.231071107124036e-05
3.9324564403359164e-05
0.00010191776121276708
5.047549432840273e-05
0.0007856253082700562
6.767621977197804e-05
3.6744294419228796e-05
0.00010831569751686443
0.00010463221672634444
4.8162731060864315e-05
3.6123324518627905e-05
6.267876458243865e-05
0.00010362859690737032
2.5706816711505995e-05
0.00025124932612207324
3.2561835397391795e-05
7.841069622808052e-05
0.00024219380601547214
0.0001176602088913752
0.00011800247402157439
0.00012038949998264871
0.00028259761093096293
0.00010014279851063121
5.0281008552172664e-05
0.0001160874705633971
9.581982614150557e-05
7.193429041942262e-05
0.00010233132514091024
7.882045674120624e-05
5.547634076637188e-05
9.781539215101447e-05
0.00023199521917338236
2.7335295097118164e-05
0.0001890771047421586
0.0002079256844721189
0.0001288943599092754
5.5782088001696596e-05
2.8363194896725233e-05
3.52482443480535e-05
4.453750751076332e-05
0.00010354112081114965
1.7219415109630974e-05
7.786194744538937e-05
0.0002245211624898873
5.385917433661417e-05
3.1107073153058364e-05
7.835219315652938e-05
2.875717570861273e-05
3.914913421954703e-05
8.34757438368475e-05
4.983660260763216e-05
0.00010980748802325537
4.99646278345652e-05
6.513776673057203e-05
5.945129329301156e-05
0.0006978730547968664
0.00010714631260944538
6.035114915251509e-05
0.00010992408125815461
5.820250127375913e-05
0.00017257957940275688
8.879550506869237e-05
0.00018826624470543883
0.00017183073946567328
3.580256583000406e-05
4.2133386031974166e-05
0.00022530695826453788
6.827134022112589e-05
7.336090604679224e-05
7.718664204153169e-05
4.605962956392323e-05
2.517598533340312e-05
0.0001023873877357038
0.0003212127939065537
6.280618984778233e-05
7.56596093328744e-05
7.658005175443258e-05
0.00010781343077792533
0.00015683543810001923
3.573135213990164e-05
7.413643329962309e-05
4.495651173529607e-05
0.00010697900408130407
7.727648359405561e-05
5.368748197645392e-05
4.505737714703231e-05
9.962740249409812e-05
4.4855819158960224e-05
0.00014043358945907007
0.0001449424823360647
0.00011629713843780071
5.4967473838529866e-05
6.582838110262283e-05
8.778052022857092e-05
4.8093890651143e-05
3.673971004619986e-05
0.0001928620685503712
5.9320384591860455e-05
5.8594631299173814e-05
0.0001438003386904297
0.00013964337845750958
9.60690141163736e-05
5.145098494279665e-05
9.519882781269977e-05
4.7919736302987486e-05
2.2890747525311724e-05
0.00010495098913277345
3.930941429285862e-05
0.00010082453903032127
0.00023131521613274937
7.702360422315252e-05
0.00010011009858254872
7.542835636426309e-05
5.863433959447586e-05
0.00010123564312451166
0.00011588112004884105
0.00010142534469096395
0.0002452798532912683
7.410866813582453e-05
0.00011518877785138483
0.00016259613097702362
3.433359687826636e-05
6.943752483633062e-05
0.00012253797595321476
5.639874885611715e-05
0.00014535586143934648
0.00027812120548432914
6.943583784741662e-05
0.0003030162337416519
0.00010303057965043776
6.892428829618672e-05
5.836038866004652e-05
0.0003201588620655103
3.555719384990332e-05
8.910121173403025e-05
8.431897542842769e-05
0.000444261936033163
0.00011862341643883148
3.344353065773429e-05
8.516914243027646e-05
0.0001863181304932173
5.823428465973488e-05
4.152538056145953e-05
0.00014118598988374005
6.0755366702298935e-05
0.00016227600728019271
0.00029381375356057237
7.22884615586451e-05
9.995821067249862e-05
9.096443830073207e-05
3.570142715145929e-05
7.347981340817002e-05
3.740551959522433e-05
0.00015632152583229723
0.00011373378909800576
0.00012342735599748392
0.00024991156383263636
0.00025937380522660265
9.721679012571769e-05
0.00020384491004790073
3.541560487937017e-05
4.620956772435169e-05
0.00017776247271711264
0.00019339801034251754
0.00012867628009164008
0.0001225503267729874
5.099862061922498e-05
0.00010432866086581821
6.654609469876722e-05
1.8086043621706032e-05
0.00017227916323821177
0.0002095137350537528
6.86288481928211e-05
0.00014372370306151496
0.00029184892393714244
3.374486255841359e-05
0.00019494155379908354
0.00035826762557768634
7.664953285943769e-05
0.0005124986942056317
0.0002738686347410274
5.7262612331709374e-05
0.00015476394299740792
0.0005803502500396885
0.0001367152102964318
4.134719143588236e-05
2.2194581681907297e-05
6.026574730795851e-05
5.1913823534486755e-05
2.231096877695421e-05
0.00011579828932053332
8.68622979736182e-05
8.485956121576319e-05
2.9534439494062046e-05
0.00013488495244149158
7.601235318009005e-05
0.00017019783695613325
0.00011105131994163862
6.451686737266394e-05
4.0446851963765925e-05
8.578362915027409e-05
7.792242711857136e-05
4.884683599643099e-05
5.4235627319542224e-05
0.00019932955129008472
2.5957009993137827e-05
5.646190701669649e-05
0.00010110064774923356
0.00010797317986314424
0.00016248355715666577
9.457293280593504e-05
4.3097094354195204e-05
7.945077829656384e-05
0.0002249752524586379
0.00016007572551280427
3.4884547466704566e-05
5.985654918683849e-05
7.367174503183048e-05
0.00047801936387030145
0.0001977045217385392
5.822574271741815e-05
0.0003675217663583302
0.00016153015257235127
7.198534301874672e-05
0.00020293173205744263
2.94300851476691e-05
4.563167981721293e-05
0.00019560109573627007
3.173095476647544e-05
6.274385989265576e-05
0.00012375809709543075
0.000124027392713606
0.00010928165348084656
8.677737151441418e-05
0.00015341182964536518
0.00020824533785665413
0.0001304643127103689
0.00024713033995372123
8.477041404571806e-05
0.00027266515095666704
3.908557057701931e-05
8.205145273978271e-05
4.2403700478969595e-05
6.107108728133944e-05
3.143607740266648e-05
0.00012184064541089943
0.0001275151573716242
6.376729130562413e-05
0.00023523710324851205
0.00010093080840968564
4.529362354339187e-05
6.81121645193139e-05
4.5732685040216896e-05
9.488914392269275e-05
5.7361204514832866e-05
2.4179778021191827e-05
0.00018630641641003388
7.453373578395218e-05
7.233968912629288e-05
0.0001814377862874936
0.0001678550862030338
3.0116512892983246e-05
3.876268893677869e-05
0.00014911397127036257
7.71498010136522e-05
0.00015768214682988424
4.966496275864496e-05
0.0002042310142283724
9.433944151781556e-05
4.0368029638114944e-05
0.00011477382496569144
3.122817382374114e-05
4.666623344029824e-05
7.745570534439146e-05
8.423605571742324e-05
3.7328891878148516e-05
0.00011425895389538514
9.910697306003535e-05
0.00013847059334135857
0.00023134533614702692
0.0001630805955785145
4.571526113335786e-05
0.0001180899005912241
0.00019394219475115849
0.00022361302449101558
1.8639073430869613e-05
7.22429737746368e-05
6.531435716694364e-05
3.123403612862836e-05
3.986105750966786e-05
0.00017380380448705956
6.543379157287915e-05
9.704005066478601e-05
3.6874949946739305e-05
5.7764032444263826e-05
8.467537035831639e-05
9.160705418066315e-05
6.659570536533761e-05
0.00013208584730431026
0.0003059185417983027
2.6816492316175164e-05
4.5922282111774356e-05
7.356429619725375e-05
7.48033091672196e-05
5.451049956713787e-05
0.00010945826794967312
3.431352304051498e-05
0.0004993238549861067
0.0001132359788649838
0.00014822613022892132
4.636799824482257e-05
4.093738916200821e-05
4.430637734308777e-05
0.000225437304671115
0.00011053326423003808
4.2405954889930065e-05
5.014139777066304e-05
6.434764656592047e-05
6.761756033261031e-05
4.520849131187855e-05
3.5632526780873913e-05
8.544085327290908e-05
3.0476771421714414e-05
0.00022184106411699087
0.00013827256846525305
6.79069533947523e-05
0.00012547352313230884
7.88813171460855e-05
0.00025370436894481285
0.0001515004032353416
4.826389001430503e-05
6.776212815403524e-05
7.043080518303688e-05
3.238469660995484e-05
8.168530829690955e-05
5.355182901936521e-05
4.530232641571205e-05
9.74939003074172e-05
5.447029435913184e-05
2.17154102149073e-05
0.00019664757523861975
3.080296645573749e-05
6.036906858995058e-05
4.3326294611391786e-05
5.285944294637958e-05
9.866704833839325e-05
2.704609348866762e-05
2.9726379110858086e-05
0.00014233591573787366
4.875143055281742e-05
2.4893894701304248e-05
7.652234043985796e-05
0.00020058735902918015
4.413543875238309e-05
4.196632844485337e-05
8.318950840093704e-05
4.356974466526675e-05
8.361516951811637e-05
3.141411316554525e-05
1.498985860836412e-05
7.2838123927436e-05
4.4255207258601377e-05
0.00019147565956632254
6.59330567237928e-05
2.8235215869357535e-05
6.405853931466194e-05
3.812924699130096e-05
0.0001125138441208502
0.0001682788051626224
0.00021414821879107862
7.217809545030854e-05
0.00017949481966244335
5.301965037788438e-05
8.008449895323507e-05
5.201616176624252e-05
7.995463403456365e-05
4.248321773397321e-05
7.50503330136399e-05
3.88659620859296e-05
8.329450708391162e-05
5.012149680620293e-05
5.335007633538882e-05
3.261851499784976e-05
4.884163416721575e-05
7.796732293590373e-05
0.00011873010007744779
5.5094909089245056e-05
5.362207404999782e-05
9.16496700667464e-05
7.736528196870009e-05
4.9540011707145436e-05
6.441609831107346e-05
7.678592108028819e-05
0.00015348509354583595
5.44706625765361e-05
8.439561715744289e-05
7.796975418702132e-05
2.4393881080170342e-05
8.279570233604881e-05
0.00010740233220637245
5.2547586827523725e-05
4.869104629587185e-05
3.3318975438757235e-05
3.029181129681287e-05
6.0939919390924266e-05
4.5307346516953916e-05
4.01699497352579e-05
8.019153466978695e-05
0.00012554266787825736
5.229677596112742e-05
9.439203476107764e-05
6.978754137106414e-05
0.00010119597404668796
0.00013941628798388027
5.119871921920994e-05
0.00023440911278561083
6.974505636620451e-05
0.0001460757484373345
0.00010883928472087052
0.00021790184907110856
4.6205431198938835e-05
6.729830805903621e-05
8.152693726788188e-05
0.00019524494255806907
0.00010294927613332811
9.316300691163262e-05
0.00013331486182682073
5.4010884911100796e-05
0.00016177653958703245
7.674613070572599e-05
2.8952614045586052e-05
2.3647117714178258e-05
5.218552785393466e-05
4.438742268386596e-05
5.273866711926692e-05
0.00012323018289459628
0.00013592192834204473
0.0001308048757189456
6.641025264163437e-05
0.00017987601425306873
5.509271274179867e-05
0.00011883224794080323
3.2220981744160637e-05
3.437167963725755e-05
5.557146335356845e-05
1.352474392871019e-05
1.9334715953429292e-05
6.567087275735758e-05
7.548648025412994e-05
0.00010597647541672929
3.5681670572218975e-05
8.13849023613402e-05
0.0001943589792639741
0.00044279236115214905
5.468585079759771e-05
4.864117793846016e-05
3.942317711537253e-05
0.0006891515233310584
4.3812041222013175e-05
8.783213610825904e-05
0.00014305259096694846
0.00010021279043229441
0.000164555561181642
9.612076272791454e-05
8.962346545675599e-05
8.183602817363781e-05
9.624719024290833e-05
2.7901343673226094e-05
5.8619590998039375e-05
5.510286327935496e-05
3.939136873811143e-05
7.980774970140823e-05
5.0165465399005946e-05
0.00015866596892273965
0.0005418744763724217
4.004638708104005e-05
0.00015772650046258884
6.117626900552177e-05
0.00022349070419760994
4.323425447509565e-05
0.0001287104060816457
8.611249592701738e-05
4.458303037997163e-05
5.5259086000656446e-05
0.0001464592959272975
0.00014346960059573324
0.0001871184237194546
0.00010151216268443339
3.731454451507939e-05
2.162176596991944e-05
3.583864554448584e-05
3.42675801916769e-05
0.0001262309939031045
8.401150084222001e-05
5.9993315055173356e-05
3.196538746303963e-05
0.0002275889232230807
4.4183904510586256e-05
0.0003275107395301603
1.7023314254365554e-05
0.00011216112390441097
4.938396362507873e-05
0.00010127407688109388
2.8932109498912972e-05
8.616751054764727e-05
3.235244763838883e-05
3.9301860272644355e-05
6.813169850847662e-05
4.3159464689095225e-05
3.4827293092414044e-05
5.193618222957185e-05
0.0003024173632276943
0.00039043197216494095
0.00018346704791952155
0.00017301760148063483
2.7554898119210306e-05
3.422034556341525e-05
3.7012187564838014e-05
0.00010144334228031897
3.4774484941271895e-05
5.312821379040725e-05
5.7269865856300466e-05
3.0316207507072813e-05
2.8349263836748587e-05
4.326919865353091e-05
0.0001658677653260994
7.345082622906586e-05
3.3937868896012504e-05
3.0824124738408637e-05
6.70689978917635e-05
2.0973414379673957e-05
7.660096706460735e-05
2.005819689481564e-05
9.438994526245207e-05
1.7847554668306863e-05
0.00021035227786326546
5.1839552616734954e-05
6.791425645349925e-05
0.00025605908901135357
7.889336310660853e-05
4.039455620843208e-05
3.685728254655481e-05
0.0001266410237106517
8.702857254639663e-05
0.00015256091916091997
9.957948232710611e-05
3.674731643052005e-05
4.639836026276567e-05
7.975113286157886e-05
5.182312288531182e-05
7.248978432926987e-05
2.573161619954098e-05
0.00018419956874791683
5.786146432308635e-05
0.00010503154874683856
5.176473533079575e-05
0.00011803425396189885
3.206723909012034e-05
0.00017768029161357266
3.83246362962655e-05
6.662021627745312e-05
3.485253808851803e-05
5.970434114793794e-05
3.987315419928968e-05
8.929946967562793e-05
4.1664032881704676e-05
7.470961177479268e-05
8.390857530755016e-05
9.35640545804398e-05
0.00013580253417564493
5.52691307150816e-05
5.963302324877768e-05
5.015307941130676e-05
0.0001814922733793756
4.120756330304071e-05
6.250319884779451e-05
4.7172141892557235e-05
3.365051879123932e-05
3.742186328925915e-05
8.225894219152677e-05
0.0003094966431141101
5.185740922754454e-05
4.1056609462295445e-05
3.989436578334884e-05
3.205898953683279e-05
7.167377096952836e-05
0.00011185316782880528
0.00010307957493489161
2.110112854667303e-05
3.57840765082231e-05
2.9911043468656262e-05
5.7419336410243385e-05
2.0445137908641126e-05
7.171397285413211e-05
0.00010936647117523022
7.912798491285749e-05
6.297861766896183e-05
0.00013240310379699063
4.83801409694006e-05
4.238325710633928e-05
2.3590205251736976e-05
5.845776795634017e-05
5.425728073789655e-05
4.778961142553787e-05
5.3547730815402675e-05
3.66714652641117e-05
9.387928194154463e-05
7.979172001504608e-05
6.446146000079245e-05
7.950409149910552e-05
0.00011890675712523688
0.00013485019784788082
4.9318911140375724e-05
0.0001010664705761232
8.317394576516924e-05
0.00016598457316905038
3.507488691560304e-05
5.148204463130642e-05
7.584231980685855e-05
5.4915808643154904e-05
4.412188994452777e-05
8.752989958568113e-05
4.451344274250453e-05
3.5771178435331296e-05
5.073504621164993e-05
0.00013643768808316021
6.869430553892252e-05
0.00014312315019063135
0.00034519912966548476
6.309043278241111e-05
3.027064144623668e-05
9.046266722417718e-05
0.0002184695797435627
3.939372551721419e-05
6.527139183449776e-05
3.5920156126210134e-05
8.018497909836409e-05
3.516059447107649e-05
4.202517414218525e-05
7.518524784374332e-05
5.274111234435199e-05
0.00015183631066384277
5.0012469874374654e-05
0.00012291688681384514
2.644540761771451e-05
9.910964122437426e-05
9.953056760863458e-05
0.00012157684462868202
0.0003281565806025776
9.479227726017114e-05
2.4426020859614704e-05
0.00016540215250764048
5.3364164975917936e-05
0.00011331874444490358
9.231251031161499e-05
1.9935336701154965e-05
2.3468497211679564e-05
3.4628902249476955e-05
0.00010862157497808347
0.00010773083380461028
4.627201493395761e-05
5.1247350629435336e-05
8.035473163084133e-05
9.551205971880449e-05
8.52768437454591e-05
5.0597184232712375e-05
0.00016335131989353161
2.862788019278242e-05
8.165761468917717e-05
9.679361270485951e-05
3.099129888819629e-05
0.00010001841886627325
2.756203632239717e-05
4.1057808979325576e-05
0.00014534408276205735
3.348811798629389e-05
5.632003463477046e-05
2.817184457035806e-05
3.058175789164853e-05
7.571869682785194e-05
4.5377120587709986e-05
8.749736000767899e-05
3.6585100492922865e-05
3.0356468886012393e-05
3.6384303146562224e-05
6.366607556748444e-05
0.00016881670932296654
3.798436741913012e-05
7.601600057715516e-05
0.00014801897707173315
5.459362821386813e-05
6.648962745624964e-05
0.0001239212618572025
4.801452566143097e-05
4.454879087570403e-05
3.8303222475326914e-05
3.1355999331371534e-05
6.078141836387129e-05
0.0001320215627161606
4.3770692795603576e-05
6.331171470845075e-05
2.3284283363444853e-05
0.0001658860613240798
0.00015560889639095604
0.0004442985996687867
0.00021104176919241088
7.735449428545094e-05
3.251728573575722e-05
6.102590160748351e-05
0.00012000751046319559
2.947653710325947e-05
3.769514082656044e-05
4.4893943527819824e-05
2.5191754354627354e-05
0.00024159808408082213
0.00011975651862065166
0.00017587165905978542
8.904454471244898e-05
2.8781240717150356e-05
9.616683926238248e-05
0.0001296999140101164
5.20349145485873e-05
5.659459581362298e-05
4.65529701998511e-05
5.343102785835803e-05
3.395532075492601e-05
4.49169185128438e-05
0.00018209430073284403
6.191514321874525e-05
4.2226245143527634e-05
0.00011459443495459988
0.00027313584274240584
0.00022075017949560897
4.461143875003405e-05
3.18424012749571e-05
0.00029324796488902014
0.00010686985945745773
2.286338637682677e-05
3.197579468842713e-05
4.065838487006432e-05
3.447211188008294e-05
0.00023423939279788706
8.705202180385334e-05
7.398915879492156e-05
7.869910400142866e-05
3.5837035278866535e-05
3.508351186703377e-05
2.533361145566701e-05
4.7346928993407304e-05
0.00010459262139379069
2.2200332632949797e-05
0.00015735270894173968
9.157209035990657e-05
3.262764294337614e-05
6.0160893238215036e-05
0.00016657070907348406
0.00010544956472041865
9.705533397905933e-05
8.161882132333161e-05
3.801902771197675e-05
6.162746155450891e-05
2.172137501597829e-05
5.314854883210013e-05
0.00016297673734203176
0.0001542498184340382
0.0001189711254772658
8.3598694934271e-05
5.695148835081326e-05
0.00018166801882797925
2.2457927091756773e-05
0.00019320748007193287
0.00010959589286167523
3.791253340655985e-05
4.0020826682321996e-05
6.209778997691655e-05
2.648184420328058e-05
0.00011040569652728859
5.765305259866432e-05
8.208895318792554e-05
5.462151186338716e-05
3.486606002992745e-05
4.5359167114068864e-05
0.00012624327234249077
7.07711255388124e-05
2.7763777673600096e-05
3.460133242281785e-05
3.170546058916854e-05
0.00017322391771050735
6.212827877804173e-05
3.766488903420872e-05
2.5403253618668016e-05
3.624798304932463e-05
8.89280402165857e-05
0.00018504443108097085
7.208800909451158e-05
2.3814354180831032e-05
4.6392252936375416e-05
5.920269149854194e-05
9.150888589803557e-05
6.090523974863776e-05
0.00035056158898251195
0.00010379716743945847
7.212953461858539e-05
8.228896494179755e-05
0.0001755340955277867
3.218276374701328e-05
6.751445718327212e-05
5.515575460360147e-05
0.00033406775957041396
6.663208513823527e-05
5.2674926408990005e-05
0.00015610637089070428
9.468389508523406e-05
5.135734202164759e-05
0.00011470648998522813
2.1844746639442635e-05
0.0001754233967414505
9.003974799016851e-06
5.523630716260482e-05
2.8235122982893112e-05
5.588446702204598e-05
4.2270984767734114e-05
0.00011842346985023776
5.626245548157635e-05
1.751675844148157e-05
3.292212379665458e-05
3.982594046580754e-05
4.25213778084962e-05
4.580515063920356e-05
0.00014375161515494162
9.600217544983834e-05
6.474923403330815e-05
7.05346010342926e-05
3.1082504521721016e-05
0.00016151962889139103
2.64195935301831e-05
2.8184952134343214e-05
4.1568018000355146e-05
4.7320571929653865e-05
8.030155159763197e-05
0.000193742243362399
4.6413144993490803e-05
8.375943148186035e-05
6.28466174920576e-05
3.4258486522800274e-05
3.390846991851313e-05
9.229137354995223e-05
4.4717036318888807e-05
3.749841572979748e-05
7.120476779176532e-05
6.837301719960088e-05
0.00019607519874621017
4.5389948832885e-05
6.362774226461103e-05
4.169146190889842e-05
0.00011856725189958746
7.302183831934458e-05
5.295622513832049e-05
6.623378640678328e-05
8.467689183502358e-05
0.0001340428517454268
4.861142811750732e-05
5.297809809554976e-05
1.8803357484230243e-05
0.00013373908581120486
5.579570373536932e-05
0.00011930054753883419
7.439240566435943e-05
9.534715414510755e-05
3.225700502858924e-05
2.80931305999795e-05
2.3858397795824666e-05
3.486310151461954e-05
5.1511293414587564e-05
9.916823429342044e-05
2.6847758627483806e-05
0.00015902301218016852
0.00013573665253414978
0.00010974682977790871
0.00022736990281300269
3.83515150568775e-05
3.2760138158650574e-05
3.0485749365691966e-05
3.9164640870896566e-05
5.4738631297399796e-05
9.22097004992237e-05
1.5596560397312072e-05
5.171164305075742e-05
7.12521553757358e-05
3.629950403531049e-05
4.153316712503807e-05
3.286139257704005e-05
1.719018546804907e-05
2.8053987738147154e-05
2.313245309409503e-05
0.00015855462053063833
5.0924372932609e-05
4.0745768409185114e-05
3.189380406449922e-05
0.00011476167429482758
7.989449020072981e-05
0.00023491738717765624
0.00013967094428726044
3.4308509802563436e-05
4.190127794900031e-05
0.00013432465093438095
4.507128268157981e-05
4.493726156028752e-05
5.8953000569047735e-05
6.561117379083409e-05
4.198730029232175e-05
9.393185021057767e-05
3.061558900493027e-05
3.441878800813445e-05
6.348179706566232e-05
6.234662292163023e-05
8.228407150948577e-05
4.377561789259596e-05
0.00012384577006103878
0.00010371430879244943
2.1239179842362337e-05
0.00016039849982738797
4.209657503929757e-05
4.521325448246882e-05
0.00012088973341950673
6.594735539737566e-05
4.3267143282611745e-05
1.205698115910082e-05
3.9742357130944385e-05
0.00024139611394825082
3.163866121908043e-05
0.000132725986054539
3.197041830956359e-05
5.203632446071775e-05
3.5951607862603414e-05
3.813466617803469e-05
5.412027870920474e-05
4.6804070745071044e-05
0.0001240991126250902
2.9462210238810797e-05
4.1031564413023216e-05
7.322417377653e-05
8.319210549171645e-05
7.839807557653128e-05
2.6415863393536055e-05
7.760612621753435e-05
0.00015640374776758684
0.0001447066931637336
5.3780803879486784e-05
4.5321792133913404e-05
0.00018777608719612176
8.371402025963421e-05
2.9247945318486077e-05
7.525506514227634e-05
2.5839952500346616e-05
3.550624446562297e-05
4.709731982567969e-05
0.00010097713345042422
5.422011429235997e-05
4.4000046923068017e-05
5.2709747251108484e-05
4.1260165034897635e-05
6.608065016148906e-05
4.2785016002325615e-05
5.9472630222503384e-05
5.6839254152360774e-05
7.242194205366909e-05
4.334740409324491e-05
4.375650502859553e-05
8.131145007378194e-05
0.00010080119577053845
4.48931035936155e-05
4.808742881173543e-05
3.4103139835962534e-05
4.985658591875224e-05
7.023698432128196e-05
6.421476587281694e-05
6.120383606092019e-05
0.00011364087308482171
0.0001062814614267036
2.6041254939174684e-05
0.00011258992503225395
6.872304704684008e-05
2.5806084976784486e-05
6.144142789211959e-05
4.985412910649094e-05
3.728743249700855e-05
0.00015085634945528193
4.597187618916222e-05
0.00017141224781537005
2.8120123919920002e-05
6.35175950766379e-05
0.00012008466543577137
3.881009751599473e-05
5.6130976027806854e-05
2.0783559265923642e-05
2.3396972396397162e-05
6.783411938138892e-05
2.9160385429011412e-05
7.093536176591533e-05
8.008706809828928e-05
5.218885094291998e-05
5.078626461010062e-05
5.310982933242812e-05
6.085946881734886e-05
4.067039297501566e-05
5.583578698765182e-05
4.245503985620276e-05
0.00013246899194447185
0.00017588025394452774
1.990582912071553e-05
2.1166527384962043e-05
6.465839355513038e-05
4.6389200501056715e-05
2.522565348738251e-05
0.0003244760748164673
0.00014260004773084754
0.000117633469130627
5.5250494350555704e-05
2.5517721996743658e-05
8.729411392764651e-05
0.00011646836716793887
9.773225744783159e-05
9.570502893554526e-05
3.5625127802704805e-05
3.614999680370149e-05
3.866038198174678e-05
4.394548989334242e-05
3.22408742439089e-05
3.311188077302817e-05
3.266148724210899e-05
6.376744910347243e-05
4.642308511513476e-05
3.663715050815224e-05
2.498695045999877e-05
2.7685250215505504e-05
3.1771911347718006e-05
2.6678603085107598e-05
0.00022825631239189832
0.00018431510365226494
3.272967255823492e-05
4.0089443914257324e-05
0.00019191064129151042
3.340000070676951e-05
0.00017205160703791
0.0001364468836605973
0.00010900454753389546
5.998367809573999e-05
1.8542451342810575e-05
4.978345126547181e-05
8.084319527675468e-05
0.00015273401697836334
5.2654882852674e-05
3.974705702469497e-05
5.620748814751728e-05
4.163585027466192e-05
4.323898382127626e-05
4.545331030525778e-05
4.1861164288606094e-05
0.00023124672361426053
0.00021103753506329767
2.8110064069091185e-05
7.405554326312544e-05
4.847654959261037e-05
0.00030680042097346635
3.571226798068645e-05
1.678166995022862e-05
6.078676537324998e-05
7.339330110838457e-05
5.066195222388874e-05
8.413292521951607e-05
0.00020289840418962396
3.6397492459495346e-05
0.00016502679579995886
8.673287601783818e-05
3.2508521793506394e-05
0.00015086330208339066
8.00381922077934e-05
0.00011040253195641356
3.563969256837644e-05
0.00022069252377082013
6.731550589927919e-05
3.679976119370056e-05
8.177962650131253e-05
9.701361861397618e-05
6.830483505135967e-05
7.636547722141323e-05
3.316315943381504e-05
5.411640916588984e-05
0.00018130122727636594
3.977843920841381e-05
4.039590063874673e-05
0.00012399300531878974
1.9460262825274843e-05
6.218451311028583e-05
0.00011642223602871136
5.625300907164349e-05
2.0567086009422076e-05
5.060730552740487e-05
0.00018256306348149792
7.534969164538936e-05
8.736568730730325e-05
2.1461835748666236e-05
7.680637642820635e-05
0.0001827506037776601