0.0634095901954679
0.04238299154419176
0.027090757245592505
0.07959817702347187
0.019209129793332256
0.08757645229068817
0.051143764089320747
0.020798293049364824
0.06574163649389748
0.0022938474455639836
0.027439638278552232
0.02365245036483043
0.007615622169808429
0.02192687932979729
0.018154813276492033
0.01140476650504528
0.012508564056203672
0.055966793937501154
0.016907907753232795
0.01791339301682218
0.05862788328958529
0.007639176852142398
0.006395604309379831
0.012538464745138523
0.03708172655353412
0.007534038190572611
0.024854878343246463
0.006351048632628471
0.005234324425213673
0.02437356212206666
0.015348697361679844
0.010531523071765843
0.01092440915490751
0.016591799608653483
0.019046318069532515
0.013590691614655717
0.004032578452544867
0.006465473010789688
0.0073488832348941446
0.001156007753685988
0.005393640540375316
0.0012326764528113989
0.014757628455728382
0.0029116696187806504
0.0018186846730743455
0.013626789004485593
0.008357951855955779
0.0016409808209734823
0.005897899753384085
0.0033154990956578393
0.0031986170465065555
0.0010792565878096569
0.0025143720687831727
0.006706408199690815
0.006630703112589601
0.0026468803379884535
0.008063759030753747
0.002513988261503631
0.005782966674452248
0.0009918020824826593
0.002402488271956924
0.0019868360261854996
0.001997547019983734
0.006486942245724508
0.01205806056041549
0.0077297212518895025
0.006018781482088331
0.003377163859006749
0.0040954705536050285
0.006433229706893973
0.004044995619594093
0.008295916185933122
0.005828356126200488
0.009693551225251286
0.0030251213448324902
0.008522696934650348
0.001334173715528206
0.0055496676991089325
0.0036516430753216296
0.001815009530405479
0.0018344142605344305
0.003154538450638911
0.0023756962320899953
0.0007898889812701908
0.0033135179867764967
0.006162418663545053
0.0013745500548785407
0.008427786287119468
0.00268813004068444
0.0039689914652415986
0.0016417691062808413
0.0014018890597565226
0.009677232696083397
0.001399030864128148
0.00262504251733407
0.003325273960405024
0.0025639503310816913
0.0066841715617616355
0.005774086764922877
0.001612573552560573
0.007342828945123579
0.0023615468112925136
0.0004073507790674826
0.0020945293491975467
0.0030133360398297104
0.0015925330875184254
0.004369656086013119
0.002243133987886365
0.010387350355655791
0.003426434319379641
0.006440391942189865
0.0043059379310390776
0.001727705934906619
0.005231386706300523
0.0018406504599948743
0.004149989264796439
0.004853767008453376
0.0032411774432873543
0.005971778172069086
0.00012713755989895837
0.0018350236958567813
0.005925742420597467
0.006975265443031188
0.0005670372915117871
0.00894419395280543
0.0012325170837739362
0.0007606900760813398
0.003561334096280989
0.005879368345354838
0.0016930691950483095
0.004788540918518665
0.002334133401454407
0.0018865791713369587
0.00586570403104234
0.0007601571907393898
0.00478605961158198
0.004057520551261035
0.0009950383549120537
0.0064506845078344255
0.0017716321927784542
0.002291496016139652
0.002425697348358264
0.004134152913845399
0.0009033166139285914
0.0001954848559232793
0.004354317652989439
0.0076623348355496
0.005974892888946884
0.0026369263780008853
0.00019275936666543201
0.0011331266008622598
0.0013672777087811486
0.0004800450432193541
0.004070836103979741
0.0011829803258593685
0.005836442389483954
0.0027570683777372006
0.006182791509291741
0.0018775830358221382
0.0018385561669768263
0.000620932433043065
0.0009257607424804614
0.0009648509609998571
0.0026934632013531465
0.0008501859042425926
0.001185541108443648
0.002492313335886981
0.0008423648161507463
0.0004991715115470289
0.0014967289909119984
0.000450908254733592
0.004151556285962019
0.0011483095793367781
0.005044558933161764
0.002307785609105751
0.0009510795769188923
0.0023926347567161904
0.00011404066255938356
0.001898429281898135
0.0009586231930033463
0.0063452294317117445
0.0022229716111764764
0.0011200481791220995
0.0036209007429972196
0.0006767367129042406
0.002887755057249643
0.002289075663662022
0.0019880191272351896
0.0018470086924296857
0.0005843759997516473
0.0053338222828202605
0.006084914904899145
0.00042250730211207036
0.001781068928739782
0.0011566033845717798
0.0015809227377287442
0.002335072636431911
0.002221679155590459
0.003386903061256206
0.0024095823485598003
0.004609928124327622
0.0019777608780197913
0.0005855915041770313
0.0017545221260634686
0.0020642087292018193
0.0030774349512328876
0.0014589128996562214
0.0008203092430007731
0.0010040204475224778
0.005455595003902276
0.0011452122595798702
0.0016140771036372021
0.0007841969143043365
8.414656004452278e-05
0.0025502893119997623
0.0009344090828368734
0.0006973378321416928
0.0024226808999324354
0.0024705210220305343
0.00023907217435495235
0.001852722852321746
0.0003528573397678456
0.00040549825429228874
0.000735036206369091
0.0010137278655878907
0.004025475487226246
0.0005294641904672108
0.0017480240459638462
0.003301072196682814
0.0021144810513552322
0.0006356610499520705
0.0005580577043948759
0.0030144185845680203
0.0011744274334482708
0.0009469512194932625
0.002135845251099241
0.0005713519260511117
0.001526815989470344
0.0015676459472710898
0.001284436364828832
0.0019309582722647674
0.004851890620155242
0.0004218120286806368
0.002621538449670679
0.0025047189158676265
0.0009243634482585065
0.0017778046598005478
0.0024283974850909155
0.0011787174622773227
0.0016180334552343355
0.0002980151981826634
0.0021075520248693045
0.002047290360588372
0.0010890995877517356
0.00040703343654787766
0.0012252737646792908
0.0018315947161547204
0.0006018967921704989
0.0021884756561705797
0.0011453334838510375
0.000882660431599739
0.002622320368305942
0.0010124354545328878
0.000971669691769968
0.0004539309352896306
0.0008861938192615137
0.0016767380850303843
0.0013379296455474125
0.0016994714707475466
0.0004891580827121493
0.00048039558309764016
0.0009689297923511927
0.002531531257074624
0.00438802525648652
0.0003124554848652028
0.0012414003113378118
0.002633076962499263
0.0005769006273687022
0.0012843108627292172
0.0012487907963895323
0.0003946696423449182
0.0006479860891655153
0.000445579758578458
0.002213115501364732
0.0027321977363709404
0.0004098440795321112
0.004138788222913421
0.0002802003325987014
0.0017701255457361238
0.0029800999229803015
0.0008733776404349702
0.0026774279880314414
0.00022042995505049538
0.002083303927083742
0.0037832512881064992
0.0010995721155440147
0.00106464399582279
0.0007461658358690439
0.0011366645389878005
0.0011737085223777438
0.0008201900711747076
0.0007264238912592784
0.0002629501964093582
0.0006071224982866325
0.0009449186526530517
0.0019021082583840958
0.0014199403934008641
0.001232735499992628
0.0010096307434333113
0.0011415502252348215
0.0003473225890949813
0.00043759495220835744
0.0006218558464954168
0.0012198703566092804
0.00046621184113810254
0.000763466590727491
0.0006044556302575086
0.001381123852315965
0.00017032537997115042
0.001971050168513201
0.006968659606010068
0.0010832047579701835
0.003433008854087048
0.001163690017510172
0.0012924331653791487
0.001955979147494175
0.003067025830008444
0.0008540088131398894
0.002652135315861226
0.0011824451656640065
0.0002953345642034867
0.0012205932162240019
0.0010727149116646236
0.0005145464904665273
0.00023529234205498474
0.0028503811578322884
0.0006860467909246493
0.0005707713025021583
0.0016705095911283881
7.6114320212234e-05
0.00042403712757307314
0.0040051926336188565
0.0007145933767866271
0.0022997503802083827
0.000981729428939282
0.0007753745411726741
0.0007315647916139099
0.00033292811407952894
0.00016235270718357905
0.0005540491986291934
0.00047988786529545326
0.0017202960425855307
0.0006273984918509333
0.001347204047822539
0.0009301353903647637
0.00028545401090209263
0.0003657341042481149
0.0018681421147532348
0.0003788173281275536
0.0004579143965725877
0.0009305266527242532
0.0022474405301353344
0.0009520441296911522
0.0031461988914786685
0.001118968033846467
0.0007045009681157413
0.0004341507509670941
0.00015183348335066863
0.0017142269365695996
0.0017064187699221826
0.0011176113184237248
0.0012909032309256002
0.0005627426914442267
0.0005185233906600663
0.0005816122755134848
0.00016828166325318875
0.0018733068446975896
0.0019810720184182846
0.00042430693133221377
0.0008953179645709617
0.0015653560578481537
0.0011755475924725134
0.0004134503230795403
0.0024670641652648176
0.00034289322187022405
0.0017783117999450669
0.0001649868503567462
0.002167782095962918
0.0016991694025432888
0.0014312595100011195
0.00043258733038202595
0.000467735514070684
0.002097887267705902
0.00105050215104935
0.002664703369863775
0.002383451603806357
0.0005121433459687236
0.0002556212859573709
0.0011943740963994414
0.00013311691248745053
0.0006282388226195963
0.0008835854467390046
0.0024605991017456414
0.001243499522865792
0.0007290031998388291
0.0009655507907977339
0.000649752322761653
0.002761282768818403
0.0014237901515143099
0.001191748529535559
0.000700602640627571
0.00019408185569001196
0.0013630141865538761
0.00044838643457173423
0.0006423348205110481
0.0009782992799736423
0.00024288154599315343
0.0009809476866544874
0.0004644373443893972
0.0008449553299725735
0.001427080972474714
0.0007706999926147561
0.0016984905377515755
0.0001976616942799832
0.00240673221017094
0.0006848511011648582
0.0005523743234128289
0.0012107579619381847
0.0010192551775581868
0.0008192205364713798
0.00028611109651538366
0.0016046583642221658
0.0008818634068571802
0.0006159219294487187
0.00028131344915462527
0.0005331179068108992
0.0010507742028831063
0.0007765422433446307
0.0013618558641579162
0.0003338609718358451
0.0006891164646092414
0.0005171782671319016
0.0004622273607181616
0.000287755313819271
0.00017906059190319292
0.0013951230527537051
0.0004094525491491382
0.00043982701708349754
0.0004139780815668737
0.00114990336981659
0.0008850665520915767
0.00034642770559187937
0.0003723899488409903
0.00016549377030844432
0.0005998381603546315
0.0009680275360753847
0.0004819624562411004
0.0008821293369067943
0.000939033557623645
0.001051153355764191
0.00021618963750133133
0.00036089773888357954
0.000727229398104294
0.00023512744768059375
0.0002540187411547082
0.002027733706012329
0.0009954528833971059
0.0007404223804294316
0.0012522632410548054
0.0005100197732965874
0.0002530393966976985
0.001460236604781103
0.002509712810411059
0.0010979003552280047
0.0014673785329442127
0.0003475853237728283
0.0004591528885706924
0.0006747927371362853
0.0004766949880792169
0.00035247240900433924
0.00014931175013978794
0.000993860860444264
0.0011234115194000951
0.0006784573866514564
0.0004928043719736493
0.0006670145268887156
0.0015342194795943014
0.0002562454974384283
0.0009885557358884367
0.0009574196280173038
0.000891615137238839
0.0005459388810843507
0.0011520991400847684
0.0010632118885782664
0.005323333794289124
0.0010799412313360621
0.001132225093232828
0.0007127730318646076
0.0007420438650133982
0.001004289136257804
0.0004134305076827778
0.0007340634207719979
0.0015177133256966985
0.001926601322508193
0.0011487429212073325
0.0001948276330672985
0.0006056580308555086
0.000651063101701497
0.0017672741369313264
0.000681357977795658
0.0005980679982351595
0.0007015844022088798
0.001068391770959957
0.0003075036724901467
0.0005858816884224158
0.0005992478151149864
0.0005842659769748744
0.0003583622196459497
0.0003832020651368814
0.00011941362374149848
0.0005136840703155838
0.0008482576943591348
0.001425937353235752
0.001983589933659661
0.0005636220448224393
0.0007467792563469164
0.00019109361785075077
0.000802940359301196
0.0015079151274494179
0.0004214477967694228
0.00042541359428190534
0.0016352067159717527
0.0027279119614302275
0.0018374803946464224
0.00047557903059358534
0.00019435246976269932
0.0011853479472990706
0.0014763822956390044
0.0015739792778904679
0.00037982175830550283
0.0004961359602505894
0.000633528589908031
0.000193366380126882
0.00017754009329040016
0.00033905621248569003
0.002673680258313838
0.00014718119281488884
6.695813772917574e-05
0.00031159921654297536
0.0004349814505789122
0.00047468526625208123
0.0006140765468971094
0.00015617076967801456
0.0004171540098790734
0.00016811977439459654
0.0012675048241489273
0.00047505091309664926
0.0003757407965278204
0.0001490855164098203
0.0025499917131189035
0.0003454234029118316
0.0007249320064260334
0.0006868938532824755
0.0003860441341429887
0.0004448568837933262
0.0008536048367135512
0.0008138880414583576
0.0003361057056704975
0.0009779060500816918
0.000267988384084739
0.00041388991228717074
0.00017160511932562593
0.0008319316069939107
0.0006697087880722707
0.00018531109614253015
0.0009679486781520726
0.0009585446203038079
0.00024081759449260485
0.00030459857708472316
0.0002985561503636578
0.001389035435716433
0.0011019577729985846
0.0002987411735120714
0.0009832253897408302
0.0005921432967920675
0.0017631941830248696
0.00013944255842657046
0.0011291799317327007
0.00010875640033414512
0.0007770073120702011
0.0013919135838868786
0.0004437423060199013
0.0011730679478504044
0.0005025102744524851
0.0024111316232704404
0.00010139901956533519
0.00035529829490258086
0.001514182585422915
0.001620831702932385
0.0005323750528560905
0.00021380182104584598
0.0005844889868596527
0.0015848380236997625
0.0003969971926674419
0.0006926113177347021
0.0001887104018209426
0.00033254246868845883
0.0004570706559771087
0.0011180838309443081
0.00034083308557821446
0.0006379713098304468
0.0002260727718016064
0.0008243369557223662
0.0002653091789350466
0.0009150783397029889
7.073784950291545e-05
0.0004984551616261818
0.00010255399737591611
0.000364755466873111
0.0004424801796092196
0.0002538076888974678
0.0006058898416498987
0.001476310391043288
0.0003125513842600729
0.0012030538235486908
0.000586608746476983
0.00046597810399815555
0.00037012024279758666
0.0019829027113168747
0.0003722410585669287
0.0009845649463277048
0.0004626186145228108
0.0006978370408097877
0.00032665723819071883
0.0003562721598387245
0.0004995075647277698
0.0004336517080321084
0.00031754945497750714
0.0005251544479539105
0.0002590277601764893
0.0019291113049205195
0.0009536803426604591
8.871602839456503e-05
0.00013056731291449702
0.0008073532485389216
0.0005032602901582739
0.00045982384653729983
7.60738690396471e-05
0.0012645514225863327
0.0005269492250864962
0.0005625255308816798
0.0005168840902239243
0.0006034219513043264
0.0003173624742779096
0.0007997344020557329
0.0001640989478498215
0.0013453246062249435
0.0007080791660053041
0.00018514778251907393
0.00024265656801653613
0.0003975199247033339
0.0003917627308641977
0.0011709267687294363
0.0007061505463586721
0.00022576465889412417
0.0004426998291292452
0.000640671492624923
0.0002769560714940325
0.0002184813218517727
0.00017611717795116942
0.00038004844370484854
0.0008287636042464965
0.00014147204989305588
0.0006257138443313773
0.001004587833020951
0.0003532845373744062
0.0001908369254717416
0.0008477141839311771
0.00013814867537880867
0.00045499339550721205
0.00024862187177651846
0.00032744597133884073
0.00020642278191682027
0.000968471504072852
0.0001082189362290122
0.0004128228731278746
0.0002332208371674691
0.0002621305474563362
0.00013000717984701325
0.000821389766407236
0.0009348486855186889
0.0008897364013884625
0.0005397871491876885
0.0008340838293065144
0.0008083022342260921
0.00015120028343912185
0.00045080227174138524
0.000682786511585578
0.0011723344333921073
0.0007726955075765418
0.0009264556076563824
0.0005336273019443277
0.0003686809961958787
0.0006992503156324014
0.0006611077339415847
0.0011238769473067031
0.0002443786588000253
0.0012720190553566764
0.00023944408350979262
0.00027669464478236294
0.0014744457745453701
0.0009812741135921323
0.0005035307812225376
0.0003329510836495066
0.0009045810335533931
0.00013610274459055312
0.0006615314033841498
0.0018576387260700556
0.0004063682815419826
0.0003302370463128251
0.0006274844544374989
0.0004920746504166585
0.0003962557241456126
0.0011201512893370446
0.00028114688703120166
0.0007955245949505976
0.0007590006441110651
0.0001106574193103997
0.0008507613816817357
0.0002558402101018821
0.0003010452223639558
0.00020398980499831314
0.0004494640855694919
0.0004701713771753927
0.0013619886415509642
0.0006503288084901232
0.0006859273034056717
0.00022082259580225876
5.0433971428837303e-05
0.0002017771893559335
0.001311926594276184
0.00016982119022962617
0.001248361470828701
0.0004313186317277521
0.0004484889937361872
0.0009899942858022065
0.00013560521423255397
0.0005620453911598601
0.0003515327618442295
0.0002328071562549152
0.0010776066142787139
0.0003363153408780147
0.0005512362263483787
0.0016504806918911622
0.0005632669632251579
0.00025302207175367493
0.0006387408382538793
0.0007752097656740474
0.00081898872323897
0.0010253944085503765
0.00026979957563184496
0.00036705231542924515
0.0008463517757344584
0.00033887784761018046
0.0010295674736717421
0.0009048670554454824
0.00035047924981538453
0.0002230742176584763
0.0001949418788527634
0.0004073160129660436
0.0003996398924083049
0.0005620411613588799
0.0007967211816815891
0.000499428281582071
0.0002670699131812133
0.000724867508251002
0.00038016621817514915
0.0006787968130501815
0.0003010422660541153
0.0002246876207790253
0.0002240561935729829
0.0013806276929224615
0.0011249822076112876
0.0005545739850933088
0.0004736304271484165
0.00089315674955044
0.0007326899378359486
0.00022977569851800092
0.0012841537134563904
9.158184070056022e-05
0.00043665164862534216
9.918906037779986e-05
0.0007297700660555595
0.0018247826766352626
0.0006848131463145999
0.00046425643665618145
0.0005863938967865082
0.00046233711543788115
0.0005310786059218804
0.000828994586976944
0.00015095881815626358
0.00025361195959597397
0.000539660687801919
0.00015863663931028302
0.00010589083226200246
0.00047328098453352797
0.0005213070664862891
0.0003648313243078335
0.00027443282265304054
0.0003083382993511546
0.0009148050512849758
8.679560977011566e-05
0.00018401546764011318
0.0014742654355860388
0.0006598884399076525
0.0006987153954415561
0.000324793640768115
0.00024562305602860205
0.001196112893153484
0.0016331373855616423
0.00024571171644769514
0.0006153256843767801
0.00029222964744859904
0.001062940465384934
0.00019328933336658024
0.00042076620877946506
0.00015915326133252307
0.0008461954247402305
0.0003113364923464042
0.0005056457219408134
0.00022377064774992632
0.0003931742562949631
0.00014102837109754586
0.0002694527180144007
0.0012769854761975029
0.0002866037867286537
0.0002695839742328807
0.0003036684785869838
0.0003499836901821896
0.00028139594056668523
0.00023902130914883765
0.00016249156512689828
0.000418561046654054
0.0013744155813239483
0.0005848760142352429
0.00023491515022601984
0.0005127633306788423
0.0004812863634348368
0.00038330219149758116
0.0005651919240560202
0.0012733301685332417
0.0013353605085213546
0.0006940612497366331
0.0006234008853376914
0.00015428648409161928
0.00020931523770045726
0.00034728032554674207
0.00047316816612565543
0.000750864833711026
0.0007679640492177191
0.0007531877257832687
0.0009710021733180139
0.00025947662643619965
8.769053419596837e-05
0.0004999657116908499
0.0004559141777462443
0.0005755714739777795
0.00045098028433630176
0.0004218392014361803
0.00023226910420548022
0.0004409435337009823
0.0008888758573171019
0.00014711901570211344
0.0006197622898716307
0.0001685409100704314
0.00034293306247795246
0.00020421874204906446
7.847578492637384e-05
0.0005208718156642103
0.00030400747704756
0.00012735656941989084
0.0005087458825874651
0.001351880416543581
0.000509292765148739
0.0006183524518352188
0.0002774890809091244
0.00019835520791087148
0.00021941222400644845
0.0003450123330098957
7.560231339899049e-05
0.0003973448817727438
0.0004695262454168304
0.00017714479193390003
0.0003219214620913951
0.00023745797836898048
0.00014309252055524457
0.00026685467716394527
0.001007306613997377
0.0004782157874677201
0.00021223233481457445
0.0023813463263190637
0.00038885391506944685
0.0003597593421410692
0.00043844127694590054
0.0005087651973886054
0.0006475816018509581
0.0006742188540213325
0.0003255366254970482
0.00033220873457943077
0.0004047199599977174
0.00040553089194384016
0.00042373145798556695
0.0004007103785474825
0.000205538810818606
0.0015807412043621855
0.00043487680679435024
0.0004946025829157858
0.0002485302779615375
0.0004790051535382669
0.0003466683653370849
5.849716677183952e-05
0.0012835892485251572
0.0005677339663263355
0.00010448964134529642
0.00010923991345353279
5.930312907358184e-05
8.88453997316426e-05
0.0004260171102756052
0.00010992010360793638
0.00040511988838636437
0.000591390226656006
0.0012510115034357458
0.000784169283298239
0.0004197400824229485
0.00046692218223876947
0.000300191390411894
5.445133275566711e-05
0.00024154111750160072
0.0005356747905333243
0.0011824374036006695
0.0003033135061575834
0.000997344577201848
0.0007450982638555503
0.00027189101517662543
0.0004782093298622216
0.0012098210140297464
0.0004479552319659619
0.0006275976207719747
0.00027211463136009046
0.0002216491792498545
0.0006268089406037086
0.00016842245210235232
0.00012055087498407199
0.00029216094974820485
0.0004967714170340083
0.0004320948267401674
0.00018599486154916982
0.0002157371502516598
0.0009657615014789918
9.189818257086064e-05
5.3593065076776914e-05
0.00046931787419499094
0.0002605989532067522
0.00012126214503997536
0.0004892498237054986
5.4744008636144984e-05
0.0007644889218655825
0.000592696827857444
0.00017535246468112142
0.00025010207205541327
0.00040292927865993687
0.0009103835977380843
0.0005983735765250702
0.0009435773741671762
0.0001998733889899356
0.0009173849374925847
0.00025196760515343037
0.00044902330048804384
0.0007264528238147376
0.0005412172768751877
0.0011634266261064496
0.0011621592873753363
8.277435250600581e-05
0.0003354029725475859
0.00023995029627796864
0.0001119360723298932
0.0008919461942237181
0.00011375972279857141
0.0001410224981881008
0.0005468874004884962
0.0010501813407147198
0.0003101983556776148
0.00024120997284678947
0.00041572753219601936
0.00010911054702706686
0.0010374198408166766
0.00011110623735486238
0.00034491530734433873
0.0005677944889968743
0.00010315300529848412
0.00039501571945732084
0.00014826997255670783
0.0003368493611849075
0.000270184093173795
0.00030301881230557426
0.00012170892717158439
0.00014012223909630266
0.00018244299599052042
0.0005080453311281177
0.0004256943191747001
0.0005386927623679766
0.0003257527076811332
0.00048129972119497654
0.00011504675665126151
0.0009143545358977397
0.0004030406903826719
0.0005766876686761707
0.0007645110486992602
5.561944153867335e-05
0.0003230818874630926
0.00010088591600278203
0.00045972700501226713
0.00014649303652126833
0.0003921071012835626
0.00033859538337990613
0.00015760669456551762
0.00034251524982640733
0.0003152170650348122
0.0004717760163566728
8.908668012098988e-05
0.0002028057276138633
0.000287064933377484
0.0001942825503129966
0.0005870113681465608
0.0008260734226599043
0.0005234705429570698
0.0001110337935488131
0.0001574164997630326
0.0005095185719440577
0.0005501368215983826
0.0002126990605089623
0.0006991891850398542
0.00033051712902347615
0.0006138407206322554
0.0010912804834395976
0.00031654731275401776
0.0008656230360110154
0.0003506621644427327
0.0002494667466916029
0.0002749374470673205
0.00010382816386066094
0.0003326401984094337
0.0001323332154206663
0.0007103923736675372
4.438060742899096e-05
6.0563563302310195e-05
0.0002500960720115874
0.00011882592950926242
0.0007061679073587845
0.0008933760666962591
0.0006419814654817436
0.0001928112745085815
0.0007281326050982636
0.0001820197985973556
7.242773151112881e-05
0.00024094174636040558
0.0004926744317899655
0.00010661069885733188
0.00027255358193348835
0.0007167983153090801
0.0009885722334381497
0.0002328249202631318
0.0001377948526907069
0.00044454056234699503
0.0002927538010855729
0.00016603157181661922
0.0003429820599164075
0.00028853230181551565
0.0002917878019425263
0.00033049517714538065
0.0003172090044014948
0.00044819999351395083
0.00039624458855725054
0.00027378974267829975
0.00030806721988641206
8.884038390637342e-05
0.00022912650248482538
5.7330601617512124e-05
0.0001882004877800839
0.0006809312862460497
0.0009631798849800285
0.00020153907710586318
0.00035080123189082873
0.00021303430256670348
4.4431953888445156e-05
0.0005821168440810694
0.00015423765533635508
0.00021617217772262174
0.0003231727744373779
0.00030454099804402655
5.215216831247748e-05
0.00014330827372932263
0.000690674953298276
0.0002707460406661889
5.164058219208585e-05
7.767369409240962e-05
0.00044735895853586816
0.0006157891682047723
0.0001578792407424127
0.00021379719428684985
0.0005140601317408678
0.000622038724732637
0.00019594501707644233
0.00012347918910395205
0.0002566585858327882
0.00020306902259127803
0.00022397167650767939
0.0007651757754821028
0.00011497743250667417
0.000220793947700945
0.00017936654151085805
0.0005228955888303607
0.00011645440178758109
0.00026538961184470304
0.00018027365115174616
0.00035762517478854955
4.590885072754608e-05
0.0002787086715529261
0.001004503635178978
5.1977402740647046e-05
0.00041272623725093383
0.00031366890611808266
0.0001527580813330304
0.0002682872290713146
0.0003331440291304435
0.00012355242248724235
0.0009091711166261333
0.0005157922081393027
0.00012894748404141862
0.00021360562260043736
0.0004056671117725072
0.0006068211597943914
0.0002602698857548283
0.00021604588727699764
0.0001170093040150858
5.194530775128525e-05
0.00029592740855906036
0.00018183632842446666
0.0003426578471011481
6.139949188696134e-05
0.00029864524452277995
0.0003724501275745075
0.0005292909033808228
0.0004486360276915153
9.356273273333753e-05
0.00032360518358070286
0.00017401615865447723
0.0006074353418126608
0.0009198563248276377
0.0004006492355866045
0.0003656077241401148
0.001444742321079147
0.0003364178313669623
0.0005203684939393656
0.00010701174274995613
0.00025127366050191005
0.00012059274366515401
0.00017973565456946516
0.0003732239552067323
0.0006191432834088437
5.8958172939277665e-05
0.00015610943449326621
0.0010732118318947357
0.0001606747630047192
8.009650365045001e-05
6.856225259194993e-05
0.0002522190887584895
0.00014862272417138773
0.00013616484802226076
0.00036473542021428463
0.00012587387017494263
0.0005053361330421539
0.0005586308142406774
0.0012066632524271562
7.935698801026571e-05
0.0003163979774628722
0.00030665593804938824
8.568262244168917e-05
0.0001721256892670176
4.041053794735255e-05
8.875688935146618e-05
0.0007555241849975933
0.0005338969824635907
0.00010772506558155482
0.00044408750648737674
0.00015720253291793542
0.00034507224487565554
7.565117798035808e-05
0.0001186912621718797
8.167104039664795e-05
0.00109424288311418
0.000690792333361167
7.930078257175617e-05
0.00031939559371778895
0.0005038531594680437
0.0011328520614332083
0.0010025416562785092
8.943355849495701e-05
0.0008354911801853176
0.00011926870359584654
0.0004904811889525181
0.00018717220117515405
5.094804867876342e-05
0.000185955546091045
8.059960269095436e-05
0.0006053672356081606
0.00010292270333234514
0.0002616679809865123
0.0004983528470223927
0.00015747722134208227
0.0009603160049831053
0.00015778127036293155
0.0002521286381252448
0.00027521798069784023
0.0004776708895258611
0.0005678669813085828
0.00036055754995231043
0.0003923010173006163
0.00010244398368111468
9.826908453182779e-05
9.721360934140999e-05
0.00018225500665552423
0.00031340261991252675
0.00021570144881476224
8.17236048211177e-05
0.0002571132914177528
0.0010442610571314121
4.857093216506154e-05
0.0005680880501092925
0.0003877819200813553
6.970135354249879e-05
0.0007703030621970372
0.00043582136212048825
0.00010248410196639142
0.0004051548104629562
4.339085787462141e-05
0.00038602911255689813
9.527538176177227e-05
0.0002737150501567956
0.00040434429394296383
3.1941877179121065e-05
0.000245118953341656
0.0010227854103701877
0.0007178390999654399
9.87356121718208e-05
0.0001241813819228716
0.00045427898918025666
0.0001689614303541734
0.0004024935034792294
0.00013833532374436623
0.00041154473360427446
0.0010340576456864773
8.37600450780704e-05
0.0006642419334691792
6.820346635956334e-05
5.4602526897513165e-05
0.00019024057467434885
0.00013578103444490328
0.00011614576344668645
9.699306147965447e-05
0.000166271067464781
0.00033968386978727066
0.00017220358674434764
0.00031590299861357254
7.470347271231494e-05
0.00010718592831735342
0.0002485339862124509
3.377479939858088e-05
0.00021913537851852896
0.000265076917722289
0.0006124853263259985
0.0007444939960683253
0.0002329840657141403
0.0003680848698697033
0.00027355147190524234
8.759853657885055e-05
0.0002827628564541947
0.0004689512921925031
0.00026243858806839117
7.694253443017604e-05
9.075778971383641e-05
0.000952959727020183
0.00017017479073691409
0.00011027168204588815
0.0005265236008911447
3.771581693631832e-05
0.00028655829806253317
0.0002821331834291902
0.0001503943525604955
0.0002499350585004692
0.00023405779844291898
0.00028460952626863285
0.0003085072212475151
0.0004068299647432018
0.0004942782120364859
0.00011446584701736548
0.0003051762355148827
8.196393147752981e-05
9.409987135480117e-05
7.912524972557504e-05
0.000934197118117644
0.00019827484669935556
0.0003811281753854105
0.00020948817605235363
0.00011526644381443082
0.00020174417157465353
7.333932363042364e-05
0.0004945654648866595
0.00014838162136017919
0.00014395779790403652
9.210336929573709e-05
0.00029826765169685616
0.0009258122345112763
0.0002432619152772792
8.857800732984983e-05
0.00033255595328500535
0.0012250204433744665
0.0001043138343836324
0.0004632784897955027
0.0002094472521131294
0.00016882942210258764
0.0012476499528616537
6.387428067855575e-05
0.0002621450986407193
7.035987965178863e-05
0.00016568816786918878
0.0003969196283051038
0.00012234237958109312
0.00033875202757588125
0.0001037803062345192
6.435815810069783e-05
0.00010898325618913272
9.850739777859473e-05
0.00029835294572501034
0.00036702183932019097
0.00019656865590927843
0.0007474304659401373
0.0004892543401365674
0.00032732608122661605
0.0004980837306982723
0.00030288107658354936
0.0001859208343297823
0.00020077065867374374
0.00021836916820889925
0.00016284618981657047
0.0005913571983077494
0.001025808355921163
7.272170476302336e-05
0.0006249417607956874
0.0001310133201120646
0.000462208410178902
0.00012115048443417721
0.00017438856756998034
0.0007127885756418154
0.0001427534132718832
0.0004218316185130172
0.00043840872169652106
0.00014689808033032165
6.335234310334795e-05
0.0003481002552300292
0.0002929971718187595
6.942754233133064e-05
0.00040549068761100985
0.00022490477145385246
0.00011636274630691363
0.00028597515571331675
0.00025438808064851443
9.501002169286132e-05
0.00014810681251058305
7.734738513399412e-05
0.0002515804477932616
0.00026668710478820106
0.00017980649065430835
0.0001300407602891183
7.587272785608799e-05
0.00011832096200213566
0.0002001678620326478
0.00020867634349049332
0.00016186861263443495
8.43989553302381e-05
0.0004600280375468996
0.00017431610183586295
0.00010579155021287924
0.0001830167213904555
0.00018540568215877625
0.0001835683968660715
0.00022316949444973138
6.439997888892275e-05
0.00013364514198392798
5.8877493808889686e-05
0.0003689138430309377
9.629549935109483e-05
0.00010863556538072
0.00018366076438741595
6.467881249175749e-05
0.00013447042952638173
4.2417762993827486e-05
0.0008870576416505186
0.0003751400527083005
0.000321513376264724
0.00013010819360759253
0.0001768962459009733
0.00013975387337426617
4.963111628417689e-05
9.471652509947567e-05
0.00012456806182721731
0.00021443995480789144
0.00011643280457193335
9.940807504988938e-05
0.00018475014465639772
0.0001252791856319272
3.13449558091623e-05
0.00022133985578429573
5.132622570114171e-05
0.00016039729478367775
0.00016537512575966618
0.00027248199640707705
7.954441214753113e-05
0.00046188502622215654
0.0005575011256806482
5.341248449957869e-05
0.00045119150713362425
0.00012664245511537827
0.00014974463894962457
0.0006854669769368573
9.63600718256043e-05
9.959609766739801e-05
0.00013290936753741593
8.651161901870316e-05
0.000519576685105848
0.0001682459041214743
0.00023243675572382652
0.00028113083138381085
0.00010964680048087657
0.00014017486170219586
0.00020397201472556229
0.00022037719192725383
0.00024749161888863627
0.0005019671958919533
0.00013786447341726068
0.00012923538744173823
6.017147706956539e-05
0.0004872958393124819
0.00014415696741821332
0.00013667029779384148
0.00032982422890217574
0.00011693559057659494
0.00011154776364808213
0.00024339492801318748
0.00013065923362696053
0.00015207612622680008
7.084968011392812e-05
0.0003343785325358096
5.3360368756575186e-05
0.00039627728868042034
0.00037788229348331974
0.00011214819433671428
0.0004677886106901572
8.030328009650185e-05
0.0004485477717877986
9.09282614748003e-05
0.000315316789169411
0.0002992627305088265
0.0005538962632671594
0.00043190401027320914
0.0001085767651760932
0.0003950731341554093
0.0009796900320950992
0.00023660286360956416
5.831714693446314e-05
6.25887893847772e-05
0.00017438588476109286
0.00020438681966549878
0.00010361132589490627
9.428785518505947e-05
0.00036780119250162007
0.00014146035195407156
0.0004904274129169301
0.00032542553534333147
7.473632533483893e-05
0.00012263881428695552
0.00026532484540943234
8.846976672334404e-05
0.00013043058867297697
0.0003422516764711859
0.00016250816350104892
0.00028812512839019986
0.0003203017114469827
0.00020869125816990196
0.00015161233852546585
8.198014494827745e-05
0.0002759675432460233
0.0006673894989833752
0.0002560615385060582
0.0003140508702286741
6.535146499550197e-05
0.000193278627606735
0.0001128248260764939
0.00027797588003033145
0.00014473843958469232
0.00022793325148251264
0.0001344456622779712
0.00010150429268938598
4.4600979423118075e-05
0.000396871145361875
5.526041674031403e-05
0.0002750391771269737
0.00016747534028089368
0.00048499844128973007
7.556983865856694e-05
0.00026711860230911496
0.0005803897719945322
0.00029086804571874856
4.082003773672855e-05
8.73581145284426e-05
0.00023165789766009165
3.313746618857219e-05
4.858778765297958e-05
0.00027860326236536
0.00011283397126438418
7.42195384659815e-05
0.00016604242715988906
0.0006986916871604943
4.520312292768026e-05
0.00022370794761480844
0.0005617482255310672
0.0002201880979653649
8.864680121763754e-05
0.0002894988357397219
0.0005592638103082248
0.00013620020536909977
0.00023833461337083704
0.00013429744744186055
0.00014763373502401107
0.0005330750609437661
0.0002948893771164981
0.00015462389890597144
8.419365167171839e-05
6.12403170231404e-05
0.00015173423420766942
0.0001571736184402456
0.00023406388373763162
0.0002350515302488811
0.00027683113317282385
0.00016572097848351115
0.00011741033292675512
0.0003241099639664154
9.05415395804869e-05
0.00011782907589990279
0.0002412369117268379
0.0007882098125480496
0.00015347754794443777
6.44672711564015e-05
6.701636524889e-05
0.00015787411547345058
0.0003008900634127505
0.00010559571156642503
0.0004665386606119724
0.0006318472344196269
0.0004519909829642112
0.00023367600301356763
0.00011221840177058191
0.0003847460931260073
0.000526193733555329
0.00021976678563980466
0.0001862882183714166
0.00022867560083712532
0.00022710857580576487
0.0006621114748749048
0.00020870124703388968
0.00022354362262107634
4.850139730967103e-05
0.00020515420460251956
8.073971978467089e-05
0.00014887843592120578
0.0005088093614230263
4.762504146899462e-05
0.00021205013564721254
0.00010810532122304317
6.243992983386608e-05
6.3955687500744e-05
0.00018632674707259574
0.0001851542772951469
0.0003775294500829163
0.000651237919535856
0.00019902236990212519
0.00013212937978411186
0.00018397111313548016
7.991666979446728e-05
0.0002503808859119863
0.0004730431641381494
0.00039744950688856234
0.00011258378979743708
9.035958660555771e-05
0.00025778794864222363
0.000528590069955125
4.352565774035095e-05
4.542575108317097e-05
0.00012809134229690853
7.73987417434572e-05
0.00015061895275632684
0.00018192296474570544
0.000292582304663676
6.392237482725526e-05
0.00017750945671730052
0.0001277244739395254
0.0001282579125681718
0.00013927732569204935
0.0005068652802552087
9.117306401313766e-05
0.0003474138889356344
9.906617372610118e-05
0.00017791035537347458
3.982872064171298e-05
0.00027014603810238835
0.0006784520524626149
6.975910688940039e-05
5.904873130885181e-05
0.00011878002912278976
9.350891496549942e-05
0.00016845963079077433
8.126828000319075e-05
0.00018818417408060593
0.00013860949501341376
4.700483332093746e-05
0.0004158614255768962
0.00017498931534605156
8.267399645091779e-05
0.00016443866512000664
0.00010569933606833301
0.0003606106017531815
0.0006650331372286205
0.0002613447203907812
0.00016714378749154847
0.0008544179984472114
0.0002950735120388736
0.0003159177577834335
7.426442009663148e-05
2.4215562445752906e-05
0.00015198042672129515
0.0001543882731947522
0.00027963567955463113
0.0003289640364041395
0.00010012143919827497
6.603237834565843e-05
6.225593680521705e-05
0.00016224361491032292
5.660015497122933e-05
0.0001007329086403129
0.00017645800826901083
9.918779814682303e-05
8.042022157812628e-05
0.00010143111199014983
0.00019394578897843545
0.0002681024282562389
0.00019960043794125469
9.90231867638682e-05
0.00014539447779594438
0.00015112250245247007
0.0002945348781378209
0.00011651114894400368
0.000495419803487725
4.3853203541688226e-05
0.00015293330985623237
0.0001574994207445816
0.00011990629436461835
0.0001584319279951762
0.00017867538053280204
0.0001965924141082589
7.955202392560633e-05
7.177574112392466e-05
0.00012317839472491976
0.00034080846641664126
0.00030207542131410037
5.2621981192199006e-05
0.00046492694244418297
0.00029473372982690636
0.0003952916310054418
0.0002661262465704326
0.0007624263749818301
0.0006275024464138671
0.00038249627078731577
0.0004019370543140612
0.00010624324002253766
9.254034888905571e-05
0.00022206122938166485
0.0001027342138307146
0.0005977900696376954
0.0001718784753492584
6.460309733297652e-05
0.0002049557332979297
0.00016266411667363955
9.598848634926005e-05
0.00010663884532290726
0.00035602314352343724
0.0003348825374210405
0.0004657864061442648
0.00011152757409232151
0.0004841014269361864
0.0006762729142881799
0.00017880568682546668
9.939900248588505e-05
0.0001809648201291294
0.0005841602469140562
0.00014461972525894466
0.0002262244008722647
0.00021463410344437655
0.000602843828926892
0.0001560190150543733
0.00032892189687733296
0.00010776276878997694
5.199668260745191e-05
0.00014499845876113755
0.0002609297946275961
0.0002812339294277324
0.0001120315070641582
6.365230649396072e-05
0.00015115846718673884
0.00047001299352803974
0.00025374293632454014
0.0006239153001844878
0.00010776439034826805
5.3258756353400745e-05
0.0002748524979816006
0.00010512612463224113
0.00020512241259761413
0.0005539150930361684
0.00032171716531890067
9.702084310142544e-05
5.976737962187247e-05
0.00037864201629039796
6.265889830193348e-05
0.0003140201760958735
0.0001101013196589986
0.00014453214995490595
5.279185683227862e-05
0.0001841451388300026
0.00017040157487907697
0.0005787771296923393
6.150720197671943e-05
0.0005082936004864838
0.0003772754629232047
0.00027667378034730756
0.0010901675542997313
9.277896151557407e-05
0.00025893412336909976
6.8841421249236e-05
0.00024075959739492815
9.652377495605608e-05
0.00025808399754711207
0.00033761863561930814
2.501269982964804e-05
0.00030958200960032247
0.0002583040462637767
0.0001749412392696031
0.0003866833424060629
2.7792285968194634e-05
0.0002914307118731648
0.0003214134781957929
0.0006048626436047181
0.00035388822573316486
0.00017382859549914457
4.1441524465774804e-05
6.579049182886e-05
0.0004015750596104049
0.00021831966578087685
0.000371862335576764
0.00018022865821947396
8.15472465894043e-05
0.00027336892698280477
0.00022856817907063916
0.0005619827150135919
0.00010265823654224976
0.00015577592854791256
0.0003255670368476795
0.00011896620934101167
0.00014538535628585143
6.19315251621808e-05
8.882590115456203e-05
7.841079529716091e-05
9.338011507006016e-05
6.220406592926238e-05
0.00012172254587661687
0.00026479765035319084
0.00010774231261660236
0.00034659784397051395
5.850273118141138e-05
0.00016345504127944014
0.00045031781932778183
0.00017421428300788444
9.441908120256883e-05
9.61297409779987e-05
0.0004594149341448869
0.0001228982737446422
9.684934629370906e-05
0.000355406189849617
7.588927451362451e-05
3.675857308042441e-05
9.865858589650234e-05
0.00020170267796128547
8.262458901572094e-05
0.00012914866679456858
0.00043438560525433203
0.00039554262256853397
4.994850170606036e-05
7.560303885192756e-05
0.0004442362115753539
6.108085638470965e-05
0.0002564505669426643
5.602279477293643e-05
0.0003352713851501847
0.0003476960156318283
0.00039234671319572786
0.00039820355582296076
0.00017342976345489155
0.00013389771864043723
9.679442833405667e-05
0.0003298396126333964
0.0002796004701086845
7.586707148758355e-05
0.0003792011801574983
0.0002098125070356722
5.250075243888828e-05
0.0002467328717392555
0.00017585021166234235
7.287492945665625e-05
0.000187627529012738
0.0001811031872803913
0.0003506154524525815
4.411669050308144e-05
0.0012223033817638765
7.688429787035733e-05
0.00030570785325587677
0.00011081661855931551
7.665677733974033e-05
7.114770231986859e-05
6.611287110113414e-05
0.00015801710850158775
0.0005599110880698932
5.1639575180923e-05
0.0002738335764492435
0.00013554321319607246
8.258607333746266e-05
0.00010820670696304269
6.269991635991134e-05
3.2420248649951104e-05
0.0002559608272652143
0.0002752715246922621
0.00014551736075442843
0.00013393132122160135
9.856335517324705e-05
0.00019284793013751394
5.513337365785991e-05
4.311490493959812e-05
0.00012922277377173296
0.0001335409734850836
0.00010366450597128099
4.785121330234566e-05
0.00027003451063831743
7.313717707510557e-05
0.0003839363204767961
0.00019484846052267616
0.00017263819463867277
0.00012078364263512824
0.00040754915586427727
3.698131289208718e-05
0.00027961301504913783
8.892143013949536e-05
0.0001508545394667119
7.914301326839784e-05
5.179821699655145e-05
0.00014987735008460505
6.314719290681958e-05
0.00010961328774300784
0.00014750614693652083
5.518111778139239e-05
3.653871804672397e-05
0.00027120561095299637
8.018197277486361e-05
0.00010437205486477942
4.22487601724885e-05
0.00033422802688797053
0.00025234934037551496
3.188572202808574e-05
0.00013388046406620271
0.0002187996998359906
0.00010247553098307822
0.00012854873095939824
7.60075235086776e-05
0.00016671890367787225
0.00023129845520523013
5.963495033419546e-05
0.00020427627907686481
0.000308153448606613
7.828083167006454e-05
9.927550968608164e-05
7.034400963840512e-05
5.084246114921986e-05
3.87659842064354e-05
6.34530817046078e-05
0.0005145062460164795
3.49469692714506e-05
0.00014522492766757292
0.00014535723843656776
7.802655892630707e-05
0.00017521245050985485
0.00028180619782624763
0.00012667298890766204
0.00021736543213731372
0.00036318974235850657
0.0002814513528138523
8.120339197325933e-05
8.601404610149612e-05
9.203075081480503e-05
8.13167313663747e-05
6.395434000741005e-05
4.6149577652306754e-05
6.421937734040719e-05
0.00011691030592468592
0.0001751679389230388
0.00022706178568823458
8.116826264695279e-05
6.001207600490131e-05
0.00016035948220326958
0.0004426525819589366
0.00013578017331212708
0.00017723509231470623
0.0001507805990558933
7.133884577351466e-05
0.0001808505177314024
0.00020934882195321937
0.00015781776795301206
0.00018128558329049454
6.468723589056155e-05
0.00045323325541973857
0.0003107989424754369
9.592585614413978e-05
7.992119443153368e-05
0.0008987861627553972
0.0001494961270640689
3.843467179211163e-05
0.0001050104200664968
4.946198354470171e-05
6.154239580126061e-05
4.8380984259597566e-05
9.17168726923479e-05
0.00011986671414759964
0.00012250631019096063
0.00015971742028473112
0.00020285308909300377
0.00023168965078093035
0.0004237337761038343
4.8337585336610665e-05
0.00013179507323361498
0.00015549280912037023
8.42721964957934e-05
2.9642875645316668e-05
5.797517516545092e-05
3.510294351384569e-05
0.0001208310774554611
0.0001752612009133949
6.78693162916465e-05
3.1808308583153216e-05
0.00019743416445897044
0.00011252195937744106
8.486069907303669e-05
0.0001422285794622343
9.637626715671488e-05
0.0002577864760179044
0.00013135991682631135
0.00010547430612273572
5.488185178886056e-05
0.00012964129241465513
6.644521724163838e-05
9.709659470310372e-05
3.577048398303858e-05
6.410623715132142e-05
0.0001873274661482869
0.00035306483651744396
0.0002030988628486649
6.23536933633654e-05
0.00026502095919428865
0.00010201129517625624
7.040415170910445e-05
0.0002128136238063297
7.924902691766855e-05
0.0002455840212704499
0.000559933015953424
0.0001409648874020118
0.00014640659084780904
0.00011694777769611362
0.0005006985541246058
0.00010542423409873329
5.190333772093227e-05
9.5490050652192e-05
9.777389071210686e-05
0.00010894882703451586
7.386978091213667e-05
6.879678419916364e-05
0.000246525472290551
0.00019123711078944394
0.00014364974349243204
8.34801120597536e-05
0.0001303055830112256
7.224912641514396e-05
0.00011465307518075472
0.00011870004951168625
0.00021890777538909498
6.659808860793719e-05
0.0002838314607486619
0.0008007515254412508
0.0001491721270145296
0.00012205528906321525
0.00016473176540798216
0.00012093060227158328
5.550681615428654e-05
0.00014799771798444685
0.00013719972642974843
7.494431205891756e-05
4.735761378305911e-05
0.0001690839451228522
0.00020341023967987342
0.0001364508703635925
0.00012181867133742253
0.000253399869065103
0.00010924545661012605
0.0003150894270162545
0.00010814500151134761
0.0002235481619432539
0.00022556526839939592
0.00011951167418249058
6.419779058889189e-05
6.211154599251352e-05
0.00012807862512441865
3.05312957084047e-05
9.27379954642751e-05
7.45332976122846e-05
6.185361311743981e-05
0.00013137692524801224
0.00015005593438683983
3.497925499130339e-05
0.0003071082409158641
5.241422461710482e-05
0.00013442689888936687
9.133484113873102e-05
6.183652650402534e-05
6.903457509742906e-05
4.133403410040883e-05
0.000181497125703707
0.00011320236337413068
0.00021460024834253673
0.0001827663135316487
0.00017540667613320487
0.00015991098045972077
0.0003081111779740375
4.557524652752277e-05
9.75401810738669e-05
0.00019826395998420943
0.00023729004316649832
0.00014532660543116105
7.894659043518958e-05
0.00010275888204295782
8.37923127096735e-05
0.0002905610940305108
0.00016463112173315534
4.269008019891541e-05
6.593330998023868e-05
5.359202147335202e-05
6.941603385071204e-05
8.77562634890745e-05
0.00011703478374037057
0.0002906746623497436
0.0003784155782062877
0.0003716571765684986
0.00015384642967134537
3.249135952388732e-05
0.00021651975733390043
0.00010403110841624683
9.779632170036186e-05
0.00016506272455099055
1.9900671786414334e-05
0.0002788914100619997
8.768813812533457e-05
7.561085877760978e-05
0.00016297999600649603
7.18797684769847e-05
0.00015728654671219355
0.00013803549950771362
8.643888879044424e-05
3.2628372187657586e-05
0.00031698250324461096
0.00013129576186641546
0.00010909030373008285
0.00012881937629731014
0.0002429330038829699
0.00014414353008268438
5.5078218637760786e-05
0.00017872069172262799
0.00023506091470076691
0.0003642801392287347
0.00010519424831931122
5.624097092900693e-05
0.00011071666224010705
0.0001261548346135208
4.788380699213392e-05
0.00016221414351326818
9.549508317943068e-05
0.0002902172834558205
0.00029333718092702793
6.131233180666894e-05
0.0002060821732478711
5.683322574137904e-05
9.77993140327978e-05
0.00022406928687517024
0.00010946283334269132
0.00024068147021259043
0.0003664979177134723
7.456231100127583e-05
0.0002692124269109388
0.00014236338737616219
0.0002508161709017859
7.931173186399848e-05
3.8834096563151946e-05
0.00010085025617230575
6.738354400890252e-05
7.215392118278672e-05
6.289810684860248e-05
0.0002471693868119656
3.7792277511009384e-05
0.0009602598713943631
0.00011212272824131824
8.626517773957111e-05
3.5832559375779744e-05
5.959722861958742e-05
3.571268344748415e-05
0.00024720623631631957
0.00012914767738960798
0.00013375028828123143
0.00016498333644080016
9.297340286834228e-05
0.00020758266076389823
5.244344522681984e-05
0.0001387171412775256
0.00039271340111404453
3.224984942716513e-05
5.373608263542435e-05
0.00011229614919116704
0.00011710556348199965
6.583816260484745e-05
4.3334574207635144e-05
0.0002703790928575048
0.0003344423848138367
0.00012497593711800487
0.00013873925055895187
5.420231522854116e-05
6.597734593498456e-05
8.803701306031554e-05
9.540037050400978e-05
8.620017136077843e-05
0.0006326257912921023
0.0001722043387101923
8.906751155438503e-05
5.838525054467451e-05
6.567284913095718e-05
4.071820382804205e-05
3.555848276299619e-05
7.430480158740148e-05
3.979104700639003e-05
3.9019394361521026e-05
0.0003523921860721298
0.00010981057224747702
0.00014822297630157717
6.238472009254847e-05
0.0001255743781891586
0.00034051745126141125
0.00019221944558079764
0.00012478965055253552
4.379805624261836e-05
0.0005187273066560407
8.676569866218171e-05
0.00018859587530891935
4.838459192993297e-05
9.648677546777815e-05
5.7150192100342286e-05
0.00016718673066479751
6.61044923084707e-05
4.401546847469277e-05
0.0002417368891145813
0.00010290533249454115
0.00022621170450064687
0.00027711522876416097
0.00033453799259366155
8.07441484431227e-05
6.639599898820538e-05
0.00018929484869007428
0.0001432320972605175
0.0003998658436372177
3.586819529971589e-05
0.00014565699598486793
5.8021581023284226e-05
0.00013002273526426544
8.988834331974152e-05
8.878854385100703e-05
0.00023685824541092962
0.0003978271165203316
0.0001251569882897801
0.00018739563730720034
6.630068457932882e-05
0.00016256528171682225
0.00011415706977343814
0.0002811787311551223
0.00011359616643573252
8.480025638394766e-05
6.839903062597399e-05
6.581806709453324e-05
0.00018559398673820594
0.00013241789881501977
8.200695546881435e-05
0.00011868657642958486
6.175131760178264e-05
0.0003164621556726938
0.0002868552924681213
8.22261540432426e-05
0.00011954368764821168
4.011772944190461e-05
8.576315780231843e-05
7.830132734202014e-05
7.919235554242266e-05
7.025068913306879e-05
3.16190350329639e-05
5.079654233214169e-05
0.0005580483482598484
0.00011979191617925955
0.00022363354115002737
8.547921193487941e-05
7.445858914861565e-05
0.00017378588218058564
4.041784400211895e-05
6.823360889720633e-05
0.0001266144711737475
0.00011007212138584624
0.00017474877450630587
4.7701333275198274e-05
6.724525305851728e-05
0.00026450168501281215
0.00022962890523491692
0.00012316198710300404
0.00011139267486006562
0.00024402545996079922
0.00019678929967164045
7.067517838073958e-05
0.0001845056582234909
0.0003020812876498757
4.9350186669490886e-05
4.88473746206878e-05
0.00017210870077666223
4.280513280631779e-05
8.063184360703844e-05
3.493318694016074e-05
5.8556693232569845e-05
0.00016140541183861268
0.00010441069699592739
0.00015177541437233873
0.0002377056745056228
8.461624037710217e-05
2.8416474611644856e-05
6.30575895856125e-05
9.849432566230516e-05
0.00011035405485940431
0.0002443912474095207
0.00012273293557811806
5.6532525127988626e-05
0.00014154066896106943
9.851446629224684e-05
6.295216753995319e-05
0.00011038076580218086
0.00011942116583515665
6.197628750200024e-05
0.000315819471990757
0.00012462663098797885
0.0001475944953461593
6.649125936157966e-05
7.634258141447444e-05
0.0003217808455937306
4.642333709810768e-05
4.986722993135807e-05
0.00014407702036906028
7.80510431626065e-05
0.00016899722056146703
0.00016405928165862934
0.00016200280446379455
0.0001725353972519159
0.00011774592349071636
6.490474407082207e-05
0.00011934350442771795
0.00012070189014901272
9.544078081922446e-05
0.00015151507996564615
5.278137286490785e-05
6.844738772673415e-05
0.00014984354750216492
0.000218761563468899
5.321400240147784e-05
6.366207932198926e-05
5.3761972735203065e-05
0.00010735755405168182
0.00013827412242504615
0.00020073560151506262
8.848650301317918e-05
3.287783286700835e-05
2.492919748727915e-05
7.287188942014536e-05
0.0001221000829360757
0.00020634335004556109
0.00010120665811312454
6.732923076370648e-05
4.365806356117243e-05
0.0002965804163902791
0.0002705637374022669
8.789598145452136e-05
0.00016313695546877805
0.00010488570203627928
8.709117791435608e-05
0.00010378804626216655
0.00016601502839760376
0.00020655004012713036
9.809968457731486e-05
0.00017786111481621876
0.00023637950586742986
6.267645176438506e-05
0.00018827413630612513
0.0001382881636602412
0.00014181169432668243
0.0004322454706083986
6.214578550943401e-05
0.0001603873379265165
8.16106247000663e-05
0.00010129872736167525
7.542605839211855e-05
9.110331005088035e-05
0.0002613117223174649
0.00011169268823892841
0.00011595560814713031
0.0005903293086232477
0.00015033104450271425
0.00020052838883462325
5.821175776550005e-05
3.33277339481054e-05
0.00022649464228758707
5.8797440537263325e-05
3.529248042687122e-05
0.00016444175509120688
0.00015840264947868902
0.00015958990884074766
3.986578460940923e-05
9.62397710211777e-05
5.446105316997259e-05
0.00010567290622878497
5.276140965736192e-05
5.675641304254598e-05
6.510637073910567e-05
0.00017812589488052242
8.116152817537546e-05
7.654591273416065e-05
7.861833711168191e-05
0.00015583842884542344
7.238471541917928e-05
0.00017137049048283187
0.00021159593492854945
0.00012496686349585594
5.3616998402572764e-05
0.00039806991956553816
6.326655224177493e-05
0.00012789528937595237
5.9756995763739905e-05
0.00013692761901147433
7.233289179269974e-05
6.900976437559529e-05
4.947000140272387e-05
9.919440541264376e-05
0.0001388409247595001
9.543982093959726e-05
0.0001763443025544476
5.624218007326059e-05
0.00012593609906194769
0.00024176923109025432
0.00014328367410279893
5.6747063313861096e-05
4.258285906716356e-05
9.828629489698262e-05
0.000353575658297899
4.8958474225335224e-05
0.0005101747328419958
8.802653753491141e-05
0.0001732209599365647
0.0001551823770260203
0.0001442295932414358
4.168633901682786e-05
7.839234008213901e-05
4.844748684225503e-05
0.00016318752836419755
5.937762383325137e-05
6.165253457434064e-05
7.71379240541281e-05
8.834449092581354e-05
3.981747737081822e-05
6.954146547292253e-05
0.00013763400320177777
0.00017092068945043822
0.00012699027716070108
0.00018177456419666202
0.0001814615731657358
0.00010235447440657464
0.0001720983295443052
0.00014539228077378003
9.869857841280502e-05
0.00010642314756787889
5.706278149209038e-05
5.354748911494203e-05
6.906284764749994e-05
3.413593216604719e-05
3.7230845905205265e-05
0.00010374400749817099
7.944660799054223e-05
8.210090530100001e-05
0.00015963472890877616
0.0001646123146735523
0.00012719655764574134
0.0002271746982895168
0.00012117437089365427
0.0002293675018696212
0.0002305342383673867
0.00034307003167060343
6.933258060659772e-05
4.5330840020811694e-05
0.00010832464529202634
5.559871503295937e-05
0.00015889917569968147
0.0004856402938081386
6.956198572698572e-05
7.627724636878552e-05
4.849122804670101e-05
0.0002060539156794296
6.856345414889919e-05
6.235459733281882e-05
0.0001302106537578675
0.0002508776515629523
0.00010119193379682837
9.468196336535278e-05
7.769796414548095e-05
0.0002689118158130044
7.558245094755149e-05
8.486000672346723e-05
0.00012321325931452268
0.00013986762968068258
0.00010524682756654843
7.992128801908975e-05
9.832675413059423e-05
0.0002821089099673874
7.877807231375576e-05
0.00013876248207751637
5.253186380393484e-05
6.26340942785119e-05
0.0002068706214202118
0.0002567781023623995
7.527025362433853e-05
0.00013443954974476352
0.00010603881834012172
5.738811000394535e-05
6.471664333920775e-05
0.00010571252193783192
0.00013423415326591987
7.294808003032305e-05
0.00017802325570571688
0.000160218637069155
0.00019099118349657061
6.942925910135802e-05
7.594247397220233e-05
0.00019685374624391896
0.00015773466153067099
0.00023813283445864541
0.00013286473502644675
4.307340886501183e-05
0.00014363122527393793
0.00011744440446209073
4.6072977593070285e-05
0.0001550432846334845
7.390792102005171e-05
0.00011423565762106617
4.56884359489154e-05
5.936059633232523e-05
0.00014910553137977077
0.00023070385359035797
8.617253087630108e-05
0.0002909991545807048
9.531156452486453e-05
0.00012249994679251218
0.00017966025150101747
6.0160945864134066e-05
0.00013517957488460176
5.927020039998893e-05
0.00011200411051653426
0.00012361708793448878
7.113247354358069e-05
0.000191840190441472
0.00013367657359522486
6.397698583646563e-05
0.0002601571505324627
4.992980091794881e-05
9.384463811814274e-05
9.715113473470348e-05
0.00023057163133266914
0.00019469167373968807
0.00012757180398736783
0.00017827250748754354
6.765424063323733e-05
5.25708534238167e-05
4.610918241108084e-05
5.4326132387457043e-05
5.6885327048194856e-05
4.636601835387696e-05
0.0002345270474854613
6.2086286914414e-05
0.00036431733963440124
0.00021508977746808374
0.0003519531278857179
0.0002932426720852852
9.713649262842983e-05
7.978082162867476e-05
0.00011910957411779649
0.00014914666374314737
0.00010690662950432158
6.772964738658802e-05
7.704793448598787e-05
7.686933167858657e-05
0.0002935819595071505
0.00013217744299266805
0.0003131757209865885
0.00011901346151717507
3.830124276606968e-05
0.00010675989725833973
4.045577654435836e-05
7.510339463804242e-05
4.8794461204297376e-05
1.9254067578452737e-05
0.00022088569631880856
4.209832788773549e-05
9.630829001638499e-05
0.0002144747406521858
0.00011074628347136762
8.051991521798112e-05
2.5724474808825635e-05
0.00010774705200134078
4.551395105342759e-05
0.00018277380257788214
5.746550443401056e-05
7.391205060276232e-05
7.61459423466716e-05
6.279683020987165e-05
7.15285476025333e-05
5.755989716199728e-05
0.00017864735691216265
0.00010494166443212362
0.00012228163789203866
6.989104382222398e-05
5.2697150805784426e-05
0.0001677542755648696
2.4264097137361543e-05
5.022035648237871e-05
0.00018915837872310264
4.595856672857623e-05
0.00033564865271586353
3.8415913231888505e-05
0.00018522060726376832
0.0001625101090124257
5.9864411509732046e-05
6.879908295310179e-05
5.508366967180758e-05
0.00017372035771718637
3.9042347719461924e-05
0.00015047796685813003
0.00011313446680943405
0.00012082024196422575
3.071955425550917e-05
5.72600045105584e-05
0.00035397625371245717
0.00014016742701438808
0.00010657405272771996
4.5974245785950265e-05
5.894491757294778e-05
0.00023824792785615183
5.040074297239999e-05
0.00027952792150652274
5.2660348878475867e-05
0.00012297179166658375
0.0001430606250388147
7.165006105037898e-05
4.959296799318851e-05
0.0001858927912190161
4.428832724051703e-05
5.8736508961867356e-05
8.03269085321389e-05
8.126826492866743e-05
0.00014149711444929998
0.00013694139286470755
7.297355362714957e-05
3.277597068409211e-05
5.4717622992959905e-05
9.307534177024234e-05
0.0001371623264502529
0.0001872553858112812
0.00013070680289171009
3.992615733549641e-05
4.5356259281957054e-05
0.00011412086567373429
9.093010125419132e-05
5.811695372776169e-05
7.655592089008686e-05
0.0002192427081394127
5.065406473903958e-05
5.300124833015115e-05
6.11222232224716e-05
5.4958822390650796e-05
3.293753862468889e-05
8.14768928280605e-05
3.3069869756618504e-05
0.00010456185727745172
5.5798951348718306e-05
6.967280262623343e-05
0.00021673665942585526
5.29541325892706e-05
0.00014219750320272918
6.349167697927233e-05
4.060157291509338e-05
4.165837866954821e-05
4.107566846654284e-05
0.00010835306250842549
7.45240354478478e-05
6.433639416613016e-05
9.055699517894428e-05
4.845154128884224e-05
5.840162858733379e-05
9.104993286279323e-05
6.53156949794701e-05
0.00019350222757581571
6.643455979398749e-05
8.68246481094349e-05
6.541062792642072e-05
0.00025839469239961947
4.0381652601617174e-05
9.352106354139917e-05
0.0002932523845728942
9.984467399641398e-05
0.0002342376199293213
0.000137497842719739
4.73982370893083e-05
5.295370401323946e-05
0.00016134942656624077
5.668456724886322e-05
4.848861863075271e-05
9.324904496400993e-05
0.00010471560627108606
5.7116817304995166e-05
0.0001523132153916413
4.9157914745252185e-05
8.479138604937915e-05
0.00015156535647806773
0.00012571532917281063
9.611802399709587e-05
5.356783337234759e-05
9.58590455600281e-05
5.878404511136961e-05
0.00013954095370818475
2.4529928410549833e-05
8.346276588664472e-05
0.0002148252404629276
0.00022764646369736392
0.0002696159670528552
0.00017619518236618357
8.118249617810052e-05
7.090092063530512e-05
0.0001274885115192844
4.89360412523931e-05
0.00018321654328140797
0.00011704440878950873
0.000160149062266221
5.325710092007991e-05
5.069056823456103e-05
9.145856794845643e-05
9.978640224643992e-05
0.00014017264556989465
7.399151232680502e-05
3.982590559496628e-05
3.8430335434808845e-05
7.509958333838434e-05
4.74775944141608e-05
8.417058289680637e-05
0.00012872541756257973
3.307659751171669e-05
0.00011451733224905185
4.808417874343952e-05
9.806008864940823e-05
4.753309973879309e-05
9.022420880867574e-05
0.00012645466661658986
8.718807276506606e-05
3.427636558914688e-05
0.00011429259620208612
8.428876233653705e-05
0.00032266025053277134
2.7912449797716027e-05
7.12615530777775e-05
4.78439055405553e-05
9.08580140422233e-05
0.00016181851144137283
0.00030770830972371403
0.00024956129386743823
3.9862663826925624e-05
8.265594367882561e-05
3.7728885412242875e-05
6.39368862574365e-05
0.00032595750020264193
4.813366296531072e-05
9.227968370992117e-05
6.740489825242305e-05
0.00018334001497996753
0.00014617928228423944
9.196459538175663e-05
0.0006141612257260723
3.473128674004275e-05
9.334572959689605e-05
0.0001509587658520965
6.626651049473231e-05
4.269607629475518e-05
9.134021792269422e-05
3.6849937143780064e-05
0.0002123712043873415
0.00012333247950537492
0.00016848503692686774
8.960224140881041e-05
0.00014908526196997547
0.00015526434442652187
0.00012179966927403102
8.334847770937495e-05
0.00022071800706439815
0.00013589788525154818
0.00011015063940167665
8.021019504033561e-05
0.00012791242279206573
0.00010212864457415575
0.000326762148440761
0.00019775405440830972
0.00014567947950247753
7.253607364792439e-05
8.487041529844436e-05
0.00011688550382223221
2.640466134432779e-05
0.0001006267137783287
0.00022774282974582832
0.00014287986624072216
9.762707310250316e-05
9.607393119486984e-05
5.704430830750218e-05
0.0001167713157760474
0.0001112301683001749
7.931621966502083e-05
4.186658508767781e-05
0.00013773668392505833
0.00015560369786828563
4.459456359914097e-05
8.446434187591297e-05
4.152680320511741e-05
3.9371378006938433e-05
0.00020731697463962053
5.0887546464492475e-05
3.537700943174639e-05
5.596769065830746e-05
6.505602873571502e-05
0.00011501047637712926
9.107846885211135e-05
9.75914351380577e-05
4.873912955093188e-05
0.00011727232763901605
0.00015104390299433876
3.8350807069210443e-05
5.169049986660042e-05
0.00019872073815008508
0.00010022801097104971
0.00011393494472547532
0.00013942235880381115
0.00017762692551725925
0.0002779390774831497
0.00016086120271331124
0.00023413928824313744
5.424334459117791e-05
0.00021393480050126376
6.520617477785493e-05
0.00011271726860993238
0.00011201039659831694
0.0001526925950560947
0.00025344499495497287
4.0760168608094727e-05
4.536184712225796e-05
5.88286754524553e-05
0.0001738170380826085
5.199420028178822e-05
4.107418229207378e-05
0.00010591990464337215
8.259637904449479e-05
7.953545884367603e-05
4.621151517668978e-05
9.137815631142897e-05
0.00019053909866305146
5.584662110498981e-05
0.0001184104145503258
9.638060455843247e-05
0.00034396324949965675
7.788128035776184e-05
7.908994884741848e-05
0.00015309101254860213
0.00010998962628333024
3.888131880263374e-05
0.00015377015334918376
0.0001591359899603496
7.68976306182137e-05
0.00015955810920659973
0.00010386961897580311
8.91714536559281e-05
0.0002925038977070138
7.411299176481766e-05
3.586840276077398e-05
4.056412705945502e-05
4.776468908208588e-05
5.964701937235414e-05
4.678463100134546e-05
0.00010818499270285574
9.428340524468185e-05
0.0001979648881302003
7.995782395930139e-05
3.377439683852895e-05
4.62937815510615e-05
0.0002390263298300223
0.00025083351061652584
0.0002739953128685055
3.006570454799282e-05
0.0001033519694798953
8.226931902579006e-05
0.00010974678851984961
0.00013778355677977253
0.00010886962204135907
0.00016275209056074944
6.331820885812728e-05
0.00010088947334411773
2.8060637988945282e-05
3.534080547339928e-05
4.800193888788537e-05
5.364643040676475e-05
2.6481761701209044e-05
0.000122781842760546
0.00021947046532958523
0.00010606538806382024
0.00013220108699864798
3.3376492309651e-05
0.00011859715096261035
5.626157772411493e-05
6.33961636561292e-05
7.014315813575183e-05
5.879255821896107e-05
6.438885958607487e-05
6.812876089983455e-05
5.753837751737153e-05
5.613365673023216e-05
9.627635747156896e-05
3.449575553112264e-05
7.978232250943321e-05
0.0001519819887850024
7.540813770421258e-05
6.543656508732553e-05
0.00015453460560623363
9.164576678101434e-05
3.910470102476497e-05
5.793996688382116e-05
3.350594645195792e-05
5.871290614862041e-05
7.196229494053091e-05
0.0001831177512307837
0.00011886846785921842
7.697495012553475e-05
0.00011865397293625999
4.609583292269807e-05
6.475982203421382e-05
6.670614648635168e-05
0.00012451472660892043
4.658052199412721e-05
7.933471991072639e-05
0.00019861048193868975
5.346532738471978e-05
0.0001080095583936758
0.0002133161178131484
0.00010022029741517342
6.43829978743038e-05
0.00012352586702325168
6.502753539859671e-05
0.00014700688336855675
8.407825635810978e-05
0.00011260638298919832
5.7792244192768774e-05
7.659597728958072e-05
9.622932235626609e-05
5.3801280279497516e-05
0.00016971236593071797
0.00025372877449375206
5.296291114642084e-05
5.972305121847451e-05
6.140134171491162e-05
0.00011593526692517464
4.763926515712611e-05
4.05063413816432e-05
0.00014803581201591572
9.671546603805319e-05
0.00021332655786476177
3.043744686709993e-05
0.00017814499489777994
8.22748036537886e-05
8.486024700300432e-05
0.00014806715931705325
0.0001127630040522284
6.880436211411934e-05
9.67192621015565e-05
5.4284842756356946e-05
5.795911461216051e-05
3.9220547019410977e-05
0.00010707302913269088
0.00015074751689919054
5.1957518808226825e-05
5.488704866947618e-05
0.000197966688427312
7.889926208939276e-05
2.232258147513301e-05
0.0001828597071239809
4.493286722039262e-05
8.738661109910778e-05
5.57299595993862e-05
7.111180372957116e-05
8.366865427108958e-05
4.6219580955886275e-05
6.935538879625229e-05
4.358978604523877e-05
9.068855084108708e-05
0.00011909356939441048
0.00010644755952679795
4.558540850856815e-05
9.41415972409266e-05
5.251941092334425e-05
7.274751003752065e-05
0.00018619048224888894
0.00010788386440941937
6.909079802505021e-05
3.1615122521400606e-05
5.767856214879362e-05
6.629814068730804e-05
8.373232547615317e-05
0.00013135504344362448
5.582518113903123e-05
4.549658834844552e-05
7.631839982753685e-05
0.00015063802393897862
8.211778900100244e-05
8.313102688956727e-05
0.00014487840486331044
8.696197958135994e-05
8.781344652025253e-05
0.0002854518291130813
8.494706863202579e-05
0.00012539502683651854
7.195725652260946e-05
5.739876181234629e-05
7.726349551561908e-05
0.00011597071499680032
4.804490505734813e-05
5.747937852888608e-05
3.924629548305203e-05
0.00023363840237348153
0.00011109571911020754
0.00012023366540690836
0.00015001687151015462
5.025772023599476e-05
3.980353131061881e-05
0.00010586682084446108
4.512914167893134e-05
5.0458997411769866e-05
0.00018151363325489108
1.7712738733137524e-05
1.992275187687155e-05
0.0001628147856344289
0.00010433778265837795
0.00013029270416792477
9.778814645368144e-05
0.00014533550118299695
0.00018035771626593013
7.39395654415368e-05
0.00013601696637460532
8.284418348578665e-05
7.571259325501408e-05
6.14359916084039e-05
3.3664713622608456e-05
8.768103396676793e-05
5.250769383656057e-05
0.0001106094716288049
0.00010537212000708491
8.037838684683614e-05
3.329839160546383e-05
3.8305388193694705e-05
7.337909053346048e-05
8.834870590829127e-05
5.17610390690093e-05
8.951086448251234e-05
0.0001663592992402519
0.00017213360535587555
4.9575062533844184e-05
0.00015107049280554477
4.9167184868364044e-05
5.5545102920887224e-05
4.679333948887747e-05
4.292252908965403e-05
4.205781663156885e-05
0.00010394065983684148
6.819505924267971e-05
4.476516617312477e-05
4.660636696518893e-05
9.781336722553188e-05
3.843320563368162e-05
6.054862572872595e-05
0.00011371221529123694
7.352182889929159e-05
0.00017229729018623295
7.626354606099931e-05
0.00010634353104632265
6.854661032483736e-05
3.5059164816494285e-05
3.731451605602132e-05
0.00021123928689637246
3.821740273441708e-05
5.6842428663881086e-05
4.1000802597375056e-05
5.781598538549918e-05
8.74215653732492e-05
3.122418590926333e-05
0.00010041240113112182
0.00023891426559672485
4.0053519676009904e-05
0.00011925070387992028
4.436598137989258e-05
3.8850848804076426e-05
0.00010808872539017184
7.087733250467677e-05
8.494065924344275e-05
0.00011556700660223761
0.00015664709988178342
5.725377240368108e-05
0.00013585752545293528
2.6856732197988385e-05
6.1019191052607606e-05
5.803679333537403e-05
5.169806519800046e-05