0.04425128885678778
0.03760294209631038
0.06501637627515222
0.010158131639550446
0.12772476788115597
0.11217260468697846
0.043565127390409804
0.015289129975166247
0.09125362795992581
0.014285422153180837
0.03494268912668011
0.06077156658966817
0.023958370400068395
0.01791529742300093
0.005736014393671196
0.0028694997435361707
0.02291658539638421
0.010589141715832306
0.008581205577508114
0.01887664272019032
0.026446261105868295
0.007370073942710148
0.003841412574851019
0.013087004922298173
0.004938012634016883
0.015196078960886745
0.005784791429250822
0.0034103242577771375
0.003863481683369543
0.010591663873143012
0.005373201113758325
0.006637270692406577
0.02434447082572819
0.007425970803501213
0.011480535228547422
0.026166423796483696
0.02339506551325489
0.013794913801059513
0.006146630070562893
0.005658730794042034
0.0048217965869860645
0.010776340554676979
0.0007303457374878146
0.0023523848449099644
0.016334343047272205
0.007480765598362182
0.0002770575328772208
0.0010719582848949419
0.010168007887771977
0.0025363639134851125
0.009376694051685818
0.007404790918178955
0.0054860221951685915
0.0014463747963211232
0.0063153441846582154
0.001327634041997139
0.007388232825237469
0.0041135079243648925
0.00487609108244374
0.0018657013740052502
0.007531816273809695
0.009723454524709556
0.008481130528479775
0.0012045861726010403
0.0070486500865418545
0.0017040751309422987
0.007576513063998759
0.0025885597368811492
0.003106845208167413
0.009392060405794772
0.0019504956559064936
0.0012285212592976786
0.003839548943665548
0.008381697849451511
0.001945828720550612
0.001629958511006439
0.01008188424153419
0.0019431279760434906
0.0021174635410972187
0.003292225096936469
0.010933729395364822
0.0024536636802354214
0.008698681748576388
0.004310936442606497
0.003101036877537288
0.0066144253572454825
0.00784146441481736
0.010106667474755405
0.009389424812640218
0.0032695237126408555
0.0017429332750011112
0.006878198638239511
0.0033665174197908565
0.0036506948047451836
0.001195563446454087
0.003993498399832371
0.0024634530345171287
0.0010920529145665538
0.00845639557202057
0.0026437913408901776
0.0022318023884629924
0.005653710708274859
0.002298861066859067
0.0011774269477989726
0.005455253126462379
0.002737080344379072
0.0015517455955856585
0.0018171251960495175
0.002141334671045622
0.005513775528091416
0.00804111185424873
0.004659951656322932
0.0006963503632768529
0.0017870227932784727
0.0024880808718928693
0.0027760620810887275
0.0029671013244284288
0.004540377479081767
0.003745312057201102
0.002307155396131109
0.0014041548704938147
0.0013897011165233434
0.00121166577697289
0.0015051119101895571
0.005803271093781772
0.0022850127641332787
0.0007850409689478978
0.0017396274760155552
0.0006629178437480178
0.002386700204027942
0.0016863043987233456
0.005992989401732869
0.0024774608936175705
0.0037227807630824954
0.0017945141501088488
0.004151179643244382
0.005078744828453915
0.0035610555799173056
0.0007386133968845382
0.001828194268628011
0.001542143932318282
0.0017637037685714401
0.0007523553575680823
0.0005389052596856575
0.0015991973373745232
0.001566497025034737
0.0008368945954847697
0.0021771774245555762
0.0007200821939984029
0.0005564287770989962
0.001151256789861139
0.00025050063719996105
0.0018441961093015413
0.008326039956056139
0.004099693738298445
0.0008392269488605387
0.00048472430404251877
0.0024399181975774276
0.0009984513839274459
0.001039033259853665
0.004365565855399092
0.004239387787564886
0.0034812400130124913
0.0009507470737644812
0.002277165780148153
0.006459192051483735
0.0015569448895272628
0.0022391395249872457
0.0004959999579167046
0.0037849097916739915
0.001449921841720056
0.0022276140431160673
0.004154220307311164
0.001328806156417658
0.001984081435922313
0.0005064269252785169
0.0022602720919260018
0.0013106838831385547
0.0039046262170818143
0.0020724238760672148
0.002079633925593548
0.000891102154364867
0.002052743362707421
0.0026372191718131606
0.0011507110178464147
0.0014701384513625241
0.004114378066610184
0.002288149871993123
0.0022902145323009664
0.000505191221139002
0.0014427836525179173
0.0018059859245108272
0.0023043524673517367
0.002565305366406173
0.005848765957453282
0.0015865883568015984
0.00392012270048362
0.000941496865971242
0.0033256905763080023
0.0006966730720401868
0.0005366422225561001
0.0009088924944530237
0.0014684358039626134
0.0011015632031621022
0.0029146754412441786
0.0008809072920775538
0.0009287564289544568
0.0017408990636074506
0.0012179125496867235
0.0025889087644929386
0.003946096045275122
0.0006874975717401316
0.0024935419930066467
0.002896138919175071
0.003717467063399516
0.0006563907941759765
0.0019507718289363417
0.0022759050952157064
0.0023864142567371896
0.0001963370419128275
0.0012135194344449762
0.00025656238092196037
0.0030529416729224317
0.00021816304422523153
0.0008828729846916592
0.001644809970078737
0.0027036853197986662
0.0031622109908918485
0.0008488687341496013
0.00025669277190840085
0.001614130784365972
0.0008876831571593138
0.0018116177708513005
0.002727270792328062
0.002173584213332263
0.0013041011367538736
0.004080089876942914
0.0010631073678410287
0.0005996205799371902
0.00021905991598036295
0.0009997602954567866
0.001859113388302685
0.0006172896459679917
0.0050769637030301075
0.0010773900150677477
0.001260877671954428
0.00269328349604048
0.0008758600842411245
0.00023554533521965773
0.0011869924766145694
0.0010996139896883423
0.0023332420141496868
0.0005669678790173824
0.0023376507206186656
0.0015210905346960634
0.00028434202147005396
0.002907459618791338
0.0021744213744917073
0.0032211419248560917
0.0022133995747243935
0.0002291973980035741
0.0013474315646525802
0.0007138528767160179
0.0016142883513591486
0.003415966777433765
0.0013986122006032424
0.0005938990253851155
0.0004602684550735369
0.00024390908250502917
0.0026479835439592375
0.0013111116893432494
9.096744258700493e-05
0.0019170701303375128
0.0015380283561803655
0.00017273488639233452
0.0008538151401601689
0.0019047462928107877
0.001564729892649677
0.0007546170762986593
0.00046685148947474557
0.0017137178523454779
0.000668486784559589
0.0004885094450068683
0.0013269132681084177
0.001277014482969148
0.0008003115131233239
0.0003944330440431375
0.0008308302532561772
0.003023212210789666
0.0006994243536496742
0.0014554519160016042
0.0013783496200007355
0.002450537825641379
0.00014788578355077678
0.0010532358021390848
0.004959524117622226
0.0003857469855258611
0.0002774091312545093
0.00027252963957254535
0.0017141138818105807
0.000275258247550511
0.0011035611469249315
0.0012640262438669415
0.00040513147539683776
0.0007197633203631959
0.0005952305456739377
0.00018159276858775443
0.002130267179366722
0.0018738145195842555
0.0002884373115774258
0.0007266071415423652
0.0007359391625662164
0.0006043785719062607
0.002223234740018201
0.0025027973450969534
0.0034589291359944092
0.001466517863249579
0.001009042273926564
0.0015898581014094084
0.0012750833934978081
0.001998819538551306
0.0018602539642233948
0.0029896282610022903
0.00041442826307257766
0.000996485919562124
0.00032233139735354474
0.0012580159976426288
0.0006125370431820947
0.00022401591420967564
0.0002455447762066805
0.0016773505919463877
0.002360458955398314
0.00033164021979407125
0.0013047475816100075
0.0015235185227969366
0.0010105580016949772
0.0006172166489216047
0.0009104925578419812
0.0004922232086324364
0.0004888815603270416
0.0017525916873193392
0.001189105096201894
0.0003716026567874438
0.00058810693293908
0.0013521549420642933
0.0013197545960775608
0.0003532345903506514
0.0009868406629912668
0.0009257260745950977
0.0029848754257342566
0.00016607878164629172
0.0015719537393120249
0.0018899619350348368
0.0011196966145681443
0.001987432362505113
0.000903997327728878
0.0007391898771081966
0.00022914092473440268
0.0017215772433280595
0.0015897988371025226
0.002746707578525748
0.0005111686804223015
0.000798984632145127
0.00169695770782692
0.0002254325865215369
0.0016234510039688011
0.000728159383214112
0.0016955890747410503
0.0005273989155701191
0.0012144873216901001
0.00018301879141291682
0.0002424997880149022
0.0003724607035403465
0.002730071392154304
0.0004197557990661382
0.00047310137116949187
0.00031985035473793976
0.0009769634972871756
0.0015879834517367488
0.0005924314754204522
0.002384670041759351
0.0015527479125283256
0.0012217755441195563
0.0003477190718177569
0.0038534403033689876
0.0006745346570493144
0.00025716251089207795
0.0017844406838262053
0.0010865632841768364
0.00020417446130850732
0.0007256692111893248
0.0016056125806580331
0.0002799247494906935
0.0001282270063228111
0.000921954810638872
0.0003325871805811002
0.0007179480028020384
0.0007116785575099284
0.0013406375679219007
0.00031777263029180504
0.001103843391044422
0.0005418498821178228
0.00036876547207470264
0.0014401464531890525
0.001177679040938254
0.0009535889042243273
0.0010030256936851387
0.001955415111694169
0.0013295357801849836
0.001473817264683472
0.00142017477402868
0.00029367303373494034
0.00033898283681069885
0.0006229619587716585
0.00034049596513940553
0.00043478999967497083
0.000718886296955074
0.0006736510475196959
0.00021725732166954674
0.0003674397984334592
0.0014469987945531222
0.001077835285085301
0.0005175023138945459
0.0005186474674606404
0.0014136889679835537
0.0013810666212859173
0.00366134678353412
0.0005226568282259859
0.0004973277052500015
0.0002661531379630313
0.0017895845102803524
0.0006388757423358648
0.000314165686327986
0.0008669430842849831
0.0016745121937045927
0.000938283744263529
0.0009028994739632308
0.00023750665400249686
0.00048532214204380836
0.00036369313926619125
0.0006334709497011327
0.00029003309810014783
0.00043691860004933656
0.000577643327227967
0.0005245194048357398
0.0010107623964739367
0.0004122016171109579
0.0008649053534371021
6.907064102628453e-05
0.00036592209328459443
0.0023588987163654655
0.0005367143324544129
0.00016130696187065228
0.0017058253575226306
0.000572290852635883
0.0006247705023678207
0.00039492858083926493
0.0008208270438208198
0.0017842506898154596
0.0008907530425969217
0.00137660215919012
0.0005522710491137409
0.002466052496226975
0.000274991958206496
0.0008631145798541901
0.0008871721000074591
0.00043298934428059405
0.0004711521222663072
0.001028495820381123
0.0009202070590396287
0.00027004092948065757
0.0005856165042040913
0.0007090716169028648
0.00013132115945612178
0.0001686595251607774
0.0005443297122345515
8.861337088779088e-05
0.0003133573020351049
0.0006401850783210348
0.0004159244975087711
0.00031588845306780534
0.0005224240996470302
0.0005743088638756483
0.0004686500321902571
0.000484479073273177
0.0003189603080798585
0.0009950786065740928
0.001686061932837997
0.0006421272946522669
0.00043153418996025333
0.0010225846102231418
0.0004145516156127667
0.00042530648892156347
0.0006560744088488433
0.0006852444009622887
0.0004857566684465856
0.0013107679632306372
0.0006546792747072715
0.0008814141513947782
0.0013038326861417617
0.0010765242706304433
0.000811548353517578
0.0005572943776256746
0.0003200696259663679
0.0007061107447413382
0.0010993446779296986
0.00018488325286803098
0.0007944822544680816
0.0013372574942284306
0.0006916847800272829
0.0024981278382214837
0.00045179039704406563
0.0019485540550504166
0.00034429220231230716
0.0013457324971800908
0.0003913615371155624
0.00022724170588231358
0.000497714863798429
0.00047804939990796224
0.0006190609987855366
0.0014758624451646646
0.0007857910309117756
0.000932060915645141
8.656332537430278e-05
0.0005791708178070616
0.00020840389798463407
0.0007444009615920688
0.0003899340368759
0.0002604368190326132
0.0005060774467355322
0.0010256033325255593
0.00014760782488927327
0.00024686577197573277
0.0007141033295401404
0.0006036243687783712
0.000393856448594176
8.815102759593979e-05
0.0004404622118369704
0.00035232535816305115
0.0021553473549983547
0.00038666781099946343
0.0011981059484551348
0.0004383739409504436
0.00010826686203993138
0.0023965791059534815
0.00045088415852009015
0.0005700504370332026
0.00022646704380693722
0.0019462516095998417
0.0016609169727686112
0.0009196535652456265
0.0002827709579092718
0.001243152924337039
0.0007713837388420241
0.0006772422361734081
0.0015443941509450895
0.0006346943434042145
0.001447628975525517
0.0010298641061095098
0.00017075798400892773
0.00042425923951733437
0.00035122852895161854
0.0020402503474229398
0.00039031941131942673
0.00022711928300603158
0.00124910630001739
0.0005799423962013179
0.00011789807086517466
0.0004956898895754203
0.0010270154076558748
0.00037237122041774615
0.0001542952697595335
0.00041189937296084056
0.0006049980624068656
7.974981110604803e-05
0.00028763573839697676
0.0001371978244002688
0.00016467854605647957
0.0008548718482258404
0.0009114457250902428
0.000781580534347156
0.001442564265046728
0.00034449416150517353
0.0003565980868078144
0.00016615703732549713
0.001141751249256809
0.0005897323868358143
3.441371858919183e-05
0.00044699147097579855
0.00031400981013722637
0.0003476226674973065
0.0002704305456963891
0.0005062526318089223
0.0007198857687504127
0.00027328393459452984
0.0003805452028846977
0.0008022832521959513
0.0002663572894789881
0.0003465081888599603
0.00045615734278102736
0.0001739955520775972
0.0004280997855558843
9.692785044205113e-05
0.00017388295191863573
0.0006518864534195932
0.00030301354045122385
9.877068557659837e-05
0.00028344293737561166
0.0009507188638156304
0.0005902123536998516
0.0010949548888372416
0.0004965714186649878
0.001022513325157491
0.0010020701261757446
0.00018648704105458336
5.614554676278725e-05
0.0008849544088274052
0.00035929597817556326
0.0004133247338504054
0.0006719602075593909
0.0005325673089093964
0.0019448324493358904
0.00085801584075489
0.0014988971602310694
0.0006116848865389829
0.00010198644440367308
0.00018754213012230392
0.00020581363687939333
6.241254098738168e-05
0.0006716889598043468
0.0002548426174785148
0.0003002059499317809
0.00014041697070871993
0.0004958346549268109
0.0005198837277674763
0.00034628534418605416
0.0011078738782854573
0.0020383077381521462
0.0006445805730937359
0.0020638932549902366
0.00039630622622546455
0.0002466629413179072
0.0004156197166884547
0.000294708096498175
0.00014208806431604412
0.0003542351865275766
0.0008007185145478642
0.00038066224788842326
0.0004406524141253814
0.0011392866831217228
0.0003219182851000887
0.0028103420336073235
0.0018632461534971616
0.0010157752119715248
0.0003415785532454927
0.000563008486923797
0.0009055688358168274
0.0018608769956845528
0.0013044164217940722
0.00017740643498200952
0.00047269017826633404
0.00029868662537285484
0.0006791253240709387
0.0008158913349639224
0.0004828818437507528
0.0003167778961373117
0.000435284654093977
0.00036643174473671724
0.0005066604111043406
0.00038068818883395895
0.00017971750034579773
0.00021122575598966355
0.0005453256330975803
0.0004043559229533302
0.00048770868047568025
0.000772151506491282
0.00019635818458394626
0.00017756539046912676
0.0008602089321824998
0.0001904744845686317
0.00020335752316605864
0.0003847958559374849
0.00029616208838611466
0.00010932943360305298
7.805381431002442e-05
0.001079637139339936
0.0007168206144172222
0.001862633515627894
0.0001156902722912133
7.796927308855143e-05
0.00019669020715330212
0.00023693550878824186
3.197005870536857e-05
0.0006071284851130708
0.0014988857629771707
0.0003778170419391753
0.0010600142293892187
0.000532034606662586
0.0011461800297441764
0.000996336936997483
0.00016548679986508696
0.0009562906621667963
0.0002837213110586702
0.00013759072681692906
0.00021435232322088927
0.0003071396853131409
0.0001721414281776877
0.0010754888234446812
0.004182124777099785
7.479842284871284e-05
0.00035343100791091717
0.0001244651011332986
0.0005153754152186787
0.0007288851866009219
0.0003482437705756183
0.0006808114695928144
7.10333103051338e-05
0.000392331033385225
8.870084915343844e-05
0.00022480823877469105
0.0002580284990986545
0.0001459360873239494
0.0011594381553254299
0.0002095596023393741
4.4846461132246487e-05
0.0004351446181905975
0.0007250617386063397
0.0005651379287029801
5.5611626896808356e-05
0.001279280129556984
0.0014035360705871777
0.0008422371850723963
0.0009837108621761656
0.00038423591141025084
5.6913380448517e-05
0.000659377614240675
0.0002572660454334207
0.0005251864854752625
0.00025715928695052966
0.0010307046090197753
0.0016856943182287113
0.0001811331632271592
6.41848447882377e-05
0.0008969925803103076
0.0005408662629538674
7.716056373886058e-05
0.0010376625523980706
0.0011145205485258625
0.0006630563196140377
0.00040326225377316534
0.0009043868652410288
0.0008553629285847444
0.0005125099426212191
0.00035506682343481986
0.00026790396499313656
0.0002590707519865696
9.283759294493266e-05
0.0011045117810865926
0.00016642553254752842
0.0006490869083919085
0.0003169257891497048
0.0005608595480111627
0.00041837677484187977
0.0006989600018363934
3.77363290606081e-05
0.0005192908784605248
0.0003478819877864958
0.00010862828781863747
0.0008362755044945883
0.00010364127090942695
0.0011953078821083495
0.0009435631117139719
0.001493788701425122
0.0001697441264613181
0.0003486144863355651
0.00043635692434282894
0.0001247197607770798
0.00031340450731708
0.00014990696928664758
0.000637994761730078
0.0001188143405484096
0.0004926504357547352
0.0003028636865052677
0.00019192315932927518
0.0005615184022233423
0.00028513947790997836
0.0006661359651709468
0.00032657648911502113
0.00026183799456111647
0.0002642199174759152
0.001864680234617027
0.00023323313978659897
0.00032266825135807213
9.489989927252159e-05
0.00023398057070893067
0.00027692302040531697
0.0005148664874455059
0.0005851568297819967
0.0002405031696909184
0.0006762087956020968
0.0006912446220010502
0.0014853202172087976
0.0005930758567595533
0.00037780781161721134
0.0025522006238983034
0.0004911169518216397
0.0002952600336453432
0.0002974154843831701
0.00037456201513072496
0.0002984884849435981
0.00013266881144210357
8.557978840743534e-05
0.00018311216061910073
0.0004712131533719381
0.000163844433852911
0.00011414278739527789
6.887085497681231e-05
0.00010894893848891163
0.0014412925466924615
5.523628614278866e-05
0.0005519271677079108
0.0005963362518899703
0.0002221241286296443
0.0002686469559682774
0.00020308828792903636
0.00010099299422003483
4.810959454969133e-05
0.00015675036525542483
0.0002605296452529716
0.00032141966431004917
0.0007450064919224574
0.00020762519463693525
0.00013555321394989313
0.00031920220410343043
0.00011321339836970661
0.0007406583734393305
0.000427340185733968
0.00023941711799584803
0.00018954961181264193
5.8678656017793395e-05
0.0008951705195304582
0.0007925595558922674
8.851296850655755e-05
0.0009601025172739918
0.00014966369929692136
0.00031503423370255455
0.00016138351528400264
0.0012207191871240974
0.00011167947422302853
0.0007098761484795197
0.0006112439132767478
0.00032655022437568936
0.00034171801523781695
0.00043243681106243007
0.00036902823433507725
0.00046215434557842557
0.0005053945752901033
0.0005167420524217058
0.00034449845711433976
0.0005557118496827545
0.00018926697961431835
0.0002931232553593695
0.0005419724808278931
0.0005673180195984565
0.0006457255753137428
0.00016632771468231286
0.00012160768731155666
0.0004269753246207234
0.0003052282500421662
0.0016351558648649354
0.0007493681671769684
0.00041722510823613746
0.0015072534325095378
0.00038286782104000834
0.00015289371881577882
0.00025616679603245897
0.00017538176740897651
5.067370546971836e-05
0.0005992928747239963
0.00020911267441978018
6.490005899718347e-05
0.0004906756044841662
0.00041159434550393144
0.00015085789681371678
0.00059830352389512
7.729987083403724e-05
3.559226546976952e-05
3.153252303306978e-05
0.00045083189216798235
0.0003938381713667341
0.00028494622756344986
0.0009034440322029263
0.0002318788417225548
0.000309855474967159
0.0006098250183657419
0.0003199656507861014
0.00010527472893931681
6.707323185893228e-05
0.00037205424996561003
0.00037216285236615893
0.0008405614882297752
0.000256489289594176
0.001164281262911412
0.0003310211048158009
5.160161712587533e-05
8.524343428057379e-05
0.00018192072997239464
0.0009163906332833457
0.00022409111249197778
0.000584872946378813
0.0011087654388013722
0.000357493949652343
0.00032564085281173777
0.00024257579947729188
0.0005177983520242264
0.0001587134465414913
0.0007412950506554208
0.000782359467637837
0.0005329665588156857
0.0004194832875093449
0.00018115333370577797
0.000368893775344047
0.0009990499475199346
0.00033886647110988424
0.0011561260693441018
0.0007387855253069105
0.00020662553664762024
9.553347517939042e-05
8.075667544571094e-05
0.00030977468897752295
0.00018742755731349496
0.00023056721473676818
0.00035593119210176595
0.00021018377625327692
0.0001651051021117701
0.00026200628880578133
0.00017759697174723525
0.0005245584791114152
0.00037802896597678227
0.0009333510428687805
0.00028275108262322497
0.0001692120399544335
0.0005042531371373343
0.00013770122815032082
0.0010774115480357413
0.0004821043235409165
0.00018704458874244762
0.001309541785456262
0.00023846720741712378
0.00018229487770948818
0.00013750480250489415
0.0007310042285060697
0.00015557246669608733
0.0002439716332447439
3.1820308185283984e-05
0.0002502755313524136
0.00018370315961468878
0.00043280931472823304
0.0006039607771410583
0.0003721710579876838
0.000272334667954583
0.00017692362280540976
0.00138632124221562
6.675380582402828e-05
0.0006824746564735094
0.0006482013706264727
0.00010065356836574833
0.00028035047585367684
0.0001769512484687575
0.0011617680638369716
0.00013785733566648201
0.00023278012346238664
9.95287259630203e-05
0.00031479467672916107
0.0002094582267179328
0.00020004483239258807
0.00016365958532706565
0.0008790205419757365
7.455651959747413e-05
0.00023731729637619913
0.00012037904349679585
0.0009646867817404233
0.00010634808720934922
0.00030383432330251264
0.0002448923632686007
0.000300374947154603
9.911258646636509e-05
0.000750621824758093
0.00015364604676019862
0.0003735334485429567
0.0006061634069100863
8.62229634501363e-05
5.822202950093381e-05
0.0008180609944611296
0.0003349222110120213
9.941351058742156e-05
0.00010758990302812662
0.000237259226621226
9.640200586268828e-05
0.0005019536090979243
0.00020368832734774127
0.00034727088119835186
0.00014247866088668124
0.00015876289546680412
0.0001259799197471481
0.0005020774430104864
0.00013074926801364794
0.0012535574954840895
0.0005331166037706121
0.00029755128734219313
0.0008209098475392757
8.820432312279357e-05
0.0002672592872918276
0.0007093848460569622
0.000677010619101418
0.00015437337547719943
0.0007306513063299666
0.00018707696009766573
0.0003288150157127905
0.00013973662822505507
0.00034087327850961576
3.015499108704618e-05
0.00036501346379572857
0.00022740736491503544
0.0007455435288533069
0.00016677757338539866
0.0009699856724148887
0.0019754627551158755
0.0003633876226026573
0.00015406495935965946
0.0008010826848827566
0.0010948264384469633
0.0007697433148790144
0.00031183420436232387
0.0007583496118939515
0.0006610732724150378
0.00023681938940229465
0.00038743153294435465
0.000961138472071128
0.00012936905986330548
0.00015606022575348426
0.00030560322983581015
0.0005430068593764966
0.00025419330381089246
0.0005196505150490955
0.000224562014550539
0.0006474044819753002
0.0005806578772937304
0.0006724603387075835
0.000624458573392845
4.012298878923534e-05
0.00016986552446871092
0.0005024504820727203
0.00012932001104811857
9.443260912056117e-05
0.0005541069944269301
9.207982022838053e-05
0.00018235016850095162
0.0009480382247386232
0.00039491792147639513
0.0007373888138366505
9.085373197561901e-05
0.00011269390159964415
0.0005596087030533373
0.0006486152609821917
0.00012329140107460604
0.00044601441290352507
4.5891702851035515e-05
4.408793773628874e-05
5.29412740951376e-05
0.00024228655070448207
0.0001618946203703981
0.0003281421795378466
0.0008579847937671553
0.0009208064169012236
7.04499412121894e-05
0.0002372609988784901
0.0006126461054244005
9.650317976021348e-05
0.0001972138651922112
0.00012285664352999868
0.0004681113338342681
0.0005848495049759752
0.0005582099579254253
0.0007815739022504375
0.0006277027467967179
7.948058836969962e-05
3.9255272333273665e-05
0.0001669780799928292
0.0007106182012544736
0.0003355720964314518
0.00020885008062998758
7.016744981945459e-05
8.712654219426676e-05
0.00010251154933398139
0.00035732054238308246
0.0001701436002989656
0.00018418961397477306
0.001622299218047086
0.0003878597268693062
0.00038914507621513726
0.00045353953155866144
0.00033259310060793464
0.00045286359631325313
0.00010890760812373725
0.00020589263286818708
0.00018987223309512653
0.0005885571130639061
0.00019208416222210085
0.00014606232107142235
0.0002696799956133252
0.0001544768535889252
0.00012336909595686864
0.00041233056564843665
0.00018895014230443995
0.00012025955658615977
0.0004569049034874378
0.00018727808040833993
0.0005911250664331176
0.00045292599851843766
5.8652717794844694e-05
9.696523375496858e-05
0.00048428787752358545
0.0003135835543065342
0.00023284031502328879
0.0003905013944580203
0.000615324409830897
0.00028694773133238686
0.0008756350815113722
0.0003065275539514688
9.93719268379791e-05
0.00082717325201027
0.00028867723911386016
0.00020721507084924787
0.00032557703556681584
0.0002862348814780353
0.00016204603874174224
8.390229837060636e-05
0.00019685345701780477
0.00012738618083274196
0.00040431067949049757
8.038352690872305e-05
8.037416398223098e-05
0.00047548585138500025
0.0004754888871186359
0.00039839093310541703
0.0006123605539444594
0.0003174842471273897
0.00044968757766391664
0.00036745060928480513
0.0002716990078147833
0.0002519365270097763
0.0001072092213968299
0.0005096551924242442
0.0006848680566816185
0.00031747068820205403
0.00011029422715754096
0.0003564320536406788
0.0010434526712903075
0.0002650520254256185
8.497000413145533e-05
7.818370839961706e-05
0.00025689914116099684
0.0001261841004433942
0.0005063723605206835
7.572335545904269e-05
0.000608154258738989
0.0002282542607979452
0.001032085862625335
0.00022269913489002916
0.0001084427417105977
0.0002101556035789406
0.00029450282578073723
7.993431098037989e-05
0.00023242028042412397
0.0004585527544523373
0.0005281088255017924
6.963961424011717e-05
0.0004580817333820339
2.1922861781700805e-05
0.0006147601899693624
0.00041947624430884156
0.0008377487094644435
0.0003042031765741266
0.000547192245949049
4.6546694320135265e-05
0.0003100950464555998
0.0007685901157219943
0.0003697809400745715
0.000254303457972125
9.932432735686712e-05
0.00034952192965484317
0.0002889104634102278
0.0008491387075669522
0.0002316966353081723
0.00036840177392182867
0.0005010423737595318
5.963060651736397e-05
0.00012529193247339378
0.00023094410228297513
0.00028325106726715066
0.0004666103065208762
0.00022888719357553285
0.0004942059453655505
0.0002964805441259513
5.291132015985952e-05
6.15657742601085e-05
0.0011898655168881259
0.00011876714147608124
0.00013598073185957672
0.0005588106252096615
7.218439640044507e-05
7.132622917942982e-05
9.472159772721204e-05
0.00046165272607481345
0.00018000355326427584
0.000570500164389143
0.0007829560971732731
0.0002928016165260055
0.00030367553842797803
0.00010124691638851989
0.00037743896429280903
0.00041752355505567676
0.0004896961617945456
0.0007406180076920891
9.399819272280067e-05
6.913386057566968e-05
0.0001629489748234257
5.3246054385324747e-05
0.00047863339867334413
0.00014090718276045053
0.00022229254982389867
0.0001566379395180782
0.00012707834774057603
0.0002106571497182027
0.00020525299333488714
0.0012335459372748764
0.0003887187483246764
0.000369614378238661
0.00047959199366009444
4.627945525296482e-05
0.00021273094166575354
0.00025964367775937764
0.00021218616784503326
0.00021170159677597538
0.0010913795090381608
0.0003795899180390844
0.00015580807519697108
0.00021045807199152183
8.842322260848841e-05
0.0001468467884429594
0.0006133928832091057
0.000761817482795824
7.409990629132468e-05
0.00011281182447423543
0.00046251111999422157
7.613956548294114e-05
3.945284883088656e-05
0.00013716786524564363
0.00044187688310147797
0.00020270700804012783
0.00031636819305326145
6.810387771155321e-05
4.282108781313402e-05
0.0004677167456679302
9.335975094962162e-05
0.0019270751286646372
0.00023522547010943647
6.479167098011248e-05
0.00010794021019397026
9.923825852245038e-05
0.0003422408833306507
4.348022442725215e-05
0.0001704349432105548
0.00015476181592740293
4.3156330499230995e-05
0.00024201308912253836
6.770969719836555e-05
0.00042617384566836575
0.0005440904455404819
0.0006280541615295073
0.0002201045113341563
0.00039493064364380854
8.676227506442816e-05
0.00015191253026491594
0.00013014718706711015
5.6421444987347304e-05
0.00011614029870038587
0.00017192128816868172
0.0002751633424667125
0.0001948766303461767
7.643525686535269e-05
0.0006284293217384914
0.00014184097141395113
0.0002155658278259433
0.00023628187581007428
0.00028474617577207805
0.00024662721067112526
0.0002621301942984715
0.0003989695138388351
0.00031997870499065375
6.724035433376507e-05
0.00010024787736886103
3.562238635323122e-05
9.346667275561466e-05
0.00012327308647111358
0.00021378590388963054
9.902305069441772e-05
0.00012042498768410652
0.00039373769398155073
0.00012152142964954256
0.0003191431204817797
0.00028043463712388905
8.853555643722856e-05
0.00039721020578296386
8.438719245406647e-05
0.00016386540915054622
0.00027247934248266035
0.0002899586407279518
8.420811994659173e-05
0.0005217759861481289
0.000657305929361003
0.0006962157684886152
0.00018621614911428159
0.00014825990236955398
0.001013664919202489
0.0004885449455545702
0.0008466156866689518
9.445912843109021e-05
0.0003362389822051636
7.582504914103587e-05
0.0001662263774203909
0.0005785711619412275
0.0001317887662236055
0.00012269660544810435
0.00014267808604822706
0.00044478899258039927
3.354196225673236e-05
0.00020523762154544607
0.00046817331834868054
0.0002749524321410315
5.0682480395130055e-05
5.0343948951916994e-05
0.0005536765233222051
9.851523534824849e-05
0.00011942859120083496
0.00023790943127017502
0.0002823387900628749
0.00012010827337396731
0.0001277915405388138
0.00024611100720201457
0.0003362617781192458
0.00025089756963345107
0.00013244762351217028
0.0001698602180263384
0.0007826438896551004
7.493887676215617e-05
0.00023288002689321986
0.0003339832009144423
0.00016276559319687648
0.0003480222482583595
0.00020025777076661085
0.00014228689036751714
7.344650174309431e-05
0.0001795249693503694
0.0002329236500326962
8.872188838657898e-05
0.0001644608092217453
0.0008247490483428383
0.00010750912844162809
0.0002869350074065396
0.0002944262218091883
0.00021307380092432796
0.00017468079678476634
0.00015974501990427504
0.0003117745433874927
8.140412863541297e-05
0.00014432012885043713
0.00015775855038691375
0.00023872715078930156
0.0002609595376078077
0.00014938113545652314
0.0002246595401569166
0.00021399730195990638
4.882348182608266e-05
0.00019047491753504598
0.000289387043216086
0.0006260781505948375
0.00017663887039197425
0.00038001074397428026
0.0005757592924698497
0.00028513521824056077
0.0004327882061627222
0.00029711031657157294
0.00015741868927383936
0.0010008897081017175
0.0001075279318165806
0.00017739150235409834
0.0006383240306762716
0.00020787432143809783
4.6125593498589544e-05
0.0001380082789984019
0.0002507732932919032
3.7095633043931345e-05
0.00040190537825969953
0.0006303875289116895
5.168187792875859e-05
0.00011227442714289487
4.5512559751113496e-05
0.00037512670883611246
7.702153018552086e-05
7.850244055193273e-05
3.0070522383532344e-05
0.00011202106524472137
6.61672011828616e-05
0.00013066273055036893
0.00017770105110424277
4.931343722646792e-05
0.0002716265929958888
4.1224298202522825e-05
0.00027286448687610686
9.726834096881544e-05
8.985428059064758e-05
0.0001104515263916246
0.00023523623777827097
0.00024253961872766112
0.00013115232617707032
8.106950166809475e-05
9.906379945904022e-05
0.00016667856264849162
0.000437151542840622
0.00028261187956508043
0.00015773077895328227
8.78228778111258e-05
9.283035696250903e-05
0.00010220864516770818
0.00016916435894748328
0.0002650490214798616
0.00022825194477076881
0.0003437519658866659
0.0005100850538824292
0.00068376478827895
0.0005439955374466479
0.00023196193785950746
0.00015760368206268595
0.00010577418588635948
0.00012449660674353203
9.580020825866714e-05
0.00020369154911450797
0.00018882683593975414
0.00024297088011350547
0.00045288941144674836
0.00026667833046767006
2.7524785027099284e-05
0.0007370237799739232
3.641018639765991e-05
0.00014792505911508132
0.00024249092944703837
0.00010103454497668712
0.00037620162454730715
5.140470281869515e-05
5.940791452228119e-05
8.12068532377741e-05
0.0003001871434650957
0.00010787251277184953
0.0002348675010706742
0.00011398059345002688
0.0001456356856059497
0.0005851514529757258
9.982705976026544e-05
0.00024504758660827115
0.00033218831990675573
0.00017351706659409172
9.00203785906303e-05
0.000390559183275712
0.00012850119391443198
0.0003347002332117912
0.00017888055945960776
0.00027538133285544215
0.0002035208656802785
0.00022742354138800147
0.00027716403801757064
0.00041860878760633296
0.0001818786252185807
0.0001528069331991874
0.00014990185301887738
0.00020392032091142345
3.536864257380814e-05
0.0004788176903248333
8.515472288621995e-05
9.560788170409661e-05
0.00011964579891953518
9.374947457567135e-05
0.00014142349529150812
0.0003954944506426653
0.0001689821543740382
0.00010107106920962568
0.00019787209612864642
0.0006788370481460293
6.081581515778302e-05
0.0002249862503574636
8.83309609613647e-05
0.00012740848632845114
9.565278584468452e-05
6.403701704169593e-05
0.00016153995697380533
0.00044810401063368925
0.0003676430127830527
0.00027027029453877176
0.0002821525964987165
9.154373566108244e-05
0.0006034255046605712
0.0003344112551777176
7.728439736953482e-05
0.00013786218260007424
0.00026742804207150486
0.00033887272560288023
0.0002482889332052583
0.000441117300214015
8.334208475442959e-05
3.666945828864654e-05
0.0003234240925720594
0.00028889343784498594
0.00043797189670878107
0.0006297326853022989
0.00013733043030043514
9.458594709836054e-05
0.0001631197645978988
0.0002419279091050749
9.675543345657153e-05
0.00030221435268917754
0.00039772507964706003
0.00047723765249886607
0.00019696225798672827
5.357784952746136e-05
0.00014737344512402384
0.0003234579231057996
0.0004075939997533181
9.791376499293927e-05
0.00010908404508763535
0.00015264497678221605
0.0005151887449832971
0.00013268662703657327
0.00010194784396309026
0.0002673930684617952
0.0003367552464034607
0.00014679582625586247
0.00032459254377835856
0.00041090530894894036
0.00018811814581694167
0.00020316773402234527
9.220809704767588e-05
9.648691640590939e-05
0.0003443436289221553
6.422228805269043e-05
8.025235760007728e-05
0.000122151017157015
0.00017993733913957395
9.3696784216981e-05
0.0004805340233919958
0.00017953243489564534
0.0003087812550527566
0.0004044020889787412
8.028377603506408e-05
0.00025217544848615847
9.606414485534296e-05
8.3649546196561e-05
0.0005726455129405223
9.42754911631828e-05
0.00018567007910920267
4.2250013149409015e-05
7.317984757148575e-05
0.000248670855434085
4.911095525419504e-05
5.749234636363029e-05
0.0005081960718978477
0.00011382324408456427
0.00029002887785007194
0.00019877669258962138
0.0001082905117767244
0.00020910223277429853
0.00024330451042903198
0.00011864547748704383
8.353358034204824e-05
0.00010739181758436729
0.00011018921161724124
0.0003274474066835031
0.0005008526310983844
0.0001666689335571577
0.0003285714659730554
5.340713821197956e-05
0.0004963826929326527
0.0002376073879865837
9.447448291504967e-05
0.00032656507988349914
0.00037239396371167995
9.833565436498017e-05
0.00016592439591543262
4.521353475470679e-05
0.00017053153671387899
0.00014074988811296933
0.0010513599561071917
9.086890096798731e-05
0.00017857232009674815
0.00018366412137145306
0.00022679387790885608
6.499221091748563e-05
0.00015711863793300176
0.00012495736756135898
8.145761687975656e-05
7.478575611073332e-05
4.224911565415698e-05
0.0008201540769790189
4.391241850623544e-05
0.00022200033881030317
0.0001830418623056378
0.00011927543721440662
7.11673075420085e-05
0.00016918816269715828
0.00017808394819764496
0.0011292496839202875
0.00020363612897026382
6.847889305953144e-05
0.000342614513859623
0.0007151937567388733
3.444078914561423e-05
0.0004273427771527092
0.00021946994945915818
5.39109969908029e-05
0.0004596308828003274
0.00046018686606626874
0.00016137729539553703
0.0008163102932883667
3.816516221963654e-05
0.00014940731026148266
0.00011748094667624539
0.00016980705168408196
0.0002574422968954411
5.671629288239617e-05
0.00011124151013440854
8.910034245058194e-05
0.00018076974432498598
0.00032016479931727443
0.00010287396583377262
0.00012907865542541842
0.0005864157566294973
0.00011165115904097966
0.0004818592919808557
0.0002229890616444186
0.0001084733073616448
0.00021016202403816004
0.0007164335094040471
0.00012167008103951007
0.0010800492624600418
0.0012238926544195711
0.00012034952780290682
8.145925025980285e-05
0.0002799306826780362
0.00021004909928506958
7.018320622787354e-05
8.708735206866384e-05
0.0003226892851054395
0.00036622692366379214
6.56142591559227e-05
6.738053395665634e-05
0.00010431257182422637
3.779330988781774e-05
6.635716296528126e-05
4.885790872701235e-05
0.0001479704975605086
0.0001611909789965786
0.000447474371662345
9.825309304036847e-05
8.129143683282926e-05
0.0002675577585128841
0.0002554292484133546
0.00012950832853596693
0.0002784989924602163
6.289856125695333e-05
7.974004375961417e-05
5.01978824844078e-05
5.1392160863476015e-05
0.00024993526291870207
0.0004454983121502893
0.00045933832971680805
8.342600388386744e-05
0.0003949991328109005
0.00010811838339387078
0.000283855417941862
0.00012464927788853993
0.000367226389056107
0.0002713190174741687
5.2257235666346895e-05
1.8905237383464745e-05
0.0004351054841076562
7.845642790465046e-05
0.00017863599872419364
6.174649316437352e-05
0.00020757530344488875
0.00012691463432222997
0.00014195452232988856
0.0010435315178127947
0.00048749248479093533
8.509889297439827e-05
5.1727092937876505e-05
0.0005389102456280467
0.0002242025018246836
0.00012963893846263338
3.773137478077354e-05
0.00013692851270297342
0.0002703555930726118
0.0001241220166792492
0.0002320549273588903
0.00012909523556643344
4.4626726809304747e-05
0.00012230842357864192
0.0004705771920990957
7.281839303523837e-05
5.514301042270671e-05
0.00010672601729053307
9.112046502385636e-05
0.00011881285796348226
0.00042238689067923996
0.0004964779559613372
0.0001074931236968419
0.0001465786614075678
0.0007875357836223037
0.000134238129890261
9.154078781562469e-05
0.0001911557685255127
4.421701954116255e-05
0.00022491007038826654
0.0005422056025195907
0.00025751082292057534
5.638317887665424e-05
0.00023396964694615555
4.929148773171397e-05
0.00012151277718517614
0.00037895206411958643
0.00012450924272785187
6.080468192256698e-05
8.093775310821632e-05
0.0005617255167394002
0.00017157263724396405
0.000388083192088162
0.00041375173553743333
0.00012030786011579841
0.000173293190233469
4.075097912836117e-05
0.00019596723410623848
0.00011430867111900231
6.882545943589748e-05
6.356916388167411e-05
8.252105406729963e-05
0.00037199029029058757
0.00024377133377119904
0.00020494561839687616
0.0002470420364628169
0.00013334886726417403
7.375018287572352e-05
0.00021409676118969343
0.0012326340924003966
0.0004923089516756998
0.00029542414073988673
0.00032861952214818465
0.0002335239407845303
0.0004905230340576951
0.0001984089356471269
6.471360805027471e-05
0.00015201694501015635
4.634428989204702e-05
0.00019946183684385897
0.00014659309656949934
0.0002572614501937439
0.00011658947807896077
0.0001334385636198649
0.0003728525742850665
0.00020488116642663408
0.00014484842727813303
0.00012264259295853282
0.0003600484799701448
0.00020462320179318817
5.937667394537438e-05
0.00030605423404182953
0.00017819584969724537
8.947500768346943e-05
6.678117340123384e-05
5.239953228942965e-05
0.00033074947984634715
6.436859231189779e-05
6.5462223159398e-05
0.00028960734903657963
0.0003177337167828079
0.00024954112041201265
0.00100380285732547
9.782736159156863e-05
0.00031593294055651185
3.343007086103518e-05
3.9662029376585746e-05
0.00017967447144296214
9.219479378488416e-05
8.547190002459669e-05
0.00010697161585979357
0.00011841871112115536
0.000143055578838384
0.0001459754276620919
0.0002234440824540379
0.00016186451066755702
0.0001064696744415286
0.00029420582956217115
6.746479134077861e-05
5.619700551899934e-05
2.9417700146131714e-05
0.00012843852296336077
0.00026094960220739247
0.00010614936335973156
0.00017059683673656918
0.00010336993214402739
0.00020417199201429464
0.00011041996236744717
0.0006706643720540956
0.0006633324448103793
5.996544542781603e-05
5.892519438603497e-05
0.0002489315350244371
0.0001800913119624635
8.588824711700679e-05
0.00030929961956040924
0.0004848975572624037
0.0003467234389400426
0.0001518377116216513
0.00012853883149256562
4.555344921119233e-05
0.00018127876532964698
0.000239332350768526
0.00035178289621868756
0.00016561731567687712
0.0002012527830455738
0.0001275902295079051
3.326239412293634e-05
7.333829448601848e-05
0.00019960461764356686
3.979905004725659e-05
0.00011339259020440461
0.00022746039336388695
0.00062309126657595
0.00010681474654712567
3.8015193519887616e-05
7.344500450411888e-05
7.015329309655141e-05
8.134287182378125e-05
6.387790913363231e-05
5.7854130170759444e-05
0.00023275477647095736
0.000140615694986184
0.0003117459163545995
0.00019081846301441036
0.00041778966197714726
0.00011419901060386319
0.00028173531404712487
0.0001551717686442134
0.00018010902416521862
0.0004143074942145802
0.0001322350881128925
0.00024191714449205883
0.00031141521830490676
0.00020415466309125832
0.00016665647503795979
0.00011763985096506486
6.60899255764851e-05
0.0004802223799057578
0.00035833929423130246
0.00020489179683591725
0.00013270191591178052
0.000214996526712478
0.00045785816548568354
6.68060281111787e-05
0.00020565106502549156
6.402277272670919e-05
0.00010488864414965038
4.2900338132528615e-05
0.0004632787691906798
7.286098787592001e-05
0.0002343810943028374
3.0424183955712366e-05
0.00041547087326912425
0.00010715641272959227
8.280471245692823e-05
7.326388605662357e-05
0.00018309147635112987
0.000151622405488275
4.2051498367360923e-05
6.281937141093427e-05
0.0001601693136448588
5.5013774139001136e-05
3.289201604486391e-05
0.0002982743197086536
6.937431935573817e-05
0.00026190638610134584
5.456255131660759e-05
0.0002890567838956976
0.00014017944722014946
0.00016945916967942628
0.00013508929141825825
2.3378120002979835e-05
0.00014627761527414237
0.00022289732854850026
3.5838926176684105e-05
0.00017411247721432372
4.5425250122951904e-05
4.468545540309873e-05
0.0003081578454258807
0.00036751701970057346
3.902804581650742e-05
8.576311928655757e-05
0.0006507161391731246
0.00010968767504223836
0.00010972578880313797
0.00019944732084877797
7.445209753581704e-05
0.00024032157274533615
0.0001881283450414871
6.150344240085262e-05
0.0006567785117984963
0.00016844373172000262
6.320669421541288e-05
0.00010024898823042857
3.909938195337831e-05
0.0001589738234417071
4.144555218346582e-05
0.00010130076407249632
0.00010303375517942862
0.00026890262195163056
6.644371281022174e-05
0.00038496894358931933
0.00033528356595336373
3.364989385294243e-05
4.073808306589536e-05
6.049046612111609e-05
2.957052584275267e-05
0.00020026369873995804
0.0001735567747467667
0.0002990245752316092
6.850697217252884e-05
3.395917814789639e-05
7.973521546666646e-05
9.17004181767813e-05
0.00011082757634485078
4.1019327201420426e-05
0.0001290021045987039
0.00026829168997539023
6.188132751871451e-05
0.00010259937901303264
0.0001963032197190688
8.203045244369414e-05
7.357958790742685e-05
0.00016438026480925929
0.0006811130284446855
0.0001953722105867801
0.0004616053074389677
0.00036205056997173305
0.00020723779892643996
4.865307784246793e-05
0.00021421140270416636
0.0001391842023993716
6.984222068936924e-05
0.00024330805834521822
9.569082851538352e-05
0.0001683688256083979
3.946009015436228e-05
3.9487696354777955e-05
3.0296090413396855e-05
2.242834847124813e-05
9.706098190196038e-05
2.5939381872632315e-05
0.00011590410698091299
9.119021826522199e-05
5.393928499455908e-05
0.0002834312483309941
5.283485012752555e-05
2.424124329124265e-05
0.00020383493518242435
0.00014880247870329767
5.338697736392522e-05
0.00039699786995548396
4.863986506155558e-05
9.436458305174216e-05
0.0002285299538250912
0.00014016920313685415
0.00016967422666913323
0.00018424589718177793
0.00015055711740681837
7.379747979473763e-05
0.00016461291734324755
0.00016402845978493163
0.00019393322596278923
0.00014956023614608798
0.0002091179206395915
6.523495702352382e-05
6.691860210377671e-05
7.825182675339223e-05
0.00018229417642828206
4.262841558175313e-05
0.000313875858057727
0.00019070950387765914
0.00039460217740706856
0.00010937194001463988
0.0004089363909012186
0.00010631704134209865
6.386941525764424e-05
0.00028346339676044483
0.00010592334976584366
0.00015382317053667049
0.00011781210287890032
0.00016748171619204025
0.00010728675594890172
0.00011198900858074096
0.0005489263465459825
0.00015065086177862858
7.772388689383362e-05
0.00011282629619083159
0.00023272092819343288
0.00010600072654738535
7.104802189984956e-05
0.0004932096924394092
0.0001509815473410452
7.262280371938707e-05
0.00013640173107631634
0.00014285964029938253
0.00019418941105263233
5.078442413666761e-05
0.0003551609720337896
9.769064369266604e-05
2.1141008273061157e-05
7.685222943187057e-05
0.00016053501351620333
0.00012089414559971261
4.2395554858165554e-05
6.275401971856977e-05
7.562770070536804e-05
0.0001686429000074067
8.364826581890498e-05
4.364047496373415e-05
7.336907770041455e-05
0.0003445370199497117
0.0001330842180478629
0.0001527002226705595
9.040697463281367e-05
0.00013843410214167015
0.00022589128759027197
0.00013097695994915913
7.364109447279708e-05
5.8363632642383816e-05
8.64904400816543e-05
5.5502969119759605e-05
0.000387290996872252
0.0002731411419811011
6.98866341229288e-05
8.125297826435705e-05
7.482640876520236e-05
8.542438039710582e-05
9.815319067562127e-05
0.00013278337608755875
0.00017454110761115575
6.021815894918828e-05
7.632100854713142e-05
4.054133822124722e-05
4.988862887567693e-05
3.6688749892156636e-05
3.969191900016579e-05
0.0002118075198593642
0.0001418148581097683
0.00015286830631294537
5.561603850588872e-05
0.0002551722437397291
0.00023283376053982873
0.00013349405293867052
0.0002820998124518005
0.00011139837201232982
2.5874487979826137e-05
0.00032044655185245826
8.882411628010097e-05
7.755217042120442e-05
0.0001884226966252204
0.0002695581294953404
0.0002589854745851526
0.00010513551541759242
0.00011003653328179161
0.00012388368381832104
6.293329173507225e-05
0.00014308475185209114
4.787376000618552e-05
0.00010282682361337208
0.00015659911726907194
0.0004222446860784527
0.0006043971482780214
0.00010109417852707575
0.00014542886924747493
7.726200166293885e-05
3.2687475795329744e-05
2.5738102758604868e-05
0.0005018617601976785
5.6121851494745095e-05
7.406246625313436e-05
0.00021491175522513718
0.00020051427478727125
0.00012425755964576887
8.405364986031479e-05
3.5353402446667895e-05
6.098843969003721e-05
4.5698720190444596e-05
7.252723370207583e-05
6.566353660857405e-05
3.576787821920174e-05
5.175267374913327e-05
7.222632771729682e-05
0.00023476270017752199
0.00013505413625547862
0.0001933266521846119
0.00016599352278320648
0.00034492923101382765
0.0004144487420965993
7.13316162159884e-05
0.00014823608948860183
0.00017507505608459868
9.054650119948916e-05
7.801061625855709e-05
8.202737894410306e-05
7.867841978070928e-05
8.755968184890403e-05
0.00021124328579052152
0.00011860685788204326
2.9739980045889296e-05
0.0001804710750228058
0.00010731214002484532
1.6673225498867623e-05
8.193026442000699e-05
0.0001152327098693713
0.00018721200972077274
0.00015714167898097796
7.937032022477868e-05
0.00013465907257363712
0.0001122000181525853
0.00021207268861826655
9.397748189688803e-05
0.00010615429886639677
0.00011760294373031428
4.326674392838398e-05
0.00017403649473043335
0.00015585085669742767
0.00014696727903142944
5.9332204873951626e-05
5.615037297736088e-05
6.349562937271225e-05
0.00017406533765674544
0.0001755824321865522
0.00019172329236597307
9.954030834199653e-05
0.00012247875449905295
6.1018796000807055e-05
0.0001839499978508507
0.00011068458017855754
4.907127456203002e-05
0.00010968334634150406
0.00010497995410095597
0.00013171148155815543
4.340830649339037e-05
0.00021232498878309095
6.37425550767186e-05
0.0003462737363284803
8.551946976670352e-05
0.00015047825722848933
0.00015633477118775517
0.0001002527046396229
4.599400404426536e-05
0.0004950554270331524
0.00020946356692219686
0.00010580498867526414
9.776578108791613e-05
0.00010931391266764429
4.801077320893236e-05
0.00016485986657627328
0.0001796386448056478
4.973032892617504e-05
0.00017978889212394525
0.00035298875338606186
0.0001080803073829076
3.270028196919595e-05
0.00013815582593104596
8.605781823677649e-05
0.000268781166456274
0.00013085171117636668
0.0004122669929276017
7.161493225558235e-05
5.3756070658761135e-05
0.00014836135217644817
0.0009880478582110104
0.0002623776270767987
7.58098772864157e-05
0.00014076090512758755
6.074436837229271e-05
3.0293085113172504e-05
5.420561529729564e-05
4.100393165320974e-05
0.00011648192410616477
0.0001165721166181166
0.0002076504296784999
0.00045761100660473094
0.00010667338783377452
0.00020926984205036457
5.094054123959378e-05
0.0001257343519329011
7.637302507628464e-05
0.00019640913395445735
0.00020696708163610815
0.00023987640860610222
3.826341297663446e-05
0.00016316914405482033
0.00010015066392941757
0.00022674069629160422
4.990555345201242e-05
0.00017625891768179526
0.00014242830303216593
0.00021678801874848718
0.00021481940874152006
0.00028632070909831035
8.882368952470921e-05
7.628244220920404e-05
6.28358444845942e-05
6.578474784771552e-05
0.00011566527673470423
3.781751060321177e-05
0.0004555999492867325
7.088899944026268e-05
5.0057988233134267e-05
0.000247096412637093
0.00010367014027589766
9.157858517952532e-05
3.1495285776274467e-05
0.00016850619847347628
0.00046063042833629266
5.254065287163942e-05
5.0873805867832425e-05
2.7444146774238983e-05
9.860149278849938e-05
0.0007224529353616173
7.441426767642123e-05
4.4409668099774344e-05
8.309181424151977e-05
0.00011279387862354029
3.880583159493466e-05
0.00012161092054472375
6.695452716863848e-05
0.0004421620572510138
6.406083443511639e-05
0.00011240393063895652
6.78734575648401e-05
7.395363508719548e-05
6.377927387055334e-05
3.9358557874902224e-05
0.0001268931121651905
4.622608668735476e-05
7.442120273303991e-05
0.00010423991812063287
3.415189606409977e-05
2.696806288792184e-05
8.7230158983014e-05
0.00013970594919403894
0.0001160263075061451
0.0002468946863178212
8.63705550708089e-05
6.895914499458902e-05
0.0001778422126917546
5.094111764298072e-05
9.137980043109088e-05
0.0001113605186673502
0.0005106648384903923
9.225663483889232e-05
5.8509444607286166e-05
5.174693966561312e-05
7.376712981299916e-05
0.0001258192274233828
7.631573585346513e-05
4.6532390241488105e-05
4.54107962369008e-05
0.00014340132057914353
0.00017307761371092352
5.567128779413165e-05
9.153143940400286e-05
9.908007799616186e-05
5.025160071180389e-05
9.753656279727659e-05
6.483875416636306e-05
6.024946600528441e-05
0.00044238743762167667
0.0003380662513626402
0.00022718088832174467
8.164580082202953e-05
8.327415525483319e-05
0.0004686779884384538
0.00013230417168189404
0.00022481707193707155
0.0002226634770649837
0.00019560936313893393
5.037739808374285e-05
0.00013588570445532695
4.7621651677188216e-05
0.00011157404331576566
0.000129726960316296
4.129173559551737e-05
4.5938945881072326e-05
7.430597811238955e-05
4.5697564866384e-05
7.15785650602806e-05
3.472936015415673e-05
3.294581563707597e-05
0.00020594153099111112
0.00019855277835824936
8.569256306694858e-05
3.2288160620105025e-05
0.00020902537644006824
6.953841640503838e-05
0.000178307158940605
3.6344356264565005e-05
0.00021232691686164256
0.00011775140958375648
0.0001556785236436995
7.561480542566109e-05
7.902428804546118e-05
0.00014018550792428122
4.659110740346651e-05
8.157863956050133e-05
0.00015933403177237563
0.0002672878692448897
0.00010607406972552559
0.0001223991821125448
0.000298155575799888
6.861722821448767e-05
0.00012360663069947649
0.00014317458588171915
9.046223316240518e-05
9.376154069430708e-05
6.08707075853805e-05
2.266695623799845e-05
0.00011315988635606635
4.3856635213938356e-05
0.00011864262848896563
0.0001241831876942501
3.489597240354144e-05
5.0319891358813295e-05
0.00019099524784845913
0.00013607940174858578
0.00015564538870314415
0.00013401777261493544
7.235381970766762e-05
0.0001902196693683388
3.7462010116577445e-05
2.9016421664426172e-05
0.00013798432418410424
0.00015646869429044932
0.0001343415684756044
0.00014919569692063963
0.00021786960177167558
5.30518882080601e-05
7.165121727294829e-05
8.418471538150328e-05
0.00011255383099058261
0.00011487362469301163
3.87565031643622e-05
5.370738697258721e-05
6.063064750152384e-05
7.862497896347719e-05
0.00014502601705532043
0.0002088014380050544
1.923919819058245e-05
5.0859011447076186e-05
0.00015071499480956286
0.00017289390033545422
0.00017091924600996184
0.00011203898399442975
7.828340724920326e-05
0.00010513626896958896
8.837435846989769e-05
0.000157053856128626
7.077265165055153e-05
0.00039308070681597107
3.649949501898625e-05
0.00010476774695892018
0.00010379635238119042
7.754489358779768e-05
0.0001079175273661537
7.956945313086318e-05
0.00010208329363549112
0.00014701896033954861
9.92432923416519e-05
6.403636874674109e-05
0.00030120683482661695
6.458332017811628e-05
3.4912312129755867e-05
3.759558511550451e-05
0.00014685773171175292
8.100984579017985e-05
4.922150638600047e-05
5.7342188357092816e-05
0.00014346261843506457
0.00011191520019906439
0.00017232928345844677
5.1920578426482063e-05
0.00016428411639874576
9.493987622524527e-05
0.00016396226881632063
0.0001448516938288092
4.850828949860169e-05
0.0004471522787092748
0.00023781239277361518
0.00010702610952288078
3.930561117787e-05
8.526665372839645e-05
7.53716904032868e-05
0.00025346411884173063
0.00010556703467736062
0.00010188266492620035
4.169007043045918e-05
0.00017576415697363967
0.00011332775145389139
5.90800984119709e-05
0.00010141007832487715
0.00025339135045278794
6.702262937685898e-05
0.00012010386208448686
7.286745018068238e-05
5.923853080922592e-05
6.162021801244227e-05
7.656726724056235e-05
0.00018953300190969693
0.00015043054413370354
4.250294695075386e-05
0.000146080339882598
7.526274769083909e-05
6.461692221884588e-05
0.00010508491315043264
0.000697521930913672
5.5654910816959485e-05
0.0001526115129083437
9.416183072270408e-05
2.8642450253852805e-05
0.00010137598999505728
5.1525579409108256e-05
8.117097470654768e-05
9.639349913268288e-05
6.628882177279363e-05
0.00011781906505923344
0.0006935772745584733
0.0001072725363897576
3.0452627466918216e-05
7.770857835547271e-05
0.0002806554693687015
4.295224109170927e-05
7.542922060756878e-05
6.490458079566636e-05
0.0005873700392524873
0.00024379107139975393
0.00011362895931754422
0.0001333766579117586
0.00011295200942193034
2.5147278557736947e-05
0.0003407967416867532
0.00021190563714061406
3.2540129699630915e-05
8.057455404813856e-05
9.99279584439082e-05
8.903340983433638e-05
7.807341590002667e-05
0.00013566998665451532
5.73702645507865e-05
9.84734490079618e-05
0.00038831440961559124
5.027517989754797e-05
4.3968909921607134e-05
0.0001676093576895519
9.265511634025586e-05
0.00019640214576441191
5.6694373957962784e-05
5.757578575340367e-05
0.00010982731038291442
5.073918859517612e-05
7.497257416907422e-05
7.560403644184821e-05
5.900431809835137e-05
4.365676898521612e-05
7.185267860988767e-05
0.00015236198713085012
0.00037135383808799537
0.00014071196511783986
0.00011205859783472278
6.849764265870948e-05
9.084108176576803e-05
0.00012126208202573507
6.209600973524944e-05
3.408631623055805e-05
0.00010140379611908917
4.188235320244334e-05
0.00012968630331691982
4.960492203610168e-05
0.0002851417962028811
8.414096419406859e-05
0.00016242841637777698
0.0003104216961296269
4.552658400533267e-05
0.00022099892208230694
7.252012109844168e-05
0.00010409745393751345
5.799654502427258e-05
6.542926396577571e-05
8.951207949824851e-05
0.00021401956656707217
8.389221647901524e-05
0.00011179750151017577
0.0001697987121542116
7.923255436208096e-05
8.889050877287113e-05
6.37949389806854e-05
3.831026204001298e-05
3.225759888249307e-05
0.0002306090215211968
6.63967284947895e-05
5.476354921618153e-05
5.313977507141919e-05
0.000149103623520459
7.111660861569827e-05
2.9791926245091666e-05
0.00012790337904557044
0.00012948014865722147
0.00014397349497490667
0.00015375068462979198
4.427939518348635e-05
0.0002520610234552534
4.640640070917189e-05
3.7270886827566285e-05
0.00013694229988054672
5.2139000610818637e-05
0.00037147640530969686
0.00014479138062042227
8.149025718985976e-05
7.327497200037643e-05
8.043230035383572e-05
0.00010575958562191759
3.8048467963283445e-05
6.643394531496757e-05
7.070343504254531e-05
0.0006554097274094255
9.813579592052607e-05
0.00023404856058850185
0.00012571470115010778
3.644082749829353e-05
7.148009771748479e-05
0.00021477807898572564
0.00010451257603702093
5.661896944987136e-05
5.689518036288307e-05
4.995761008736712e-05
3.856467087838118e-05
7.083266447912238e-05
6.251736229801118e-05
9.432802673452316e-05
0.0002977691273467708
0.0001679742805059533
0.0004328401080131854
6.733684856123142e-05
4.0435267645779944e-05
2.4472096707240464e-05
0.00013193550401209957
8.267374212271685e-05
0.0001646598176266055
7.550411433029621e-05
0.000283554094656803
0.000454451370569154
5.388377507450736e-05
4.3896785429462084e-05
0.0001038858375825929
0.00018960558508236661
0.00044142875421981963
3.3690830844740044e-05
6.9873627419908e-05
4.466471821917197e-05
0.00015550236130117695
0.0001828262370250883
0.0002457342102126
5.678612525322519e-05
7.105472250634731e-05
5.75533902298705e-05
2.7847239995317608e-05
7.233487270294771e-05
0.00015076279516216127
7.5230264215513e-05
9.635875675689467e-05
4.664861888730682e-05
0.0001778407916956048
0.00011777870019988123
0.00010478869112156413
0.0004069481582467592
7.078605494370847e-05
5.738022054158386e-05
0.00015612490785818606
0.0001046993232489248
0.00014049822770357843
0.0001039060186702798
9.376192755330387e-05
3.4979116393714936e-05
0.0001552468634925912
0.0001486875221960696
7.306322832449065e-05
0.00010004918655984128
0.00014835271594830393
3.0338837209212296e-05
7.646152056945095e-05
0.00021578694985157582
0.00011131980173851737
4.275757180936112e-05
0.00015974803555316252
6.224976031246198e-05
6.389678049726386e-05
0.00027276659937602995
0.00011078394711252061
5.0865528552098866e-05
5.59878371110125e-05
5.962553029944858e-05
4.889336245134674e-05
0.00029895810334623326
7.984449278758669e-05
6.887142356490576e-05
6.937404647323167e-05
3.7123667938146514e-05
4.644657165829397e-05
4.66076276067204e-05
5.750716300237382e-05
0.00010238407063621954
0.00015322198532126248
0.0002280466888001101
0.0006262082401622462
6.950606251820323e-05
0.000105394038795707
3.102805226932169e-05
0.00012328093624985255
0.00018213069474944408
6.476456595201329e-05
5.517775843834435e-05
5.924099326459076e-05
0.0002763614371484289
3.891566267404823e-05
7.716380197062502e-05
5.882012512012913e-05
5.941834412062864e-05
9.778331679930846e-05
5.7972925194141636e-05
8.391097422371337e-05
0.00017308472417414415
9.73865180989938e-05
5.3519818674005697e-05
7.659911063343478e-05
5.549761842394584e-05
0.00011778963773090235
8.747057465271638e-05
6.463059875402264e-05
5.794099271041479e-05
2.703527605188993e-05
6.531392822896021e-05
3.448309272953862e-05
0.00024127430441506491
3.00093778070736e-05
9.832686747028143e-05
3.7022713966989465e-05
0.00022123062663792928
0.00017570979423909463
5.9833980572926244e-05
0.00015264830040982475
6.626038717087231e-05
6.785830379740288e-05
0.0001294531716252742
6.027871049530174e-05
0.00010888933584864139
8.447175721981173e-05
0.0001095517628598479
4.869634461050991e-05
4.163238939060631e-05
6.205045568799974e-05
3.872787625257151e-05
0.00010060553190213554
4.7631813980450044e-05
0.0001112487563576711
3.727210816650648e-05
0.00015627166033167983
0.00017178539711954304
9.11094137724469e-05
8.761435696102436e-05
4.317894565462175e-05
0.00020570152507341964
5.789858286696434e-05
3.375296568277578e-05
0.0003366759430215191
9.698008935491235e-05
0.00022708312734756963
4.987095054770782e-05
0.0002902236563474028
0.00012477619358674524
0.0002499913934076913
4.826265296864681e-05
0.0001625902930497381
0.00011437830372519358
0.00019718421889425847
0.00025936049898490655
0.00016712371084329775
7.65524834489722e-05
9.852343925125423e-05
5.828000557824748e-05
3.5113089056414635e-05
8.323914179517754e-05
7.419236496685703e-05
6.001038243791991e-05
0.00017853921723863788
0.00010612989744087461
8.767540107046711e-05
6.925931085738475e-05
9.175082814936954e-05
5.711570585993337e-05
3.15646246547475e-05
4.23950731647436e-05
3.651993531117116e-05
4.6518647424891636e-05
0.00010898826945956968
4.3798756359241416e-05
4.026160851505781e-05
0.00019103851777939757
0.00012506777160560195
3.779018008775621e-05
4.301831938813514e-05
2.8445304761329728e-05
0.00014834138834415801
0.00010549124982720025
0.00011247415672711216
1.342679954745635e-05
0.00015250335157191734
0.0001474213751902336
0.00019152902112513958
4.0378033591928296e-05
3.010971725517093e-05
1.7824720064686768e-05
4.1224907141916296e-05
0.00012366580422791816
9.253292028248679e-05
8.27806054602369e-05
4.061264573375667e-05
0.00010861595920777846
0.0001341174372671317
0.00010328545428784772
7.046295460456407e-05
8.063892719006333e-05
0.00023997925784977173
5.453648094161476e-05
7.233291168547388e-05
0.00011301704015572222
0.00011742997150624415
7.393450664100157e-05
5.371328242672771e-05
0.00017467532710462188
0.00010163884860588744
4.7998951492702374e-05
4.705301196179875e-05
5.869123120728548e-05
8.33217318908055e-05
7.161819519683774e-05
0.00014771616889356617
0.00010508242875449101
6.214134865855476e-05
7.199418636481528e-05
6.936543866097974e-05
5.565591108603069e-05
0.0001652635625034811
5.209711395774273e-05
4.153487804921247e-05
0.00011196632437468413
4.729555843153032e-05
0.0002456206211305748
0.00010291716492258715
8.600280056751957e-05
0.00016970058071767553
0.00014182849394988735
0.00013558200788294061
5.444337389527031e-05
4.1981388980322795e-05
0.0002063876016038833
0.00021286601204998897
4.891751064229461e-05
8.067200857659095e-05
8.484491754902877e-05
0.00011723806373216509
6.0505089972489085e-05
4.736366328536822e-05
3.603134513217096e-05
4.655108500524771e-05
0.00019481456574367987
0.00012846451224445934
6.537741247581495e-05
3.215447349188693e-05
0.00020729793705720115
6.81703621105055e-05
0.00021865676717162884
3.555065765437855e-05
0.00013121551932712377
4.7890614794548824e-05
0.00015201956835620125
4.0047302788765155e-05
6.554624184850737e-05
8.973642449117317e-05
0.00013945133285393085
4.062555085498756e-05
4.7403468783642946e-05
4.730171298133785e-05
5.946612036132236e-05
3.873239737306796e-05
6.753793160776019e-05
4.187371127307839e-05
6.058415156081217e-05
4.9057489998921404e-05
0.00046533808416701806
5.273208662820273e-05
0.00011870691121674938
0.00024061044620293093
0.00012214215712517225
0.0001697118239592816
6.66713982034631e-05
2.320393888614861e-05
4.1759161002370566e-05
6.438126158547785e-05
8.61113748458874e-05
0.00010192849089546161
6.103330761387047e-05
0.00018022741405855947
5.4544305570142084e-05
4.401010362284176e-05
5.346943640297193e-05
6.813731640474659e-05
0.0001608848375085368
0.0002503783575904705
0.0001185608821703624
7.107259719241824e-05
0.00016861461417259465
6.507055590853871e-05
4.9665035532609e-05
8.763318660124511e-05
0.00018413462512677724
7.594631806227326e-05
5.3131372861203904e-05
0.00019233728186816848
6.525511049493219e-05
0.00032957059966178903
0.00015444078872895123
0.0001273486212654055
3.346736758239885e-05
6.203153965473852e-05
0.00018368373444126277
4.1845810383884804e-05
9.690546001520149e-05
6.974274809736896e-05
7.685549432490646e-05
0.00017022657152208445
5.543703449599955e-05
9.212470048311371e-05
5.1792695084856055e-05
0.00010968771488048858
0.0001291033901661845
0.00011431396250721103
5.261292549140176e-05
2.506374755134655e-05
0.00013023739685491756
0.00018763929711162168
0.00019388085397342565
0.00012050941450255647
0.00011782994161982183
0.0003398105500162782
7.779875855866868e-05
8.494347549667868e-05
2.4403425847629305e-05
0.00015616148725569959
4.3301739048096874e-05
2.8723912613615083e-05
0.00018958473056300402
5.845436051381424e-05
3.995233422477338e-05
8.41318465785186e-05
7.963684031722296e-05
0.00011690033929953124
0.0002499889724097769
9.18114753115935e-05
0.00012410631878194008
0.00019526465722262586
8.444491528808876e-05
5.858313856264976e-05
4.125344543564499e-05
4.521099295511693e-05
0.00023574804396848178
4.286505525465066e-05
5.517734479579402e-05
4.9655310770965275e-05
6.327338752645594e-05
0.00012223229979514355
0.00015275630397344623
4.279984489817494e-05
0.00011625409939711
6.959371483084358e-05
9.203455429387234e-05
0.00011704240403649378
5.79901689356897e-05
3.4750435863800365e-05
4.3144735283575046e-05
7.700087451777727e-05
3.067928349641719e-05
0.0002563242610168628
8.908771186919011e-05
4.2067361500771214e-05
0.00010691610718627649
0.0004799638566741722
0.00013108745716953807
0.0002461228527260042
0.0001991494848273815
5.1957617679121796e-05
7.387534143256128e-05
3.297520012935751e-05
0.0001152807233875498
4.588254374991671e-05
0.00017368231746173855
8.655397900946156e-05
5.0325842271893524e-05
0.0006179380520653058
2.8474050187911202e-05
6.859952120589837e-05
2.3304753400124787e-05
8.752656301511978e-05
9.901199621703565e-05
0.00011581792783933561
8.66260663223496e-05
4.57640822523391e-05
4.615595349382482e-05
8.320842453251e-05
5.2770487562899516e-05
4.4322553833478156e-05
0.00017349803978100294
0.0003575164741012677
0.0002240153660360641
0.00010468631810464607
8.544527957060178e-05
0.0001076836525994168
6.784128203898534e-05
0.00020808803505470704
7.399963102452076e-05
9.82976978989933e-05
3.308046005829451e-05
0.00011495978476623912
0.00015349960251294682
4.142162314514951e-05
5.404932543310141e-05
0.00011882233787309026
0.00012434342799359942
6.271450803921844e-05
6.901334447895697e-05
9.443194347717587e-05
6.071279990231897e-05
7.454652949102833e-05
4.164695651251855e-05
4.476028754687465e-05
6.386116746159889e-05
0.0001353629703847318
8.509290532334395e-05
0.00015073960343187968
3.926005781916292e-05
0.00012349437495187305
0.0002552809382626208
6.979431124910714e-05
0.0001340692530136252
0.00044340220855430986
7.771778121129895e-05
2.8602822692745632e-05
3.777001519744458e-05
5.936147149229121e-05
6.232083603195584e-05
4.8256172689431284e-05
0.0001667259381659411
3.534748055323282e-05
3.367468687725287e-05
6.504206890325828e-05
5.214639398329881e-05
3.0098529124332662e-05
3.270231056905146e-05
0.0001550137745267057
0.00020574764483126894
8.844101337902304e-05
4.683014355574756e-05
2.930571369986523e-05
6.270522846071626e-05
0.00022298014322615908
0.00015939450952607976
5.969083213154452e-05
0.00011899349007191583
0.00018718295711696837
0.0001755048919830054
5.1748536700137335e-05
0.0001069464795577912
3.059532862873428e-05
7.270365021918616e-05
6.760442103512096e-05
7.611759192253246e-05
4.2163420718903925e-05
1.7327234477613102e-05
5.9587022774103964e-05
9.481691191724531e-05
0.00010070050325101511
7.033110982201418e-05
5.885998563983564e-05
2.9723127308550627e-05
0.00010621020021934493
7.38783530859748e-05
3.875400037452622e-05
0.00016628886202614036
8.99187686448395e-05
3.129076248027297e-05
3.229808133540547e-05
7.588159617765244e-05
5.5959332583977615e-05
0.0002098986330710253
0.00013116449423644807
0.00020844626754303356
2.785375764180472e-05
0.0001296987777178031
6.990282938893863e-05
4.000575324490277e-05
0.00011395561008624985
5.7256625177241886e-05
0.00013616864485500312
0.00012994204232989748
5.0083946822586034e-05
3.687121032096263e-05
0.00010396220266865987
3.844997767169202e-05
3.989332996164521e-05
0.00015522041429385855
4.563920991021271e-05
4.838782001562396e-05
4.922652315193109e-05
9.872789823202693e-05