0.02004435357727945
0.026661996447943676
0.0520225466774921
0.01974944258573047
0.06665561322752017
0.06188057832687786
0.06852046581862223
0.028156326628680943
0.09101465293270412
0.09748118907374959
0.035248737066382776
0.023568002007484806
0.012431488800731303
0.04981250173234689
0.015607412485240375
0.007422939150177124
0.03621739372842538
0.014334496699039774
0.007099993074863541
0.01013068386677272
0.0062315939678543545
0.012580007524174113
0.020558091134496373
0.0046799995913704715
0.03787510136883782
0.010052251788616318
0.012103712061616721
0.014267150076254089
0.002854376426640042
0.002254949237921044
0.01654144562805666
0.005029087766865105
0.013742375068412497
0.012033929482290847
0.025385111333868005
0.010317401315471382
0.03104855685432723
0.0062267952258428
0.0012302051828339063
0.009199448082459595
0.003846730424299264
0.0040993722018167365
0.010245905569075434
0.006699581374950619
0.0051068600078865295
0.003845417990966633
0.010936571279745422
0.0011893631222663571
0.007804219620800173
0.01316033930256727
0.004124303367898148
0.00874381374956113
0.012648169833413204
0.0014587232084772638
0.0037276370158331453
0.0054944497373992
0.005544057047318857
0.0021714472976980806
0.0032223527208713625
0.003795911243192256
0.0025270579409231897
0.007430558117623301
0.0021870919404890655
0.00355997146316434
0.0026161042233448046
0.0078434790623204
0.011799452982858508
0.005645999391803463
0.010244357285491024
0.0021930611181544667
0.006593466011315725
0.0023651761719741923
0.012185470592042669
0.0034945511724943936
0.0031011897197381804
0.0021934679702162265
0.006176891215187363
0.001890704966669953
0.007376580356009534
0.003367090139457902
0.011442962317283483
0.0020891718544947084
0.008822914393943808
0.005056801337003585
0.0019815519318510445
0.0034964936848273552
0.005759795987907
0.0027822878290387275
0.006325831280194014
0.0030693010480683635
0.006840118639546187
0.009525891920317562
0.001801957897457479
0.006832236760264212
0.0016159794793272817
0.0024100009658683716
0.003155821414323422
0.006252555324004399
0.0014600330323117255
0.0027377648980558807
0.0030681134092436207
0.0016582161486525832
0.0025706555690092297
0.003223367492075884
0.002917883416800334
0.0024849456213351063
0.005656500057843613
0.005048877424322725
0.004394908911609711
0.0015505814957092415
0.0015134428977398972
0.00048017592978124397
0.0011203424217922503
0.0031516034459927273
0.0044391574711352706
0.001260602290471223
0.0020631281561342726
0.0019965729194533796
0.0009054526839950036
0.002377849170287828
0.004652681900967381
0.003339671358625614
0.0006176164030315454
0.004661256256060099
0.003075959189823255
0.001809090512945014
0.0011402813517245108
0.00229635995791631
0.0022029546288833694
0.0011664153764583652
0.002591599547259635
0.002533649634875543
0.002101550440281435
0.0031035619068841337
0.0009608658022895145
0.0013523372331099661
0.0018179009375645938
0.0070346643939388385
0.005705874084407938
0.003936667550236881
0.0025280013641785933
0.002263618653385586
0.0005913257273799508
0.001383151832304329
0.003270512842497068
0.002315525731927756
0.0005260005524334509
0.0016230817042720228
0.002652430864901573
0.0031585158095986054
0.0012312437633909149
0.0010328187771492421
0.004850381257110014
0.0010446905617585785
0.004348593446348736
0.0021707992865587075
0.001734892844350688
0.004742178934608566
0.0027742602694773096
0.0009654938879945219
0.0012904797914265011
0.0036429290017068613
0.0023830117536058106
0.0006887436281481155
0.0018936897248468384
0.00014539443422900136
0.001467005461777362
0.0009266127248449523
0.001354391176428469
0.003365621214341709
0.0020845090228371406
0.0033112475427391386
0.005375294780317334
0.0027427599658466067
0.0038920325219761504
0.0013052677455908815
0.0006875046092997393
0.0014712549292411777
0.0010679212295495854
0.003898838172550276
0.0021939324243974634
0.0007203764857826193
0.0006718855716623219
0.0007643989599830344
0.002016602375644987
0.001577417249139602
0.0012039897039289125
0.0002751910574944715
0.0006119536322834886
0.000763723755445629
0.0018156533867912238
0.0007337225446904787
0.0007911517310795629
0.00029070562809501755
0.0015491218101180183
0.0004751863218194845
0.001100894057068452
0.0025712243566004796
0.0014428342919162336
0.006675473389800274
0.0014208471870967485
0.001443840427001993
0.004488604994984474
0.00046996667064191537
0.0021777350024803368
0.0009617456728107076
0.0025782544131011664
0.0006270799331544005
0.0019366730164378859
0.0003241322926642057
0.0015937672293967206
0.0014025654096994655
0.0008429142493638789
0.0018335973222710757
0.001239666399964987
0.00042289156406230397
0.001577709549681192
0.001352842112160441
0.0004766002794589799
0.0014768221379819347
0.0006915522877941356
0.0019331057876497961
0.002257448949337649
0.0009411409408208595
0.002015495435574201
0.0004983906260374168
0.0008078250372169914
0.004775835944187558
0.0005844515605876827
0.0007671541827425949
0.00016163377454564193
0.002206403082041439
0.0017886905353819936
0.0012217284079631117
0.0015536991560756506
0.001606850222748137
0.0011361337629665965
0.0021695321225090915
0.0005669210758371994
0.0011223918115966943
0.001633651286170891
0.0007969451467803985
0.0005638474840755685
0.0009255741274394141
0.0014155577231623067
0.0001452083277261123
0.0017829455037850408
0.0010683830417572476
0.0005155746523817683
0.001913717695547479
0.00360308453166689
0.0025278572368867577
0.0026257358475587664
0.0037049801799220817
0.0019300622269275613
0.0016056646588890357
0.0009851871986446944
0.000900909516248881
0.0020884218959168876
0.00028049302213868757
0.0013061688524997352
0.0037092437223562496
0.0009110806060360033
0.0006454335130390986
0.0007447347126726582
0.0010098789837869398
0.0006182718423263286
0.0005442172373039593
0.0004787004226647259
0.00150288919410972
0.001550807794122217
0.0011120966244876193
0.0010814525045516649
0.0012020858440091374
0.000311574927663172
0.0024914190873070226
0.0026224890856289718
0.004095419896560022
0.0017928229448487905
0.005053892936589683
0.002080701635993144
0.0007295772943807279
0.0008372773587664488
0.0007553494934891455
0.0012069107638812634
0.00051386803749403
0.0016806490274778071
0.001375614084645324
0.0019067799433245187
0.0004424494378025964
0.00014875081776769754
0.0006042696135432614
0.00046148903759917696
0.0003614748452325908
0.0004846678779118595
0.0006903141351142643
0.000725570024098861
0.0001862624210665832
0.000589742589364841
0.0001787561875950018
0.002073117340511618
0.0006566438755016985
0.0008929411718294955
0.000930414486310048
0.0012984132143298449
0.0008302049230225687
0.0006680738106873467
0.001849120675796656
0.0006394401987871181
0.000346373681251586
0.00038427836803472227
0.0015451938508328257
0.0015486983663768354
0.0013182983866595205
0.0010098948071024477
0.0013479737115202075
0.000306682949302386
0.0016609471131098605
0.0017350769445422156
0.0007068028903804981
0.002366548119796088
0.000724868620607025
0.0019358051980514657
0.002061888003889672
0.001144042454621938
0.0015748196704462702
0.0009550042328055045
0.0001755545667728694
0.001209549812518115
0.0010945343752260758
0.0005271729073246809
0.001967147872687146
0.00031510002444261364
0.001710879716816749
0.0013938687705791516
0.001475330053997779
0.0003202486770606713
0.0003647571427861912
0.0012636666367376423
0.0006803156892088699
0.0018293482281975
0.0006520931201962498
0.003071291925146837
0.0006948803670486514
0.0002490428049010224
0.0015770881324198456
0.0007081212909611831
0.0005373294759175198
0.0006284589071125994
0.0004209338780764172
0.0012443993366597756
0.0006063071744329631
0.0004393534116990692
0.0006897946441144112
0.0012293732313206304
0.0009521264360423076
0.0034563304434119765
0.000885025056046801
0.0004731356319254344
0.000573696189792416
0.0008030740929562976
0.0002693424552014798
0.001353710779254364
0.0008636928331750875
0.0004901575840853775
0.00048643521518772963
0.00102784001014413
0.0007792462170361093
0.0022719096545087874
0.0011213458554992972
0.0013469064715902347
0.0022620331046757786
0.0005354491050428637
0.0025173830902501175
0.0012629686083077097
0.00044812679830002393
0.0005000602708414162
0.0003632416828701345
0.002151409707359187
0.0007464348732132259
0.0006340478993224372
0.0018777237802210702
0.000621530741858253
0.0021457058008312233
0.0005357553621537731
0.0003646522006307015
0.0004622275034789929
0.0037303266271656215
0.0014233567644429067
0.0014194664596563545
0.0005356878681954612
0.0004734027926118807
0.0008551368035285451
0.0006626781379549313
0.000157502504745013
0.00035459915174172084
0.0014677421115272366
0.0007752695676973183
0.0025102225599768838
0.0006360764246879765
0.0018451407407932743
0.0010890025636767916
0.0016384777136649123
0.0018711168808593147
4.996194658195972e-05
0.0005510304350625326
0.00014876774653194293
0.0007192449716821411
0.0009107061321347911
0.0006062028869589576
0.0006319159575083769
0.0020543814061908354
0.0008081780393069836
0.00026798702535978455
0.0012961205548668987
0.001115222170417304
0.0006556127251442356
0.0007200532917584635
0.0018526467044411151
0.001022024390113225
0.0008521360302601371
0.001003487349322294
0.001545342077563898
0.0005869473060185205
0.0008659873794885987
0.0005046861900430515
0.0007575660099223591
0.00028987915814958034
0.0016071436491078553
0.0019444988975593556
0.00036993705928369387
0.0008001736100885803
0.0003435216843939953
0.00024200253937580515
0.0005195555136824892
0.0004943521553076211
0.0005634592607544751
0.0005944882788870985
0.0005957291892217118
0.001008417899833733
0.0011764479403550082
0.0023699950208933536
0.0016728808720599675
0.00029428629840727116
0.0016098243016594597
8.569511787405179e-05
0.0002268156164036173
0.0010524527155789563
0.0015553014135038182
0.0015704266904298196
0.0006235115294446366
0.0005928925590435544
0.0008124849731657338
0.00029706320637341366
0.0003930803955046751
0.0001697797347330081
0.0010557737212735711
0.000777880550068256
0.0006368568730939336
0.0006379927675669077
0.0005729575225362717
0.0011320876958164393
0.0003673790572410435
0.00043953094576645364
0.0004491776164842246
0.00015723854644116863
0.0003587407769934245
0.0019639684131914363
0.0006117372802508257
0.0005672584517511148
0.0004965159100771681
0.0008909523346180651
0.0012646323812374465
0.0010853227092523518
0.00019371095314296038
0.0002695806037846924
0.0006745208952068211
0.0008822202404409319
0.0011358677228815962
0.0006238703969460363
0.0003033385377069481
0.0008829857082174419
0.00026634995869241883
0.0003808755914814539
0.0001366322271206201
0.0008730140768876565
0.0009242449103506078
0.0029862662889682855
0.0009991722800965096
0.0026418953057074945
0.0008518648757462942
0.0002531372222046298
0.0011116972064086539
0.0003827508440390227
0.0008529689276646653
0.0003252961693664146
0.0006251407184228798
0.0012350445694431073
0.001355805212244878
0.0005147099569084041
0.000448197499835864
0.0007100156482577565
0.0003937566768797299
0.0005141260366048683
0.0010774290172716953
0.0010258980956133704
0.0008981944259615091
0.002399394534956903
0.00017615026778979712
0.0004655658231403962
0.0012851614883237353
0.00012122080756614322
0.0009107580626147138
0.00015138632267504593
0.0003791305530600199
0.00040246189339810886
0.0005293420117182856
0.00092866274879006
0.0004220884513639092
0.002393191933650622
0.00012153176097817565
0.00030273875512233975
0.0005406295040556623
0.00031694951589191064
0.0007271998197583922
0.0003280420970359144
0.00035739647008421597
0.0009791497377227142
0.0009705166292072973
0.00030647066121223897
0.0006874496662117792
0.00020455248519423677
0.0005618148803961447
0.0006950151911343577
0.001140049682420567
0.0005030534029077272
0.0003952515073996581
0.0011546236384290306
0.0010824259774042935
0.00016446850382143214
0.001198562645726673
0.0006771789483082006
0.0006331242568584505
0.0011512752844392371
0.0003466580658452705
0.0007926225082202609
0.0004431339585433421
0.001628368743116687
0.0007646322495840806
8.382827528218404e-05
0.0009455301140242687
0.0007383625797451887
0.0006313357326859429
0.0010981649277934699
0.00035431868852367623
0.0016633817784581794
0.00027288996464084226
0.0006112000398197207
0.000409527488687107
0.0008775971564020803
0.0006695609043235221
0.00015970822518470177
0.00019084742749149369
0.001629424065173131
0.001105190929364973
0.0012376460431098898
0.0007276573952903453
0.000725719630039233
0.0008479851528574278
0.00011067595229723073
0.0026497919118382996
0.00040293930672188563
0.0006054517996342946
0.0011384281286107678
0.00034531096861361844
0.00011448962948246134
0.0006195032013037249
0.0003812422438520183
0.0013276447576447195
0.0005082062761693734
0.002132066807171297
0.00026703818194912497
0.0009097852509402602
0.00046051782031865184
0.0006242424105726491
0.0006193712788423252
0.0004584856683635775
0.00016652469907211338
0.0011943244835905314
0.0008981663562626087
0.0008445754459613661
0.0008852859743976434
0.00011751390394059077
0.0007585030045113295
0.0008518485940453598
0.0010095075406937124
8.308313476908377e-05
0.0011991736983378524
0.0008586268885606322
0.00012405311108939316
0.0002767354508562481
0.0007280640048456678
0.0003696849592717289
0.0003051177028131007
0.0009280277107784437
0.00015179447948246756
0.0012972210536505704
0.0004304290239685144
0.0008227143670352188
0.0006409011489778069
0.00039613229094475147
0.00032733596517644104
0.000771987704335427
0.0014780811101666636
0.0019045396466232337
0.000150708319016467
0.0011598158108147905
7.920932486799444e-05
0.00041475099043688086
0.00022482885929710404
0.0004986325263586165
0.00024212061079212103
0.0012977905135791736
0.0009621783266709552
0.00028244791788857555
0.00045513680732905227
0.00034910410737784396
0.00028585210488371815
0.0006370086731334986
0.000963748923767633
0.00037317304715393465
0.0014085369173739697
0.0009112179077753686
0.00018770657271412924
0.00017503892416693417
0.0002884233417556294
0.00015240229952443192
0.001878115441702109
0.00023615507997888893
0.00020278938562597794
0.0012580650055291523
0.0003673275156415115
0.0008108219130765463
0.0011400379727595342
0.00016862430405275718
0.00043012262869381436
0.0008834088062647832
0.0003625258063898991
0.0008076556995252714
0.001484762041715622
0.0004340707467914766
0.00037212688717173665
0.00013268130151544274
0.0006668945582968741
0.0003591499560838707
0.0010585731181523294
3.938181140153783e-05
0.000523377352964867
0.0009349180496808381
0.0004617769576289543
0.0007380159607256999
0.0002937345689348118
0.0007165383210340702
0.001363822888661175
0.0006144865113639964
0.0009187600260246662
0.002324628925330224
0.0008753090809752502
0.0005706888378562069
0.0003265899129614949
0.00034543599228822826
0.00026807651044489736
0.0006806430557228529
0.0005611869294521857
0.001308872134346575
0.0007750090500927641
0.00069606982977536
0.0005140154988495048
0.0006860250739972866
0.00023091361158282143
0.000547936813026093
8.451387027533211e-05
0.0009960035993622648
0.00026291501889166223
0.00022454049411660458
0.0005320302433393284
0.0005382678587638297
0.00024582169512071583
0.001705393359365509
0.0008013642999967195
0.0003213236850782412
0.0001657330286490218
0.00019898582752422714
0.00013782836582136403
0.0006798528253005288
0.0003407050090338279
0.00039360663415931004
0.00023583315685843877
0.0006694016255987052
8.579014698335419e-05
0.0007460083696970548
0.0001661723766541569
0.0008898127067509522
0.00035253637446570283
0.0003517523225924798
0.00030776647105354394
0.00012295354304216817
0.0016655171626339738
0.00027133149219167547
0.0007291551579498458
0.00020875241819596748
0.0003299415327038882
0.0006168750406224359
0.0002233527311798167
0.0002489990382315135
0.000707964806144218
0.0009320741019254226
0.0004630642242869499
0.00035657666151901843
0.0007407708293795749
0.0011750006063504976
0.0003432728170277789
0.0006923620104333534
0.0016281517838029418
0.001198274704881647
0.00036215662916299653
3.2709536210942714e-05
0.00030035793594516177
0.0005561279632044549
0.00023873752318591228
0.0002271658804780743
0.0010885661409578676
0.0003422405413053595
0.00011654028589362997
0.0005346031955138113
0.0007426097177021809
0.00047146821877719206
0.0005827569103337777
0.00150589449835176
0.0006345576767475603
0.0004010843119766369
0.00041026026453109356
0.00046274212386728604
5.750362678324127e-05
0.00023306252576480075
0.00024787427201770435
0.0002857107156421627
0.00025792807585300095
0.00024778325985814684
0.00028602511327233924
0.001658322524773567
0.0002971278220920851
0.0009082670593021765
0.0001739633438643941
0.0002550218012542045
0.00039044521233053543
0.0009653862409885216
0.0003402783550558207
0.0011741522997577893
9.692676983156758e-05
0.00047397010474761454
0.00030493317370627155
0.00022096476831240803
0.0007499246391642857
0.0003443145015109758
0.00017107600302096188
0.00041991557428446084
0.0006483240552832598
0.0009658468225533308
0.0004903539715308021
0.0018020330283790816
0.0011086473972343345
0.001320313306543133
0.0011246917827442244
0.0005093870804483715
0.000635171911503854
0.00013471843707932993
0.0003693633901827676
0.00014099222587443878
0.0007535499268256891
0.0006352407673579274
0.0002451023313016951
0.0004349278895421944
0.00025626125573806053
0.00027652274441351447
0.00045806760082685625
0.00018545031132571104
0.0003178674789726056
0.0003098124542149089
0.0001493562723197403
8.167603855313441e-05
0.0001934540269871816
0.00011101472571652414
0.0002783313483975084
0.0001841761046392565
0.0003996486557437492
0.0002486942852189467
0.0004595572166232657
0.00011114831238176314
0.0002056481615058134
0.0010969596191713594
0.0009247037916465589
0.0008092483744049713
0.0002990806505895489
0.0005008020194518766
0.0016506624145107742
0.00021428315055193608
0.00017070536591612346
0.0009776167176455497
0.0005957800800520977
0.000796466034812337
0.0006467762309602445
0.00021745810981085427
9.097273312371611e-05
0.0008653069004073933
0.0009168659067119824
0.0011556128990743955
3.5379287267167425e-05
0.0004371972928296382
0.00023278819462207615
0.00040202283027861694
0.0002582136601779779
0.00017086807388072895
9.435779060019113e-05
0.0002438376210126115
0.00035319599008347104
0.00023927548509460766
0.001274710993610388
0.00010311003924171562
0.00016494989387409338
0.00011924040714147309
0.00035734717714223815
0.00017821037212129606
0.00014329791197137005
0.00021680693583232371
0.0002677424051058336
0.0008729027152464772
0.0004030375851459882
9.071084835792719e-05
0.0007108407444203421
0.00033802285336410166
0.0005060719181554818
0.0005396517667429055
0.0002210714757154857
0.00019474163953297273
5.8904648064627546e-05
0.0006151151184196972
0.000524895985343139
0.00031608852280833256
0.0004153353466542093
0.0005481046293052464
0.00012291757191285255
0.0006057678010125363
0.0002715147976894141
0.0004486208509551951
0.0002740587703100165
0.00015668290297304508
0.00018193434150485719
0.0004627759930767006
0.0004925441378918295
0.00010039828350337229
0.0003488921672998844
0.0005145078914347458
0.0005666768327180588
0.0005892921167238795
0.00029943602153579787
0.0004313407729070346
0.0009381782910298606
0.0007441989524745296
0.0007176496542583293
0.00038242300440935413
0.00014442309171526624
0.00010201120140405727
0.0007736372359860748
0.0007374460013667313
0.0010109736221543503
0.0006857007158153385
0.0006203669402946334
0.0005336139232448548
0.0004363786483763363
6.703337249431922e-05
0.000415426355980987
0.00025149411055406325
0.0013572047653449585
0.0004946656476650409
0.0003707307879075734
0.0003730117574029626
4.741965175436564e-05
0.0004679940182266602
0.0002396814210693137
0.0005743021840156342
0.00017767204632528882
0.0006823933647310948
0.0003501860896948828
0.0001576618801554324
0.00012051024616402208
0.0002771769241248976
0.0002623122405253938
0.00014825423521888374
0.00016767782012771533
0.0019674038274394706
0.00010028146516383678
9.334710499218537e-05
0.0002250349487586715
0.0003462495675407571
0.00044158327652994576
0.000762180488266015
0.00015292716676083967
0.0005667793251749061
0.00013041782657507712
0.000350566136237735
0.00014363260587760122
0.00018818627799580033
9.043187897817989e-05
0.00012532957990580117
0.0005939960218861156
0.0002817794645628941
0.00023058828694265447
4.101041576443297e-05
0.00027899760050588846
0.0002192290519170423
0.0005493151405831141
0.0010547739573528697
0.0006614567301363531
0.00015087053588044044
0.0005973333861014448
0.00023600559200477887
7.639277497468055e-05
0.0006283745016569487
0.001022630049011423
0.00031158121181310363
0.0002374487584132887
0.0003089514640215818
0.00027742263831180726
0.0002866173056668784
0.00044029986952855496
9.826879253980118e-05
0.00023813409690753008
0.0001663218390250938
0.0001874981122306733
0.0003512146161197761
0.0003659937397955126
0.00036595945060205763
6.20969610258439e-05
0.00016009900092101776
0.000426074397892964
0.0003891283337147611
0.00046894006249153044
0.0002891606491557241
0.0001935466370900435
0.0007745852361073907
0.0008902419277996795
0.00010947031425447907
0.00011391080268512381
0.0005409024698862641
0.00038563285986687894
0.00013376851782747994
0.0001018102211397477
5.497350810795499e-05
0.00029857516944803517
0.00030712997372131935
0.0003372728606555476
4.637861649362397e-05
0.00016265449409188736
0.00044065189401803275
2.751916208246385e-05
0.0011931650274928356
0.00019153274245569315
0.0004755060753993171
0.0004958675654068469
0.00018296543774607373
0.00023656812929820717
0.00013301031605744774
0.00039817293189884745
0.0007560169314946082
8.105903005443203e-05
0.000685339055114231
0.0002107370950385999
0.0007938844681505165
0.00012088555938799292
0.00012917533096977213
0.0013887103471094257
0.0002437729174642641
0.00027830143709836407
0.00016632201188857752
0.0008612782158741783
0.00021600204938709
0.0008975534756727416
0.00016930795566203746
0.0001535639536506098
0.00032146858862311037
0.00021615011114297966
0.00030621256761236503
0.00030583838840139943
0.0004863463030241355
0.00039516832446706926
0.000517379224750717
0.00019759015113033406
0.00047824812959528727
3.818388313660078e-05
0.00029446666093253153
0.00019457146909387205
0.00033022885553889576
0.0001257749409104636
0.00025986371593172725
0.00034792985145763695
0.00013835330892413586
7.89408294738223e-05
0.0009281167196698632
0.00022997451664743252
0.00010926619701145894
0.0004737420930791748
0.0006496800564800764
0.0007971708492438117
0.00048185510809935835
0.0003249182100704911
0.0003282659582451632
0.0006042434776758117
0.0007662211131926222
9.826339757555294e-05
0.0003732459350315752
0.0005731522802021927
0.0004143391651258215
0.00019733171392815913
0.00023785880833064263
0.00024947989804937617
0.00018887462448546107
0.00044645439236989525
0.00014291443505756084
0.00019797763870335177
0.0005430594000818556
0.00042462992695842586
0.0006689325950945855
0.0010599754238636802
9.359547018830887e-05
9.143573709411753e-05
0.00010645256064883823
0.0006820242196004743
0.00034662241782555794
0.0003130741468924405
0.00022354247953891603
0.000211752262330676
0.0005259162296656968
0.0006254926009511361
5.156809613517481e-05
0.0001254910119800949
0.0006554647317835459
0.00018162523106925331
0.0003220667933440797
0.00031688682591534225
0.0003677260802434223
6.752374552189937e-05
0.0006061736609580376
0.00013782500323102477
0.00014778383517071188
3.9851668051191706e-05
0.00020430110107473942
0.0009950914450434368
0.0011344247269832566
0.0008307496044327299
0.00011992597118619391
0.00027728359050230577
0.0005397470897328114
0.000400244630555115
0.0003642236705880959
0.00020390105447998266
0.00043014656363751205
0.0004730809423454395
0.0002465080683963122
9.059112132286117e-05
0.00016419143584421041
0.00021153246210639303
0.00025787600777342154
0.0001843275179960395
0.00021393648061277665
0.00025999872991071027
0.0001503612617102005
0.00026857354800346626
0.00021953669069088883
0.00017702966941561925
8.472322053609643e-05
0.0002969369801656199
0.00013771727510428282
0.000255190115951577
0.0005472791515233386
7.297289938688226e-05
0.00015442190684860802
0.00015363001125451807
0.000349619018730586
8.003993196696183e-05
0.00046258057677932014
0.0002571880735873182
0.0003162306828061822
0.0002598259738146162
0.0002508146253939536
0.0006579504749827026
0.001149801178473715
8.317821038897167e-05
0.00037709528753230903
0.0004527239576564864
0.0007136938511716153
0.0001355205132771086
7.202387417173441e-05
4.085289524234607e-05
0.0006736608640617155
0.0009411747160806476
0.00029927905626555646
0.0004517984867643284
5.939715695872457e-05
0.00025074368596728617
4.886613697734622e-05
0.00023689601627134116
0.000764473526970295
0.000715459602475148
0.00017419799844054843
0.0002477375983698965
0.0003275113891168536
0.000206678070281207
0.0003360019131098312
0.00011013567630954454
0.00037171358106508567
0.0002221445170308398
0.0005188716216289325
0.00018223361812475954
0.000577434816374865
0.0003624574006356688
0.00011333729344269103
0.00011678391644757284
0.0002372078440054647
6.0220583159117e-05
0.00011525843676728088
0.00011141942201156327
0.00028117972375507546
0.0001531263985289104
0.000144720384159331
0.0006146062040587187
0.0004639999130573893
0.00023606643568402632
0.0010217251872071962
0.0002438353440305115
0.0003591846064190217
0.0003255461421496236
0.0005367003944419195
0.00025287897612573656
0.00013426590024733618
0.00032632492594670095
0.00017171892161800905
0.0001475955203267287
0.0006127162165294594
0.00024003769155691635
6.187147137194444e-05
0.0007050864284981623
8.625731709160557e-05
0.0004271639969344068
0.000257714262282792
0.0004733980547824349
0.0007897589278539049
0.0002460621931759205
6.95189815382406e-05
0.00010837872963669114
0.00012896357919780398
0.0003091662784075167
0.00012697821764265664
0.00012678021017281492
0.00021577378685707458
8.61803617479182e-05
0.0003391943297110154
0.00015615710202369342
0.0011263161944078015
0.00025440046746975204
0.0005088427682483683
0.0008921147139012188
0.00037374692329566214
0.0004369631623790772
0.0001477005033686104
0.00018624204824342765
0.001281801973876027
0.0002620391764488374
0.00011211119623762547
9.407352988869863e-05
0.00044939927594267974
0.00038645619948868287
8.62545569273466e-05
7.862701978350793e-05
0.00037895219725871517
0.00026631912547381867
0.00014556293223892634
0.00020135341227498285
0.00012997758857250866
8.476150438627154e-05
0.0003709715212222713
0.0004580969424900178
0.0005308138848992411
0.00016784453506626628
0.0002546956858513432
0.00020057286003063754
2.2956831528677598e-05
0.00024100860453796864
0.00021365064016947585
0.00046656042092000196
0.0007100220996984181
0.000727269554255624
0.00020195922425690697
0.00042077660774342697
5.729889547301487e-05
0.0002807164348963496
0.00012948078100675752
0.0003858142737344584
0.0002177428801668424
0.000498832659286746
0.0004479866346176682
0.0005471390736993025
0.0002333463590399539
0.0005794274815976076
0.0004251056440785627
0.0002421964979846672
0.00037539246239378163
0.0002373746232939869
7.820837672647442e-05
7.317554146371184e-05
0.00022975727921204636
0.0008611701399903607
6.376100574008045e-05
0.0004517777707701797
0.00020008224216974498
0.00020288571715537906
0.000977332436032605
0.0004423269113238682
0.00024656158682196533
0.0011221975506274168
0.0008810324331289697
3.1422328662330144e-05
0.0001057860230398216
6.850317153923208e-05
0.0002786736141026152
0.00023686740333187545
0.0002527857573647502
0.00020342344014183538
8.068059568862376e-05
0.0007499298899150419
0.0003748041882496708
4.6811850701845606e-05
0.0003110855554626281
0.000255506976540482
0.00043757348143568653
0.00012789167337616666
0.00024091588164086805
2.8891792836971844e-05
0.00034594966769239537
0.0001478918400996461
8.643938420439596e-05
0.00010249660277563224
0.0001775829207057695
0.00021896177041290501
0.0008518384505311596
5.657880985403615e-05
0.00010455204154447315
0.0007720433032352426
0.0003917059902687056
8.298246850267493e-05
0.00035592939838035377
0.0002293834348555405
0.00010829917960680703
9.341037144297213e-05
0.0008143881950573815
0.0004964249389051832
0.000122856440824421
0.0005975905596790073
0.00024015516558823887
0.0002953862632697483
0.00011459897661311377
0.0004072632268537899
0.00044516395558637543
0.00015667431571824285
8.335630651413938e-05
8.181564851942385e-05
0.0003859705696656809
0.00025161698745805556
4.836843180417091e-05
0.00018736157116033806
0.00021379037833005058
0.00036996840693241873
0.0009424260843322508
0.00027014828987443875
0.0004605529084639472
0.0009321717999648652
0.0005588791660258258
0.0004366882968550862
7.756325980306898e-05
3.1095798735190354e-05
0.00021139069128841694
0.00023832220686468092
0.0003329540493539419
9.985646960433712e-05
3.41029215608665e-05
0.0006215871973803071
0.00039578325135199735
0.00012362416236838558
0.0001371591231165439
0.00023123098007303002
0.0002564839441047983
0.0003450176652708559
0.00030532426769520107
0.00010857531708705323
0.00011021796730448647
0.00026634664275194313
0.00020698559228293987
5.808895927128193e-05
0.0005137909849026203
0.0007238089194350418
0.00019411174284073612
0.0003560488118204672
3.3125214427522476e-05
0.0003010371799830784
0.00021302905092456068
0.0006066165010086378
0.00015677943770912154
0.00021015333029660504
0.00040030441293780156
0.00020582870330932053
0.000162915370318566
4.247816910688632e-05
0.0011099014735264001
0.0008145667846851438
0.00017173398738030163
4.1261601571602154e-05
0.0006654618495356967
6.662243503043964e-05
0.0008361847954274708
0.00014239112081928203
5.612731953502319e-05
7.641676455094533e-05
0.00035406792205448974
0.00017448207196948097
0.0001351013204002873
0.0004027445482020744
0.0002010634910246693
0.00011935696488676408
5.055135371719309e-05
0.0003003876524093809
7.660183691026258e-05
0.0003321130513538226
0.00016084172279128348
0.00018832531035120688
0.0001581188245973423
0.0002621690133391145
0.00019833410560962683
0.0002639119751721046
0.0009401137065120838
0.0007965590301626217
0.00013665413157736632
0.0003426502073951824
6.320612111220398e-05
0.00010648016553689921
0.00015644080830430732
0.00011399408409933316
0.0007453785793858223
0.0006668082981618348
0.00024136200046201358
4.468486271001299e-05
0.000864509843529843
0.00030600517040807235
0.0003077067405105873
0.00043199254402601783
0.00012477728447339483
0.0005101188604307655
0.0002870456372290112
0.00017829325909065084
0.00015613070120540904
5.347875227850672e-05
0.0007847236712787881
0.0005866495072661538
0.00018593927533616786
0.0002875963092050603
0.00016702367356346995
0.00044362876978818963
0.00013867888828312307
6.196902705563264e-05
0.0005909479650141944
0.0002365799985714793
0.0011965150431891636
0.0006317853161932407
0.00014463639494938287
4.662253027502119e-05
7.12569387453058e-05
0.0006920819504596064
0.0002957165968274696
0.00013959391940313815
0.00010054026493467679
0.000703812949450752
0.000163848366441158
0.00013327529866661157
0.0002039046553956149
0.0001769105408055006
0.00022265846778509745
7.25368679060302e-05
0.000692800287005062
0.00020748006974223712
0.00015844779952667328
0.0004992185004039426
0.0002781589848608096
0.00029950403383488826
0.00013467135313351833
7.575822061090802e-05
0.00026177900043720346
8.136148363268625e-05
0.0013715954892552975
4.175062106007961e-05
0.00045482717370202096
0.0004566525459509644
5.8888544866499625e-05
0.0006218634327827303
3.367088711354346e-05
8.003636801300918e-05
7.193653833584586e-05
0.00043144036947346674
0.0005634405467568601
9.272871014383635e-05
8.455377257553703e-05
9.068274413582652e-05
0.00016929277457900646
0.0004160337852919427
0.0001682911817311977
4.4271279756605275e-05
0.0004115096312249214
0.0002287489331670572
0.00019258241250008076
0.00033875802582342097
0.0002579896964101089
7.236748213317649e-05
0.00017993124214323977
0.00014679371953001038
9.945564055738486e-05
7.838076960488299e-05
0.00021244539646001926
0.00041751365387457016
0.000384660731858182
0.0002162220401411224
0.0007852712802171557
0.0001515377487137306
0.0005893491442282744
0.00019095339321806114
0.001137801249848213
0.00022666031604792102
0.00021151433252690078
0.00032545469196565446
0.0006766287313823311
5.3226512586486835e-05
0.0013093556486973232
0.00018074013068794528
0.00016541890012559886
0.00023752947849986204
0.00014813390465741641
0.00015416848939399136
0.0004530757800133614
0.0002738934153264434
0.0003940474781113905
9.308763983598614e-05
0.00016376793454574235
0.0005371638283663153
0.0001866510610754765
0.00015602393496319005
0.00036652155856384695
8.268789324157863e-05
0.0003951445934722968
0.00020246815927112198
9.237980386166349e-05
0.00023612925138209666
0.00017208327152302855
0.00011530664142950819
0.00030793114782910833
9.353249694646985e-05
0.00028995768292946426
7.454334778097511e-05
0.00031305631987963095
0.00023455364913292369
0.0001993268464154986
0.00012751824683661584
0.0002335211148440397
6.08682386703227e-05
0.0010722640103220898
0.0005717552381591554
0.0002972666800485937
0.00015674786934976676
0.00011774075250648365
0.0004191557660172066
0.00016034948571061868
0.00010983234075093776
0.000151222195410555
2.6645926128418983e-05
0.00039435202391057604
0.00029258254088250756
0.0004116808969976859
0.00017289955457922587
0.00016773438983603498
0.0001455233365964127
0.0009778641121603122
0.0004504680322198326
0.00020884145857210802
0.000204838518760726
0.00030296029071937984
0.0003841541135667896
0.000308866698931721
0.00014099337587858296
0.00035849732057579816
0.00017371093501093748
0.0005605640497894484
0.00013499995552536704
0.00010848613384629542
0.0002325444829415284
8.142018185461675e-05
0.0002687069046874804
0.00020716004323072037
0.0004842910473086686
0.00013756777917630993
8.137898283091089e-05
0.000122731306792668
0.00035671308703395853
0.0001353302023975391
0.00021557921454554353
0.0002026946011525003
0.0003966673388340109
0.00026417991891236966
7.644379940796624e-05
0.0002877278632877819
0.00045325182840861184
0.00013008659119071302
0.00011717665443919177
0.00022740991233739596
0.00045218500062614315
6.073073376274762e-05
0.00016376469197632392
0.00012062818579266837
5.061615805315057e-05
0.00014649877677003637
0.0005571249038349224
0.00036747882939837314
3.137943075361582e-05
0.000564128473103523
0.0001637001765748498
5.0549402129168635e-05
0.00017876549079803072
0.00028782910767712646
0.0001916165785332187
9.82282794628222e-05
8.938342925448219e-05
0.0005022761904923697
7.283121071193441e-05
0.00013514360694141854
0.00013404770601412885
0.00013938358874051888
0.00013025940202155803
0.00010135176600926363
0.00014593514540593404
0.00018262946338085787
5.48199518090332e-05
0.00022615990590535187
0.0003504302873625257
7.760023577560544e-05
0.00014192611836769126
0.0001518908281406141
0.00015048346432104087
0.00035160819830334835
0.00033858127045886203
0.0003237560463408112
0.00021962160086769181
0.00010092044601720688
0.00010262829420027218
0.0003874313804944186
0.0006074839947129184
0.00011680580792602936
5.400472400025739e-05
0.00032482335966605043
0.00015109832035939663
9.806246057893005e-05
0.000332269601749471
0.00018593135305132734
0.00016346067788936672
0.0001072214313549165
0.00019120764601389425
0.00023171506263030184
0.0001842180768056968
0.00012871060807230776
8.204851865242367e-05
0.00019265737675320618
0.00010146717576402268
0.000139604897582362
0.00012687331509571312
0.0004807692685814129
0.0001738728076670646
0.0004612928515983604
0.0005921790892347917
0.00027941822108126996
0.0001359453895193547
0.0006085973483638059
0.0002624898631505895
0.0003397330371596417
0.00018761904048195512
0.000355491725413084
0.00010053101678443169
0.00028875539065976774
0.00014497956733353328
0.00018340566176327697
0.0001207863634801258
0.0005488128820382699
0.00020905464907538878
4.8992110057811065e-05
4.535597084805323e-05
0.00043313242629222203
4.6618005557451295e-05
0.000215802793742371
0.00024266932185202134
0.00012879454200639972
0.00031014890492484084
0.00026129363940836746
6.789436676644547e-05
4.286699923730784e-05
0.00024798207566391524
4.16646126934291e-05
0.0003048575110184737
0.00010792145475016244
0.0002663304703154624
0.00036849508928175786
0.00016961918341277125
0.0009256685088373689
0.00013428904646802615
5.911042530891646e-05
0.00016542011447707945
5.5481957425820794e-05
0.0006580456775397127
5.437553977439225e-05
0.0004064824945207745
0.0004359039089499101
0.00017549219293530987
5.1737152392291185e-05
4.4508881361362814e-05
0.00029173899139911996
0.0003650644913621226
7.691188826747257e-05
0.0002606528434633154
0.0007210275222904923
4.821944479608754e-05
0.0001743866702709103
0.00044200405323809445
5.470848696237537e-05
0.0005603662593857666
0.00011937904030612624
7.77190583196651e-05
0.00014777415110916417
0.001021406099329493
0.00011446930621235944
0.00020570557278199947
0.00011598212984382551
0.00028253794949311886
6.804687928067421e-05
8.16999475613296e-05
6.702944810319871e-05
3.280441064751742e-05
0.0001016798696829671
0.00013551423801807212
0.00020703637204648508
0.00024286484305927788
0.00015618897802014878
0.0002628376415293916
0.0002464018116953497
8.437619733875469e-05
2.8895915393548573e-05
0.00023371158126618888
0.0002476763948826562
0.000343898959884482
0.00022986641899061552
0.00016791020593652603
0.000163427259796552
0.0003311939247638958
0.00012182299903501567
3.318410275541149e-05
0.00012785884987923105
1.4382779268373185e-05
0.0003578401939586237
0.00023954047697903616
0.0001615975056055467
7.218774715634682e-05
8.966872543044291e-05
5.372602563017764e-05
0.00027307167560605304
0.00034217713789839094
5.866736870860259e-05
0.0003069039276749156
0.0004765140385690646
0.00035266766901759
0.0002697072988744829
0.000397936435149153
9.45146531328857e-05
0.0001476771559824515
0.0002229082569019967
4.4134504113075524e-05
0.0002208470360676689
6.888519476461833e-05
0.0002052003996624818
0.00013946741054314028
0.0002855706683858844
0.0006896605241822682
4.8476120862807136e-05
6.173260830720016e-05
0.00016545891509469818
0.00038527413490216237
8.520720173425888e-05
0.0003449280985246156
0.00017088545947549524
0.00035959677070882895
0.00010278535787619038
0.00021535435285942827
9.042520939032438e-05
0.00016741763218245314
0.00023919288881535364
6.516219738603477e-05
5.903402358190958e-05
9.274010587037076e-05
0.00018617817586217688
0.0001753423102743129
0.0001382834994659269
0.0003449234012428908
0.00025652316244009066
0.00010369025077430046
0.0004042764199677546
0.0004925026193023694
0.00016446776162248587
9.82374628725287e-05
7.113605643038607e-05
0.000140566085495865
0.0001276908951179494
5.782402949752073e-05
0.0014581633601000977
0.00011629887482712131
0.00010552819393034098
0.0006002641174944624
0.0002898678315160168
0.00013788290528571307
0.0003173754539803404
0.0005581571795837455
4.654899324970555e-05
0.0003657072891803412
0.00014122593724197333
0.00048240857443303893
7.438183740111207e-05
0.00025554619782555514
0.00023571712366027433
9.910218479508569e-05
0.00013252488177688536
0.0005099223662480225
6.103576182320401e-05
4.1498581938779474e-05
0.00023497976363577878
6.448024233591634e-05
0.0002061476975768827
7.327676428158264e-05
0.00014018508696430528
0.00011144249401714826
0.0003156499874231961
0.00028246103975561576
0.00030436885167897985
0.00014872055811398003
0.000122950750381264
0.0003067456373665545
0.00016801179935369855
0.0003924630738618508
0.0004496555927202499
5.5267846484827157e-05
0.0004930984879539505
6.850006936108339e-05
0.00039767865312336946
0.0005790346400648007
4.858068652030976e-05
0.00013476928008727753
9.65476471583274e-05
0.0001903439733519706
0.00011633625573111947
5.258112037363686e-05
0.00022957041920061122
8.903404267048217e-05
7.377834485689419e-05
8.02529904876004e-05
0.00017641391697010067
0.00011053525366740099
0.0001657222759334806
8.72507203471032e-05
0.00021796231898039417
0.000264947978621627
6.961627242650565e-05
4.216341218521608e-05
0.0003134980110569945
0.00021869024834670372
0.0003476477389736491
0.00033691877206760106
0.0008227877246653238
8.45041596299279e-05
0.0001223162358021861
7.256300438417856e-05
0.000446203780339726
0.00021215222345720395
0.0003543243300875847
0.00022458875508345942
7.66500631727487e-05
0.0003032667794029116
0.00023466674027401694
0.00012938314507949812
0.00011237337022786936
9.46133194810214e-05
1.730666569582184e-05
0.00013353849193526227
0.0001816494070094137
0.00015847906756309254
0.0001351448134972431
0.00020280745053476374
0.00024750173059645244
0.000133641489814964
0.00020155650344380683
0.0004455720689676877
0.00040636266121976135
5.1020459664136537e-05
4.0028272552473975e-05
0.00013338757725898993
7.050256759984536e-05
0.0001072315412263602
0.00014272683292267658
0.0002790945848389902
0.0008092588899311499
5.4036618411646757e-05
0.0004405701770447142
0.00011253950237412964
0.0001968099155811119
0.00011302111309743187
8.893663925022962e-05
6.338322480684374e-05
7.22924135984284e-05
6.467260639661599e-05
5.961846104681592e-05
0.00010572139102315999
8.734644673220529e-05
0.00010949135461913447
0.000790429881155442
0.0004936995751980349
8.815273492822161e-05
4.4190708361941385e-05
3.8807562320860546e-05
0.0005829146657687443
0.0002152189576647404
0.00016932697381067763
9.127965363073899e-05
9.283434220324375e-05
8.27208924415441e-05
0.0001427712960275567
9.597309701503371e-05
0.00024362998285956588
2.0442223971095873e-05
0.00010375071766163116
0.0002655546492620485
9.209484929682127e-05
7.477931541312187e-05
0.0001138576273752132
3.826153358033272e-05
0.00011507981481847886
7.17294576775934e-05
0.00018525902297523145
0.000235511338783424
7.757431177520854e-05
6.187021996114118e-05
0.0008219753966006953
2.832613223539785e-05
0.0001768910718279688
0.00028808681614126336
0.00021222301718383684
0.0001663993688561188
0.000571110721652118
0.00014535390536039893
5.847642956214441e-05
0.0001941767314680625
7.962717788109851e-05
0.0002292012423337157
0.00023958967165238203
0.00010693236809570336
0.0002583146490411621
9.073513396789544e-05
0.0003422199295016116
7.824347968223247e-05
0.0002826065919913165
0.00022089810081360423
0.0002921711058423484
0.0001201752367614871
0.00017240079915188336
5.7243401331425775e-05
8.059560110844245e-05
0.00012215883813770424
0.0002048856648589172
9.847305349235702e-05
0.00019363366148235435
0.00030619960085181253
0.00010148353178421188
9.078515352758257e-05
8.36716738966664e-05
0.0004045227115183717
0.00012430371019494921
6.261301893942084e-05
0.0002726601594788099
0.00018113725200146605
0.00012784992401783523
6.315345227014504e-05
6.039984477796083e-05
0.00028618694094041886
0.0005313211462357924
3.7046919373392125e-05
0.0001257316822334527
0.00043614443547573936
0.00015777546967351715
0.00020840399514655779
0.0004043525155928418
0.0002233434495735616
0.00010179862365630392
0.00017903433725711344
8.115410989548178e-05
0.00016320309051207947
0.00022127239161777847
0.0005124417715372719
0.000135073332192655
0.0003405379202640162
0.0003713214990761637
0.0003257386213268529
0.0001340565084975928
0.00020470834554466735
6.797367424837918e-05
9.577784364583124e-05
9.494865875891542e-05
9.906086318709621e-05
9.925717457591362e-05
0.0008448474108486157
9.447277578148139e-05
0.00011561767821781043
4.6532141208514805e-05
0.000334890800686898
0.00018828224098338758
0.00041523879095163645
0.0008269250071162565
7.001165854546153e-05
0.0003471286534422124
0.00028769398227183174
4.567799496611867e-05
0.0001426297497489159
0.00023116402016547496
9.98110419218707e-05
0.0003641339029802673
3.7663095883496186e-05
0.00021551807258268123
0.0002352073589072289
8.019056738763053e-05
0.00036968252322381023
0.0003876702652023873
0.00027176659952555106
4.280338003750382e-05
2.4519009715309066e-05
0.00011332807794827159
7.789260409093906e-05
0.000378686176872299
0.000354261795419459
0.00014936959356857369
0.00012758833602477822
0.00010144681009794302
0.0003304135084239231
6.922603720034121e-05
0.00016191999940905262
4.930141829023625e-05
0.00021857387021347703
0.00011137530342674218
0.0001324264640960901
0.00015694760029957052
0.0002198646965318384
9.801256769570273e-05
0.00015654105292011377
0.00016885600637497016
0.0001656122697679086
0.00018841981111606038
9.662985306747416e-05
0.00018387865011293986
0.00014941751325292757
0.000277324899465071
0.00028767946306586874
8.4671798810208e-05
6.403741546954269e-05
0.00034093999135599427
0.00010776300367330675
0.00022411210434167102
6.429598962788735e-05
6.981350748402092e-05
3.085079477447533e-05
0.0001530228553073602
2.786144636417477e-05
0.00010219036551259257
0.0007495316093937602
0.0001095715825914291
0.0004045511677346069
0.00015351988215672524
0.0006758564922127888
0.00010335684944396763
0.00010399674437646258
0.00011064175644796262
0.00027862159284388466
3.1735370662684994e-05
0.0003016644887236134
9.406349114683042e-05
0.0002383335233221199
5.935780432905553e-05
7.278379489695467e-05
3.123567178075428e-05
0.00018983314985056317
0.00016492729018851185
4.776496705130252e-05
0.00019490437919306372
0.00019256297158764995
4.058613485502546e-05
0.00025199154375666705
0.00011086573324427455
9.791779016742644e-05
0.00023839122319188743
5.239437509722918e-05
5.051270428938837e-05
8.51771265722822e-05
4.686629590263991e-05
0.0005796211050525704
0.00034554913713034897
0.0002937701405252227
7.920292029903571e-05
0.0002919429431269464
2.3669322640665527e-05
0.00013714359274951765
0.0001355063320942951
0.00024246108830057648
5.9413027128086366e-05
0.00023707980631863196
0.00014026521443858957
8.515970327904834e-05
8.455516844425403e-05
6.988129588700914e-05
0.00018220375404980565
0.00010880450284076932
0.00019576434355676704
2.129553688024545e-05
5.958486353464665e-05
0.0003104218361734577
0.0001783948353638686
6.170992712794964e-05
0.0002778349196658722
7.452510107681159e-05
0.00010178871499767826
0.0005082093250576675
4.849022933910612e-05
0.00010378282362587666
5.121808460184194e-05
5.147001343148402e-05
0.0001204101742590671
8.892243428503754e-05
6.20235216394798e-05
7.845904920145662e-05
7.0442614177097e-05
0.0001667149254799433
0.00019722436701721487
0.0006580126350587124
0.0007591190928542286
0.00015911868218268922
0.00026141633698129816
5.553713051796847e-05
0.00023138612849840827
2.589643746498211e-05
9.198190286583147e-05
8.252578214170302e-05
7.671427940219024e-05
6.171339588176346e-05
6.455218074320663e-05
8.044102537748088e-05
0.00041386549135250813
4.1884234946766605e-05
0.00020117126752836414
0.00027826190339732724
0.0001467232338437659
0.0002330044494055743
0.0001925059745464015
0.0005597187010951763
9.187804567139947e-05
9.305300946080493e-05
0.0003827973279609722
9.979145558531601e-05
0.0003509284017776626
0.00032602584685705336
7.643988810003725e-05
4.151883523611314e-05
0.00011911995148667566
0.00018255688462632042
0.00020505574662519138
0.00013341976100844958
0.00019680768344313898
9.447855319307907e-05
5.1285487954116635e-05
9.217277773489376e-05
3.441521226009669e-05
9.043446369464236e-05
8.60051276522323e-05
0.0001118109792750381
0.0006748821845874696
0.000122102340790723
0.0001463636705050176
0.00019855586477171805
0.00015692196928027727
4.646195376945232e-05
3.554057754621199e-05
0.00016705411790251818
0.00012226500906655256
0.000315838756258852
0.00041459698537398015
7.799309575414243e-05
0.0002743134636829858
0.0002907089398254231
0.0004609067550627153
0.00015549275744074464
0.00023085058771253264
0.00020171909214516866
0.00013436808966958832
5.409832033705658e-05
6.779883735203282e-05
0.00031739945434152805
0.00034250169171469246
0.00014688004923510967
3.4546892732118384e-05
0.00014588006561834478
5.575092913133533e-05
0.00022868216844271455
3.8194864019260734e-05
8.029832676254467e-05
0.00021832269653974273
5.171891231197059e-05
0.00010589784937195591
0.00022269590372561647
7.86997431081053e-05
8.726987911452084e-05
8.124469495885901e-05
0.0001279080803356475
0.00013351710400812467
0.00023306685835087834
0.0001354365601479621
6.487800250708368e-05
0.00033408762482337994
8.661237542764935e-05
0.00012466759718542304
0.00018709846566053047
0.00042313791234698894
0.00014510362136852466
0.00032900659505296693
0.00018121344136409512
5.2036035731065575e-05
5.847637682549672e-05
9.27001771615708e-05
0.00026597884866223195
4.9418974737169865e-05
9.712635826712958e-05
8.982748660490228e-05
0.00030836981965073825
0.00020226853316135106
7.530578538905923e-05
0.00034415575595960336
3.273460529947637e-05
0.0001131762973954002
6.886776510096452e-05
6.274295737102701e-05
0.00013805185330264706
0.000493249553075838
8.496147088506147e-05
0.0002843979893698072
6.580018660396495e-05
2.290920909779386e-05
0.0001933115983767712
0.00032036832635331755
0.00020646117793087312
3.2817487478563315e-05
0.00044139184634371344
0.000182678584170063
9.434017369958403e-05
0.0001719634048620242
4.760562269782403e-05
0.00015860542288828106
0.00019980325906891898
0.00011613893956477507
0.0006974010839683473
0.0002601935713861744
5.570781313580845e-05
0.00012101704931888537
0.00015436495429711815
0.0003539102228827129
0.00010681309426068047
2.7430434417651106e-05
0.00016787977150073145
3.557950656309877e-05
0.00016259840785168148
0.0002729610916153417
0.0004256035726575444
0.0006086056898265519
9.322109397824573e-05
9.471525584671037e-05
0.0002451403028302463
0.00017377591828280126
6.620058024954066e-05
0.00015950334184505814
0.00012727993444303082
0.00026587403654125254
0.000289402842100129
0.00015869236660795633
0.00010224659254613996
0.0004581418876456543
0.00011594927095333468
0.000509981435998832
6.482317260100491e-05
6.70407163357375e-05
8.633763332563027e-05
3.398000888489785e-05
9.101834212095982e-05
0.00010149291530451111
6.432250189593707e-05
0.00010569309129652619
0.0001168794106421505
3.967689589819086e-05
0.00025376060852718373
0.00010286048956029489
2.6338527354300667e-05
7.335744321546907e-05
0.00011950147395310722
0.00023190242197428142
9.609444065002541e-05
5.4632469614872585e-05
7.160641226477769e-05
0.00014669360232822081
7.872542419764094e-05
0.00010347549215548284
0.00038222417115361913
0.00011348558955753027
7.67330897734616e-05
0.00041436147120662485
9.938958268300103e-05
4.923573557001517e-05
0.00014381951967918925
0.00012778555157040496
2.3265409180692908e-05
0.00010145665737674248
0.00019466975982552234
0.00011527661143839063
0.00011433092504037223
8.530512100435726e-05
3.3768242231754694e-05
0.00018256408740975567
0.00021707598395215468
0.00019839240434905064
6.089089193740508e-05
5.761176960427171e-05
0.00049768630499648
6.850520747351035e-05
7.613693486878048e-05
0.00013561878809703368
8.180557970869897e-05
6.870715517095309e-05
0.00018332915827755345
0.00010719970994781267
0.00013729092258521938
0.00010045923333197335
3.558938208637631e-05
8.634270144328823e-05
6.983749667352433e-05
0.0003813819130802087
5.092545167114918e-05
0.00014233457481521142
0.00019760863120094397
3.604957492873391e-05
7.965072942278943e-05
0.0002128862182711591
0.0004434465011348117
8.363404731617864e-05
3.153953639507561e-05
0.00016903040713780855
0.0005834662881991254
6.638746848179885e-05
0.0002072426726795683
4.3389056565388814e-05
8.485910782428931e-05
9.256712432638673e-05
9.502807766549221e-05
7.007228843065192e-05
0.00014948088764252265
0.0001879443838746124
0.00023713659635420795
4.221217403559304e-05
0.0001635054086659006
0.00017462108884187734
6.34766959962852e-05
0.00018539330634319832
0.0001581272458302462
6.634969791373773e-05
0.00013546954391348062
7.571162329986857e-05
9.989517779539682e-05
8.865537219202885e-05
7.577517032263436e-05
7.635555225399363e-05
0.00018968794586270914
6.828669769796172e-05
0.00024825270284040894
7.744914010712451e-05
0.0005380800643228598
2.8519721988208662e-05
0.00029053876237846734
8.511415573736445e-05
0.00012854427859658224
0.000255478373258889
0.0002183305111025458
9.761106680524009e-05
0.00044582807491376226
5.978053971751006e-05
0.00020762404472482522
0.00015322761911635977
0.00012522782446951336
5.003493061428716e-05
0.00032934947097704317
0.00012081021093200043
0.0003715374644446428
0.00021395256631944598
0.0001210324964407238
0.0005703512537611969
0.00016499843975605942
4.492424028380284e-05
0.00019307189866621272
7.325960143964358e-05
4.688671193457749e-05
4.4286888116313777e-05
0.00010659972169623775
0.0003233030678658749
5.1227508050158214e-05
0.00010387413376081239
0.00011102838648589489
6.462409953831159e-05
7.049179708234829e-05
7.10308865483055e-05
0.00018035090255822092
0.00011290545272636092
8.338524169970181e-05
0.00020603047175277089
6.203376606238412e-05
0.0003236164342282802
0.00017161682303371204
0.00013697022602418752
0.0002782618181676147
0.0002843144841617766
0.00022659177676376404
6.950223606153356e-05
0.00032588188809408507
0.00035629087302298723
0.000225879625082151
4.7591121774171725e-05
0.0001383588233916472
0.00041140595562610944
3.8288028670200433e-05
0.00015421575433266756
3.237425893808467e-05
0.00016193409251988826
0.0001047021074580494
2.9363857165238924e-05
2.6057851338167417e-05
3.5341726688633624e-05
0.00010911474644473583
4.478014357008726e-05
0.0002144112644043872
0.00010839190338053817
8.55205556185834e-05
0.0001304678489902195
3.781341824396354e-05
7.479939395053113e-05
0.00019904775206829124
7.559690314787106e-05
0.00013295935946108407
0.00013440542859509603
7.178831372199794e-05
7.638524536535311e-05
0.0002542985202907979
0.0001359836475464015
4.9395332606242153e-05
5.961735321024591e-05
3.406482672620134e-05
5.617247417024998e-05
3.2725679104634176e-05
6.212742827128477e-05
0.00024278343821318093
0.00019891447368574304
0.00012965713907092316
0.00011126534367254084
0.0001669506740083104
0.00012822882638783133
8.856692438019306e-05
0.00013453794331597078
0.00016051462523996806
8.781822274304653e-05
8.172072912458358e-05
3.7006873633549676e-05
0.0001413267152278484
0.00010087144398879703
2.5454856584008775e-05
0.00020485899989921232
0.0001303096937365573
0.00018509434988738405
4.910352815490554e-05
3.852454838689019e-05
5.866032148233688e-05
0.00017565831247238296
4.984401605438842e-05
0.00029909831764927464
0.00010899916861640811
4.323068314190038e-05
4.243898471890418e-05
5.199833294178382e-05
5.860396176677509e-05
0.000157355746539424
0.00014387065017152736
7.479310985448976e-05
0.000232339352941888
0.00040507891655007576
9.880605886999902e-05
3.39144311870824e-05
6.317109476497023e-05
0.00013797965526351022
8.033779827381436e-05
3.090516612605848e-05
0.00034569739486456217
5.3534151800475916e-05
4.051942110350307e-05
0.0003243923785228427
0.00016661387659100112
3.853632853587913e-05
6.857821726311414e-05
0.00023702462825953122
2.7290619493005567e-05
0.0001377834891623183
7.924885224566766e-05
8.341012949749997e-05
0.00022600761589036417
0.00014107099849605478
0.00011570695692926378
4.628991947215294e-05
0.00014659622537088458
7.81613001122182e-05
0.00014708558834886892
3.7766181424062084e-05
6.778316746726969e-05
0.00015916066563112434
3.818634705951876e-05
0.000567326928430589
0.00012553528448722167
2.7234646979802632e-05
0.00017181962684740575
0.00024014842030641658
0.0005414457872379642
0.00010642034429717003
0.00020496553310863223
0.0001298494698450836
7.110163808306574e-05
9.628435318069132e-05
0.00014300730265847457
9.09743330574074e-05
0.00031517858531657
0.0001984934618952142
3.972217674078121e-05
0.0001365831120653362
6.77303682096969e-05
0.0004227096566794999
0.00015276801734817312
0.00016487861241518484
8.270482640628879e-05
0.000297385538439317
0.0003500343705851921
3.298574578890379e-05
3.391917109308767e-05
5.6885358788889036e-05
9.405726566801486e-05
0.00016477288336171775
0.00019950964777721103
8.94099921030955e-05
0.0001423410586908622
3.73284501234356e-05
0.0003978564975502691
2.0709395992864074e-05
6.378439646464941e-05
0.0001492351027743533
0.00018851018807951187
6.880510942791438e-05
0.00020370377527517385
0.0003521681358750334
3.3474467527362e-05
0.0002461040927359417
0.00014892555492814223
0.00025593111377234754
0.0002157608443958005
0.00011504133553851257
5.013167679219149e-05
0.0004490125863511981
9.489421765361994e-05
9.819664019695145e-05
4.924501384182542e-05
0.00011084499482626004
3.7535648678556635e-05
0.00010680333145884498
8.7673258375155e-05
9.771303908664353e-05
9.376135484919237e-05
8.108583699424481e-05
6.412531293365303e-05
0.00012653425734101883
0.00024328505050823555
0.00010952754567371373
9.980338045495252e-05
5.8288876181418104e-05
5.040095779869509e-05
0.00031497056711102
0.0002539369311692356
0.00017630507747217627
9.335245586485713e-05
6.030625198642407e-05
4.335818023548662e-05
0.00017150133393405297
5.828113021031005e-05
2.0770399753522164e-05
0.0003022115537037044
5.00455590112352e-05
4.534573120628821e-05
0.00011907928649764245
0.0003574277015884473
3.394427994768833e-05
0.00016673330068677124
4.235370230518429e-05
0.00015490176163284513
4.200864034261299e-05
0.00015898959332978082
4.323366056120361e-05
3.6940463816887006e-05
6.256313859147286e-05
3.512261498040137e-05
0.00016471589051947512
6.354398096673888e-05
0.0001706666641005855
0.00030573592908743336
0.0002443910298585342
9.686255514589529e-05
9.999515845322887e-05
2.693436303643851e-05
0.0001072200234761898
0.00022331326598345978
6.235408562789238e-05
0.0002454885219457003
0.0004223803180818881
3.942079259250458e-05
0.0002515482837604142
0.00013785061494202622
0.0004464133028481872
1.9662419430070756e-05
5.675323339876509e-05
6.338835831085006e-05
5.2272819741033554e-05
0.0003816578984087273
9.703823442304788e-05
5.960154891875915e-05
6.409322431828182e-05
7.649692238446749e-05
3.13243105672761e-05
0.00011633197028397786
0.00030797529677276705
0.00012644371234370075
0.0002313597127040823
3.715915030474115e-05
2.8285684386479506e-05
8.616681840238067e-05
0.00023454847257299387
8.049140651114334e-05
1.5610419410349147e-05
4.0401232042095975e-05
7.504108441268011e-05
0.00017553125284543313
7.816131576514679e-05
8.335065133627739e-05
3.438870667724151e-05
0.0001225109848248884
7.504276937015122e-05
9.557372576548179e-05
0.00018323868714010562
0.0002624188492980574
0.00016894866941042605
3.4233232932720376e-05
8.580030000786458e-05
0.00025511806593379914
6.37236329109143e-05
6.435158264500099e-05
5.856206584958465e-05
4.143518486162403e-05
6.827213222510852e-05
0.0005408517244704959
0.0004137435640807411
5.003818438268599e-05
0.00015954100754653216
7.234625011727355e-05
5.952618444897639e-05
0.00012366886574434523
0.00010464505213977999
3.39854809746298e-05
4.357943394856017e-05
0.00019386602728650458
2.2719771292328576e-05
0.00015887811350907884
0.0003257823932313474
7.406286188158267e-05
2.46284415232798e-05
0.00011670348888044654
0.00045518620119823136
4.01445392375925e-05
4.240960056905553e-05
8.873503417965269e-05
0.0002016116994811968
0.0002458033971503393
0.00015323699338959184
0.00024226244958593923
0.00012041933997085671
6.332470215383812e-05
5.9547737644798404e-05
0.00029813479542898047
4.801359000624435e-05
0.0001100213749282778
0.00034677191764772674
6.677470172221702e-05
0.00013576496174207617
3.755100601587231e-05
0.00010847825503511988
5.589423059300178e-05
7.832191607058779e-05
0.0002556632613248286
0.00014501762777381378
0.00023253617662680873
7.080895940735616e-05
6.855739291078849e-05
8.667648374700369e-05
5.6281119350290954e-05
9.577168580522626e-05
9.959397016168007e-05
5.3387136439689607e-05
6.265732190118658e-05
6.465772123567566e-05
9.125016815068646e-05
3.478592741911172e-05
9.700109219081164e-05
0.00011405937778896019
2.955754261893234e-05
4.540002401886266e-05
3.982890582114132e-05
0.00021251136034924914
5.6598373335754295e-05
8.088285465481205e-05
0.00010944887833801777
3.9853888241684055e-05
0.00026300265003992507
0.00012699485181125474
0.0002013276762040764
6.218876469266381e-05
1.532365211483681e-05
0.00028886615937018804
0.0002702380397698088
0.0003199954742118704
6.442893694359058e-05
3.41049503647283e-05
4.942194345882293e-05
0.00011210424511872322
9.252667937039584e-05
8.76044336577458e-05
8.132659952502305e-05
0.0003157105992973895
4.562831929579036e-05
0.0003273223581607565
5.6540035810721044e-05
5.62679944078788e-05
5.152928912479774e-05
9.694610218638424e-05
0.0001974428489147401
0.00011357818324166693
4.311638029031734e-05
0.0002129390978400653
7.218904574114065e-05
5.0182874323143245e-05
4.010366544828604e-05
7.251669275218858e-05
6.380073117682782e-05
0.00015342546662302147
0.0002521559161821924
0.00024371906959186042
8.867769997564367e-05
6.052751286764967e-05
0.00019119323687380715
9.361912263908935e-05
4.2613656883579005e-05
0.00029600731978856335
0.0001595199236902994
8.837011763172364e-05
3.0161345833826533e-05
0.00017934593802397525
8.757302544164935e-05
0.0001642801065266294
0.00024869610479331933
0.00018003941575536834
3.722771525116877e-05
0.00014445727786037554
6.758755463936098e-05
3.496457134985755e-05
0.0001931205967046796
0.00016786540034672577
0.00012054022644916989
0.00022566584528925697
5.755678633298177e-05
5.957125445020523e-05
0.0001012556598328568
0.0002455816315471835
0.00022127446234800272
3.520384186349151e-05
6.054629116261374e-05
8.294079083435987e-05
4.128937192523301e-05
0.0002932140620465995
3.098981754022607e-05
0.00016265246573705605
3.58411118691153e-05
0.00010189680399391286
0.00015657425992990983
8.97912677210605e-05
3.838198953629067e-05
0.0001942061977327047
0.00020161665327069798
9.819907625496835e-05
0.00042713308649605533
5.331680979536094e-05
8.790727616258722e-05
6.811729512052902e-05
9.581103298121659e-05
4.69982357983639e-05
0.0001576342505739447
4.98917505145094e-05
0.00020223708782334988
5.74201218604216e-05
5.8116478324904686e-05
5.109064189127265e-05
4.110286522301833e-05
4.8637565215286e-05
3.432185056723142e-05
5.362064150221292e-05
6.828332531785686e-05
9.314389044131684e-05
0.00012146508344410925
3.3187495765091095e-05
5.747592343154421e-05
0.00010549673634807982
3.4071838588988905e-05
0.00017798984517390225
2.6073636315610848e-05
7.842807505360858e-05
2.1351597320512354e-05
0.00014124889503628826
9.490354667180195e-05
3.6388593352514174e-05
8.975507013015481e-05
4.3284269658510474e-05
0.00020369407279235968
9.557237036561032e-05
4.049804110684707e-05
6.778006331585701e-05
7.291351594770155e-05
0.00011108907325351062
0.00035246022965328605
0.0001306037817494252
0.00017074739305907803
9.997388925538508e-05
0.00014505474079515716
0.0001639054150853178
3.794982620119551e-05
4.073889216911526e-05
0.0001647433922273967
0.00018072087240102278
0.00016430175341413238
5.4919670599203894e-05
8.098518233038931e-05
0.00020748032883330045
0.0001958775528409467
0.00020220933886449426
0.00020188337152409838
4.422728390364468e-05
6.214128358163013e-05
9.800631814853716e-05
7.852061993799109e-05
0.00015336699251723587
0.00013883780683368545
7.927508081117018e-05
0.00021382153356886614
3.914821111626409e-05
3.9879045395024466e-05
8.39061821999456e-05
0.00019051028850352897
7.094819519921337e-05
7.568730117981254e-05
7.553330661952436e-05
5.89117194329367e-05
3.9052195912963686e-05
7.607209643038989e-05
3.359820858871574e-05
5.504065436219865e-05
7.81600691155731e-05
0.00010045318645037082
8.661903528509065e-05
0.0003825149741570786
3.4422604291728944e-05
7.909455639791891e-05
3.18707073132325e-05
0.0002440682565167972
0.0004484045922335515
3.0122056507713904e-05
0.0003859941104603012
2.6593475854803804e-05
3.295361335535332e-05
7.811154143925812e-05
1.753179439429498e-05
6.878804678247195e-05
2.8263337328602927e-05
6.704467317369461e-05
0.0004355476837584864
4.738127845412659e-05
0.00010152355713635723
6.551205975624236e-05
4.018555858089113e-05
3.067535352649464e-05
3.8313636687823215e-05
5.2289742095000264e-05
8.630088644011606e-05
8.306526608631877e-05
5.043462017525692e-05
6.104192979293688e-05
7.670131597353138e-05
2.8362897267220796e-05
6.914323712681319e-05
6.772259503580484e-05
7.028970321401139e-05
3.5607017353620866e-05
0.00024624316583935955
0.00012982693662280908
0.00010452823005538883
0.0002582845780330684
6.803468924856068e-05
7.199050728030716e-05
6.593664021119446e-05
0.00029159432397633393
8.129622751296354e-05
8.30649925658921e-05
9.606370800033248e-05
4.577768548925337e-05
0.00010131326149605109
4.564930064826786e-05
0.00011573333265569765
6.534775506205342e-05
0.0002538643458833201
0.0001848575152823289
5.906721732222259e-05
0.00023681043317317645
5.3106525670546205e-05
5.857097160617936e-05
9.772258116455548e-05
4.575718073737323e-05
0.00011625491273588634
0.00013373589515349243
4.179048271306567e-05
2.266388017919572e-05
4.9674183250137896e-05
0.00013835933973891816
0.00021692566273458997
4.4464787997409714e-05
6.221667498631668e-05
2.6165815562433042e-05
0.00011955852492596123
6.88033475759226e-05
9.221996489431498e-05
5.320129899347018e-05
0.00012380801388312164
3.886271826068095e-05
2.630525176775157e-05
0.00016639822994076408
9.447064563975143e-05
0.00025527709077208976
4.675678534077923e-05
0.00013240295702661076
0.00015503582649643594
0.00012103091069486716
3.9288742580422975e-05
6.999475020383385e-05
6.960186328937408e-05
4.9170212906877856e-05
5.832244500087728e-05
9.644609877521003e-05
0.00029231240412867576
0.0002929030266755277
0.00011213887759701359
5.201454713819079e-05
3.6977672365938264e-05
0.00013042099784165228
1.906885010645385e-05
8.583125854099653e-05
2.960043653037627e-05
6.328978060207771e-05
0.00012579553311669643
5.1433347298668374e-05
4.484759106995913e-05
0.00018467001677922596
8.824708974215802e-05
0.00015158648199211118
7.211970970982741e-05
0.00013937800081438744
0.00016844820124067478
0.00012872531295436685
4.825018926748615e-05
0.00020110565299897153
5.0453264650113855e-05
4.063432940438936e-05
0.0001842902653232799
6.024465700210637e-05
0.00014351056740821098
3.839910553253544e-05
4.175380657339349e-05
3.319845350671596e-05
9.577231379966379e-05
0.00010292361879745951
3.6345262886820214e-05
0.00011334387886330496
0.00012489854895245735
0.0001369893799528041
0.0001194572299012827
4.4420797216466864e-05
3.8567559935706984e-05
0.00011698305696293188
0.0002773226423442459
0.0003948723975216501
7.541424887534792e-05
5.2382376041597676e-05
9.97803376065794e-05
5.651166757959958e-05
2.8089429164458838e-05
8.433879531009873e-05
8.424269930695566e-05
0.00025029692985776414
4.3004423210727175e-05
6.347979679811189e-05
6.301953210134562e-05
0.0003136305990749496
0.00011751421932988028
2.3187815111437833e-05
0.0005533048459703247
5.8093347551670116e-05
5.946502185097696e-05
9.100070013103877e-05
4.700371735105914e-05
5.137511064055084e-05
0.00014222488762791435
0.00019403238587725757
8.033036400674454e-05
0.00029511203761209507
0.00010943550666455434
0.00013560985094245799
6.436785139181764e-05
6.378416573713986e-05
3.595011394415837e-05
0.00011931756679177066
5.1093879566274266e-05
0.0006509110555002785
0.00016774882447030267
4.99178487808674e-05
0.00010599106288695406
0.00010285369212823495
0.00010673633032284577
2.326957576267014e-05
4.1558884841622266e-05
0.00017259359372568032
0.00016744766619147456
0.00014304057414649628
9.519717848016361e-05
3.912363765336218e-05
0.0001703305293833671
8.310711009692005e-05
0.00026784024467815646
0.0003259146082089519
6.861177128860465e-05
0.00018678180102827584
0.00019129698583595376
5.933684514584436e-05
4.819742008908855e-05
5.1009587088724565e-05
4.666079814033363e-05
0.0001728572212904435
3.062428391342145e-05
9.850008827779203e-05
0.00029532849472437586
0.0002285145943386161
0.00015363809404369283
4.335941913261381e-05
3.8187606017603245e-05
0.00013523736256370423
9.804587386075019e-05
5.2563063235320725e-05
0.0005748684052734683
2.9521253887954e-05
7.859146736077433e-05
2.787011807126372e-05
4.970232166300308e-05
6.114480233491432e-05
5.4765770602699776e-05
0.00016584292614302826
0.00010780080599972732
0.0001439698989471519
0.00031980328775203657
3.1352053371390594e-05
3.8508654984480984e-05
5.103835963722577e-05
6.605130856481169e-05
0.00011572715390247659
6.728360097576114e-05
8.918131096299141e-05
5.1806449031266724e-05
0.00011051828863109952
2.026211000731007e-05
7.503215241465678e-05
3.7384236116180955e-05
3.173243569129338e-05
0.00024499940590506794
5.3889252874020855e-05
5.28078880844427e-05
0.00010190729800399999
3.610790397088307e-05
2.868762883813827e-05
0.0003136320233172388
8.883629922155201e-05
4.328198188726824e-05
0.0001440790606060645
0.0001348216198021585
0.00010498313403436486
0.0001006580995060368
0.00020537897504915555
9.809212393905532e-05
4.12460369797048e-05
2.5777146914384105e-05
6.243861603897987e-05
8.975621280738619e-05
4.4490405295747934e-05
5.352475530248827e-05
0.00014724638209383676
3.3965225365490454e-05
8.40357419143014e-05
8.472878363061269e-05
7.350495878716477e-05
8.33740178754453e-05
4.11888237945855e-05
5.352082162174637e-05
0.00012000807385313293
7.99410207109568e-05
0.00011203280387025404
0.0001548344885669293
0.00010147193772649862
9.710275800566115e-05
3.378212137407142e-05
5.7126465158356855e-05
0.00013521943081852818
0.00011945141366505316
6.536039096557937e-05
2.408476874467434e-05
4.771080364537764e-05
8.089268182449375e-05
3.156717049024697e-05
0.00017161409008048
0.0004537297993791463
0.0001507933197510735
0.00016472691208752765
5.771926742874742e-05
2.0589691658695164e-05
0.00036939204662077106
0.0002676089017628518
0.00012155223086694991
5.898121807706313e-05
0.00023795519378644152
0.0001252288326130144
3.613538019289117e-05
2.3831083577549567e-05
0.00020131262238620308
5.290880021295787e-05
3.464984571704309e-05
6.280067141675185e-05
0.0001521309474951425
2.9601271502169613e-05
0.0001381889733172877
0.00018188460123986805
6.200506065493474e-05
0.00011750676456678657
0.00013881792195769864
8.655285729919906e-05
2.9711788431872057e-05
7.490727517048669e-05
4.372154275512151e-05
0.0002033661841372571
0.00011143371165976045
0.00021420380758559765
6.058568706066399e-05
0.000148842173084134
4.083520548059612e-05
2.7668131873974814e-05
0.00010626956572063368
0.00015509987815279266
0.000258501259687915
3.799978527055502e-05
0.00012722761861349205
4.305850287532103e-05
2.8683663112083398e-05
0.00013793636223969136
0.00010113326079481387
0.0002281103101270905
0.0001925651843688047
9.528085189158852e-05
2.592477043509093e-05
0.0002270262468474117
3.593256011465706e-05
5.0987798323390614e-05
0.00011620510367543095
0.00011645334780994264
0.0002812640347452343
4.212935944441487e-05
5.80072178420786e-05
0.00011018120135927126
0.00018618096873941774
0.00024827394429880975
0.0003926464635561055
0.00010358052188635577
0.00031035779658470953
8.002854298007446e-05
2.7718517510507285e-05
4.826861746442195e-05
3.417636558067591e-05
0.00010709411738128045
0.00015810490100775796
3.422876591482375e-05
2.085069214002629e-05
2.871134987705139e-05
0.0002337319014040213
8.702980905659739e-05
7.025936907387588e-05
3.146517456468094e-05
6.819354400026644e-05
4.547601822440004e-05
3.748915826787899e-05
0.00024687412198483316
6.835588255009081e-05
0.00011922879981290252
2.3227725268982434e-05
0.0003940121693384841
4.752210916002381e-05
7.910378830780076e-05
0.00020764567818062023
3.878817758544442e-05
7.968416386768062e-05
7.191760360083591e-05
0.000160209362429095
0.00010101841771250249
3.881058431379294e-05
3.4658171729732735e-05
0.0002584907107325347
0.00017241706284933908
4.875919947906477e-05
7.667139683508404e-05
1.981546977650414e-05
3.503916561473847e-05
0.00012484920584170537
4.181241428387866e-05
2.3569526653143937e-05
0.00014163655350629166
0.00033727715852373405
0.00013096668083279224
2.4713030690494066e-05
0.00011559666995738649
0.00012209379880962208
5.1529765771844604e-05
3.26114951424839e-05
5.995520401663212e-05
3.8667817625999736e-05
7.788738659248201e-05
5.899101360428806e-05
5.993338602225442e-05
5.3676614460983335e-05
3.987300717437254e-05
5.696733391839818e-05
0.00017337420559506925
8.898328340791282e-05
3.546967369783589e-05
6.699096791727199e-05
8.675861043308488e-05
0.0001348321538395487
4.265862749956789e-05
0.0001251651800863231
0.00015099125113565148
7.032723420473837e-05
0.00015749377379184403
0.0001927691795079861
2.5353111398682314e-05
4.1955129283446295e-05
0.00021562989458626624
0.00016126135139349546
8.76352809860844e-05
0.00011934075493632449
0.00013091359164924232
7.461610729507778e-05
0.00014247578866216667
8.089508878460628e-05
0.00010084108143329787
4.1667929542543455e-05
5.932973437930716e-05
5.781857771104728e-05
4.041040170074294e-05
1.9348177299468898e-05
3.699144952158118e-05
8.545235387189448e-05
3.844092672196309e-05
5.9490024831036215e-05
0.00011317113645753298
0.0002795786795712486
0.00019475381161542698
2.733928017659629e-05
2.4225774148811888e-05
6.848303039469125e-05
8.143840105686212e-05
2.031841467044817e-05
3.66229608743176e-05
8.100226667083e-05
0.0001277569852600866
3.645101494034894e-05
9.655886229924868e-05
5.5511230621729976e-05
0.00020212797464971036
6.667896108703663e-05
4.3316596443325105e-05
1.8781756767258646e-05
2.2710521994524287e-05
6.832426977757978e-05
4.978815603887696e-05
0.00017235066704908146
0.00013419341364365086
3.850120631896857e-05
3.973814176018852e-05
7.062896276136514e-05
3.394148021389435e-05
7.875336286517509e-05
0.0001624543741593496
8.105117075619512e-05
7.737520348153018e-05
4.205685716839642e-05
0.00011381963208582685
0.00045708428484054326
2.6996046182107408e-05
0.00013624335417017198
4.24870671760116e-05
0.00013178693589251114
4.1234530722753165e-05
5.473615332715259e-05
2.9437343126955888e-05
0.00019362142957929544
0.00014188182919838818
7.945674295404867e-05
3.884538150470118e-05
0.00010764109077700407
3.316917293248614e-05
3.7400503344928916e-05
3.3284958365706064e-05
2.781077302320596e-05
5.7150744931463594e-05
2.863605318041266e-05
2.8931116098544506e-05
0.0001393890205712801
8.120895882193037e-05
0.00013608284454741284
9.281777159794193e-05
5.644498116059039e-05
7.360744811644581e-05
0.00010973240247482385
5.7869238384765186e-05
3.1170025936323776e-05
3.0258076938333936e-05
0.00042416998220750604
8.29936842200962e-05
0.0005460585379405149
9.325879990388427e-05
9.447746362823412e-05
3.954713143769909e-05
4.575654147572017e-05
4.8806559024787066e-05
3.5234664117815e-05
3.595221353542281e-05
2.604565984244056e-05
0.00016786544304143002
1.1447373804101315e-05
5.074043784897876e-05
9.302010764327416e-05
9.728888919037577e-05
2.5703783745629296e-05
3.379239650598429e-05
0.0001670975821975836
0.00012625255800539556
6.795660063523642e-05
2.4669769713320032e-05
3.667056161171476e-05
0.0001716598540091949
6.510144631494869e-05
4.017233569954795e-05
9.3081455706211e-05
0.00017180364116159153
4.395447891797138e-05
4.405758732946261e-05
0.00014076617407171515
6.544531086276017e-05
5.816545877591257e-05
0.00020049283578829646
6.0790591773279555e-05
5.650158726749087e-05
3.450219473685855e-05
0.00013743216644091625
0.00011642832452929493
6.474955085402709e-05
4.139777331237622e-05
0.000259374919916246
9.781318521403171e-05
4.08240543934119e-05
7.679735971820768e-05
5.9977108819232297e-05
7.448137992072638e-05
8.57951228482299e-05
0.00022713449010738904
0.00033211397524910465
5.492386588701875e-05
4.00526917747703e-05
4.9061355413515665e-05
3.419923126005073e-05
7.484763810589891e-05
0.00013014202371730712
5.754323926431772e-05
0.00015608986930419215
0.0001234154569532111
4.333681906817204e-05
0.00013467045033186366
0.0001139177237121749
3.3685721301522146e-05
0.0003402213919469304
4.478731961675155e-05
4.1884262641298535e-05
5.6956316168114714e-05
2.833708986902534e-05
8.629447619008661e-05
5.7471078763544765e-05
0.00017438311541175596
0.00013729878317932966
8.124131914577311e-05
5.528372098872066e-05
4.801588675828822e-05
3.9673100394823075e-05
2.4597805767779924e-05
6.770710476561873e-05
0.0001231410469433277
3.768998948787338e-05
5.00619845078436e-05
0.00010505611681940919
2.5021986911405575e-05
4.9084295839701796e-05
6.809305316576441e-05
5.837764295650014e-05
6.432663104465274e-05
4.7648310443444275e-05
0.00012310933432063833
8.74641885887507e-05
3.9397279106970794e-05
0.00012372097550061528
5.6348291525992626e-05
9.350755464950982e-05
4.875315544432658e-05
0.0001702485435838791
0.0002493176035641236
0.0001232677217962987
5.234451325867242e-05
7.565515075724812e-05
3.1697235827428825e-05
4.137033686120309e-05
3.3965354597374254e-05
4.210807057232727e-05
2.996912002186236e-05
0.00010868468098962811
3.6899299728624414e-05
8.041142742846292e-05
7.941067243911711e-05
0.00011770855712781532
5.980869695133218e-05
8.403437839919707e-05
4.0557636649410475e-05
1.576616653100027e-05
0.0001831483358351394
5.499459095916898e-05
4.8811931395027785e-05
0.00011248217466022793
3.729528113005152e-05
8.571184844938176e-05
0.0001506592175360509
6.605920612012001e-05
3.093441205946968e-05
6.220445032120608e-05
4.902601539265056e-05
5.531105234820947e-05
0.0002384811430061257
0.00021023911293274164
6.577874325642058e-05
4.624922561852594e-05
4.524329447533702e-05
4.212679731636845e-05
8.925606820567055e-05
7.616269536172424e-05
2.9881828801551112e-05
7.782536136359306e-05
0.00023078326186347505
4.903901158633377e-05
6.555927202455001e-05
0.0002156360845058619
6.447074538915393e-05
8.493920355136399e-05
6.336485969816532e-05
3.2437637455368474e-05
0.00013139841364831218
0.000149299939830551
4.624496144977514e-05
0.00030252787052431553
0.00015248171507402153
4.9255709777550063e-05
9.942293735176166e-05
3.316693345407437e-05
0.0003056769702405035
9.636058392937335e-05
5.031769131548005e-05
8.460685927202254e-05
3.984726764741279e-05
6.519248918107432e-05
4.748893545303834e-05
0.00013788490453769907
9.487916063750128e-05
4.1519250126146574e-05
3.1774324500755535e-05
1.828169672557878e-05
4.6804923769493145e-05
0.00012392714090966826
6.967459843957842e-05
2.86088123994965e-05
8.504159245449878e-05
6.051056734054016e-05
6.184872089711442e-05
0.00010000419099472309
2.90779196941547e-05
0.00012842908730384257
0.00030690920108716917
5.0943270898627894e-05
9.844513278204995e-05
6.793594030970937e-05
2.7325735164211317e-05
4.385419603803007e-05
2.2272300156829794e-05
7.696199791954136e-05
5.327051319598825e-05
2.2188066342046072e-05
8.166595301986597e-05
2.8642555358350078e-05
3.309315514524196e-05
5.0068114085739014e-05
0.0003647655475001295
3.357200539926025e-05
7.191238100017746e-05
3.282035787913341e-05
3.498784847022261e-05
8.424255669631493e-05
3.009375369634563e-05
5.820112834512527e-05
5.112289237074153e-05
3.230477388671031e-05
0.00017921730768228188
5.419671495530944e-05
4.802046099505377e-05
5.951239143686185e-05
4.817230709614668e-05
3.868627762305396e-05
2.982757858864331e-05
0.0001682815488211387
3.794643246098511e-05
0.00016138140918802482
9.907624247730684e-05
6.212336936422202e-05
4.493845632358814e-05
6.130676967263944e-05
3.665133263357663e-05
6.789545753897132e-05
0.00015423512219764018
8.744733763770492e-05
3.805503886455764e-05
0.00013162277584211695
4.76476867423884e-05
0.00017359278432848134
7.132522485266577e-05
5.450935739489293e-05
7.33980888599039e-05
2.7694072009259327e-05
4.442680518054395e-05
5.483315927079884e-05
4.3736091083100795e-05
4.481491691417133e-05
3.739139619622641e-05
2.624475737973832e-05
4.245226099181943e-05
1.811093014761399e-05
0.00016947986934952894
6.384084539443322e-05
2.63216828732069e-05
4.885271470337246e-05
7.692150773349813e-05
4.587068925147501e-05
3.2919017739315924e-05
0.0003691442870168092
3.523243926037798e-05
4.063507393768441e-05
0.00011078541816408114
5.4138509293349846e-05
5.089177906081569e-05
3.446424390894067e-05
0.00026827256188073547
6.39441240357306e-05
4.4945830782161826e-05
0.00012261504879610606
9.636737540081843e-05
0.00017102017849636921
0.0001561124242678141
3.000957038297938e-05
6.142713445664964e-05
8.960714655435745e-05
0.00013709026965758026
2.9423717208937116e-05
7.11851306302149e-05
2.8770140958574895e-05
4.626335447287206e-05
5.356227027770628e-05
6.76437895903858e-05
0.0001956825557479457
4.5801722862543265e-05
2.4444587157962508e-05
0.00018138794245371308
3.527035075507059e-05
0.0001036537574145449
4.451576357375597e-05
4.37452401478554e-05
7.762040621137483e-05
0.00015412540014801072
2.9385405666379314e-05
0.00011039607128719771
4.2682845005848716e-05
4.542661355763707e-05
0.00011630469163442434
4.3039215789589376e-05
4.334945044513235e-05
2.7837597305149072e-05
0.0002968859833368874
5.3374682039073894e-05
2.671773226650525e-05
3.4815076546912185e-05
6.472829115706637e-05
0.0001429776324107277
2.971453530209964e-05
6.892017669154721e-05
7.458491471342245e-05
5.513971921726458e-05
3.340540196567783e-05
3.842716117836211e-05
7.347530105761308e-05
1.714536283096206e-05
3.464120588306766e-05
4.8683144722382395e-05
3.264340795605353e-05
7.30619733273947e-05
4.3556532884229155e-05
5.7190446504783694e-05
3.652923846864793e-05
6.516711311805837e-05
6.460295289173041e-05
7.914830758260086e-05
3.649381477570039e-05
7.724711127655012e-05
4.2090103485476575e-05
9.66189350837842e-05
4.2498592451598094e-05
3.7867003914838304e-05
2.797924877576885e-05
0.00019667282090176744
4.249008827408226e-05
2.188208709988891e-05
0.00016589609682433169
3.198278377560732e-05
0.00012798255367247604
0.00023937781286037575
0.000107426308924546
4.819682979326331e-05
4.53599958809996e-05
3.643233122002926e-05
2.542232180632057e-05
9.14369924562475e-05
8.169630052628948e-05
3.588220763355003e-05
0.00011517890151374698
0.0001667350376895894
3.5307638168962315e-05
9.096088241000269e-05
5.628658056862961e-05
0.00012171150184337805
0.00019759956857419303
6.722427663880131e-05
5.8704822865590085e-05
4.901354384425737e-05
6.447442320128861e-05
7.585440248099354e-05
0.00018185193797762324
0.00016762763261098096
8.223030173050292e-05
2.3941249113017547e-05
1.1283925452730825e-05
2.9753316971046423e-05
5.844126284606728e-05
0.00017259828024413114
7.558629186048277e-05
8.843777875569869e-05
9.686758826408467e-05
7.84870662664163e-05
3.990322606172161e-05
0.00010555935939837704
7.202901154920331e-05
3.704515893658597e-05
0.00048556999574452057
4.90333748518515e-05
6.580123377299558e-05
2.629339567409062e-05
0.00012541340249959995
6.51291475055831e-05
4.496214099989202e-05
9.788140346979203e-05
4.372437794893138e-05
2.903296563540478e-05
3.1865465558382245e-05
2.5096227544241385e-05
5.030323560569235e-05
2.6118579573747826e-05
5.181443912979021e-05
8.131096375307742e-05
9.148245569933096e-05
3.129450049877558e-05
7.167317803643502e-05
7.420293558472336e-05
3.260792294892025e-05
2.9418222863963888e-05
6.757524035736883e-05
0.0002918482154098307
7.566282218990735e-05
1.7444562472384174e-05
3.1572284133818756e-05
7.465798959243817e-05
0.00012320270876497582
2.385971807379154e-05
2.9130763286461994e-05
4.572947719484195e-05
0.00026129769951436013
2.6628309087875825e-05
4.0485963047236524e-05
3.454792636613349e-05
5.3102498928305226e-05
3.707850138197526e-05
3.484595162666444e-05
0.00013732962301737833
6.918223206312015e-05
9.724558191681872e-05
5.795698102801986e-05
8.024213074317308e-05
5.2720724272590155e-05
4.208312430662539e-05
9.630922578825409e-05
0.00013472449889529182
4.134436361998739e-05
7.941800716132838e-05
2.5929697573172954e-05
1.9837629278205682e-05
6.495697613552897e-05
6.29739206283871e-05
4.7181240905597636e-05
2.3624155623569315e-05
3.620922477163536e-05
2.507658623151097e-05
8.138615374875614e-05
6.595900694353495e-05
0.00022069884514163077
0.0001398437761112305
5.689392802409221e-05
0.00012301468266010483
0.00012397108360664928
5.167343463181538e-05
0.00016853526538571935
4.225502556676917e-05
4.889979076544915e-05
4.320863444951057e-05
3.9528049364365485e-05
6.68795132258813e-05
4.743055250395099e-05
0.00013383876468825624
8.184352667626247e-05
4.489146076536072e-05
4.5203783369937834e-05
0.00019736693149346578
9.281773461742718e-05
0.000107447773007202
0.00017320099213609407
5.153969338847413e-05
3.34492010867506e-05
9.670757496661003e-05
4.376566789562801e-05
0.0001030503212802382
0.0001232018653484865
3.913973074971892e-05