0.047902047477548455
0.008091931729273302
0.020900646835745575
0.036464635846202076
0.12743064205064858
0.0826104244692494
0.0562971185922081
0.0174738779538852
0.042158479863070294
0.06520422453894782
0.06726137437414746
0.06437219381257966
0.007836901403806478
0.01211039359272839
0.013103776705994132
0.003933580928766009
0.020171888006595556
0.01494576921210054
0.008882369977549437
0.008791108395229333
0.023105666629940173
0.027696498876478074
0.03274185213998342
0.015673868364193357
0.008761128124378723
0.008235493156232137
0.002188141743343327
0.012721506372618895
0.021867076310419096
0.00934295521815062
0.004245308143139627
0.0008593023286633024
0.006361271737685807
0.012258976106408272
0.003580979309059867
0.013351416455817776
0.0026149771316278207
0.005594907091494421
0.004407005296502404
0.002509265513555039
0.014871985072439768
0.013144605998406257
0.008390674887403892
0.007406426092821237
0.00305039373935691
0.005224777082671004
0.0016391563405956586
0.0054686415160967875
0.003427197202566479
0.0040190983781276
0.0037655349046060525
0.002962271252885788
0.013081450610803068
0.0068281715195414976
0.0030898369030983985
0.005944103102756747
0.005966263543296049
0.018556964548883878
0.0011175206906802546
0.0037434472551412233
0.009150221447115052
0.0017207106839464297
0.004650337120394241
0.010718966468937554
0.0029664919284090366
0.001708120892037459
0.003422360146153384
0.012616878250622517
0.002378173616775297
0.015249781911790739
0.002638313473393411
0.0036791674953214745
0.0032605221170130248
0.00981215209704721
0.005193756056400533
0.0027101426968255096
0.01613347574267123
0.0006513228354267484
0.0024669580375655063
0.006632474067343751
0.002561319219806254
0.0015504342762580265
0.003643322891794992
0.005701455346299617
0.0053407399292195335
0.005914723613145977
0.003683463765011577
0.003804968868442573
0.007479912760844089
0.005747097691827035
0.005993478576266445
0.0060865208622643795
0.002843209336818638
0.0009750301984886743
0.0005181655598224315
0.0019020898990209625
0.00293898256796719
0.003911071350395342
0.0018473877112613107
0.0021460685889906753
0.003360569502468035
0.005050346807715233
0.002638222373006919
0.001198776060358483
0.00026810376200997975
0.001598550960449557
0.001587309930321614
0.002945196125378217
0.002129012227663825
0.002495774853294528
0.003480862818439627
0.0015491647650765147
0.0013092979339933096
0.004271025235460433
0.002116310725529802
0.002146424173645003
0.007847412257891
0.0018920231053070776
0.0009144117040839948
0.001859582904525633
0.001990845368257126
0.0009064836766101785
0.00364838851219466
0.006020641418716287
0.010462060734886886
0.004005711483269608
0.004816877560752032
0.0007596044929086326
0.002487085787580025
0.0002679598945028149
0.0033767737212270343
0.005073947318512813
0.006281319064194058
0.0019129858481476505
0.0004522526479521401
0.0013392418528694141
0.0016974605628824661
0.0011565055783637902
0.004108051125954014
0.0025677711492112488
0.0024939348931445754
0.0007115119433614174
0.002165855554345871
0.003948427363380098
0.003470589627962363
0.004439709458136424
0.0011812862511279823
0.0032434713920856963
0.0033185691146853506
0.0011910217394470197
0.0011250891030101194
0.0010228092947804565
0.006548058118066371
0.0007251315687041858
0.005432470762614275
0.0021395378017341174
0.003951803905245798
0.002098071708487889
0.0011545866384509683
0.0036490118665961006
0.001707082633442194
0.003509348620383177
0.001221506208187402
0.0016013483646472322
0.0016456236846364163
0.0016345075618403296
0.003526390104030735
0.0011370657868302885
0.001872125489468963
0.005677009512569851
0.0022340933392601277
0.0033846584091011115
0.0037245352201270565
0.000987679429349042
0.0004512129444095674
0.0010663101974513237
0.0026314517465167043
0.0004753752513763356
0.0015436304833023801
0.0009236115961829396
0.0031312700597364387
0.005357790104609214
0.0009182479159312095
0.0022181234086514987
0.0017457882482262552
0.0015475223365196047
0.0054239135499530265
0.0016274711160024745
0.004634267949205062
0.001915628566395778
0.0026332394601169496
0.0025496085782265297
0.0013182730599015056
0.0025007669315323107
0.0012896601551262152
0.00041803541293489215
0.0027870956745552275
0.001330530835765496
0.0021314104255164847
0.0003757666166108047
0.0011690112991846742
0.0007588114969558465
0.002179806139365401
0.001115958305612966
0.0024054250288082835
0.0006501148869037074
0.001545984550149822
0.0003895788672182398
0.0009224573409851849
0.0019586649047821257
0.0007379663276683317
0.0007889911237835009
0.0018593366376059518
0.002565179231669427
0.0005455210065505592
0.0015174488684468242
0.0008270695054363443
0.0006811137010780847
0.00019530052604027726
0.0016014675658324463
0.0007150434403798997
0.00107375067473976
0.0005934960861856705
0.0008072423661379915
0.0008717489947262534
0.0017054169876651473
0.0019466741104790287
0.0030757530503021106
0.005820898911441523
0.00016294938789459583
0.0019527947529539445
0.002180568900201938
0.001784913586181401
0.00035062076839726547
0.0007478451903875964
0.0008445282924816669
0.0010779894205712752
0.000450710926601859
0.00020710626795354242
0.012000227265490783
0.0013173255909063352
0.00023057562239677543
0.002542492988833344
0.0006364694249816025
0.001446624170208773
0.0011280281983890984
0.0017029037116006987
0.000707174437096386
0.0012356269487170644
0.002663946998326437
0.0020354029578016296
0.0011659463998397802
0.000593309743347107
0.000414483079467576
0.002910752154968089
0.0024869406872380993
0.0023477057592101143
0.0026159299550414915
0.0016260767369902004
0.0007408992032614441
0.00038162050558962366
0.002912434954574004
0.0029118806204903396
0.001002660018466369
0.0016171825710485403
0.001093297919938205
0.0006005067800089757
0.00041360648758237694
0.001937140992403772
0.002949706974852556
0.0007377885946078872
0.001686968703726986
0.0004213058070322685
0.0013560891492750543
0.0026775662000899964
0.0008757010509459163
0.0015566784430643388
0.002496059466558538
0.0004137495105448567
0.001264090038093529
0.001087370262733683
0.0006427803047658867
0.001043957330748182
0.001349005577243118
0.00329132065747294
0.0005448817900790289
0.00017340690754091446
0.0009487016625175142
0.000611662749354384
0.0017085798407924736
0.0007205001710925745
0.0008197143010440425
0.0010364779874509132
0.001325735294936688
0.0018998487994769551
0.0011741854581069032
0.00035056897738237425
0.0002954364827632863
0.0012076427410602235
0.0016957744580888637
0.002946411809458217
0.0014225223636340548
0.0026316070312637162
0.0008793664478188908
0.0005436777525030075
0.003050232534250124
0.001920739546079377
0.0016415894824158535
0.00024109522328209104
0.001540193870755006
0.0004426938644329574
0.0011311300695471729
0.0013931385959594996
0.0016036366127959827
0.0015622741192091044
0.0004311948282710835
0.0005698603615486787
0.0006422395581148412
0.002676303615999013
0.0014952762835605787
0.0012312623052024776
0.004640825133141767
0.00158635651589095
0.0031362355944825776
0.0009126893105741293
0.0005203317784495586
0.0003020927564743881
0.0003036713847149571
0.006140476036629952
0.0004193219821363331
0.0013535351185719182
0.002629223464231415
0.0015811236553220263
0.0016828047400712556
0.0016501268875227693
0.00043285094377329853
0.0018832270444046433
0.0008311062318335277
0.0014092007221721597
0.0018045799796526717
0.0007195486575149129
0.0029350250468461857
0.0027845098440075944
0.0003628602700459227
0.0010506181733975623
0.0022774124780551306
0.000870035857045396
0.0020523785792884793
0.0019970961641945684
0.0012388614768445683
0.0012975631530081444
0.00027366782890468806
0.0003036692151614808
0.0008838364113052169
0.0018522371485001775
0.0026675190483439115
0.0021090054880270686
0.0007661527792445941
0.0001874563527759216
0.0007760521145261885
0.00011046514583953064
0.00031643649645759386
0.0008761923626696555
0.00039888284314426104
0.0010656816920306632
0.0005575067551891934
0.0018815333449308147
0.001271342425535354
0.0010935269920518361
0.000297275565761664
0.0006656545051484945
0.0015191788758498177
0.0009547442565262126
0.0005438806907220651
0.0008708539384885771
0.0009585466124702014
0.0014567517504007906
0.0003370739247070492
0.0009126266431216249
0.0005666184438815467
0.0012451826825771453
0.0013634113901339385
0.001728268196308086
0.000735072813666074
0.0015759065236397455
0.0018350385928610547
0.0005423154148248288
0.001445996200787036
0.00029443528299226033
0.0008967404486621593
0.0017868007402239267
0.0033844200933528263
0.0014426710964702907
0.0006285821435268353
0.000972406259324142
0.0006225433417617395
0.0009750715039940375
0.0004658758224919767
0.0019106654992590672
0.00213170093066054
0.001907898691029068
0.0028878569691222033
0.0005101104103971503
0.000932331995318167
0.0005196272474549968
0.000248041988376103
0.0012679931497703908
0.0001759221094720581
0.0043915053966339605
0.00049312817979081
0.001497521256755018
0.0014435217287959818
0.0008129276860813577
0.0013956337127852745
0.0006013243268158205
0.0005643076201119489
0.0008190399529315271
0.002685484281028676
0.00037998687397731865
0.0012642073055138857
0.0007764651845137269
0.0018842011279616181
0.000794437302182884
0.00019396990279590279
0.0006696514920179192
0.0004690053939492715
0.0003769704029204222
0.0008139043922227308
0.0006816151319997771
0.0018303151202411726
0.0013166050238374181
0.0006007256649178914
0.000552737178419093
0.00013702672083731976
0.0008941735589712369
0.00039376656073838415
0.0008016685444901448
0.001535197080537565
0.0018000158228351376
0.00040490601420125006
0.0010453809924950686
0.0007425953424522879
0.00017757942099438101
0.0006531709916462816
6.750125959090479e-05
0.0010169218100649982
0.0013016826615682997
0.000572886576511189
0.0010625833890757662
0.000762824472688547
0.0022578018825773626
0.0005911524470342347
0.00023041025685133508
0.0011755868841818468
0.0006323472522606513
0.002129456140026221
0.0011988297252321476
0.0003096553124170626
0.0007574101348193257
0.00023665169087215557
0.0005170221882657015
0.0019507680228555433
0.0006783706603313401
0.000344384082684974
0.0009796906974644272
0.0021761311883600307
0.001216623405755732
0.00047707386963315016
0.0002628478002039316
0.0013903406821653167
0.0010457794900523305
0.000758168873951121
0.0006543625143235506
0.0009608268878157117
0.0008036111691611416
0.0020506185975577513
0.0007530456309845289
0.0022360451527099435
0.0015087639540655956
0.0013984696555927319
0.0019741356071790827
0.001282734190500898
0.0006179245275542663
0.0004983305578978279
0.0008910755242165506
0.0008069332063600173
0.00015406502960515532
0.0007450707717320232
0.0021003540517251047
0.0002779568697029577
0.0003253692049404343
0.00038720069386233947
0.00010974095465145621
0.0009052221091334976
0.00018471699871238495
0.0008686805763389747
0.0016298326368846027
0.0004425231998243442
0.0012915293420880365
0.0009212666656330833
0.00046812251133563954
0.0026695273006220478
0.0014223803295219648
0.0001813509248727495
0.001347188844118588
0.000485505108496262
0.0007244605070790891
0.0005440665316885471
0.0004108270997089511
0.0017668063688707982
0.00038057966511464427
0.0010775687043363292
0.0024889970447483914
0.0008442313939548543
0.00036636829186907047
0.0018990422585795576
0.00039767420913073545
0.00046150215464537927
0.0002854488429684477
0.0009418007805431035
0.000827258983726879
0.0005192673557157021
0.00073002248218335
0.00015616567289913576
0.0017463037088201946
9.35006254873148e-05
0.00031272375793667305
0.001791358427578343
0.0015707446459527765
0.00024098550376149694
0.00046232387579604273
0.00027946998925256687
0.0003063449986942953
0.00014565879406862518
0.0011792696141366896
0.000161176284647081
0.0007792077452629153
0.0005068758427056474
0.0002755427605859537
0.0006532721178255093
0.002019477476331784
0.0005354089948224818
0.0003060002091180188
0.0010449000742680063
0.0004929142116112432
0.0004909432158137148
0.0003194569718202317
0.0011169158012164263
0.00047851252400244235
0.0005218815920378318
0.000802818893482694
0.0005519189607541311
3.460643700954878e-05
0.00029131432057752523
0.0010309626924945264
0.002172760455340598
0.0012449722225395773
0.0012592943855562323
0.0005099242087911596
0.001584466586186397
0.0005859390304024155
0.001182670694840073
0.0025710578559872133
0.00037746019147734075
0.0008614903105300813
0.00024400052298628904
0.0004861632294325679
0.000330176226952672
0.0003478238323593823
0.0016420238636129343
0.0012786575463013294
0.0006134336337901754
0.0003930614795685427
0.0008938770068896447
0.00019304136143342867
0.000512456005421706
0.0006601130490614113
0.0003535304653513886
0.0013729163636782046
0.00011121625120781071
0.0002266279793713172
0.0007252043548484965
0.0001772943383424141
0.0006980121560134118
0.00024732553419522593
0.00038610735446169443
0.00041997056810994123
0.0010307407549472233
0.0001619360759495313
0.0009904990485967297
0.00032313601568056337
0.0002587917643678633
0.0010090319374417675
0.0005683329640329926
0.00016160922212766517
0.0012644457395149195
0.0006995905756150969
0.0008480576735437947
0.001080097922728854
0.00038646235840621265
0.00021963366417030616
0.0003793835027411588
0.0023875707698145813
0.0006461865416135432
0.0002743704362359407
0.00043309023256149666
0.00037160382399992854
0.00042434924312110276
0.0005570668281319715
3.7949505092462727e-05
0.00018606936637966418
0.00023398318030987817
0.0006759159797360894
0.0015545504741550085
0.0003585881200498772
0.0006470485114338638
0.0006562235147193581
0.0008878134715166583
0.0002680625137178316
0.0011124906145687286
0.0005332165724008469
0.0008101424701603101
8.502717459480052e-05
0.0006645534154927079
0.00013928904218702708
0.00034953459242180387
0.00032085384719474525
0.0002755817672118921
0.001058249605041991
0.0002530249410840912
0.0003087004159407416
0.000623790951221294
0.00044252653426538345
0.00036834351352546264
0.0012268363093106902
0.00023717482506151722
0.0003771787213161146
0.0004107761752070214
0.0005456259530757471
0.00013582635804159228
0.00026157055511669825
0.000881512725668585
8.640442507386804e-05
0.0015793512530875803
0.00027043805993930565
0.0004714108935596797
0.0003082508549498791
0.0004137685072304506
0.0006215435768859502
0.002008215510307569
4.814724408093239e-05
0.0003657973929722464
0.0004145144014866173
0.00013641781758190824
0.00016529230790491325
0.000516251657242382
0.00035854894252589786
0.00024751912958857763
0.000459929715946698
0.0006590930373059269
0.0003871077235088833
0.0001809430126290532
0.00028593530242330495
0.0001151647643293982
8.375772748212854e-05
7.888153896082973e-05
0.000267633375491175
0.000523893954922068
0.0005184431249534479
0.00024278783269767647
0.000781340766686047
0.00038586416594299175
0.00016028269715635482
0.0009445821297880497
6.046985144947309e-05
0.00014316399497720048
0.0004225900649803536
0.0006360415346636603
0.0008342547370486689
0.0002720775224863419
0.0004895699157149226
0.00015923058543388646
0.0004116110688979107
0.0002549422246049969
0.0006719757913150068
0.0002468816259648836
0.0005587660459210477
0.0003319476782982941
0.00016084984308505402
0.0003419698113859173
0.00039318467860026933
0.00015331451330165312
0.000950061658911538
0.00015937824223802722
0.0005765784496555727
0.0008339219482961828
0.00019871652014408377
0.0005514582710324813
0.0003998464266024357
0.00020821490275256158
0.0004818701328863371
0.0005913564052436235
0.000130883917891859
0.0010135716463909763
0.0015083555343247015
0.000311158409570657
0.0012102140953043614
0.0011399353194583956
0.0006702199008042009
0.0003851902941166853
0.0002549581312537626
0.0009097468605772912
0.0006420577099484749
0.0008506152457459106
0.001051794789291917
0.00014304812293870563
0.0002920069833889368
0.0007374461873595297
0.0006211619192496889
0.0005238582822308273
0.0016833285057951109
0.00019061900168999528
0.0007173162126919225
0.0013111006023071707
0.0014368260489671068
0.00027756064608502564
0.0005691160929896138
0.0005923449987182109
0.0007477559501555767
0.00031538538587630726
0.0008990347071923314
0.0011544613099394346
0.0004930648205635273
0.00019401159331479176
0.00023752490890382433
0.00028085215693517666
0.00017081938133562636
0.00016739113975350393
0.0006824800118207607
0.00030165259954343575
0.00046997455126889545
0.0016968194962662683
0.00018755404096201518
8.183295875116517e-05
0.000927941188585453
0.0013095618434154567
0.0005378615155522483
0.0005624593547789135
0.00066049359180752
0.00046163035538063257
0.00048729743151437207
3.686539987569536e-05
0.0005642686284629856
0.0002691795810925001
0.00014062894595996342
0.0002065404911937936
0.0009155211863489898
0.0010578612949066768
0.001503869062770062
0.0004808687026774647
0.0006875358739400804
0.0005422708251128106
0.0009530133574872247
0.0008594098694887175
0.00022049982366537308
0.00030384928991549273
4.290164733486627e-05
0.0005527248838928247
0.0011680025702451094
0.00026847144145264034
0.00025096694780224075
0.00027349718402909913
4.674451936062407e-05
0.00033674029227759186
0.0006009801884562584
0.0003983078751999862
0.000984543249423534
0.0004423039963285691
0.0005548556273452954
0.00025232535749851345
0.001061223168793655
0.00035357548942512387
0.0008740383241943719
0.0006816494372057955
0.0001624224870121928
0.0003114015799276273
0.0003074246458549949
0.0004038352203277997
0.0012471301533110545
0.00033660037519724875
0.0013538502727304723
0.00013689820875736124
0.0004917379368773292
0.0003162365024208715
0.00047067191734717477
0.00025482515617798447
0.0004716935071306119
0.0007224027794713793
0.0002628611265707165
0.0007673059062344272
0.0006044389222887893
0.0006103091397183716
0.0002435115518699384
0.00020081343358661755
0.00020957785449318085
0.00033164078720000626
0.0002650160382361188
3.2133268037127526e-05
0.00018483011388366306
0.0004603156131355631
0.0004879898122208983
0.00018148515629814736
0.00016967797116882997
0.00015497368813667927
0.00014047864079314061
0.00010190689083721187
0.0005941314236395348
0.0007057279320851132
0.0007677915892590459
0.00028722470891526643
0.0002935857044203834
0.00022076892271757442
0.0005654825305378793
0.00014161020483825375
0.0005032937967037023
0.0001322536166165688
0.00011518483972600229
0.00014773148751096333
0.0001828929177738959
0.00017322139965520326
0.0004490707058507857
0.0015432550083654961
0.00032385327680365766
0.00044413324952199864
0.0001606353043168325
8.62984712076053e-05
8.048513967252936e-05
0.0006698947092630584
0.0002690194905119282
0.0002857195853356647
0.0005127981427414131
0.0004579106919405924
0.0010260128013413088
0.00026689122865915384
0.0002968136881343389
0.0008409188893338638
0.00018924685725228547
0.00028744815757445266
0.0005669585462771457
0.0003168695723933359
0.0005480285956583361
0.00025781787168573567
0.000200826854273241
0.00046867114688221243
0.00010584405481874951
0.0002616699052026516
0.0005359414813604821
0.0006020197442484958
0.0003312190033058836
0.0004249642717479322
0.00015007025782767396
0.00021424233567899305
0.00012426645339973499
0.00014908798161128605
0.0009478410631712281
0.00024267612233855754
0.000736167854951584
0.000290125659776265
0.0001403391989946024
0.00014284817369910198
5.8913552317798014e-05
0.0005240461730669999
0.00031910957915855774
0.0007247022357366004
0.00013552882924889405
0.00021128488408774312
0.0011287005052618257
0.0003718224876153551
0.0002633317332348859
0.00020221547099301602
0.0006224119421322144
0.0006523790482928248
0.000642581720048044
0.00044960044955742344
0.0001086022951865407
0.00021223956371072838
0.00033628601896943414
0.0002381658676979537
0.0001945999097337557
0.0003731674483998417
0.0005854875317546809
0.00043380815807789533
0.0012347524344338756
0.0002834862904164408
0.00031882064050768724
9.531133548954505e-05
0.0002226328380520524
0.00012692344857594817
0.0005097253461528218
0.0004000368678620096
0.00039038409098435294
0.00010542717033714802
0.00032945760899154704
0.0007389205610628535
0.002791660559256914
0.00041047316903237773
0.0013264595367390303
0.00024426792039662187
7.810346415199031e-05
0.000134281279834527
0.0009041914382826719
0.00011819695838336496
3.784009269527569e-05
0.00016317737971946518
0.00012211113172855528
0.00034829626501737653
4.5632598507349495e-05
0.0002728531041805586
9.232389009440822e-05
0.00012405420241798026
0.00016660074788661238
0.0010947911341025647
0.0004161734021741245
0.0011664757598643443
0.0005148646251203799
0.0004215033302991255
0.00014969132194733189
0.0004954890378091978
0.00039331434716500114
0.0005976833526388211
0.000273400605347897
0.0006219370775784934
0.0008521632232647286
0.00032421836632743066
0.0007288145948234092
0.0012866070615057874
0.00013298535445500573
0.00020059345921657524
8.167126416927808e-05
0.0001217871722839751
0.0003707035392342668
0.00023152836576438126
0.0004615081564180571
0.00047676224211516617
7.273210911928728e-05
0.0006238073435847227
0.0004466150822484649
0.00013208981914573754
0.0011355415536925654
0.0001595970430031622
0.0006368482246030901
0.00022160592840415625
0.0001720003630570257
8.957435084077682e-05
0.0001041365010657286
7.603676030414412e-05
0.00022159866876064939
0.0004249084880637523
4.858470270315682e-05
0.00028479949455152644
0.00036187161003303216
0.0003412340048154133
0.0001678889456666095
0.0002984090919726493
0.0007643309953906674
0.00022178762644219766
0.00019731665811024624
0.0003479972075731761
9.705991964122726e-05
0.0010365204278768813
0.0007661409535738291
0.0001264562223738639
0.00020073440464219323
0.00029965006581539756
0.000357659536612105
0.0007903025201384058
0.0006026720922967973
0.0001607690043505668
0.00022175273860607355
0.00035975512850274383
0.0004259457888560671
7.546320292536337e-05
0.0005195062131406274
0.0005163183715308866
5.552966626522921e-05
0.0004226342367073871
0.0003042454324018082
0.0005990952867527383
0.00027207823648238807
0.000585860406763992
0.00022344837095317227
0.0003904424486284116
0.00019443438012546239
0.0003640812709552681
0.000649077368535052
0.00011173714594610252
0.001032806498310633
9.08176515294699e-05
0.0006557233548335935
0.00017017633301737305
0.0005831793122253487
0.0002899719151813868
0.00022066985135501155
0.0004526824046480488
0.0007051938435822569
0.0004824414659318674
0.0004746429932015439
0.00034603346386217126
0.0005200209249352766
0.00022870939304333647
5.2395792176333004e-05
0.0003403166976542434
0.0005324713305998925
0.0002146152808025662
9.256490682866957e-05
0.00024325516889787038
0.00022898684119747315
0.001026327341657529
0.0003127178563986973
0.00041883749198618126
0.0005259576553433468
0.0010241232133014317
0.0003368002083338379
0.0002292412861673506
0.0003349889601127332
0.0003374826594992783
8.412962833199136e-05
0.0002807036287782453
0.00017375332508883957
0.0010769689608036885
0.00020584032342852067
9.435287169188562e-05
0.0006855332468883882
0.0006339776360503484
0.00024128675209173452
0.00035413842724171313
0.0002505080344669569
0.0005114932954573294
0.000169252377685767
0.0007487360618987248
0.00016428479899261906
0.0004885172546686697
0.0006319598881096666
0.00039037888985144034
6.387579832647359e-05
0.00038353724210640023
7.970814791572165e-05
0.0002624482172560782
0.00055143038777766
0.00013350743956164595
0.00028413211067975495
0.00032690918115003807
0.0005936933226127031
0.0005211593856372472
0.00017617391452204043
0.00023042674074994892
0.0002841505997064877
0.00022570078962468013
0.0002813427414106233
0.0003033015900193923
0.000146160490085836
0.0003026684301609734
0.0004869362241213718
0.00022838855564427722
5.3148418928815954e-05
0.0013508767378127792
0.00016050195950404066
0.0002465610326484682
0.00031253661224326534
9.640522624337697e-05
0.0001148793791334053
0.001034875934128632
0.0008221609794707783
0.00041227437014144854
0.0001027411384818025
0.00010391436915754752
5.4142591097483166e-05
0.00011499213903659967
8.252764417341893e-05
5.2841103113393215e-05
0.0011642638613475606
0.00011089497014581003
0.0005229311526772741
0.0004966048590124359
0.00035012859933575264
7.239884163263694e-05
0.000227455346332711
0.00030395248094195794
0.00027454553121697054
0.0002005652733409384
7.799465926154321e-05
0.00045156654111297786
0.0004847627217867173
0.000417931596505438
8.989891552106324e-05
0.0005015413623030027
0.00016121492333210594
0.00030713410578037977
9.74512601890685e-05
0.0001583472216912985
7.859033376381153e-05
0.00018851328702926864
0.00017757779895640318
0.00014525345012859794
0.00039832518353464055
0.0005665265425928411
0.00031050735789092475
0.000412533128363979
0.0009878121934369219
0.0002597593309988694
0.00019227303383398826
8.143117414433806e-05
0.0008960963240025217
0.00036308276906036046
0.0003877245873551621
0.00032044031065720413
0.00018564006306538448
0.00011851681732482498
0.00018220822266316287
0.0003644146676228567
0.0005117476703436225
0.0001027717803909123
0.0006403168854125368
0.00043250221953202453
0.00032600835405227315
0.0001472125199829515
0.00035307043545081514
0.0004677462939200038
0.000493937213668823
0.0005206104314823992
0.0002088760715232655
0.0005481044474809261
0.0001319321420038161
0.0001032170624895764
0.0003347965845409013
0.00013251735851230593
0.00020189381956967645
0.0008145146989067232
0.0005600276565011925
0.0001853831985988078
0.0004861718239259924
0.00016804441563637824
0.00021020744444660174
0.00048782040591317506
0.00011738246198665916
0.0004917008194006905
0.00016656386398831744
0.0005246792983179553
0.0002991927786586542
0.0002961821010683725
0.00010891476347110966
7.67682928552191e-05
0.00017288959139985207
0.000497966386075436
0.0004204654319616568
0.00013770402285068022
0.00018434060887901154
0.0002172844625085968
0.0003558727007299631
0.000166334835981019
0.00013095563922673002
0.0012236765250444297
0.00020133668041981057
0.0005550242271323706
0.00017138468181492097
0.0017510719377247046
0.0002967093599753077
0.00045293325569404686
0.0004427138970474455
0.0003643535225954246
0.0003928316682564522
0.0001806091142989625
3.8499892364936134e-05
0.0005121246761972469
5.241460412692236e-05
5.2180734491039304e-05
0.0006702220382085343
0.00010363909143454956
0.0003201861504434418
0.000525242741033067
0.0007322634710739191
0.00013682383378980025
9.290509787425012e-05
0.00022044684618540504
0.00031616951543549066
0.0011879259546546952
0.0003896368161838061
0.0006987130704495815
3.8236635915980794e-05
4.1310797107278426e-05
8.144621807791999e-05
9.041849692807012e-05
0.0010969178891258578
0.0005408774820578637
0.000586911246121186
4.311399491568303e-05
6.896853843433922e-05
0.0004288897614542925
0.0005435578794800072
0.0006777620371693432
0.000328682530454144
7.715647656682453e-05
0.0002424014343154696
0.001014407339251645
0.00041130502211659896
4.179297994724964e-05
0.00011731216444515287
0.00036712447920155596
0.0011009195710102921
0.0008648295360840256
0.00021149610415869242
0.0004618691698422807
0.000292149971598596
0.00031121788681862756
0.0007820755897522376
0.0001359475140398336
0.0003796627272285395
0.0006287583310928305
0.0007850296036734088
9.756756834434851e-05
0.00020386973884828672
0.00027973633347728153
0.0006347952408170162
0.0005454764115818138
8.655210108508084e-05
0.0001694115558652121
0.00021987617920902954
0.00027756834029576646
0.00026814897002112566
7.26349641780574e-05
7.193873166997602e-05
0.0003571070319302216
0.0005386074283643164
0.00019626080879292317
0.00043157044248538627
0.00030106566784763585
0.00020491468714914615
0.0004578499924162679
8.108309763144305e-05
0.00044002528205172966
0.00011018695131071655
0.000503790683955568
0.0008588365043015075
0.0004105151186855433
0.00029241566204335804
0.0005664865626609427
0.00010845344118562972
0.0005811421875758498
0.0001076489389781489
0.0013160380087575082
0.0001308261086578924
8.093112831729004e-05
0.00021767279377845993
0.0004210177048339132
0.0007878435045920662
0.00015306295523425374
0.00017970997337618536
9.601897402283148e-05
0.0004838652336071915
0.00023567663723395732
0.00014750123520687177
4.802756845682775e-05
0.0003049893305937408
0.00020319160342723797
0.0005835315435292559
0.00010944472707193981
0.0001983175783252981
0.00032948335836465175
0.00010457644080483493
0.000179865413750322
7.655672616162872e-05
0.0003677234738822216
0.00019735241416332603
0.00021647878194420167
0.00028246116315911606
0.0001583429645621919
0.00019278653829337677
0.0001329163535727404
0.0008309746624028826
0.00014492684284760763
9.181656212376128e-05
0.0004832051499663582
0.00031206914800408907
5.324053979004385e-05
0.0002720823697529235
0.00019025975643018173
0.0002469770460711707
0.00023021669495147358
0.00010350000931340193
0.00036798029055852175
0.0004002602524882398
0.0004979609994183208
0.00015765381164429263
0.0004351256902525121
0.00027364971503361597
0.0002016367952631127
0.00019912805582984405
0.00016566274823961706
0.00017900277177419402
0.00027198135249966745
0.00015036558259939024
3.562289057950681e-05
0.0002106645205158014
7.267768535460303e-05
3.666152580098536e-05
0.0004040614011698685
0.0001411279021428889
0.0002833283358220913
0.0003213176618314178
4.4673079965159125e-05
0.00018270069657024538
0.00036953765933145697
0.0002534092419262254
0.0001662966094920825
9.184542964268189e-05
0.00022984656002322763
0.0002928963361664366
0.00033070158023788425
0.0008251714650188365
0.00034330407669529064
4.5503678171024235e-05
0.0001595062116669158
0.00012554013550268806
0.0008200047059061266
6.542330209892677e-05
0.0002062753995663376
9.410209847139295e-05
0.00033872550704466516
0.00017211871945575
0.00010094521413533574
2.131508764123625e-05
0.00010406694505720894
0.00034893489138089614
0.00021025854614322573
0.00045979210174972084
0.00019499546912956316
0.00016056192130036354
0.00019303732069880675
0.000494929325177755
0.0004835310916415468
0.00044356438703402383
0.000441147750019264
0.000129066910358693
0.00046172641474547215
0.0003952907704697771
0.000711169201945978
8.764160855497365e-05
0.000496337287301756
0.0002702344030859828
0.0002444823325943449
0.00024101928858257388
4.8851376285199584e-05
0.00020492773376588655
0.00020558846090374755
0.00017777511924279597
0.0007329357952150662
0.0002512705463989318
0.00022855193760385213
0.00014228949238743555
0.00018719969940649825
0.00013817567858987525
8.852033151513547e-05
0.0002597221170226592
5.560483115285315e-05
0.00011625674033310121
0.0002897059354970063
0.00018574580651418887
0.00019628332781077742
9.137024928278414e-05
0.0001446145161292386
0.0006013432693046596
0.00044874251444614727
0.000304649312470903
0.0005779606695471991
0.00013635109926812158
0.00020293182537840527
6.522065023525198e-05
0.00014586499503582245
0.0003478829994203396
0.0001069384239552754
0.0004398697258863294
3.5745541150056356e-05
0.0002880119385047191
5.133976891233617e-05
0.00038723492167218174
0.0003789406518191576
7.91476354992389e-05
0.0003722276490196223
0.00017762110476056956
0.000645513903302119
0.0003345568689296714
0.00026449556947544267
0.0002305650324731043
9.293102541970574e-05
0.0005845673545054033
0.0003509695810635577
9.73211317164723e-05
0.0001382965539103685
0.0007294222896827319
0.00018170675782453656
8.934913205214911e-05
8.319157610177473e-05
0.0004431009486816507
0.00039797400842794394
0.0005403920359081119
0.00017457997232683548
0.00021286847549234627
0.00015357032686013784
0.00046312683936556784
0.00010491013963969278
6.211991318229946e-05
0.00010431117244722803
9.492878796954595e-05
0.0002676090122444676
0.0002831325649285366
0.0001997107215919192
0.00021953978703318614
0.0001267584187635113
9.707075122882973e-05
0.00010622245197325617
0.00017055985346539827
0.0001638557212476807
0.0003162702434304058
7.505615754908429e-05
0.0001752187888184223
0.000181922186005374
0.00042145366580792303
8.605035350581643e-05
0.00030329643546281445
0.000666060396546861
0.00046494749626896397
0.0002958470826377464
0.0001129813445840139
0.00015794137482027625
0.0004986648741807469
6.589707288855216e-05
0.00017797110965197532
0.0009026981292357689
0.00048037654519677794
0.00039685560042880156
0.00013311347276111536
0.0005269391335704098
0.0002184203554923791
0.00012058157128737921
0.00016381523989974334
0.0001483239503123319
0.0003231556922264416
0.0001946784591817167
0.0004732208534964609
0.00029619782064858457
0.0005496325309688507
0.0004034488158479175
0.0005505302420211021
0.00015980446919353848
0.00017575815967278642
0.0008428783928505886
0.0005613914359904126
0.00012377460209837615
0.00012825885292058972
0.00031708749686811254
0.00011624814813803019
0.00017621135541509315
0.0005338446771623582
0.0008585877819985157
0.00016193282493750903
0.0004215754845842724
6.435845274975541e-05
0.00023905111032249056
0.00012128525234241702
0.0008368765180095792
0.0002159164123011243
0.0001368697733031583
0.0006544734505121617
0.0001853064527733901
0.00020374624190765361
3.159818814756038e-05
0.00011405409263731254
0.0001078077775752913
6.255039152221015e-05
0.00013873051032445836
3.769962929110902e-05
0.00020514513366629044
0.00010866720243136594
9.133639938080053e-05
0.00029026076594957593
0.0001867937698324115
5.334381446430864e-05
4.446608778308212e-05
0.000358053339987934
0.00012673801583707885
5.361415155336902e-05
5.1499040250261175e-05
0.00032694273120503997
7.196519703184333e-05
0.00010031208719730156
7.5928403069039e-05
0.0003015152685668786
8.835224564542343e-05
0.0003840847733363372
0.00036206143076828384
3.6737420090533266e-05
0.0005241893155602068
0.00010318697792119427
4.4364113428036736e-05
0.00017526806642812688
0.0005669747917709241
0.00017011812173365256
0.00037338320656817633
0.00036926017725463474
0.00010828091428441001
0.00023724460628355237
0.0006059787498143065
0.0003919529641186419
0.00012509958336413254
0.00012239522974595105
0.0004348536295109599
7.418089518440428e-05
0.0005511649631062676
0.00015428234633253302
0.0004537986424377191
0.00043913848309889834
0.0002743035079430675
0.00010811236944960962
0.00012162762634154798
8.12820702153632e-05
0.00012197464744530805
0.00020531079221724924
3.269749315558709e-05
0.0003183334181875489
6.181608660588228e-05
0.0003127195908835532
0.000277719243643202
0.00022767868774220098
0.00020758576400372502
0.00023773893305151006
0.00010186800602688469
0.0001376951246873373
0.00011064619064979455
0.00025105685267457726
8.1739355555334e-05
6.781593959949009e-05
7.441297114515751e-05
3.9823215701381996e-05
0.0005825060779402132
7.556862180726427e-05
0.00012482824703824626
0.00011546762807095139
0.0001760674914026036
0.0021199842462503713
0.00027035740597772
0.0003617364268510353
0.00013696465008909356
0.0005709713222666971
9.134613994375513e-05
0.00036685140481216785
3.9192732733129604e-05
0.0003609557981420361
5.494699183005394e-05
0.00015925935786598327
0.00024367043483591248
8.410803063835923e-05
5.870559206744144e-05
0.00016250262266202865
0.00015803516990888644
0.00020272469688881732
7.438463971468145e-05
9.98493909635696e-05
0.00019022407855106378
8.847853154974495e-05
0.00024148116667342757
6.227153127576828e-05
0.0002536486548416342
0.00025630272695835606
0.0002078033770608195
0.00015308858077831645
5.013951458530729e-05
0.0004996069483128149
0.00013536463038584957
0.00041705500664590523
0.00010536228015946016
0.00023404673624190727
0.00018754282906771228
0.00022265579827279597
6.361069816288094e-05
0.0007925231724439052
0.00010996150746004958
0.0006465162583600446
0.0004516684923220639
0.0005593344710128464
0.00011156237111667606
0.00010537700610582237
4.816845633516177e-05
0.00023765208015873952
0.00022233737974342336
0.000213205416605611
4.872962658607542e-05
0.00014475707302249454
0.0004161256934384752
0.00022882227224541084
0.000378414282780939
0.00037636617734014094
0.00036672597300117815
0.000291162597160028
0.00030290348277591417
0.00036141072639573615
0.00010530117488423864
0.0002540852473212877
0.0002599124877284737
0.00022950157701139153
0.00030105917719231475
0.0008092598951711108
6.43757900999719e-05
0.00043989624356511253
0.0003466879910349033
0.00013368548204267173
8.562756966633197e-05
0.0005752676983284326
0.00011636282983626296
0.00030404997445025484
0.0005213534802983423
0.0001298210622212162
0.0002808237259796288
0.00020644726397597604
0.0006860647030540969
0.00023239535475150076
8.190949906514924e-05
0.00015679736027765983
0.00010936288197599585
0.00021190424770966076
5.668546983219749e-05
0.000331126590381107
0.0001902975111954452
0.0006327018744741917
0.00041693177731534067
8.353767433147343e-05
8.336340542823387e-05
6.494963264957992e-05
7.699463244624098e-05
0.0012296121282518518
0.00017076116746018527
0.000538461997135816
0.00013486149646932714
0.0001750384517678458
7.491829796203077e-05
0.00018508412660275773
0.0002842842539914729
0.00011904337392863012
0.0002745567313356203
0.00022626950247377222
9.338013763351243e-05
4.877862888051539e-05
0.00018083620707194466
0.00044818183773075615
0.0001854738512437788
0.00022007437692486123
0.00016747701452009899
7.80813770539871e-05
8.01872352599137e-05
0.0009621888381367882
6.474802220384683e-05
0.0004182369567395915
0.00044372568758085007
0.00024802514345176644
5.0011954316218815e-05
0.0002460242453656229
0.000226442107429789
0.0003413418083702494
0.00018607874664481718
0.00017246588910134616
0.0002077921531777392
7.763928805668763e-05
0.0001784243172892297
0.0001457836517803567
9.530452669537854e-05
5.7005125729572634e-05
0.00011747843015830218
0.0002303945120073637
8.539367338762732e-05
0.00011289654430793313
0.000655510610412286
9.666801684884924e-05
0.0006410412323583712
0.00016723811662471897
0.00013037187374778043
0.00010039280375139556
9.057421961136962e-05
0.000467998326817154
4.223542593601478e-05
0.00021535171079576694
0.0001296708791825533
6.0951574312726505e-05
0.00023230401519739176
0.00022485277971558707
8.599172748023284e-05
0.00020899373134859416
0.00012586970950076171
0.0008348872619394117
0.00010270618629803385
0.0002573711633908079
3.989940878481946e-05
0.0001743974568115545
3.716567480508018e-05
0.0002855272581373697
7.627782935179934e-05
0.000356571321042505
0.0003659950314068059
5.293512816237004e-05
0.0001635430325793444
7.711910316223253e-05
0.00017152479611027823
0.00032443749029185346
0.00019778289938672267
0.00011137648508733406
0.0005950755113121693
0.00039528389011405686
0.0001059560490433659
8.341819608349015e-05
8.046581032126992e-05
0.00010018782867692608
0.00023135907998142883
6.305780610447792e-05
0.00025707134055410786
4.70782476950275e-05
0.00020109227360066065
8.997986138349956e-05
0.0003021834071233581
4.8864715357203566e-05
9.099365805285567e-05
0.00016022775060737143
9.10801422729577e-05
0.00016262123549598307
0.00014032876238868883
0.00020533837875530528
4.024727361198939e-05
6.361759117533775e-05
8.37559933080594e-05
8.184661028447629e-05
0.00014811089958432925
0.00015006315692019624
0.00014775051406866452
0.00018359144156368884
0.00015449694208720334
0.0003560203598336979
0.00023964641412354835
0.0002483131732935677
9.229168373241719e-05
0.00010432438971424408
0.00025636407728970906
5.228286556609391e-05
2.419506281898152e-05
7.444722394643426e-05
6.1027692968725524e-05
0.00011229226184024213
5.5455471226862845e-05
0.00010019081043507005
0.00010499835743140029
0.00025239231606530174
0.0002395556056054515
0.00014833752114021617
0.00014266105949136795
0.00013899284133295578
0.00029091139477464037
0.00013502392465508005
0.0004585623682973761
0.00020544218690922948
0.00015417717992985156
0.00026648025497451246
6.388279542734756e-05
0.00010034276504865944
0.00021816746402704513
0.00011311700010364018
9.618443006460434e-05
0.000342428759221073
0.0003573648159902705
0.00013504055042320371
9.475413041251733e-05
0.0001754676995798862
0.0004246971065486952
0.00010012931021119205
0.00015512509364098794
0.00031989945746658925
9.698106722340516e-05
6.065932282148277e-05
0.00013135761902597704
4.74570693350948e-05
0.00012420217142667647
0.00024998053815115413
0.00028777330128426344
0.0002682763204381104
0.0002625949038800784
6.009584245927075e-05
4.220703486962559e-05
9.75052113863699e-05
0.00030899751111393447
7.368852775303586e-05
0.0005785077958919034
0.00014218696752788275
0.00034476166802118846
0.0001128088281129052
0.00025472054258516885
0.0001101410175411115
0.0004101614196875681
9.915692727415972e-05
3.105418221909797e-05
3.679480544373615e-05
0.00019886930939127343
8.49289175555906e-05
0.0002506248845673866
0.0003503622473144297
0.00019746703749590184
0.0003379527032150735
0.00013558351054956594
0.00021614904499987688
0.0001369553938904411
6.26598568107038e-05
0.00011715032192729998
0.00014278692395786646
5.4629608969394464e-05
8.452936052985104e-05
0.00018419166329000807
0.00022332444454300972
0.00011536789678436596
6.52991082101288e-05
0.0006843089660178424
5.600169548274243e-05
6.28367694948189e-05
5.504484359956827e-05
0.00024110395833936468
0.00015245040116375723
0.00019279401969510683
0.0004966305338788981
0.00017768368957639863
0.00017031507305133832
3.8405294351230296e-05
9.979337999783745e-05
0.00022418571072943593
0.0001419958969627241
0.00011952525954548872
0.00012436100477117377
0.00023435421766526438
8.930301491636608e-05
3.672165455620987e-05
7.227068987067789e-05
0.00010474591628385798
3.056889615870163e-05
8.330425224098152e-05
0.0002979616586013403
7.261276912834228e-05
0.00010121279966335647
0.0002934541121576509
2.3531843679925827e-05
0.0002674224403372919
0.00017657487899724783
0.00015646465222701235
0.0005011723322568901
2.5247085762582102e-05
0.0005230365180586008
0.00017065257939835493
3.8191272674041137e-05
0.00013249614328230376
0.00023833558807471412
0.000334722225999028
9.908152455980024e-05
8.556551149414498e-05
0.00027573360932415966
0.00023245893557140675
0.00028107100454521976
0.00021408998049451646
4.773905012501754e-05
4.8485162167170325e-05
0.00019922972050424685
0.00026204803418492954
0.00010127184146186842
0.0003042046741237164
2.345528714551247e-05
0.0002476348235336099
0.00017547949456601705
0.00019850626898809703
0.0003394598492139774
7.941175251465233e-05
0.0004872817978730624
0.00012458671009234773
5.832239623260455e-05
0.0005656652132172186
0.0001658384237073355
0.00023425242142453988
3.320141838557259e-05
0.00010271171907148987
0.00019540265704987516
0.0002309253907646725
0.00038085911961470117
0.0004772888765024486
5.7026050613712256e-05
9.986770017634859e-05
0.00011991772863550242
0.00024178831479048998
0.00013700905824170478
5.454503721656261e-05
0.00014199445276710527
0.0001002720401646907
0.0006468442773300328
0.0005456452197438702
0.0001230172119743452
2.5547823511848646e-05
0.00011398266954814393
9.124793337459803e-05
0.00021916994574055587
0.0002173296804592196
0.0001729694071033748
0.0002112453958665996
6.763967969173346e-05
0.0003784441696678137
0.000181811794582084
0.00030645018158452497
9.613503153822574e-05
7.086101204123003e-05
0.00011039971450161904
7.529487629982933e-05
3.004964891968406e-05
0.00024264161163240643
6.440007376731025e-05
6.444052021401149e-05
4.74900545806025e-05
9.155908599591148e-05
7.146656455072229e-05
0.00011157004617117812
8.081813913659513e-05
6.44456384361761e-05
9.867084139868682e-05
0.0001943950905363904
7.496168152218896e-05
7.744147322770482e-05
0.00019169449840184653
0.00011997345504783998
5.285478635521636e-05
0.0003119319561490523
0.0001527003377789433
0.00022216568236547098
5.505086332234647e-05
9.659006688555143e-05
0.00020836841400886545
0.00022431598218986963
5.4842724488331585e-05
0.00022948651319441767
0.0001685277237941634
0.0001934563310217532
4.842283672599031e-05
4.09954534505218e-05
8.515965348050964e-05
0.00021888076713038227
9.306671917694158e-05
0.00021655735595037018
0.0002058865848039565
0.00023449880912994081
0.0001472035911708915
0.00011867445216291976
5.822414603531487e-05
7.101041539303032e-05
0.00015296020933359058
0.0001695712587774109
0.00011812404395302051
0.0003726513838880763
4.870909622523452e-05
5.112390211882252e-05
9.109972457656009e-05
0.00026370651815640163
2.8816910530451157e-05
5.261728351966632e-05
0.00039113417774084007
0.00010678023401313238
0.00011495277076246903
6.378652191792834e-05
0.00034254994673888075
0.0006033367303906971
8.862198344455803e-05
8.262489060597598e-05
4.5133392900919945e-05
0.00011101515236747562
0.00013440803971642753
5.032066458036949e-05
8.277009079035017e-05
6.605445571699645e-05
6.716819307538977e-05
0.00015118859852264997
0.00011621416371110405
4.1926309220668864e-05
0.0001747742182286628
0.000217490405381751
0.00020913479881622807
0.00010452158529165741
7.698367899647713e-05
0.00026459550660639405
8.766172756638153e-05
0.0001640762863603293
0.00014231621544282238
9.292212862182214e-05
0.0001994863716585591
0.00010401186960974011
0.0001229168103013517
7.085019875006338e-05
8.834720578563192e-05
8.921819076605528e-05
8.66195410255599e-05
3.4378183714366076e-05
0.00018511727953937206
0.00012165508910090932
0.00012343713064074692
0.00043266792392957794
0.00012527170330396583
2.790940199424695e-05
5.223385021993237e-05
5.696637533670067e-05
0.00020951186672942503
0.00011169994161689988
0.0005133987852017964
0.0001352495454141082
0.0002730828314310899
3.952525249796695e-05
6.306818094948966e-05
0.0004867024923722853
7.401347372493227e-05
6.573879787592661e-05
0.000185836299065414
4.4855851654091884e-05
0.00010828385032289347
0.00016894045305636127
4.978521121401928e-05
0.00012746613997688383
3.772681412455729e-05
0.0001717459446939858
0.00029617711288414106
0.00018857716323639382
0.00011595168856341111
4.791348892773958e-05
0.00014877154901975104
0.00017947623416361038
0.0004739990218288906
4.822752889951006e-05
0.00018363442286096883
0.0003905072922559359
6.91581198941885e-05
0.0006696326097486626
0.00024872567461243773
0.0004936843034629174
4.538275248087557e-05
6.398880506441606e-05
0.00024028666694313699
6.765832783630637e-05
9.158280891897036e-05
2.9370218898026246e-05
5.182674525748311e-05
6.981567812103305e-05
4.103715463964303e-05
7.35180551519565e-05
6.979891707288254e-05
7.71740876423095e-05
0.0003163523006217397
5.920269293686626e-05
2.8932689609291753e-05
0.00024366429626225067
9.606042511322854e-05
0.00017252308378490303
4.834471984152686e-05
0.00018925870159505607
0.00014541664466128715
4.033134924654928e-05
0.00015397565676546673
8.827103054113124e-05
0.000146939652668274
0.00016121565557385384
0.00021715689591603223
0.00019728012259730013
0.00011256072292319098
8.556075854706067e-05
8.494190386018746e-05
0.00022223746016721924
0.00021967639272778739
0.00023278189399290433
6.97785499944602e-05
8.060940613657748e-05
0.00020935842400119316
0.00038681085718538687
6.767046414492048e-05
4.31316762029025e-05
0.00021652196344286128
0.00012188188511160919
0.0001668731273008492
0.00010606559497633057
9.42360784371861e-05
8.693220566096362e-05
0.00015476547375478886
2.3932694034647167e-05
0.0002599644933287856
0.00019273725513091602
0.00010281682831866308
5.341304579871495e-05
3.758475923049266e-05
0.00025897416341997913
9.796819375767117e-05
0.00015991179335394663
8.391989209584711e-05
0.0003991093256433052
0.00015414046171695445
6.920376969571875e-05
3.750418008565494e-05
0.00020861196131573504
4.5739333422459554e-05
0.00015544971556436373
0.00016142022636781805
0.00025318424885850373
0.00028121410534132253
6.279330634971572e-05
0.00040544118883313086
2.6817509269572565e-05
0.0001191014878384108
4.429335431180498e-05
0.00021578682116996176
8.081985434602909e-05
0.00020412461292128756
9.879327333863829e-05
0.00010063685907541495
0.00012027052778626731
8.876856582286381e-05
0.00033357065770796317
0.00010380187551421243
5.154813836699158e-05
0.00016313850206658311
0.0004923158953710577
0.00010033833336016834
4.780190545529692e-05
0.00020187793455362803
5.926939244974941e-05
8.27595658658239e-05
0.00017043792819629834
9.505224527261526e-05
0.0001512138509459287
0.00017853915337101656
9.02396050475261e-05
0.00018109804605462673
0.00022793511965648163
0.00017145970797413976
0.0001405767585736429
5.1914386555660024e-05
9.96523247549514e-05
0.00013108094489119147
0.0007177769653237743
7.846378044376732e-05
0.00012417071695979985
0.00015992294790406636
5.982427605885446e-05
0.00017655483404525231
0.00014613317796361225
8.157851473357453e-05
0.00010885033984038942
7.948698179563172e-05
6.381437792139501e-05
0.0005236212227522525
6.897724720705223e-05
0.0002704980753594358
6.0568386808234545e-05
8.7526698645545e-05
7.596323900269332e-05
0.0001379218760959406
0.0002747431467582182
0.0003006244917481334
0.00036255284827733735
0.0001474853706643446
0.0001164221520659683
3.8128688140025395e-05
0.000538918543261592
0.0001895717459586251
0.00014425630612755201
9.908624887569485e-05
6.939890985231369e-05
6.583413266715575e-05
0.00026033908850012997
0.00027028652786456457
0.00019922217967985355
0.00023229359718219056
0.00010259947107446927
0.0003239096402573831
2.3426277723548527e-05
2.423599464265284e-05
8.054371224265383e-05
4.903394855717311e-05
5.5239898567245355e-05
0.00016515467548086407
8.396130720305922e-05
0.0006196716618648307
0.00018082030391407378
0.0001572520389209308
9.000494833324125e-05
0.00014620050475605133
0.00017169623704841247
4.030408695031991e-05
9.258472680031147e-05
7.254593004062065e-05
8.490429250220975e-05
0.0001471981153054271
3.065629163403074e-05
4.705250802715986e-05
7.974234193169147e-05
9.545791292106058e-05
0.00024905784280200517
0.00034509283355024724
0.00015109360642734694
0.00028463510874256854
0.00010864299573980923
7.081639456126683e-05
0.00017718202774119472
4.6810312536935196e-05
7.211631546044647e-05
0.00043655725011183035
3.554362644625849e-05
0.00019345013659484658
0.00010091661991643881
2.3229043733552655e-05
3.820398561060296e-05
9.392310765275329e-05
0.0002721084522479933
8.578125640902213e-05
3.283075663414039e-05
6.870736796757818e-05
0.00012209929074946484
0.00024897583123452367
0.00019721483161135668
8.124740755086436e-05
0.00011967398829561354
9.923898623390272e-05
0.00027791358831862
0.00014528932576968014
0.00033880020204641003
0.00015418386680978276
0.0001340490929474457
0.0002545180806439665
5.576980170989014e-05
4.2673784059704724e-05
0.00024616883689263354
9.381184359732553e-05
0.00015665417931079036
4.297061199605462e-05
0.00029356142005174205
6.54464485695647e-05
0.00014850060491870964
0.0001083334039534703
0.00011342435986328998
0.00019971971574762572
3.5488212483260875e-05
0.00021710140575307874
0.0004024413286095535
0.00042406535349669855
5.960279809941961e-05
0.00015007081238500435
0.0001244907728259542
0.00010585706654134257
5.781173200054548e-05
9.062299823325112e-05
0.0001590790146214413
0.0001549287909617645
6.062600956904599e-05
0.0005149070350357493
0.00012215688732174066
3.7782961307498744e-05
0.00032556716065250033
0.00014793235925477494
0.00011232842007910515
3.415042754095356e-05
0.00026150284515310765
9.329199766158434e-05
9.587734102620341e-05
0.00015879857156545993
2.5329726709908478e-05
9.007591367901902e-05
0.00046296504578863777
0.00016147247816302202
0.00044691273302295374
0.00011834929394364483
0.00018361547472507656
0.0001129499102052478
0.00010486640067116996
0.00021315630680636774
6.817138990284712e-05
9.969974144853309e-05
0.00011067418753322456
1.4773995824471079e-05
0.0001345222516008288
0.00010051305537916225
4.78941643181905e-05
3.902851479512999e-05
3.321412974555398e-05
0.00025431443297331785
9.740827532226623e-05
0.0002467848702504196
3.798235052722664e-05
9.980798982159097e-05
3.585909368893802e-05
5.222256444192342e-05
0.00019531422556503993
0.000526976871518818
3.300133168366513e-05
0.00011425210882782027
8.290984546815244e-05
8.134873946025821e-05
2.898131350849173e-05
7.167953503622804e-05
4.846479093052222e-05
9.763012093351946e-05
6.999933967907941e-05
0.0001788833279783624
5.123833084588975e-05
9.715307721774676e-05
0.00046216326513368446
4.14291496799731e-05
0.00013667296707097778
2.2468695602844513e-05
0.00024209556221585645
7.352842617225271e-05
0.00020857860234079053
6.656446717068999e-05
5.148738379869755e-05
0.0001161033510357372
3.442714511410441e-05
0.00012785753382472273
3.584612072160693e-05
2.0468791349123113e-05
0.0001763573279779084
9.915241122544057e-05
4.157888034768104e-05
0.00015431675996974479
7.294571552832396e-05
0.00023353585108039964
3.525557382649207e-05
0.0002350278344466216
0.00013439886146434404
0.0001718006423446153
0.0001528441050767267
0.00018015292520190437
0.00019131635077295335
4.2133145368238e-05
2.7381384949302995e-05
0.00013458153030985662
0.00045029487330728316
0.00019535185437116764
8.93969914482532e-05
0.00016980790380285342
0.00016731336928792943
0.0001757244857345067
6.76149628462696e-05
8.056987919466993e-05
0.00016692404770291742
0.00011524277081930937
0.00010553690542916765
0.0001425009852937801
6.370108022501838e-05
0.0002340854504891674
0.00012748237035836387
5.7529710826385475e-05
4.558294259409149e-05
0.0001824758496713519
7.9765834366938e-05
0.00011315827817823802
3.1814526490164254e-05
4.566411736704902e-05
6.697863215758279e-05
8.565722993047816e-05
0.00011671208051495273
0.000253060883467503
5.198933276407987e-05
6.509974823745082e-05
4.331052364041569e-05
0.00021705280807199598
8.260802719141452e-05
0.00019681036200725662
0.00012091742208482843
4.300156029057633e-05
9.946956332993108e-05
2.464819127300516e-05
9.738168261420752e-05
0.00014569215741651507
1.8890908235233695e-05
8.991480977367417e-05
0.00017980001071919854
0.000201409333731479
0.00014061052484452296
0.00020124520012115867
0.00017776930176223877
5.418731480735088e-05
8.070220990923432e-05
9.974430176484174e-05
5.182157406625023e-05
0.00015896302924713404
0.0001364363203062361
0.00010775238124720508
0.00039312166013196273
6.0371315254897e-05
0.0003557494838621585
8.087625644272689e-05
0.0005598943792941676
0.0002764655532858533
0.00010447982869190995
3.207883530303048e-05
9.709339459213345e-05
0.00038022760296899815
4.152680538833169e-05
5.221737804450112e-05
0.00020687608514980663
0.00010594533561871437
0.00016445894410695988
3.998937377468542e-05
7.919282460922893e-05
0.00012586495050006806
0.0001362218199411631
0.00014265955852155765
0.00026653280484242013
0.00019449638586654434
3.684263537709002e-05
9.024322838543481e-05
0.0002841369335669696
3.648890432138981e-05
4.572433393682909e-05
5.291099789415952e-05
7.806682602016119e-05
0.00024213166788811813
0.00020472500405764935
0.0002149651688539623
8.669649232664471e-05
0.0002647616704191302
5.599302271730207e-05
0.00017067565294916895
0.00012008392912821653
5.270314064095068e-05
0.00010898866757048063
3.973008271190178e-05
4.385888137167217e-05
9.58603827441407e-05
0.00010481649166985768
0.00019467368382012173
0.00013448679001385586
0.00017763366585026383
0.0001602876254281395
8.067613656964453e-05
4.049309014202137e-05
0.0001635293370156276
0.00029821869864923704
0.00020963714001540122
7.097377495790308e-05
7.44586827837137e-05
0.0005562326155759985
0.00022892444293421405
0.00030725460423446544
3.637633206702245e-05
0.0002260125726896003
4.2630496934426304e-05
0.0002338522664723938
9.053910761864351e-05
0.00013822751867561566
4.273546977797868e-05
0.00020964559134585984
8.884012225198564e-05
3.6434622715619416e-05
0.0001940429354946986
4.3580300645613134e-05
5.107032603458359e-05
0.00012171817430000279
0.00012811166473180376
5.8980501105875634e-05
6.830096200388536e-05
4.49099154905425e-05
0.00013301604899705434
0.00013235411414536815
9.693453871876936e-05
3.238045612754417e-05
0.0001450060846607953
0.00011254439822371854
5.3775033642034416e-05
9.907419646143441e-05
3.491170879992958e-05
6.729877536348763e-05
7.50626497716267e-05
3.736819800918111e-05
0.00010292343942065332
7.530325802277549e-05
0.0001584954298785788
0.0001466383141353836
0.00023299072214642217
0.0001792781430707352
6.871038327577337e-05
0.0002507329508125607
0.00015296676953758463
0.00010155578364162721
7.809371712290907e-05
8.576562717739313e-05
7.856895611503701e-05
0.0001618888873301677
7.872092254298914e-05
6.882578595003995e-05
4.664055302020328e-05
9.54837483002862e-05
5.026009422572329e-05
0.00019346307592774136
0.00010888029073127137
0.0002425133478213148
0.00020884864235596107
7.367883861390967e-05
9.780871874918671e-05
0.00014873893161360376
9.134493981340356e-05
8.493174507988114e-05
7.472893479607232e-05
0.00013020469939342615
6.19850247343366e-05
0.0001830472230730721
6.303598975059376e-05
0.00019889658773995575
0.00010170364396870719
0.00010424736528601606
0.00017507868211955356
0.0002443861563858295
0.0003280194945500406
7.138048871104986e-05
6.696672235493065e-05
5.262369559789292e-05
6.246247045121852e-05
0.00017079946827872956
5.295341528303507e-05
9.62536998347262e-05
0.0001488359867576753
0.0001980412089383776
2.7705950481170004e-05
7.227529748309216e-05
7.125672282800227e-05
0.00041190171625975284
0.00011368770617254198
0.0001661430176407284
0.00012650281148646276
5.2547191463867835e-05
0.00017745407006647444
0.00014848382333281068
6.949111521927893e-05
0.00019520045498231832
3.6423722838006986e-05
8.14956134716559e-05
7.070174569249445e-05
0.00024262717792271983
0.00011504621334174639
4.964986665854895e-05
0.00021574293646447736
6.07371010021984e-05
3.5782043112681554e-05
3.751862933538544e-05
5.218609791190172e-05
9.082568364448815e-05
0.00010005559191326156
0.00010600364794534803
9.395992385252409e-05
0.0006153735252453114
0.00012229096682209094
4.9816419695972595e-05
5.247118307984455e-05
5.1438193377291655e-05
0.0001462567225189742
0.00012953898388236483
5.800779912477597e-05
7.161324687356922e-05
3.31366476798653e-05
9.405735936787148e-05
0.0001042202913104059
4.8457980882067505e-05
0.00034679077641615053
7.691057295213611e-05
4.6609184796393134e-05
0.00014607437544539604
0.00041536250740855865
0.0001806972722050841
3.615608171997319e-05
0.00013192481828061471
2.275582199574146e-05
6.219073351613867e-05
0.00011140354226998754
5.568437436957586e-05
4.4660772021046845e-05
0.0001481122649201946
0.0001968772119290999
0.00011642629205171804
0.0003915128656989465
3.819712396317992e-05
4.643417372031823e-05
5.954375835058621e-05
0.00015512103056131206
6.967912411204719e-05
0.0001974998327232159
6.078710370096901e-05
0.00010725459757294944
5.376273886920916e-05
9.757400746965689e-05
0.0005923568658326314
6.684859546707424e-05
0.00010552640846009368
5.046537538472292e-05
3.648231745477849e-05
6.403859600946414e-05
8.393859705131184e-05
0.00014355744143174743
5.50858168265565e-05
0.00010768691153367714
0.0002880311387371869
7.498863146780766e-05
0.00014658678598475648
0.00021812892050878074
0.00012263597438770123
7.015902451879215e-05
5.5668844393043865e-05
5.3077224607979155e-05
0.00016694953592933317
9.851556918149802e-05
0.0002069630503547299
7.090847211858276e-05
3.61566507389865e-05
4.2836614647626376e-05
3.032546398692016e-05
0.00010940895227871871
0.00012850794404882987
2.9786014085626768e-05
0.00013235318196551276
0.0001322812150228593
6.926901981830646e-05
0.00014949267996653957
0.00023358797300725213
6.758053436812389e-05
3.979126899462896e-05
6.555447898549809e-05
6.127772526208437e-05
6.773248914818284e-05
0.00019167395415179445
3.681532923617681e-05
5.5970073981629824e-05
0.0001617730590364723
9.326370672688405e-05
9.324091958598304e-05
9.096929786637707e-05
6.299485357982611e-05
6.425288848782748e-05
0.00024408807797262586
6.637866701951836e-05
0.0001301988048717613
9.74109111466094e-05
0.00010291311375172518
0.00016316171620888145
6.432374283369247e-05
4.6910182053068804e-05
3.8732906008283894e-05
0.00013116062652679926
5.401922723700389e-05
0.00011099979649505768
7.72370538134911e-05
2.6180247671348803e-05
0.00023798811152940552
0.00030520751113327627
7.921074394924832e-05
0.0002919625139863772
0.0001966165564253112
5.760645506192667e-05
5.1440681644323636e-05
0.0001968235390102511
0.000281077172581453
3.2866596370691776e-05
8.412959946695879e-05
2.7494812375315053e-05
0.0002758116013658367
6.06720141628018e-05
0.00012053204694088128
0.00033292113473554127
9.274683136143499e-05
0.0001632757786407165
0.00017912491717645478
7.53972774840853e-05
0.00018635208621015686
5.6363739040831485e-05
0.0002336561662416197
2.476712392807163e-05
7.306584180730071e-05
9.653609083347537e-05
0.0001307158644240538
0.0003183570199927965
3.4437261738468704e-05
0.0001055685154035997
0.00013781557031548164
7.001949435877917e-05
6.450405724363593e-05
4.476873798173089e-05
0.00016197671530972384
4.340559212817347e-05
5.6744606728994646e-05
0.00011044713499186641
3.520697020043454e-05
9.393596744756992e-05
8.01536329157253e-05
9.538762711301019e-05
5.801002321305283e-05
0.00022662929750108039
0.00010462247069557368
5.900408385987507e-05
8.403758421858647e-05
0.00011700494078846401
8.935622930137711e-05
7.495331805150097e-05
4.246079156668564e-05
5.883606400953973e-05
0.00011732191345578602
0.00021001509341229163
0.00018724523542833034
7.923349045490537e-05
8.608744467098268e-05
0.00015906849550583951
0.000400212735835801
5.34033437946076e-05
0.00015735636366922398
8.909850734173876e-05
6.441150506267592e-05
8.341139893308801e-05
8.092265101274696e-05
0.0001025487988912774
8.478168115952208e-05
5.01441737142804e-05
6.220821456474226e-05
5.696134187261086e-05
0.00025194135757980495
7.838339648660861e-05
0.00027016573312112294
7.288625283472801e-05
7.751024115269495e-05
3.6994162808591694e-05
0.00013211305610260688
0.00012503136752494052
5.4215016233953176e-05
0.00011343269341190463
2.3313375890758493e-05
9.769784961095153e-05
7.318767519566551e-05
5.510377352307257e-05
7.290457888052815e-05
8.177871144569725e-05
3.767617107924674e-05
4.125094605409229e-05
0.00014343234672132814
5.681819784946342e-05
0.00021007831589375204
0.00018613006461260176
6.970960364794238e-05
4.5851039843336785e-05
8.377673057834458e-05
4.9546971234924506e-05
3.391841131667665e-05
6.503464251573388e-05
3.6413137664756756e-05
5.056326587808059e-05
6.527211084786007e-05
6.985215955402091e-05
3.366666845250424e-05
0.00032289243042655597
9.297225940062674e-05
7.968352911912853e-05
2.6397814946159405e-05
8.15678960461223e-05
4.8779133669799244e-05
7.924912355449881e-05
4.055357512043742e-05
0.00013222927177785468
0.000223253547593303
4.023216182160011e-05
0.0001117442939634461
7.515363846495394e-05
0.00020487888275283678
7.816333684772147e-05
4.3275223011997596e-05
4.066161006072404e-05
0.00011618654859455053
0.0001576672846110378
4.2461491484675283e-05
5.974953131225599e-05
8.325852456446937e-05
0.0003296248929031097
6.311756025337887e-05
9.679141710578288e-05
0.0002714760611711744
0.00010261337829636572
0.0001418731574091053
9.479074702953267e-05
3.8947781038112655e-05
6.061755312149443e-05
6.14230313783751e-05
4.73354581406619e-05
0.00015826797403465078
0.00013614845960999893
9.548993956832109e-05
5.2301344921975604e-05
9.93212325946719e-05
3.1261699693622145e-05
0.00022143136672957286
0.00011084429335701203
7.455170459206392e-05
5.729452267018269e-05
0.00011989360975455703
0.00029611320182725063
5.853897113296783e-05
0.00023002950216727229
0.00010909613637843676
6.368347288283892e-05
5.233037162173755e-05
7.958347698471094e-05
0.00011188525853572609
8.402931795557211e-05
7.184826643198649e-05
0.000160751647993255
7.32847481056184e-05
4.846187990161533e-05
0.00010120198094247121
5.257751600367281e-05
0.00010978817906115436
7.273833216029309e-05
7.858940377055683e-05
3.630736627851409e-05
0.00012233376622770978
4.9692647859384586e-05
8.550606704719527e-05
8.39775033037206e-05
7.481252271965603e-05
0.00011121441458425508
0.0001277498738620159
3.541608310481249e-05
0.00013412572721754816
3.6619508531234364e-05
3.385602428909839e-05
1.759755137094266e-05
0.0002736644559380079
0.00012360004104815725
5.006164629654766e-05
4.0349008612368105e-05
0.00019671718324662936
5.654907918151008e-05
3.2626564813694495e-05
5.272747044439616e-05
7.578101834043144e-05
0.00016198143028058263
0.00026283630899465106
4.3715594601174494e-05
0.00012131191392047133
6.733203436560242e-05
6.832268463780535e-05
9.331558257888189e-05
3.0731950083883665e-05
5.7404648501090537e-05
0.0001204020861093999
1.9812647698453193e-05
4.925475757480222e-05
6.464739580158967e-05
0.00013315379719674664
6.935753916211614e-05
0.00014258284140512243
5.039080295094981e-05
5.951431950990594e-05
8.568398102585185e-05
0.0002239997623444158
4.64870096930325e-05
0.00014297827374910039
0.0003114297839966226
5.0845956086869755e-05
6.529163839023066e-06
9.302544800281946e-05
3.4267116720415447e-05
0.00016234094262637208
2.6574668625168964e-05
0.00017662074338774722
4.264069851054962e-05
7.87490039043161e-05
7.479850482805394e-05
9.551791451712921e-05
0.00017616203496137708
4.6195029131971934e-05
0.00013583275367343444
3.7173434061733034e-05
4.423018670098062e-05
8.731947270806127e-05
6.831455912036604e-05
0.00031933007233963243
9.524444304010636e-05
0.00011641955359720025
4.5448846208201264e-05
0.00018929998657121486
3.519704498625371e-05
4.940759489428714e-05
8.353788382935593e-05
0.00012565697675546666
7.65420425863385e-05
3.971987323394767e-05
5.524571420956293e-05
0.00010488641967331137
3.525947626666443e-05
3.3776452489568536e-05
0.00012817629289731084
0.00015596362523756627
5.553943183598469e-05
8.15813614232971e-05
0.00011074842020266164
0.00025961634750902064
2.4312226972753472e-05
7.63669505071726e-05
7.2133424521637e-05
0.00028405969884495784
4.45409062608334e-05
0.0003224063145084671
6.187797170930433e-05
6.319252991918461e-05
0.000112570064638869
0.00018323033777035153
8.313519481402272e-05
6.765147460937804e-05
4.836133180417408e-05
9.151996029040393e-05
5.804301359657944e-05
3.156227916817965e-05
5.3575338231130035e-05
0.00011969106564591643
0.00011211417412224328
5.790809166346364e-05
6.297377726997509e-05
0.00017912011895957844
3.834531779997742e-05
3.135814475418007e-05
0.000271074918450343
4.6656843039526875e-05
9.227910074365441e-05
5.869385274281895e-05
4.434582541767581e-05
4.899923894901586e-05
4.4018879110183376e-05
5.016186040330327e-05
9.338142618585059e-05
7.417507803244662e-05
0.00012761829851455918
0.0001961230282515685
4.343814667004306e-05
0.00012583776988428535
0.0002764822396993345
3.183635949474603e-05
0.00026790642514505365
0.00012632718777105337
7.145343150093018e-05
4.085689263690139e-05
3.475345956687718e-05
4.7068594179712116e-05
5.6732094149721986e-05
2.71334865419259e-05
5.814885854241163e-05
0.00013836737711629815
4.36671778973106e-05
5.2129736608378855e-05
4.124927730335261e-05
0.00017908248604417271
6.368021963231193e-05
0.00019654103879468977
9.311634114636195e-05
0.00021212945570297254
4.145395407032131e-05
5.873278339585818e-05
8.084164966096112e-05
5.185101805073993e-05
7.513751821517632e-05
0.00010373150789180992
0.00010693336697209166
9.799862472285704e-05
3.124640014958974e-05
0.00023203221646172486
3.300755209450055e-05
3.219682065765558e-05
4.6100262287550466e-05
0.00014451007196591043
5.259239634450065e-05
5.4544821873895083e-05
0.0001474448311862169
4.168296201494045e-05
4.8456200252528635e-05
0.00010883260182300714
4.2818627321655806e-05
0.00015345596838102076
8.209281144537488e-05
0.00011176103671248963
3.3700525690358004e-05
4.812626515017136e-05
0.00013618913002148378
0.00010902822900565292
8.593390945769979e-05
9.385523824753058e-05
0.0003134952912576507
0.00017401410099131086
0.00011708140895388555
0.00023446319193799056
0.0001239563359847971
7.543203506677524e-05
9.38145995898622e-05
0.00013662108618349615
0.00031270783123516725
5.900519721692278e-05
2.051977469429278e-05
0.0002133654567924869
5.38111073408293e-05
3.959134490200228e-05
8.487377997315152e-05
0.0001644477802518172
2.71723908863777e-05
2.8256280469889835e-05
7.572982006364018e-05
2.4495335217651097e-05
0.0001944131257893088
3.7191510309810485e-05
0.00018728716860270361
2.1878594137249232e-05
0.00013964973463345492
0.00014966747644274
4.2206820115296544e-05
6.500343304248151e-05
5.004061041382235e-05
0.00019685665231626242
0.00010070970801576762
8.614657575970872e-05
2.3337638580468733e-05
9.978113955053352e-05
7.726690691538313e-05
4.6961200821537296e-05
9.673574295708966e-05
7.262854507565541e-05
6.777131113138198e-05
2.8692273933570383e-05
0.00019186527711139475
9.215694548987935e-05
4.5270205551487336e-05
0.00013647263906688608
7.991900118561305e-05
2.2085252339648786e-05
7.405227492829153e-05
3.6447504575853835e-05
0.00011452645273303344
0.00012330626445545477
0.00014378373880292308
0.00017996017796861934
5.3667540133098654e-05
8.428874555945172e-05
8.247907668083443e-05
0.00012109808304643657
0.00014577897710070747
0.00011185855775630882
3.109399929907313e-05
3.216083597232445e-05
0.00020904032029162964
0.00024521809105721554
0.00019024420570578108
4.2001363502135964e-05
8.692989357425392e-05
4.114469531444351e-05
7.908743180815806e-05
0.00012729116705715776
5.366251995981977e-05
8.73009076308965e-05
8.423817157457237e-05
0.0001166324306852304
9.682837416102377e-05
7.461446872877159e-05
0.00012214034398829666
3.966310515044298e-05
0.0002031887609167089
9.768043535166207e-05
5.025262687084366e-05
0.00010000938433924635
7.838645923479553e-05
5.159045278834612e-05
9.61832728381166e-05
5.055263425103274e-05
9.539973456177675e-05
4.496077426530175e-05
8.692889798055023e-05
5.243678034914902e-05
2.3732219460299792e-05
0.0001075908085185032
4.388173619812202e-05
6.964889332310717e-05
4.3397145207047536e-05
8.357282172371138e-05
0.00015331856698796515
4.423039270257748e-05
4.705266739183406e-05
0.00017132110651163962
0.00016028929990745308
0.00015473094034823553
4.8985723297453004e-05
4.063482139472444e-05
0.00010707416442289083
0.0001166658252958933
5.7006918113831125e-05
0.00013585907220872584
8.805656714098965e-05
6.174384791806869e-05
0.0002927036158569115
7.365523226246441e-05
7.431108611107723e-05
4.3927773267182675e-05
5.266640475363944e-05
0.00011346967609236446
4.358468978022255e-05
0.00024245393301726908
7.264101556692858e-05
0.00021088492717397922
0.0002119815365971312
7.580751393706608e-05
2.3856635257905734e-05
4.241354826322079e-05
3.208603060956335e-05
0.00010316859551547446
0.0001804518865456141
8.247001589434574e-05
5.659885045253809e-05
9.936372775261006e-05
7.18583814272894e-05
6.880371102335358e-05
5.250256470912685e-05
3.0253725263572404e-05
6.148370521052713e-05
4.3398926200860785e-05
0.00010724314424623147
6.515799726967197e-05
4.0088419524288565e-05
0.000228602597341315
5.680344242808298e-05
8.812505049574042e-05
0.00011549857416801942
6.828088940944059e-05
0.00010581837015719271
6.718195454160794e-05
5.0969943620487716e-05
4.351415648815434e-05
0.00010469437191002617
0.00013167250003243833
3.265694736251317e-05
4.0609755526297846e-05
4.11174866373552e-05
5.436115046776199e-05
3.3617575530472665e-05
0.00022336277812329104
7.529880436401845e-05
6.817067498698272e-05
3.623512507449063e-05
4.057054548024645e-05
0.00010989620941127582
0.00026918473590971354
5.671920643389793e-05
0.00024298581808122527
4.6608392399918194e-05
8.312991247523641e-05
8.512735609918527e-05
4.058613913997244e-05
6.79649695781611e-05
5.759595974196616e-05
5.607054107022616e-05
7.709127717162067e-05
0.00027402921428070116
6.136094228575905e-05
7.989594730304922e-05
6.280272866569819e-05
3.9860305409790334e-05
3.5525246275375916e-05
4.936654450457641e-05
6.346171475717275e-05
5.8313384058036996e-05
0.00010882457900338807
2.8439565777069807e-05
3.031778258655107e-05
8.070814726789895e-05
0.00017673586691435315
4.11582834125007e-05
7.521436869358157e-05
9.776294001027028e-05
5.204771868247021e-05
8.942001099092187e-05
4.3686823247567394e-05
9.474971713093173e-05
3.221279469555189e-05
6.56447944288937e-05
0.00015227973665587138
0.0001332727252046418
0.00011871776544571588
6.088090069518419e-05
0.00012220496396491315
0.0001436334662829973
5.0976593578437224e-05
0.00019622399957605605
0.0001053681610580938
0.0001240835475868694
0.0001093123130634064
0.00017049556432073367
4.201849863934118e-05
3.316311336748047e-05
4.5202289910092845e-05
6.322524742762107e-05
3.904039895229165e-05
4.5858734706825394e-05
3.572081633321658e-05
5.52013067715103e-05
7.446773687494584e-05
8.026393210840874e-05
4.43017958640467e-05
0.00017244519280538358
0.0001252977964122951
9.015433799059985e-05
4.3616656591141636e-05
8.443707461932717e-05
0.00017646681821237146
2.9389036240347487e-05
0.0002749925229530649
3.872879584052556e-05
0.00010369189790688679
0.00013502936375869162
4.182598458369635e-05
9.27490772841161e-05
3.342439846706155e-05
6.961254565887045e-05
8.008970806123249e-05
2.0499979566500778e-05
0.00015924021319313486
5.5415778265139255e-05
6.657869492550525e-05
8.99802153868799e-05
0.00020744519715589133
2.962693649698184e-05
5.032559325582384e-05
0.00016874396239532094
2.5437337066180167e-05
1.9707584809659598e-05
4.162740396033188e-05
0.0003374310861744191
2.6662010945663938e-05
3.9150898053844766e-05
6.771884297079974e-05
5.290889462442164e-05
6.193753858244053e-05
5.234752692340488e-05
0.0002738368451952407
4.34363554375352e-05
5.936470983754444e-05
6.763272046867674e-05
4.1275506356674405e-05
0.0001052387428066406
2.819769493742153e-05
9.054875181527871e-05
2.8062196375932276e-05
5.7949318428848844e-05
0.0001027377163925097
0.00010575038020435962
6.506268001572839e-05
0.0001591610275454594
0.00011095179357113762
0.00016857058613079477
0.0001673338527657939
7.675960337883798e-05
0.00010900702569244118
3.449864991467512e-05
3.9763333371936534e-05
0.0001797008396527778
6.32353358414367e-05
2.919140517382954e-05
0.00021940405283444472
5.6433292209746295e-05
3.7671141158618756e-05
7.767236098319756e-05
5.3082927979177046e-05
7.098989510084824e-05
0.00012203666107988851
0.00010113851362549078
7.603451810842766e-05