0.05961718195763186
0.09641941351797599
0.011710394415150715
0.016562575326155987
0.16612630163280975
0.03955339271205853
0.014342231561700553
0.017488106743413348
0.0267891638412971
0.011334126509239484
0.04822302435161309
0.05201337909336156
0.011088345546476124
0.015166594481831903
0.03279606081215329
0.012021517005266625
0.006953287747829338
0.023857874536299447
0.018134272169156015
0.00692526353316839
0.035293353853022305
0.01263928420979258
0.007795687051737969
0.00454403540935057
0.005645651689092864
0.010973879699541186
0.025765993365898552
0.00964640769289494
0.006524760691013898
0.0130791454051303
0.004034870828423762
0.010939415734649072
0.010885476626596115
0.0025057433178696273
0.020633342778559435
0.011646614243233478
0.011280543004620409
0.0006318518476396493
0.002896484791456623
0.0041725189580852
0.010640158954351397
0.024467163392738703
0.008467152151245027
0.0034402240286044673
0.005888146892545316
0.0018262103781075715
0.014944007226693886
0.005254256394500234
0.0051991915156563515
0.015070769275387946
0.006725868704497872
0.020029040031828316
0.005282385354033311
0.007536524142816477
0.0068323758836392095
0.0027911264806802986
0.002753325043400707
0.006882362891832186
0.0033221702751684463
0.0012716991651125435
0.004387082517338144
0.004735146209671417
0.01010308512921655
0.004978492053379016
0.010103254741681751
0.0062892854522039075
0.0062043461682675435
0.0014570183654242946
0.010538765371140454
0.004008926082459767
0.0063243321623755455
0.0007829652145125573
0.003148425867499466
0.0014840387158971164
0.002646593143844824
0.0020868150259314537
0.000938048887883211
0.00406655912828681
0.002408012271771672
0.008405035155628028
0.0020627825575212882
0.008591062565316795
0.0026108602732474884
0.0022411831304826007
0.0022191774685394786
0.0031611494430502517
0.007420094344721933
0.005569855602901367
0.002012351764846655
0.004417899227811174
0.002401335689572293
0.0016787421722243444
0.001526730828492032
0.00511848172418663
0.00038231977946704267
0.0045234065755869355
0.0069496961063095445
0.0013808818217180027
0.008440477430142486
0.005486943095825007
0.005792338806674913
0.001561032831822307
0.0018298707681132494
0.0022844863067685963
0.0014924809140713813
0.0005267650847507796
0.003023547885664471
0.004927752848789823
0.00202606942560979
0.001712352690026042
0.003256399475108559
0.0004405258531604285
0.010341402050944656
0.003208123699670491
0.001147829477933465
0.003394149773897901
0.0034601363602903895
0.0023399173751929955
0.002994771764450204
0.0010541521771070905
0.0017140571582562817
0.002699144560793973
0.008908123458071158
0.008786542689754307
0.00133899184830322
0.0016345255708900236
0.001472630252605607
0.001983180079230653
0.0010292379528416308
0.007054197151931306
0.0060920615115338545
0.0010571913814526115
0.004098862302531832
0.004635611510333906
0.0024604917863912164
0.004930569572008274
0.002543807176012795
0.00524151499825965
0.016081654203484716
0.002125045590647189
0.006413676213054113
0.002790519654352478
0.0012098659555228681
0.005174307599791415
0.0014852566552863804
0.00235499357542186
0.0024657104902381624
0.0006988213680892762
0.00413098801428645
0.004563744941532141
0.002143752850694198
0.0028772731048842875
0.0015049075051014442
0.0033013533183085192
0.0003469542180278892
0.0009524703482182728
0.004240151913652079
0.0011138864745429346
0.0020251798027817155
0.0021496451066614565
0.0019331459026307206
0.0003036410125942062
0.002656122957965535
0.0016494636333020964
0.0019248078470619585
0.0017899385234729538
0.0015316721917658566
0.0006455985580854133
0.0019377213101718705
0.0015890063935220147
0.0041838864310014025
0.00032589725252362084
0.0013243078564279568
0.0009406194079313371
0.0029466416171608878
0.00028592977458007963
0.0006449480061513735
0.006255086575862806
0.000787090475768758
0.0008153193651088903
0.0018342438999421518
0.0017297296551155056
0.004670382169712494
0.004072595720812268
0.0006880194310774179
0.0011607252081493843
0.0006102117478923466
0.0018457080258228878
0.0007389960554845805
0.00557544572783893
0.001752297076167255
0.0010508143022454587
0.0005859026303436173
0.004307651238315209
0.0028455788950227587
0.0025864746563534265
0.004434904043564694
0.0017444219845624367
0.0014564690265361016
0.00039989710781916486
0.0017778795672931111
0.0011209687120314956
0.0021448505952854193
0.00013613076206703284
0.005132959486292218
0.0005803214604106279
0.0030425372213109926
0.002336854641906645
0.0020598505316979736
0.0041782343657920515
0.002955637712347459
0.00048063767742286705
0.0037467691330806173
0.00020638430895754444
0.0015288622697859863
0.0005129238189300422
0.0009378385190777511
0.0024792950108742085
0.0024580649091731476
0.0013364676184184922
0.0036759194157885305
0.0018324861073980882
0.0007673497883362898
0.0011472774096692112
0.005441840279189367
0.0007854019010219053
0.001510385791149888
0.003455441051426537
0.0006924626921916734
0.0006656053132523349
0.0011830594457470816
0.0013180080519047267
0.0029975358791734926
0.001312459278316865
0.001882800855773388
0.0013652735898478563
0.00045687359960967544
0.0014336524314974733
0.0005429780597321378
0.0015439814561751673
0.003061344594208321
9.609287310696796e-05
0.002930256268503826
0.0015506550144478986
0.0013150312662736363
0.0005606829156968803
0.0008837581248908806
0.0022344693550471048
0.00110045169891209
0.0005724307629361348
0.0002486948561612013
0.0019708516514529446
0.0020710496279082885
0.0015532317442734265
0.0012718142487753337
0.0032537541462297854
0.0012880966710053364
0.001761058852116793
0.00262301335028633
0.003720316337083864
0.002697243590659326
0.0016504079673419722
0.002097438540559539
0.0026903919437677886
0.001737232118733558
0.0014941756544276925
0.0021313196269673847
0.0028359352492329554
0.0015595545560062778
0.001161616346208718
0.0014628613933155294
0.0012157713928387824
0.000491008089646937
0.0008100449502768439
0.0017560240713634582
0.001688944122011406
0.002142900122278401
0.0012649381911109844
0.0006185239749006792
0.002225222562673833
0.0001916330242146653
0.0032461000697189065
0.002081648683273329
0.0013883306962091829
0.001046043839386183
0.0011196994816087345
0.0013873664885334421
0.0007210202775239575
0.001680417001886716
0.0018829697107950493
0.0006023559527736238
0.0004413046719591319
0.0007488980789747768
0.0015060698031856671
0.0013722889647564687
0.001799662459386152
0.0007386756011148772
0.001995886597271394
0.0011595292405660916
0.0008523657922125852
0.0008958775278848898
0.00044037221653962945
0.00212852792312846
0.0007892356880507213
0.0012058820993194057
0.003228139656201577
0.0017588099815490162
0.0027604335698899656
0.0008373966174738385
0.00019981477451696793
0.0008962636997094534
0.002227653546285234
0.0002721466699310902
0.0031691594677738326
0.0011249522988879064
0.0010127547526917917
3.9220912842257215e-05
0.00030229083225086315
0.0007512746646702799
0.0001899294298224221
0.0008065873934282519
0.003175734506955936
0.0025836262296833187
0.0012919855990085475
0.002330864990637999
0.0006052781821530391
0.0007042492065407472
0.003686801962691801
0.00014548215666435643
0.0011120258122240083
0.0017730561910585005
0.0016753500080600094
0.0007146382422558717
0.0008306492935789785
0.0012931334300071262
0.0011491435572906032
0.0015671014113024118
0.0004872158395436193
0.00017547197195076362
0.0008446142466756062
0.0020773677106339203
0.00045038184244564436
0.00138574537715141
0.0004078402249312972
0.0008571733862944355
0.00044974365118769774
0.0008556086195425357
0.001309414588106906
0.002343391455491658
0.0005997067486551542
6.899822213404086e-05
0.00026861715182966084
0.0014862577289716048
0.0008055580584798299
0.0012803143531530084
0.002821350226737077
0.0003159640230873212
0.001652231597115483
0.0006986299175091689
0.0010374682937813351
0.0004316337764818221
0.00047532810525153596
0.0016285656712783391
0.0011878396184384927
0.0015772120484818285
0.0011861711148500522
0.00131740128462528
0.0014493084986994778
0.00018097136445985903
0.0010265610615300118
0.0019261613630036619
0.0009180544052878401
0.0012904621616369784
0.000994088455999226
0.0004970621846125564
0.0001968161782003905
0.0005820848423417573
0.0015789399555176582
0.0008555880870944698
0.0005344370149326606
0.002679395349143736
0.0004914545308344856
0.0003618861743696305
0.0002805955185806881
0.001623390381447338
0.0004195262108532935
0.00018297643137572695
0.001357094564773465
0.0007913858155693782
0.0023395866482437237
0.0012386268863556938
0.0012681818967251687
0.0017957717344025878
0.0008399523372627384
0.00023149918309784963
0.000943856326706283
0.0009140218835700217
0.0010449635940951568
0.0003828441465218699
0.0005043378062920465
0.0029216687097924354
0.0005785331237976728
0.0007177640187918488
0.0022023622238061978
0.0011303713562552215
0.00044857523217368007
0.0011431128123429283
0.0003361887546813378
0.0012122628047761454
0.0013447732808223344
0.0004703361155378041
0.0006370892372163156
0.0009939445422995081
7.874636899336139e-05
0.000722082061317906
0.0013044806501231864
0.0009906340612422428
0.0004521827385620935
0.00020385432521743946
0.00032966945820961613
0.00012006011354385711
0.00033316324774727076
0.0006440199817817178
0.0008704187624535414
0.0009823985657056666
0.0005188116689189108
0.0010390193253143544
0.00027343474185855476
0.0006451662578076385
0.0008162625327183567
0.0016611219744116622
0.0021836585410289137
0.0004589120293574587
0.0001730951187991131
0.0005966541936731018
0.00117335480840458
0.001437498930505275
0.00029204204377643236
0.0007284041940703733
0.0002801444533180559
0.0021540790154750324
0.0018509246848485896
0.0005516530340730405
0.0018226449113875741
0.0002063165716969613
0.0006254269011390635
0.0001786757981793046
0.0009560129646561731
0.0003890310238463191
0.0016222150282463222
0.00045195303195045357
0.0005028494448200184
0.0004115549625991428
0.0020688058529781885
0.0007440009732746706
0.0005831147292484762
0.0008016946928670946
0.0036365192519758234
0.0011537843318330852
0.0007253616440113203
0.0013289245345565217
0.0005063697283076424
0.000983186873296612
0.0007501667725730645
0.0008650913055177973
0.0009949330688954355
0.0001583285629060494
0.0009993800107620423
0.0007416450511150077
0.0015777547220062417
0.001856645478556639
0.0011385214394370158
0.000331268408826108
0.0007868352026400479
0.0018037159053211277
0.0004297378068413544
0.0007346861658412528
0.00033722223698857067
0.0002150945054221918
9.548332555151606e-05
0.0011431631224784245
0.0011646394832616298
0.00047082029731943887
0.0012788815480842767
0.0005691072708786742
0.0038825521571772834
0.00018288016565367156
0.0001813158283659422
0.0001504823493978729
0.0015487434298487822
0.00028808306409722423
0.0009585539918318597
0.0006556952625285351
0.00022867253373949715
0.0013967425953598876
0.0003202979237772313
0.00047064080260437714
0.0009638147476791352
8.812438755956495e-05
0.0030662482935812536
0.00032764339607633234
0.0007862969168963383
0.0006822056553808158
0.0008108777582270203
0.0009637290414207619
0.001223719834380253
0.000418892049303022
0.0008555218238500094
0.0005766136844298097
0.00021695107853959361
0.0006172840893575535
0.0012570227305733481
0.0005640564657777207
0.0003162840785826528
0.0010562516581425062
0.0005415078254631516
0.0005492188862982473
0.0011864676438990153
0.0004203906746950514
0.0004444313803195958
0.00019657294393204096
0.0009879042868792434
0.001147858591337774
0.00026157918595742194
0.0002784049269806289
0.0009033564515916088
0.0001581749864304674
0.00010834729110958717
0.000578109842426222
0.0009790429337024707
0.0010431682639459375
0.001052547024149944
0.0014662565938826431
0.0009172782904666659
0.0007791982785922582
0.0005722392772153115
0.0002585231852162954
0.00013309236365467337
0.0007500424850011738
0.0006915520479382896
0.00011539377243784335
0.00029518606604113113
0.0007727009080907412
0.00094906012111881
0.0013303051547930568
0.0005620798840536105
0.0013154644886057283
0.0008842194334052006
0.0003505333471648097
0.00043216157664248834
0.00036706232629960266
0.0009575427527365442
0.00018453962695892732
0.00022847560833677373
0.00043913821641863057
0.0004809864181908862
0.0005864922615253384
0.0002814620890962885
9.805241178570984e-05
0.001926805139814758
0.0002261434154608264
0.00024669188649879646
0.00035261412040532895
0.0005232973415566904
0.0014127547541751815
0.00022816781975321346
0.0006064165790039893
0.0004120396211073548
0.0004257938550915031
0.0005447126523529492
0.00032408862918363693
0.0005839305221798875
0.00026565852368327697
0.0010253018563299255
0.0004081393441492306
0.000587361088063024
0.0002095884704286891
0.0007635096288390149
0.0020869379744670627
0.00020809866303858162
0.001220164805823171
0.00017800988716444702
0.0003473179808855066
0.0005713539974031672
0.00019114480750355884
0.0013573201937940064
0.00051205210276535
0.001084648223528953
0.00048416559283455835
0.0007238406562301001
0.00033742337711102735
0.00017139740996776392
0.0012573679276328374
0.0015186404829002434
0.0004340602537730952
0.00020021310101102135
0.0011442346850350747
0.0015765941090494222
0.0016857415215389823
0.0024192447374669092
0.000831365075874723
0.00022945336380458573
0.00043412312425796505
0.0004707338583445094
0.0007103939765456058
0.0006238733076931788
0.0008829428087946938
0.00033434811502712464
0.00021546748107849234
0.0004923411884890672
0.0006636577833577176
0.0012404685367688102
0.0008301070988066995
0.0005168462839265979
0.002031127500757637
0.0009553090549418353
0.0004117796453060261
0.0007241099382857329
0.0006172864094606452
0.0007270349145489459
0.0005955104851878597
0.0007468173596203979
0.000977754076953556
0.0001998711747324984
0.00036566080734497583
0.0008902259251986359
0.0003300515878317714
0.0003581052998213504
0.0005033017077779003
0.0011864276551740494
0.0004824254503907179
0.0009094016398938106
0.0010754890097223627
0.0002531666902643964
0.000507539044926296
0.0007486708200676658
0.0003551995201632235
0.002452500859499034
0.00013780985382491414
9.339373463328409e-05
0.0006103954007458097
0.0008895584044991646
0.00042288016657931375
3.609224867831537e-05
0.001519720639191533
0.001114399428746839
0.0007313638643435432
0.000691210333134144
9.137456599831072e-05
0.001663209591334464
0.0003510585045061869
0.00016561316384946237
0.00040956738744185687
0.000714788008026157
0.00048282987185703117
0.00012251185473493973
0.00026857589810408016
0.00026464728038267553
0.00041312097394093935
0.000616517311279439
0.0003299656968528773
0.0005770370631913435
0.0008017194996910582
6.783531136862105e-05
0.00020358458080121583
0.0001469623546133032
0.0005382749955771016
0.0013792043625265428
0.00010445210079651634
0.00015210025991101782
0.00044877175141871267
0.000944494189127986
0.00025167822486778344
0.00014844087994915955
0.00010798292964354157
7.861719041392056e-05
0.0003545915990066097
0.0005579246533747996
0.0005730020325847832
0.0001864942911256334
4.7126960835657574e-05
9.913271683232164e-05
0.0005138611317412734
0.000549375141278466
0.0006744029027537
0.000703824382298528
0.00028315293322372286
0.000540120355359429
0.0015872123378291186
0.0006421503474188273
0.00024381612534058884
5.350724472369063e-05
0.00014057639182454346
0.0004427485808048003
0.000711223694479106
0.001243893308020728
0.0003820216237971681
0.000767096987594722
0.00118130091137622
0.0005607353407254343
0.0008742409229931452
0.0003436543930140073
0.0002284604256794707
0.00029821816170520006
0.0005720630595776512
3.4897587893467396e-05
0.00029032038112584
0.0002783408151416764
0.0004842931675029325
0.0009544487580875739
0.0004906117026650447
0.0003249625952275851
0.0003745638655691311
0.00037987598295849005
0.0004115358752184519
0.0009066392897835199
0.00014952151498470484
0.0002541688344051559
0.0009627472748021393
0.0006860738238531084
0.00043328788209093266
0.00015369973459587312
0.0005436533297785207
0.00011127470817177306
0.0012187613044727257
0.0006487054212026892
0.0005547226578302206
0.00027310744750820305
0.0005046309664309519
0.0005766096180858214
0.0008184461401881427
5.594458481649436e-05
0.00037926825202679856
0.0002143324956860659
0.0004706881297267692
0.0003146606939526169
0.00042291741721454213
0.0005959530392732549
0.0004327442593468783
0.0018090158524404281
0.0005592945886607313
0.0009939248482966935
0.001251485569556265
0.00021925144611596457
0.001235484407124826
0.00020808091788704987
9.006872323694968e-05
0.00018920085086943997
0.0002249295271673409
0.00030543553253365986
0.0002764834672252685
0.00026763149744495583
0.00021369966217417102
0.00044394818567510886
0.00180079904644431
0.0004188915005872173
0.00011555692343652933
0.0003720831215201098
0.0003733762932596624
0.0003734780000326179
0.0006043544378783939
0.0012541879741736156
0.000672732079487031
0.0009072325873090559
0.0010969746538599151
0.0005495439322029888
0.00022647160762271628
0.000985841744498548
0.0005534396726408704
0.0005530711045709681
0.001819895050657054
0.0008541250547959581
0.00015130420638233624
0.0002929682329545591
0.00039693051922930304
0.0010177552856894276
0.0028154051525639367
0.00018010396114493706
0.00028041748288786206
0.0005599326232021267
0.0004958496279552018
0.0010076667649662572
0.0005076831039028586
0.0002588483531074198
0.000565809914538837
0.0008887257970582033
0.001205116312492369
0.0006937672851680575
0.00015847259695410135
0.0001717134335323824
0.00024792567866935994
0.000923894219543992
0.0006343095617795792
0.0004781744660015469
6.05883645070104e-05
0.0004877545783678488
0.0003689906673794103
0.00036381312558852894
0.0009679987428158167
7.098686542337986e-05
0.00017701681701674967
0.000126185211326155
0.00021082189404228444
0.0006630916598294419
0.002079252024323677
0.00029351490097096844
0.0005382030459387363
0.0005110057962541158
0.00040629534262191753
0.0009233668610140741
0.0006788099067743874
0.0019262606413716454
0.0017358095753867398
0.00018053059428153827
0.00022056176873883903
0.0002468353116925719
0.0006492788938577631
0.0003288651856214484
0.0003143658007980729
0.0006744949608145397
0.00035342592322260984
0.0003355689925128154
0.0007362967706170599
0.00029217837669701254
0.0002533426494512255
0.0006939856756064807
0.0001307359572374347
0.0005313784040081669
0.00039138608439863996
0.0007933171600354342
0.0001745621600495632
0.000920535400814448
0.000729340856212735
0.00031834154064603324
0.0003668827783479019
0.0007763746414355163
0.0006521837884211819
0.0006684445024897531
0.0002481299668745888
0.00016922463252306175
0.00024766950067839274
0.00020048464563024332
0.0008496633986460044
0.0018129917095792028
0.0004428454355941385
6.22753769489982e-05
0.0003951000504229564
0.00030192416949448536
0.0009373025960879841
0.00033197302417298946
0.00038655484779889386
0.0002959994687447619
0.00015790441738827195
0.0015264874916663905
0.00042790145016644547
0.0003679719058557719
0.0003351143561008128
0.0003573437158851898
0.00015579333502295064
0.00013440652967850483
0.0004092863401860796
0.00042142438200108766
0.0003800454282086964
0.00031822225036460546
0.00014637345166650939
0.0003184349424414303
7.766377762280285e-05
0.0006850113382223197
5.738227623219252e-05
0.00042085905848707807
0.001695951294281579
0.0003465108050678196
0.000339282031177576
0.00012006053586427317
0.0001951185659469717
0.0004818025356715077
0.00011340335691213384
0.0013882364947771222
0.00012459092910892605
6.407179396367913e-05
0.00027515864956250574
0.0005012912291310998
0.0005274935931881337
0.000541566612143584
0.00032707929305833035
5.032521004709502e-05
0.0008040094788118467
0.00015248198322314493
0.0005645430868693091
0.0002910598476483013
8.347595420683251e-05
0.0005297544125554732
0.0004164606263028953
0.00014447898698422652
0.00023499445696337985
4.156293541795018e-05
0.0005986951664318129
7.515545825988111e-05
0.00033921160744723684
0.00012801838090590237
0.00025410715893775505
0.0007365563514037997
0.00012735006516708598
0.0011609087826529461
0.0002899501286946543
0.0005392384625167986
0.0006704157759233809
0.0010776214793471134
0.0005726759880749244
0.00018363325740473261
0.0001892743146546589
0.00018449784837788852
0.0004297639320456663
0.001627130001760263
9.954423808604489e-05
0.0003968656623244927
0.00018589219561107915
0.0001582119291805609
0.0003394734775799763
0.0017279148204925848
0.00013871490937389917
0.0013512164246887832
0.0006664337878089263
0.0002814906114070776
0.0001851829579401117
9.767167097433277e-05
0.00013428922828667044
0.0012028568577553125
0.0002845045941735769
0.00019878864552578542
0.0002848992227429862
0.00042313912297841863
0.00037927106283383827
0.00040936206887364206
0.00014871273061366056
0.00045908792783305155
0.0002939858518372806
6.087378990698675e-05
0.0005022839608432526
8.903806553192212e-05
0.00022145377890894283
0.001070228819237743
0.0002215488427798973
0.00027867014731743057
0.00022690335848352388
0.0003975764734041726
0.0003342919632760827
0.0006895917984332604
0.0011256084700414727
0.00017835318690694944
0.0004003060171719382
0.0007469579735411289
0.00037833943878249254
0.0004143816165459367
0.0004440790658772698
0.001076520619458784
0.0003098566706778052
0.00027277039072295836
0.0007119295931663588
0.00023093133153840296
0.0004367179723771662
6.627498856116194e-05
0.00043919947918894756
0.0002361423748650255
0.0002422403555340896
8.172611476682199e-05
0.0002272477212852006
0.0005239290101402852
0.0003897515655810284
0.0002612816701518384
0.001015837829746549
0.0005102481635413336
0.0024943641987521105
0.00046461387012889033
0.0001950528001356745
0.0001098867925337901
0.000291873576133931
7.711110073538795e-05
0.0006905419850964135
0.00039217684543768323
0.0003717323620793218
0.0002338731378443122
0.0004007798391247174
0.000427699492574661
0.0005280312932410767
0.00015951971292658466
0.00012309827066285607
0.00011646362911247868
8.744532974205301e-05
0.0005480272545341813
0.0006532642587789493
0.000323510150308171
0.00014254671067722544
0.0006552156674659208
0.00041160989721338015
0.0003185680168556726
0.0002978361341050598
0.00025427965740060503
0.00031872993234831635
0.0002503683327512885
8.336866462400203e-05
0.00021592183890183645
0.00038241816509409956
6.072015141749409e-05
0.00029458616855863374
0.0005602992180980443
0.00033858265995051896
0.0002519249140626183
0.0007872501024591981
0.00042195923004611244
0.000681666384504358
0.0009440232189640915
0.00027831603852684016
0.0005004162342448962
0.0003631245783244859
0.0004938256607965165
0.0001424378473124614
9.098008811460039e-05
0.0002119892050230001
0.0007511701980161436
0.00044293118911700404
0.00022908949030068032
0.0001383076891406076
0.0002904985578872463
0.0003747289839051879
0.00043186731232005833
0.00010675173169371471
0.00024118515316276748
0.00025579395357602254
4.0275587774282794e-05
0.00040645414564678467
0.00017573286627001764
0.0003807466330870872
0.00034473716159517465
0.00015760851989562793
0.0008066989941131934
0.0009508413962439202
0.00012583896991932983
0.0005416237693153241
7.796847546476174e-05
0.00011139914766507798
9.050621236427791e-05
0.00016713064039210532
0.0006119845914340701
0.00012890194794435876
0.0003392505591457886
0.00022765809212148475
7.486256864683913e-05
0.00014309979454587757
0.00018395407408961542
0.00013020775886130363
0.001171706448822833
0.0004409749298614096
9.374960776025349e-05
0.00017106771801775567
6.084610423520111e-05
0.000175135692447546
0.0006494353557994819
1.9165969726228984e-05
0.0005451662344819892
0.0002125828578081987
0.00011246011462693367
0.000146357880529245
0.00011980040485450991
0.0002818747441339095
0.0006389669097789034
0.0003139459169819113
0.0001763123571346752
0.0009135194200587036
0.000400432077596732
0.0004347198200348565
0.0004135145595876614
0.0001809301911782037
4.656797408092368e-05
0.00010524755660231126
8.502973907060805e-05
0.00038867268023867806
0.00017403868914934428
0.0006783120745572652
0.00011890105530522757
0.00040237879925157335
6.910835735838959e-05
0.00015968359038901975
0.0005173384880324489
0.001045342566150103
0.00034869927272979134
0.00023020763325749588
0.00010546842390909709
0.0002333523120192289
0.0004187810460116925
0.00010762898219008208
0.000500348056727119
0.00042149786978531886
0.00011697747402902232
0.000479968579669509
0.0008151096117301206
0.00013152491722926194
0.0003288636305011608
0.00011668196501223608
0.00016706071822859023
0.00018626275966351444
0.0003535782786277963
0.0005149752751821886
0.0002492799368660447
0.0006145932821922484
0.00017341520956578669
0.0003227402117021985
0.00019418957912444604
9.078774093980163e-05
0.00017399626869956893
0.00029754455167845033
0.00028993514292474507
0.00012523211744726263
0.00038385890532335605
0.0002864966055463366
0.0005745413971716975
0.00010190640413905871
0.001032544143548551
0.0005354987164411109
0.00030022803806684084
9.476262980238625e-05
5.116069536442593e-05
0.00046164436321588346
0.0012273854624814322
0.0006463218963232847
0.00023949104605874762
0.00030241028399313486
0.00014022151916446806
0.0010228122546752404
0.00036849151558648315
0.00014355552066086676
0.0004171632752254651
0.00026374756072203797
0.0003320732802894983
0.0004490586338588
0.00023082508638618148
0.0009291778694571546
0.00022421225835717387
0.0005469420887849734
0.00016236099451012907
0.00029335856248712477
0.00010829226059933512
0.0002041252071698586
0.00031423680370797037
0.00036273576536160644
0.0009576357872233297
0.00017551573268019267
0.00029234450451078
0.0003660136769247007
6.534379984700603e-05
0.00037424874297971745
0.0005270341787173728
4.2464946748469605e-05
0.00021905373678004732
7.589793812102812e-05
0.0005140315852405041
0.0003740687522299198
0.00027540701638149433
0.00027586925719603426
0.00027838312633949545
0.00017612765704749596
0.000187506585273579
0.00026173807402723895
0.0003527325315771064
0.00014793720431379405
0.00012655982597715028
0.00020015439972193382
0.0004108708715831063
0.0005141922841845551
0.0003123605442570711
0.0002189214011264895
0.00016303791984039346
0.00042694907024150855
0.0008444857683720467
0.00029065725865701507
0.00047030812576249835
0.0007332901114111201
0.00024567131608617724
0.0003340078028662917
0.00035229293319618036
7.633509651976295e-05
0.00014362198854884882
0.00019204530068463201
0.00043839320190918607
0.0007171642797160219
0.00023634764662043884
9.484529364368384e-05
0.0002524783804826478
0.00028578454540135865
0.00020057594200980603
0.0003843440562857684
0.0005882848567315445
6.0766835348004135e-05
0.00012794593301033072
0.00010287485411318853
0.00022373054904776228
0.0002935933562272513
0.0004973996051146443
3.858611842529487e-05
7.98616814924812e-05
0.0006350807345329775
0.0006663190181310945
5.93335959151151e-05
0.0008790065039056007
7.95091440925682e-05
0.00044584136440790044
0.0017986986672068907
9.688335980489385e-05
0.0006537767608253625
0.00019969106688953874
0.00028235216659062306
0.0005003667504847464
0.00013197204547136067
0.0006271095040026235
0.000620902738079581
4.5962334256075006e-05
8.956696845587154e-05
0.00012228039760444232
0.00020850920848807655
0.0002994126047148215
0.00021675991463510858
0.00012649736275059363
0.00023501510312035016
0.00036068538496054697
0.00043328108820281375
0.0003025399303725406
7.997984457399828e-05
0.00015242663531672901
0.0003586340763728606
0.0003203698755343141
0.00010255870247976883
0.00017544034446134767
0.0010284480956766586
0.00030635150854759304
0.0013042735378407794
0.0008334297280082769
0.0007146169575736142
0.0005411659815345309
0.000522327675518684
0.0002432832257728183
0.00025702838610644783
0.00032628389756035684
0.00030559936003276064
0.00010785583038003344
0.00031598971647071584
9.059987987966951e-05
0.0007077215432788364
0.00021877299257532797
9.571946476299294e-05
0.0008718655421190319
0.000558921216653307
0.0002591077242477696
0.0003322061684659792
0.0004028485147247019
0.00031732385389063804
0.000852734736879021
0.00039081508235311606
0.0001953055245459611
0.00044740478590590837
8.754730445616923e-05
0.00014846384517252947
0.00012597425771745122
0.00016961706113678937
9.717531196272264e-05
0.0005012497605956295
0.00022519170171939553
0.00029238335933715065
0.0005065007773960244
0.00023423369867570177
0.00025593929845416796
7.631443682875444e-05
0.0002179753752389559
0.00022724966512050902
5.0890796641299615e-05
0.00016140097750158623
0.00016160857856982065
0.000256319760234307
0.00019677198411048073
3.732930876439572e-05
0.00037149706499799834
6.415652063000607e-05
0.000265850766994235
0.0005110111784314772
0.0008854733686362908
0.0003741324352042569
8.801336673404469e-05
0.0006385674577073791
0.00010581073271840413
7.437420594392716e-05
0.0002223334737173313
0.00019291547511567596
0.0001745385315637883
0.00041019398268355383
0.00012124610030064025
0.0008035868454368218
0.000316874865125847
0.000368388610381692
0.0006338678216384308
0.0001123574162597091
0.0003348487498544682
0.0003336450443309552
0.0006614062084103919
0.0003340748816824918
0.00012654800595850334
0.00018885456513077084
0.00022638424687658864
4.177911971601686e-05
0.00024444880922748003
0.0003355955046657018
0.0001215322670992251
0.00012150629041787193
0.00013671209651618254
0.0002242572702999364
7.147301065795597e-05
3.895528889132494e-05
0.0005080353178780463
0.00013652054364414104
7.049589993191921e-05
0.00031527498454275363
5.7684507866532844e-05
0.0004666548846921859
8.116174638933556e-05
0.000331186495832312
0.0003504758266691954
0.00016515862425435849
0.00015787686348234296
0.00024479959650984756
0.0001252137958200381
0.0004353889418386113
0.0001426239424985355
0.00017691543347386876
0.0001694498326249914
0.00033055824675972095
0.00025521158468051167
0.000796604477965142
5.1471071737663345e-05
4.798930296885434e-05
0.00015258911874301484
0.0002791904081209439
0.0002231915574195512
9.630081957691526e-05
0.00017987035317003713
0.00020003699811387433
0.0010674247838089854
0.00020585143245186558
0.0003583953973985363
0.00035804738333927044
5.761325306089328e-05
0.00032289885046716366
0.0002951306338314365
0.00022694883292139322
0.0002206833409893057
0.0002705419116124514
0.00018679867907869243
0.00021062509321938787
0.00014302005076112555
0.00023290066800096796
0.0006068266002343431
0.00024351161808717898
0.00016441588022028943
0.00017502931224608123
5.966374930453895e-05
0.00014200279269947164
7.360354920198487e-05
0.00022202784142105465
0.0005166092271135068
0.00035486201651181167
0.00012674584692480272
6.143900805377202e-05
7.298412170338059e-05
0.00013788958406718983
0.00017556335285070368
0.0004230396702386902
0.00041976532703639585
0.00021137192102687396
0.0001844580987988086
0.00023868478622373758
0.0003389713366200273
0.00016470336727928518
0.00020297466825769942
0.0005301093900991084
0.0003857012680342704
0.000220490425331252
0.00038670799503950616
7.127165358950773e-05
0.00020555271898194133
0.0001633790159733353
0.0003445884748452441
6.932349519587178e-05
0.00016655453042838545
0.00016842594994037684
9.891586560265986e-05
0.000175580598130396
0.00013474896247613554
0.00011785029492716905
0.0001912560383366777
0.0002402278226300322
0.0003043875946532671
9.253787142124078e-05
5.340204906838905e-05
0.00010551538043290403
0.0007507170045017136
0.00011994051358090184
0.00022096129563646053
0.0002655564143484977
0.0010239252333059518
0.00010570968823775311
9.596300582644438e-05
0.00012940978305284244
0.0006217070338063492
8.500493327498116e-05
2.6622275192675587e-05
4.14414593293076e-05
0.0002367594237390835
0.00023146489161808543
0.00023228663560422084
0.0007428359499584488
0.0001295514368693501
0.0005580258013974151
0.00015878431127036742
0.0002735541866464567
0.00019654415935321494
0.00018906337803521823
0.0003467400756680603
0.0003061876882987448
0.000221237186564593
0.00014516438167315937
6.452518849120153e-05
0.000149169527952922
0.00015645568893989375
0.00013716838923974331
0.0001324393991699355
0.0003003996164535884
0.0004177590012273506
0.0002744404181629808
0.00021041829227387112
8.728761521114772e-05
0.00019718907348101916
0.00023642812217479392
0.00029415265438204524
0.00020045753602559115
0.0003188721609529604
0.0001911652715428395
0.00043362701975622006
0.00022131754672876551
0.00017062325039471563
3.852761532955269e-05
0.0001791465799668989
0.00030405045082443366
0.00015496924909015576
0.0002649091785697582
0.0002785010226992616
0.00011666920008730948
0.0001351538966570623
0.00027651095496034793
0.00040772971411420745
0.0004581618607370988
0.0003922133516666426
0.00038903800042410934
0.0005311217606057745
0.0005049847513949607
0.0004896347920749219
4.983652119307308e-05
0.00018972680481302908
0.00042227459476519856
0.00010820172136038683
0.0008168045533551236
0.0004366462458427558
0.00046992754465371403
4.952857940564363e-05
0.00014461625087008453
0.00026722049525791625
0.000848908561738973
7.380457655396267e-05
0.0001801067863927411
0.00028189265723614913
7.624369307269031e-05
0.00023704113164261167
0.00039947024616575935
0.00023457727194153556
0.00029370589962629876
0.00011945215951067997
0.0001817772851083512
0.0011052383091358987
0.0003243097121179742
0.0001981735331188728
0.0002313210900082061
8.458048217057265e-05
0.00011428306685222504
0.00039441771702001974
0.00014646932926782198
0.00016294324839433768
0.00020404210729455823
0.0001296614254579198
0.0007573537513155792
0.0001585023607665788
0.0002463098784461503
0.0001562611925071801
0.00025255807182234815
0.00014969231404836082
0.00022761817921550023
0.00019293629661556983
0.00044452944693262127
0.00027415337388925437
0.0006310983639133991
0.0001949300644518163
0.00011322774220820622
0.00021488361386431
0.0005982349526867692
0.00014914465789919916
0.00040684004355268766
4.978463137309299e-05
7.090347354955503e-05
0.00014054751386248157
0.00017952751492783794
9.305276308017358e-05
0.00011800219287619346
0.00019097854974094074
8.072668958714842e-05
0.00010298768623906047
0.0003667520076200228
0.00028783393180921706
0.0003381006526384201
0.00010698722035982186
0.00019596436451540774
0.0005657011568808795
9.645702498857809e-05
0.00030643877458005843
0.0001876837915910631
8.118899738667092e-05
0.00067049074783251
0.000135350058464709
3.7426152550898316e-05
0.00035530915668678756
0.00034976254047324476
0.0002642146814992363
0.00036082347475449713
0.00013567371469199417
0.00034339086494965867
0.00019450670739418
9.783217190258076e-05
0.00016933894560891116
0.00012906570743507933
0.00028180059174535234
0.0001478245456460769
0.00022087122021050644
7.768510822381381e-05
0.0011870926187594305
8.4954548623949e-05
2.731656145552391e-05
0.00023202732325710809
0.0006349085771973946
0.0002899940873971022
0.00011499582214269926
0.00010513128953336093
0.00011494432478041062
0.0005192269771900858
0.00013523314514849176
0.00015151802751003655
4.068864495738898e-05
6.778833918830321e-05
0.00026743342433297975
0.0002936789397921998
0.0001842378205354044
0.0005500947970736714
5.502906253751581e-05
0.0003055633317282689
3.877267606362791e-05
0.0003169490024663618
0.00014733807412722227
0.0002416268095249327
0.00018339207968059372
0.00022087322776118582
7.139233213515625e-05
0.0002588332132046257
8.635399946992575e-05
6.19198460802172e-05
0.00014527932878092035
0.00017818068986209378
0.00018403115540737057
0.00042311169645236626
0.00016166363424970382
7.841286574046859e-05
0.00019858562496126878
0.0003015222470137829
5.809205694898522e-05
0.0003985886318212755
0.00021096134007122556
0.00020644311709455045
0.0002494143560579252
0.0002670750472725243
0.00023364763642031867
0.0004180948444728331
0.00041689043477517225
0.0001326471744747371
0.000356947695736724
0.00016156717830867018
0.00016012171544073082
0.000177455377843548
0.0003817367337710158
0.00011129451182345602
4.664108816226259e-05
0.00041271597092621206
0.00039905102023103894
0.0001584740816607683
0.0002696877372441933
9.921948338281567e-05
0.0004544978950301188
0.0005717357435909089
1.993805950467739e-05
0.0001567412524215546
0.00032760404456952424
0.00011720093854148155
0.0002430801652874096
0.00011730951660946461
0.0004334166663934642
0.00020607308322711376
0.00018014427694710314
0.000270805830300894
9.991606132010954e-05
2.5801517632105554e-05
9.435145784649519e-05
8.784153172096877e-05
0.000525367451373669
0.0006907026603816341
0.0002352579989925375
0.0004988106546304034
0.00024657596269287693
0.00014297983989295938
0.00036472246148290554
6.60218720874223e-05
0.00010529695964952062
0.0007489372494994761
8.468563059060834e-05
0.00014836847564267663
0.00017979681364702215
2.8731614159897865e-05
4.1056645148369475e-05
0.0002592959275872745
0.00013956956103298266
0.0001226055172906284
0.00045104775780259384
0.00015188091661434277
8.380103026376704e-05
0.00047029940138383695
0.0002847269148595365
0.0001200996991621221
3.989169138531221e-05
0.0003034136206785058
0.00015748255236841977
0.0003755442372981198
3.4867759863610134e-05
0.0002794228445703554
7.824698279785809e-05
0.00027008349305027504
0.0005566357962889273
0.0001311734971811674
8.694114715053684e-05
0.00030189552896357324
0.00029046516079605063
9.8518318837299e-05
0.00036485140196463337
6.460966897790509e-05
6.504384106824534e-05
0.0002642676421406485
0.00011193194895197201
0.0006974633820471972
0.0002481518737298509
0.00021143697927882745
0.00013049530098511192
0.00016381435236565678
5.342806977808487e-05
0.000386831116673312
0.00018315706167693755
0.00013424735480526673
0.00013550838585768527
0.00023663470388994053
0.00012770656502486208
0.00033568975373098747
0.0004769751190676035
0.0005589574755054426
0.00017512946835502026
0.00034542608695725083
7.029540674974775e-05
0.00025163307813610167
0.00025255347625632553
0.0003411293752278342
0.00012795894292891213
0.0001988103377579079
0.0003549437426523512
0.0001115363917798569
0.000340161805182581
0.00040445010229572234
0.00026049142184399215
0.0010397353880667536
0.00019358495139024445
0.0004957441006467969
2.2577778093335854e-05
0.00011410612630111125
0.00041104625495664155
0.00080961259165086
0.0002642659865605604
0.00014237329096779204
6.195319570275227e-05
0.00014534971246320087
0.00019681405724946067
5.658167277526951e-05
0.00029653145863134926
0.0002142299120404696
0.0008081710620812296
8.419360407394725e-05
0.0004555825496065644
0.0005044697683056104
0.0002229917913376427
0.0001908800226628541
9.656208001018732e-05
5.565026615668545e-05
0.00016598523080090267
6.384838832875904e-05
0.00016072509545805345
0.00012271741910902846
0.00014777201566532145
0.00034925802130985896
6.604076132925224e-05
0.0005283246243404009
6.253824159828327e-05
0.00040988440858694125
0.00010577583136399033
8.544563392163616e-05
5.684237961881147e-05
0.0002681149639505212
0.00019145526637400837
0.00011984366409055895
0.00033757584001075855
4.759668016252016e-05
0.0001926162925529694
0.0006293335022974335
8.777358645042957e-05
0.00019062454599770437
9.739383302972916e-05
5.920580540804125e-05
0.0001802322611072877
0.00045751844883330084
0.00011457761777454568
0.00021740599770072883
0.00010447275461968754
0.000409619286487711
5.538104325077287e-05
6.492293389499495e-05
0.00010828811683061481
0.0004951647618843082
6.0840933818752834e-05
6.204058696554123e-05
2.384420404297887e-05
0.00010724269881267414
0.0002508917033766585
4.6237085125763864e-05
0.00022845372506852246
0.000244765997624265
0.00011276770413962997
0.0001631176242557975
0.0001519753536455284
0.00014435838055385793
2.5179940504977718e-05
0.00039903943141296846
4.2474483772281525e-05
0.00042416146990655854
7.754339835752761e-05
0.0002381357763579396
0.00016168408458096186
0.0003818999441085277
3.4085665024313934e-05
0.0001603631525568012
0.0003452564432950607
0.0008715234499407844
0.0001841092514057762
0.0005892007112890265
0.00017516169587983397
0.0002730924460119185
0.0008526695376776454
0.00020314261747309776
4.2700199065150046e-05
0.00013310928103808613
9.861976482153736e-05
3.174391277717958e-05
0.0005332433516867449
3.6564455431064834e-05
2.4187293806383262e-05
0.00019233142726477644
0.00026363091058128496
0.0002999521114295594
0.00021388066777348351
0.00010828397949099509
0.00020779831650830327
0.00012545816777212985
0.0001053743639865963
9.580141151623464e-05
0.00014494730450097856
0.00010218942212669679
0.00039529570435298397
6.678360960431339e-05
0.00022408471171455355
0.0006998916976030906
0.00028897341025429976
0.0005003140035398477
0.00017255011296732375
0.0002827182212929612
0.0002551961676742714
0.00028695403325497903
5.365587347566423e-05
0.00022732407112522474
6.194773937928368e-05
0.0001429143739942931
0.00014071002430161562
5.53207045087027e-05
0.00021619650191964475
6.995286086849976e-05
0.0002067577707373154
8.95222095648476e-05
0.00020515792725834322
0.00017494521901705514
0.0002209191583455699
6.91662100849361e-05
0.00017589638206799078
0.000481691080352181
8.144932514536271e-05
0.00022189627609270644
0.00013151552922256157
3.4155556208046716e-05
0.00011314267124826507
0.0003276560605297237
0.00018883567238247537
4.677995578446313e-05
3.786738643609964e-05
9.769904375161015e-05
5.9575761756817006e-05
7.576668824870185e-05
4.653822821905054e-05
6.368086894366932e-05
0.0002621935648496568
0.0001943722836396092
0.00022598479898773205
3.4305586342275444e-05
0.00019851208664846016
0.0003852189982661181
9.538227628349706e-05
0.00021576592235229058
0.00017695191836738714
0.00031257815674193767
7.183980002569635e-05
5.946274844084432e-05
5.370713046250439e-05
8.108238779806798e-05
0.00016184160204132976
8.694091957559714e-05
7.557315948765495e-05
9.655290673694718e-05
0.00036233280482155715
8.705219586400541e-05
9.688448519397671e-05
4.0870890640823496e-05
0.00012109237349020893
0.00012251581279018839
7.196431428821518e-05
8.550563737778417e-05
0.00018537105642488143
5.3613116972026205e-05
0.0006218204985948611
6.941542506473041e-05
8.881609082758052e-05
0.0004444851632682121
7.127663463568125e-05
8.988309119404826e-05
9.832048591550784e-05
0.00010231535316985699
0.00015535794562812163
0.0006066241481298392
0.0001554243898341073
0.0003650497865355812
6.675075441360588e-05
0.0001650998360634732
0.00018573084933070318
4.8508494632733295e-05
0.000536012959795977
8.015850900378748e-05
8.217259911327285e-05
4.4800098822713465e-05
0.00011568239988158024
0.00011086080248605067
0.00041429558757591876
4.939127473436978e-05
4.725854436594089e-05
0.00013811182407376415
0.0002612077766273984
0.00044139481214678587
0.00014576459775086787
0.00021675396425116134
8.049581816129514e-05
0.00011206901070289604
0.0003023029196731288
0.00034326257375139947
3.7387677083914936e-05
0.0001245263350565525
0.000259706569925978
0.00013581432982587028
4.2298876390436175e-05
0.00034980465283060376
0.00032685516409876596
9.410262663545284e-05
0.0002367011416383231
7.656842302703967e-05
0.00040284922072214856
0.0002729857327041438
0.0004349559959215377
4.2185962945227046e-05
0.00010250721589110098
0.0002368220313630615
0.0001860918827663802
5.3846095777090156e-05
0.0004956348082299867
4.1400496423430944e-05
0.00015208011801213925
7.76442583907164e-05
0.0002779907126511024
7.960601840689473e-05
6.957513712201357e-05
4.524425871449653e-05
0.00011589355502173488
6.976386630627364e-05
6.247166897688182e-05
0.00011511370443468096
2.2967790292280912e-05
1.3716364429798534e-05
3.155634040227286e-05
3.716165769121069e-05
0.00015414463930179493
7.498537565440117e-05
0.00015406572277888535
0.0003222063849566153
0.0001406032002746864
0.0006830351087003165
4.9924431509289765e-05
5.409332094664949e-05
0.00013359542239711948
0.00011314228248445147
0.00037281703011567266
0.000300931987627108
0.00010437870659581835
0.00026988332207657017
3.772323917877176e-05
8.182886437807717e-05
5.483608349113374e-05
0.0005413232067610478
0.00019080614726335403
5.645025812521759e-05
0.0004472780056525826
0.0001494057980987336
4.915713777367096e-05
6.543649419980948e-05
0.0001994281532371599
0.0005896896642230415
8.765122949775155e-05
8.651158962711147e-05
0.00018294002047213818
9.139064416750272e-05
0.00041282048998085233
4.159669245188337e-05
0.00014817603665649376
0.0002212749351487917
0.00021848971738502396
0.0005307273919346315
0.00014431090138082155
0.0001238450476422662
0.00014697897106212307
0.0003066980091389325
0.00012240730890028452
0.000608004084922466
0.0002323332011884428
7.134966597906905e-05
0.00019804167096468397
0.00026823529928281584
0.00025358145238727874
6.884294719088396e-05
0.00016862954913659462
0.00015998616910599918
8.458785831847917e-05
0.00018814782783704376
0.000133239041198821
0.00042939242359476344
0.0007132718752994215
0.00010617035209122259
0.00019312657896998996
0.0003412893199674795
0.00016831919564923276
0.0006741566024860619
0.00018854982298514096
4.815100103226124e-05
0.00019536981875263086
0.000189447574757704
4.010247400833585e-05
3.7794106701504455e-05
0.0001500264663409788
0.00014484299931291853
3.0427379522962643e-05
7.100376242735681e-05
0.00039900981425829103
5.4710382564752246e-05
0.00010814497405251768
0.00013851102067650485
0.00012394724475839013
0.00018846003740430266
9.594639353335974e-05
9.614713316800809e-05
9.926702195247336e-05
8.90402987287203e-05
0.00016577366811412463
0.00013041920142500664
7.247940765030806e-05
0.00025959053786220093
0.00020780585968588756
0.00027387946241809463
0.0001207176921208578
8.611296286286437e-05
7.639781954135097e-05
0.00018481128253690945
0.00015723319093854712
0.00014544418299922192
0.0001380197185044619
0.00037484883851425174
0.00012141519518071517
0.00010480095734024983
0.0003069441270835908
0.0002394670164089254
0.00012552256219177345
0.00018523180552192754
8.96716219622026e-05
8.863685053795164e-05
0.00011625966041075542
9.145620712882664e-05
0.00010841585957032441
9.89288916601543e-05
0.0003461500972318711
0.00011717566980135127
0.00017508130547665997
0.0004472386175114945
0.00012685317353379585
0.00014605738842542635
0.0002102347818836963
0.00017351131831922352
0.000148908211367418
5.2813669048536385e-05
8.931878420235876e-05
0.00022638075738857198
8.164224355407932e-05
0.0001953482244909549
0.0007594873958355055
7.237357033136546e-05
0.00011127390525459316
0.00011513810543566884
0.00022775064173788062
0.00043207341956487844
0.00028417130878796124
0.00013189818032111452
6.4937873305689e-05
0.0002713323287615703
3.6415718933473697e-05
9.121943308185836e-05
5.968253691336704e-05
5.861661843339625e-05
0.00012922169138520563
6.794529233777737e-05
8.033573480520958e-05
3.748987718929197e-05
0.00013627294001111362
0.0002461822319175886
0.00013882917432259405
9.845019653975763e-05
5.392738859730203e-05
0.00039807394438187786
0.0001140889859935234
2.9227799458607225e-05
0.0003160961662476713
0.000801108525846721
0.0002480553434429892
0.00011279805848453103
0.0002957401265633531
0.00023487100322754613
0.0001731279703215396
0.0001378024274687933
0.00026191028393483557
1.0708108676235859e-05
0.0002595661075856383
0.0002073645175464504
0.00013759059596956294
0.00017045911182132762
0.000322831271603069
8.054899456492385e-05
0.0007101703923102278
0.0004879149209525988
0.00017748724401128635
6.256263015497554e-05
4.819817041052936e-05
0.0002816648859316881
0.00011704025384442983
0.0004043997312306303
0.0004988567293191818
4.5073034924085725e-05
0.00021675109050567595
7.029648340860758e-05
0.00016227309483286177
0.00048589514717834625
0.00044690435878025884
9.556631819298715e-05
0.00023039595155193424
9.08265456420369e-05
0.0002692153491757998
0.00012729283477813907
0.0003467688651396938
0.0001256232971425357
0.00011901234376412051
9.0626286615736e-05
0.00015271403715817508
0.00020847811973780483
3.443250987491792e-05
6.932232026439959e-05
0.00025109809862113703
6.255524123738773e-05
7.603729718167744e-05
0.00024304291591695267
0.0004466923712303994
3.939430929259742e-05
8.663023476124084e-05
0.0001457364885037974
0.00011874197145832716
4.1976069313352556e-05
7.784559053227695e-05
0.00016660669121307362
0.000667852147471934
0.0002808661982984127
0.000147683056499445
0.0002079421948274881
0.00027874616105397513
0.00013691220489329275
9.674872345266333e-05
0.0004966228284477647
0.0003932764564689197
0.00012069693217945977
0.00011385055413860214
6.683375176011189e-05
0.00028284237394760227
5.518813286383e-05
0.00016300225469067397
8.73388988837031e-05
6.0127045132703736e-05
0.00017994138200595725
0.00013219072045132305
0.00013710301558321405
0.00016365944779008157
0.00013110737070426366
0.00011034454683760868
0.0001041431207800714
6.917241339938961e-05
0.00012498783483823293
0.0002540849937302454
0.00021222293257613508
1.980076849658955e-05
9.082155387662149e-05
4.899998445965485e-05
0.00030122048829410127
0.0003539074109996235
0.00026150482774457885
6.177328593730403e-05
0.0001295534635032481
0.0001409990792855423
4.8919125820331425e-05
0.00021617779301843547
0.00021936119872246972
4.235427389667979e-05
8.401036796760345e-05
0.00018954348745585153
5.2014782226492984e-05
0.00012322365002744774
0.0003332833734785542
0.0003047609971833992
5.5788647397124084e-05
0.0001751728841761139
7.543420370545303e-05
6.723925953312196e-05
0.00011375813523482974
0.0009347523528729824
3.6610116687319424e-05
2.630878144804963e-05
6.455453057253944e-05
9.772000247545363e-05
9.099742186072784e-05
9.380169935048789e-05
0.00010465413865573773
1.837655660887446e-05
9.448696064708424e-05
8.477004868020146e-05
0.00011159518860490298
4.777039917241091e-05
8.536367040305619e-05
7.664345884892032e-05
0.0004297952113965385
5.004564904297083e-05
0.00018781245991921945
0.00013769478834919194
3.57736970370794e-05
0.00012256380048827689
4.816220370747847e-05
0.00011109413087446234
0.00019888313845958222
9.328671573666089e-05
0.00021087209533226823
0.00012656615557293688
5.7861706782458745e-05
0.00013289706353058914
0.0001311976473682911
0.00015054152138998145
9.739702298273288e-05
0.00010351481847839674
0.00029841975628609686
0.00011996026595774936
0.00041314476131762304
0.00011131695906173749
0.0002258702395374061
4.3108913583110585e-05
4.079887584838791e-05
0.0001303216969894101
0.0001799030303278376
6.382470747089513e-05
5.63343632546621e-05
0.0001027644367289729
9.807044001505552e-05
0.000163949488647683
0.0003524686409663799
0.00019587129807160147
5.2480211679430514e-05
3.630804416353018e-05
0.0001977268547664341
0.00024091617774674748
8.791430228567853e-05
0.0004170343392882092
0.0002040294016974298
0.0003036707886858382
0.00010961242032306647
6.190358657682564e-05
3.5981411712451735e-05
0.0001991233986508397
6.912367943729753e-05
0.00012782736737355346
0.00015783242153399727
6.577851954108174e-05
0.00013723332616832854
7.807880503220784e-05
0.00016044118992794467
7.417852830070625e-05
3.813663338698179e-05
9.547391783217932e-05
0.00020722778342074864
0.00030632624911670653
2.572654856600391e-05
0.00015283002692930903
0.0001273472180005594
0.00015892097268383826
0.00057371766659149
0.00016119844620959446
0.00011272851986110228
8.095024175456136e-05
0.00011834289246669747
0.00012118944881888659
4.738224490526914e-05
0.0002976131589297431
5.756176167443265e-05
8.400625541034653e-05
0.00032712786036483637
0.00014315804323625111
6.696100732924067e-05
9.7185582482841e-05
0.00019358811167143172
0.00013074604872111433
9.450907585519798e-05
6.798614550491779e-05
7.72733155565163e-05
0.00010560548707181211
0.0001496690036729001
0.0002036315898242115
0.0001587585612716822
0.00017395888222180073
0.0001878303436412201
5.718235307453853e-05
0.00010325200041571176
4.4458088671866785e-05
3.8912514495547595e-05
0.00012158970893336827
0.00020819149988893587
4.7559869387702396e-05
8.115732489747741e-05
8.175384002067283e-05
0.00010474787491221172
0.00020430034921376037
0.00010918948883797665
1.7169277494472646e-05
4.887034815507127e-05
0.00010532106729240734
0.0002890026597430196
4.255396742839913e-05
0.0003058735353751842
0.00013187192106885897
5.168110775164572e-05
4.1715348991365066e-05
0.0002596454858229754
0.00016753404670007542
0.00015811699086178412
0.00019038461763904948
4.553498358897833e-05
9.128319526880879e-05
0.00023333422491262506
0.00021850080725279578
0.00013961919225422996
0.00031948045060495707
4.8838891187586444e-05
0.00026846474562728365
6.546735431890469e-05
0.0002758159805296925
0.0001930776602319687
8.450654534109546e-05
3.7193095517751926e-05
0.00012565880469673352
0.00012645082575013386
0.0002260771588556415
4.0347183169363234e-05
0.00017113870051504377
0.00015559578713138686
0.0002905928848363024
0.0001889157095268843
4.096391374704597e-05
0.00026262686947594455
0.00017104447411469067
5.115191795058093e-05
3.836768818726145e-05
6.112319922832536e-05
9.614968532860406e-05
0.000117062268398761
0.00010417414953281944
0.0002474223273948433
4.5201087439291515e-05
0.0009695649856718427
4.637828519693393e-05
0.0001578000530286647
6.009437527701854e-05
0.0002932396214490338
0.00021349803063686358
0.00014031437893861627
7.081340486358652e-05
0.00013814783631563952
4.9978520797780655e-05
4.5547992383000465e-05
0.00023337621472033047
0.00015952077724590852
0.00012348941985895875
0.00014424078431791987
9.05590430422132e-05
0.00020192520551989192
7.109520459409606e-05
0.00019807108801733736
0.00015856714255490533
8.018065003288805e-05
0.0001273771790534442
8.246035616668121e-05
0.00034169185615862786
3.9558327454691356e-05
0.00011369674029354015
6.52196877511083e-05
0.00016970844664720666
4.5182701281936387e-05
0.0001900035901206415
0.00022470797687956185
0.00013907411741625954
9.740923625935751e-05
0.0001909201258035806
0.00018561228083801223
0.00023240006798878852
8.160980288608415e-05
9.60974708268693e-05
2.8342464345475706e-05
0.00035974926247214404
8.445932464210694e-05
0.00013289245758060623
0.00027228081817286563
9.013977658302336e-05
8.724611865818706e-05
3.6625613879015894e-05
0.00027316658325331384
9.997619065286552e-05
0.00019698237189791227
0.00012182096568916468
0.0004920811172608232
4.785190114153894e-05
9.720061092674542e-05
0.00014237981568687296
0.00010571604443853109
3.1700522180698886e-05
4.930370182119431e-05
0.00029960885654882165
0.0001694352873883224
7.730780753332714e-05
6.764309146375786e-05
0.0001167939803842967
5.465103538411274e-05
4.195575713565731e-05
0.00019746842282586738
0.0001855851948360702
8.967706005440107e-05
0.00029753942767529165
3.998524613734413e-05
0.00016076876014027426
8.237612646484838e-05
4.6444291052159964e-05
6.479132207778097e-05
0.000157825780128393
7.504573155817498e-05
5.6879443687294094e-05
0.00018920740639500453
4.823432546356139e-05
6.54282151521516e-05
0.0002046310608930153
9.554747874121799e-05
0.00010515406454447566
7.782366270743696e-05
0.0005861540058251695
0.00011845433780458772
4.7837743437207035e-05
6.122183435944432e-05
9.153770245016774e-05
0.0004455517756972591
0.000171241938910225
5.6422080752950594e-05
6.65269097349685e-05
5.441754608973362e-05
0.00019330134497315705
6.53580556551038e-05
8.356767391410995e-05
4.37069912723811e-05
4.350610771974339e-05
5.551176174218576e-05
0.0002070080506697831
4.2637376096617844e-05
0.000153248298203478
0.00036616241260709065
8.589815440477642e-05
7.747404818067544e-05
0.00019865977814306928
3.440878193106473e-05
6.586118109064783e-05
2.6808181705961755e-05
0.00012916184905775822
0.00012868129386189858
7.244090174042752e-05
0.00016174932793791102
0.00016921399780805624
0.0001678815490236795
0.00014675460965769916
0.00022228052612829012
2.2002794073733878e-05
7.692837083708575e-05
0.0005014542457581694
5.0110364214022046e-05
0.00017519311362693872
0.00010790623044365355
0.00010604268847669547
6.467010473758249e-05
4.769479170822488e-05
0.00011892169049180393
0.000130606076742935
6.876323260935168e-05
6.811940310387548e-05
0.00042308770061665545
0.00046280598494163346
3.969677683778751e-05
0.0001455363075959538
0.00013617019296177592
0.0001285684184705947
0.00020550772540072577
0.00010453007994556956
0.00015158465528372178
4.7352953667246135e-05
7.817828395488461e-05
0.00010309542972407693
0.00012408596784897017
8.50440293636699e-05
0.0001381799840545271
9.51660054127571e-05
0.00024362579253198104
0.00045262362574921653
2.8586289333077866e-05
7.011464936873324e-05
7.670228880618574e-05
5.5748449115150264e-05
0.00024965299024629653
0.0001706659244599305
3.134999243677256e-05
0.00016597039271083074
6.403516428381628e-05
0.0001462205660238723
5.899313114806582e-05
0.0002781308069558762
0.00015845042451756897
0.00028663666880857514
4.365266882445835e-05
0.00017311074932406048
4.2161016679926556e-05
9.43288774414653e-05
0.0005401521798940096
0.0005528447956711277
0.0006816394256197989
9.722846893014565e-05
9.806134909776427e-05
4.45457851172845e-05
6.199545078967987e-05
0.0003102865248008682
0.0002937587402930143
4.972887171264867e-05
3.2623850041450744e-05
4.525406721798458e-05
9.984441384708333e-05
0.00012258342551305096
5.5276393075292914e-05
6.162312311313491e-05
7.482077682081906e-05
0.00016825622541390215
0.00014803478832202377
3.710677201354698e-05
8.393369226604344e-05
0.000121522543262959
0.00013621525513816894
0.00011173833629240536
8.028828900877202e-05
8.188874601463619e-05
4.5608758108868373e-05
4.6848873664073665e-05
0.0002986352934068933
0.0001447689213304827
4.685633764145448e-05
6.291936992567643e-05
8.999565027603622e-05
0.00018066201570039094
5.138780310266109e-05
2.807321376328313e-05
7.009952262437392e-05
0.00028131833883346966
0.00011332418964722855
4.7127966916700926e-05
8.249731630737892e-05
7.409411241479527e-05
8.254053949109037e-05
0.0001371744684588677
0.0002491308356068872
0.00010183808710139871
0.00021267340031158808
8.70141367916716e-05
4.089214005140595e-05
0.00013118603376461037
5.969783274894187e-05
8.731923250439542e-05
0.00013844498396087962
0.00015808673335333793
0.00045408324535168155
9.59546579328796e-05
0.00013852663412809656
8.025776852788615e-05
0.00017103870734293494
7.073222218308511e-05
0.00011205231903991081
0.00010285707165369305
9.970477437980333e-05
0.0002856981109400969
0.00033314961131253643
0.00011297243955955819
2.105075559745082e-05
5.303840219533364e-05
7.625946699935226e-05
0.00012594321229293233
0.00013200537396554612
8.345145080735793e-05
3.240025960880231e-05
0.00015241817501087448
0.00016702255935929804
0.00019617878085551008
0.00010261544503754491
8.837320865651632e-05
0.0005339385629151722
8.480119892285082e-05
0.0004718907189336793
4.8273880341930386e-05
8.005618787049175e-05
9.16712955540872e-05
8.372760923907804e-05
1.966241605162985e-05
0.00016912803536288815
0.00011820499900440646
2.4623049891968362e-05
8.32188674609064e-05
0.00031337262830780376
4.7557471304255855e-05
9.528439202490653e-05
0.00013052729455178739
6.817052386880926e-05
0.00010000862514698973
2.812075571308424e-05
0.00010660645253880487
0.0001257785939245865
0.00023323724673965946
0.0001563851595141976
0.00012889116580350082
0.00010639235552121209
0.00025567820370782227
9.658730152493912e-05
2.2111983697132962e-05
6.775020481309279e-05
0.0001809785608418203
0.00023627085842341518
9.904413430628038e-05
6.511631206152365e-05
3.9520102453565286e-05
0.0002446673397896091
0.0003182669343057787
0.00023862786444865642
0.0001019921740245562
6.659375938797579e-05
0.00013074923810829176
0.000145785743883875
2.786467724513924e-05
6.307500558586183e-05
8.069523762489791e-05
0.0001971592846446321
0.00011451122617001249
7.85026653937518e-05
0.00014933442349284834
0.00016333471637409346
4.595533198500094e-05
4.598927991816504e-05
0.0002822066414079469
0.00019858813617379425
0.00014454537920256978
6.450770518792315e-05
0.00014380132084674404
3.987687517637719e-05
0.00016688551495679682
0.0003001529295191891
0.00031486419048112635
0.00011813930948424174
3.458496048974385e-05
5.0983072936017024e-05
3.816537549079214e-05
0.00050526110240902
0.00011662219266621631
0.00044559556444101744
0.0001047423266595714
0.00011442124754338098
0.00023628904892249638
0.00011349327028523382
0.00015599137596429967
7.435191417900594e-05
0.00033120028176829525
2.9835754927157708e-05
5.757747154887518e-05
8.238320025943504e-05
8.784431000605534e-05
4.967290320806487e-05
0.0001034417354115121
3.743499444630135e-05
0.000117855638035209
0.0001604150886771569
5.378894584826949e-05
0.00011301667812511086
0.00020466582040604844
0.0001489678385758224
2.892962777964135e-05
6.081280298556832e-05
0.0001023463061955978
8.3304457286543e-05
0.00011968535018429777
5.800477572000422e-05
5.375544328781086e-05
0.00020209408161647375
0.0005879560015552296
0.00011054541784359404
0.00011778825345361314
0.0005215339086821643
6.724582765183317e-05
0.00010574316952198146
7.637451194550191e-05
0.0001168347580944267
7.368265430918858e-05
7.844114096849015e-05
7.435136346513874e-05
6.75896965230674e-05
5.5029836100354036e-05
5.5953388769089225e-05
0.00033303559909417544
0.00021664877835267423
0.0003629551810339846
0.00018115528135235646
0.00010927758534394247
8.03021757793739e-05
4.168408759878649e-05
4.001926705029642e-05
0.0002980713018641553
0.00040820249388382173
0.00015995924775601226
0.0002361059355414343
0.00044080343111333874
6.750830694987924e-05
0.0001290633881926314
0.00016616297792092016
0.00032322632905161237
2.9582245508261404e-05
0.00016475236570708465
0.00014447351911841112
0.0001769950576155898
4.561224649009306e-05
0.0001330709531828273
2.7054648253777063e-05
6.250781404780009e-05
0.0001509292113031952
0.0005422765142949985
0.00013367609329124148
4.560084530945886e-05
0.00012904028124565488
0.00011374107918601863
5.73549875233172e-05
7.645519737502707e-05
0.00010970096438068909
4.012622919057795e-05
8.52521928621284e-05
3.2580984898264144e-05
4.4149050683462764e-05
5.0869296080793065e-05
7.331885049313212e-05
0.00042683402024430695
0.00013917456135650153
0.0001538714755621053
8.96345309182506e-05
4.579508395619408e-05
0.0001875660316588566
6.826155407560571e-05
0.00013460969043817587
1.9426055710047293e-05
0.0001323089506927392
0.00013921762197995587
0.00010691515995666555
0.00011382431188782215
3.520327348659183e-05
9.809397582831897e-05
5.570448012303266e-05
6.474677890695866e-05
2.8056250780688832e-05
9.080968092120345e-05
0.00011233021608670624
0.00029822090466170343
0.0002196961464349695
3.38211334357437e-05
0.0004741273058167708
8.435725737637758e-05
5.909894812851236e-05
0.00013703243369333657
4.488473180696311e-05
9.75568998222145e-05
5.836868592790947e-05
0.00010744499045417226
4.1726377207465045e-05
0.00011827945630082102
5.9756410043507525e-05
2.9062827660865235e-05
0.00010444420354471199
3.8688295797155324e-05
8.168964675869654e-05
3.5052767029710616e-05
4.3136348960802944e-05
0.00014731642434995333
2.476113760824597e-05
4.57680059974542e-05
7.624641166717766e-05
0.0004377560930626818
6.282040671174718e-05
4.654647166940491e-05
9.160123622850227e-05
0.00029175955387407307
3.530984051095234e-05
2.5086953730783994e-05
0.00019347046351527152
0.0002813918137700177
0.00012261580450653275
0.0002329270951234122
4.417535967022661e-05
0.00018572596468566834
7.921741031776974e-05
3.1346061402838734e-05
5.808062268355742e-05
4.54254470656033e-05
8.342663866206769e-05
9.190531841960364e-05
4.2614372181466414e-05
9.172244489399884e-05
0.00024699063767225
3.922524283641895e-05
0.00021630702240841375
0.00010919973063148822
4.895315573415949e-05
8.440866476635786e-05
7.669452288883841e-05
0.00016212140846279496
4.583463416386187e-05
0.00018132941126679968
0.00018447411554259
3.5377073531003725e-05
5.796428938754621e-05
0.00021611578177025632
0.00017742493440728297
8.243535404559158e-05
7.107994583438019e-05
4.7699861253104274e-05
8.610433514462646e-05
9.482105699774754e-05
4.345263554206698e-05
0.00014214098781564871
0.00010845173317943711
3.162438080689564e-05
0.00014605036521498943
0.0001505795664961778
0.00021290555788952252
0.00028310744992968113
7.728720731468002e-05
0.0001359375316733476
0.00018611229540620215
0.0001108881059140842
4.999504118409706e-05
2.486490243775469e-05
3.7066844475987484e-05
0.00023606970857889507
7.89658397911511e-05
0.00015000363105991787
0.00010310135918564675
0.0001394510961168104
4.4025370698514067e-05
8.347194837273729e-05
0.00019569565745227818
5.953072717361018e-05
4.042600710477957e-05
5.163101182500781e-05
0.0004597905547338695
8.433281891524579e-05
8.593712492910252e-05
6.546870580164669e-05
5.1308881134843146e-05
0.00014818124483542819
4.27319490340036e-05
2.854087091534794e-05
4.040313067873162e-05
0.00013046719297778506
0.00037244447939204384
2.25553092587727e-05
0.00022691829335333842
7.51079568065499e-05
3.473766647717861e-05
0.00023823106799712943
2.9776503044124176e-05
3.513267063363574e-05
4.305938186798258e-05
0.0001036469217565059
4.051449896813921e-05
0.00011815779391788026
3.797802202283009e-05
4.604643392415316e-05
4.002470683152441e-05
3.207283615645226e-05
3.902312352937593e-05
3.073186824352065e-05
3.2202175855791525e-05
7.71610386973328e-05
7.868490634611176e-05
0.00016585848834490736
8.685489069256776e-05
8.672808614179109e-05
4.6990107159795966e-05
6.230542862915503e-05
1.576071968532535e-05
2.7126349307346453e-05
3.246767083738556e-05
7.59082560135746e-05
5.3502837437712814e-05
0.00026470277139818883
7.402280556163699e-05
0.00010292523271770342
0.00026258754865037974
3.5965899108114165e-05
2.965888311450695e-05
4.1248750784449397e-05
5.125095985923006e-05
6.476931858402298e-05
6.643127175432259e-05
2.8406565354035134e-05
0.00010769698990477894
4.2494339924948686e-05
6.273269694343433e-05
6.973006528456137e-05
0.00012459862201876846
0.00010238165614232515
5.223338742443618e-05
5.881449808883254e-05
5.7115344489798495e-05
3.197906094539021e-05
0.0003509580751464167
0.00018527051943371928
0.0001073339876865354
0.0003042944741659895
7.412328961362531e-05
0.0002328655323259264
9.485280279008535e-05
0.00017096637458686005
5.948907364966696e-05
3.0545094785217205e-05
6.041090859284265e-05
0.00011506865710988169
3.951058941597761e-05
0.00010221934475949562
3.2360748932040227e-05
6.741336449426711e-05
7.949469974337851e-05
3.7482613140124343e-05
3.976468522610064e-05
0.00012827972828392356
4.766543681969006e-05
0.0001833097944035233
0.00010415656653924654
3.540278617501107e-05
7.828126140051601e-05
3.370868223382958e-05
6.0327433277499335e-05
5.153744154101545e-05
5.685676811688005e-05
0.0001133379855635751
3.9848630686344175e-05
4.357759087078184e-05
0.0002894725094578497
0.00014451161061112367
6.569460676382966e-05
7.35039780489967e-05
6.708747580862929e-05
7.070992056602618e-05
8.381671248649465e-05
3.5526006743688255e-05
4.960666771533451e-05
5.5343004726951525e-05
4.777595110119792e-05
0.00018259421973013142
6.06139741626689e-05
3.553054777691062e-05
7.882640101113906e-05
0.00017062459823015915
0.00011424228555051435
2.7484240452054643e-05
9.945576121764499e-05
0.00015842415756038575
0.00012399847547191314
4.935136262286703e-05
6.178421472285362e-05
4.292079632353155e-05
3.5611790050849125e-05
6.575642704158074e-05
0.00010463913596067022
2.7722618045044894e-05
8.545842045085429e-05
6.402539192698751e-05
4.7857173537775695e-05
7.828457229772838e-05
0.00013653604833026954
2.9895543512722985e-05
3.568962831858575e-05
0.0001257426204842396
4.9156913308241394e-05
6.173003811162217e-05
0.00025936186722509637
3.6128148147963966e-05
8.849248860828048e-05
9.464395254930275e-05
0.00012104529736934363
7.384832041403977e-05
5.471012561612211e-05
5.321842456364625e-05
8.65255538916042e-05
0.0002975012529222125
6.1199303427673e-05
3.826971442295478e-05
0.00015195712385309928
8.434709919066512e-05
0.00010270652616042442
0.0001573944324791466
0.00012639630704588053
2.641490510817372e-05
8.733819231156111e-05
0.00020388798062404034
0.00015096415694849
0.00024922862696088397
0.00011380139208686448
0.00017098423382025033
0.00036757353490988754
4.438020631753135e-05
0.0002037073803572728
8.380895580553234e-05
6.915337037738407e-05
0.00011292845337873844
4.603051314189415e-05
5.228095186252107e-05
7.49971739638023e-05
7.130715851349821e-05
2.3133481480251116e-05
9.040487516081096e-05
0.00028401214770063855
5.7108236938926896e-05
0.00011118153456998934
6.381268737950028e-05
0.0002486320895605979
0.00021543997027562094
1.958123208539208e-05
4.029678690066075e-05
4.70715501623772e-05
8.141119244860357e-05
4.8200167797105955e-05
0.00011520927166731047
7.157694449014421e-05
8.771459415566426e-05
0.00017473696949870619
3.827880756567231e-05
3.4730241075361464e-05
6.23365277961242e-05
3.407701966502553e-05
0.00012949081016583273
3.6644111704898305e-05
5.110523765035004e-05
4.372067899163721e-05
3.9304297140020266e-05
6.160472331970955e-05
5.594010346377749e-05
3.946248369981516e-05
0.00027342682976745305
7.211942756513571e-05
0.00014766462695807596
0.000340388692316076
7.257439189404903e-05
0.00025697005187185043
6.232927409439953e-05
0.00035786152909549724
0.00020871528774804503
0.00012517218986610876
8.528514433796105e-05
0.00012857737165872647
7.46721911328751e-05
5.322585256521966e-05
5.759606255595221e-05
0.00012410590590717355
0.00014046891674396274
3.498900919008986e-05
2.6219649090511596e-05
4.2622941904820815e-05
5.289212659990822e-05
0.00010199143469980315
0.00029247371792781677
3.612384315296146e-05
8.273544505003198e-05
4.127383243801875e-05
7.23612899733355e-05
0.00013611020239125474
6.484972443866555e-05
5.117068724598648e-05
7.051750163976102e-05
0.00019704507355615297
4.296499706198937e-05
2.557942415576968e-05
4.2336251887526735e-05
0.00020915427309268808
6.356758555123875e-05
0.00010513236794453811
4.6181478023522476e-05
0.0001035045435449365
0.00023735194198648159
7.159815604269493e-05
0.00018779939945578106
6.25556518169932e-05
3.6788928962518706e-05
5.860890556863249e-05
5.834381835859734e-05
4.3419075607443306e-05
3.694349498812119e-05
5.020429327590571e-05
0.00014861075754790676
3.788741287084516e-05
0.00016364793721427212
5.357712991032978e-05
3.267544022992522e-05
4.122947911862148e-05
0.000216261513727934
0.0001440728501180086
0.0001224467125144931
2.8229159889500217e-05
0.0003442836577858256
5.422798034834793e-05
8.013108554906236e-05
0.00010426041224881948
7.019482040554368e-05
0.00011603485578717524
6.641573856230481e-05
0.00012657682513491142
4.1654461779420784e-05
8.692985735475621e-05
2.3448144007108182e-05
3.977816346198985e-05
0.00011633007823386378
0.0001357924277727025
6.313988361959747e-05
0.00023684130518574593
5.040019675893941e-05
4.1656475172148186e-05
2.0802138323756727e-05
3.0245043003143397e-05
3.106057742454527e-05
2.953180823905045e-05
0.00010036415161140372
1.3611579227094833e-05
0.0003114532642864131
4.195328986844384e-05
3.792704824505314e-05
0.00012354188274633216
5.2830659142941204e-05
9.844060331093023e-05
7.51206822737115e-05
0.00010634580505763484
6.0188780587988975e-05
7.319528920484285e-05
9.096340521499642e-05
5.5697400256014556e-05
0.0001211844340827461
3.348085683382602e-05
2.716337220856024e-05
0.00012362935439433638
8.415207608122665e-05
0.00013395964955375072
0.0002937918800729896
8.193460403284388e-05
0.00012366117627573347
0.00022199916977854353
0.000126709990043625
0.0001388711930741062
8.96514505871481e-05
0.00011421923992213062
5.6670803714890706e-05
0.00018395118637459435
1.8251262026902636e-05
7.589244290207749e-05
0.00011588764698303084
5.769557132770956e-05
0.00014622489655061676
0.0003153141515288311
0.00013746127381748948
0.00043897195763823853
0.00012250580253207893
0.00013623156729055264
3.24520310474116e-05
8.353958604554703e-05
9.472027636460506e-05
3.6648218091807206e-05
0.0003086395488876848
0.00011175286440337606
6.986048658355276e-05
8.637357832790281e-05
0.000134255060336257
1.8187510998006205e-05
3.538323363818207e-05
1.8909203068270137e-05
5.6491834439529685e-05
5.8595331499941e-05
3.671530224132296e-05
5.753081065402834e-05
0.00010717955422122128
3.833512313032306e-05
0.00023811465221835665
3.265341411128154e-05
0.00010704356302489785
0.00015338478625825494
9.848750029182138e-05
5.793313827306377e-05
5.9592623863034605e-05
2.8165826116422874e-05
0.00010772774028349441
6.0303459149961184e-05
0.0002050311181046376
3.197679074870639e-05
0.00010810000955554949
0.00012157012071730287
3.724234751081424e-05
0.00018187517945998083
0.00023205116745128246
0.00011206807269750576
7.892470835367752e-05
2.8588345162528345e-05
8.90935799721807e-05
3.452643054683085e-05
5.404127969717283e-05
3.8877982117318725e-05
0.0002818694431735565
5.067765507918346e-05
5.05041949224036e-05
0.00045105312624983186
7.40659898911063e-05
0.0001701197770217337
2.746678209087249e-05
4.959398247897483e-05
5.18423616341521e-05
0.00016429193029774306
4.3191382853919215e-05
7.957297725781851e-05
3.313796097688723e-05
0.00010887740443681586
0.00010858665295698348
7.104628000486842e-05
0.00014841200997780317
4.2562388439003764e-05
9.00557009069561e-05
7.132753856489508e-05
6.570310025664832e-05
4.2968608340509185e-05
5.8530359097709925e-05
0.00010907415789937744
9.325753855077e-05
0.00013561955395373742
4.0139659496122524e-05
6.007289137610369e-05
0.00011548977075044705
6.744037340169439e-05
5.964308996897753e-05
3.0117477360086457e-05
3.413677567176565e-05
1.5169039820685808e-05
5.271797171197185e-05
4.228927143010183e-05
0.00023676522070100348
6.556895505790976e-05
2.994435034498159e-05
6.520732999527849e-05
3.972200899191131e-05
0.00010597688798931687
5.809433808438637e-05
6.189138696337723e-05
8.7894735929073e-05
0.00015366735657748408
9.641486844918126e-05
5.4491269936296735e-05
6.104267732220008e-05
3.447649607024901e-05
0.00010077078246426736
2.464861976066777e-05
0.00012661500015506217
0.00013808689174415898
3.455141247720128e-05
4.386268526664475e-05
5.174798867631749e-05
8.404529969626836e-05
0.00011244164638478801
7.938558936595518e-05
3.632836662188753e-05
0.00024201171027830173
6.353825702359994e-05
8.623652930172108e-05
3.4683989386609024e-05
9.139540860692767e-05
3.797901745638087e-05
3.788778469262283e-05
4.324257598216723e-05
6.265935571358437e-05
0.000158963233796174
3.9789522617586985e-05
3.269976178434823e-05
3.4630862088368965e-05
1.8428623908901096e-05
3.343487206654324e-05
4.6947752436814335e-05
3.726871368172292e-05
6.014578602486283e-05
0.00013707392143781554
4.717647767012929e-05
0.00029380331195393255
0.00014054940505168196
5.2478412914560584e-05
6.974033303173377e-05
0.00012267050823151632
0.0001544482594031066
3.2693231422917125e-05
5.0599426937343735e-05
0.00018327571526053968
5.6389090474710824e-05
0.0001705557805520998
6.622511110657011e-05
8.400086514433423e-05
6.66998102910428e-05
3.863807072942362e-05
0.0002261422694607048
6.279379444877758e-05
0.00012337556735809063
2.979197764278291e-05
3.1473697406921426e-05
0.00011727811701205784
4.9131635745312176e-05
6.378057442692907e-05
4.7240196668899e-05
2.6784139673335113e-05
4.309128840753206e-05
3.342637143601321e-05
3.081275078578867e-05
0.00013901706906922363
5.3887174533814526e-05
8.938898298391882e-05
7.520953077858785e-05
0.0002137711843733163
0.00016777016201809182
0.00011194931520305128
5.450072321314564e-05
4.9943085345995766e-05
3.108439680028634e-05
9.775602967932748e-05
3.715928776804613e-05
6.656333850914727e-05
0.00015245337215897683
0.00016226543717159532
9.93643338608547e-05
0.00016347642050679526
7.709758270170152e-05
2.9019537466344377e-05
6.792671323747911e-05
2.948469015469782e-05
0.00012545614452367243
4.940328774431484e-05
3.893872013548828e-05
6.395328169167979e-05
0.00011171417898025729
3.3444940439570436e-05
5.905036684396813e-05
6.983612666833424e-05
0.0001453058165798695
4.847697622136391e-05
0.00013639044869950308
0.0001629962667176372
5.848923409780282e-05
3.704699696867343e-05
1.3385276691797608e-05
0.00012371669511079128
0.0001449348299628913
0.0001069206457555489
6.253810717155638e-05
3.79689749732086e-05
0.00012487241256280105
0.00012596159688253104
0.00017121688862664985
5.025243199241516e-05
7.065396338522411e-05
6.704255155222647e-05
5.319867359666384e-05
4.616603040570382e-05
3.7399545783041156e-05
4.6228629624091476e-05
2.1701175752248788e-05
5.495489596408159e-05
0.00013424829617919478
5.8101774064923614e-05
0.00022733587945019545
0.00017325025903630953
4.398397290763925e-05
7.130665569503311e-05
0.0002156692223674339
4.302676879039986e-05
3.9949311984246055e-05
7.898115292491246e-05
5.108034764935542e-05
9.480211715137988e-05
4.820411181595613e-05
0.0001766045571962477
9.042766220952392e-05
2.7562607610840492e-05
5.9365132204346074e-05
0.00011551825114689499
0.0001385036487331468
6.071539594039893e-05
0.00014479335182897478
4.075156176364296e-05
0.00019328234161410338
0.0001097236988770475
0.00020997605116879656
0.00018900338993185962
0.00012494804447320734
6.394627211631941e-05
9.771750311795527e-05
8.0067754670833e-05
4.074917717029102e-05
3.554661064577891e-05
0.00032367996970640594
5.5739906356258894e-05
4.735837015332271e-05
0.00010750450942397011
0.00020642361440378264
6.77594873321829e-05
3.8282161911145424e-05
4.3608087459788516e-05
5.994728920896846e-05
4.533524729572579e-05
2.2959511996648598e-05
7.187145984629855e-05
4.2622797226664065e-05
6.227507295454596e-05
0.00011754285434113688
5.527427568689849e-05
8.214569337772025e-05
6.726229137506613e-05
6.76365261289517e-05
5.343115858949702e-05
0.00021386479962294031
2.576892118882328e-05
8.152942354939663e-05
0.00011697753261322082
5.1042957887867425e-05
0.0006714375565707783
7.079577845034877e-05
7.651706012429454e-05
0.00036433863431040636
3.736953356532876e-05
5.3752944505602706e-05
0.00013014816618709275
0.00010261712613291235
4.16096777177317e-05
6.662641628280041e-05
2.9260907277346927e-05
2.3878045484751434e-05
2.7909453891794165e-05
0.00020528662709995324
5.753971459177252e-05
0.00011850578103710456
5.386601010731662e-05
0.00010395376604490989
4.51114759769781e-05
4.869634426213101e-05
5.468814893573057e-05
3.511481665095765e-05
6.076171490788657e-05
8.69705579207594e-05
0.00010302170015969139
6.49057370246562e-05
0.00028811113291459125
3.6040664391865085e-05
5.377618140551976e-05
3.738246675574225e-05
7.535796199094623e-05
0.00010054315230092251
4.246490587736163e-05
9.326935278160387e-05
7.659759767328583e-05
7.074220832537161e-05
3.410122875400571e-05
4.181026263127331e-05
9.684054647502683e-05
4.255271444452821e-05
5.2119719914384074e-05
1.765863588978008e-05
3.713332182155432e-05
2.2056192036947135e-05
0.0001222262868421828
3.6175551860894275e-05
1.998977402579727e-05
2.8581795122569758e-05
8.44857402774289e-05
0.00019435762522793134
5.6761551365834304e-05
5.672726931105891e-05
3.9463412289173496e-05
5.633595447360692e-05
0.00028055444565019364
8.774565532860558e-05
0.00015406825707279647
4.249800862220709e-05
5.0679006471675864e-05
2.23573174027923e-05
3.065638561459447e-05
4.549779784012499e-05
6.265164003752825e-05
0.00014843784877488015
6.637278074247553e-05
8.863641040983698e-05
0.00034653137555143985
5.5508917435063436e-05
5.712781212059173e-05
9.002164795649577e-05
2.9423648209043315e-05
9.212128452971081e-05
7.347912925352546e-05
5.479010941859824e-05
0.00031215785129212195
3.8421381462369996e-05
2.899465224376623e-05
9.953061879035083e-05
3.7765717231816834e-05
0.0001072065349766563
7.79273613571548e-05
0.000325233154532369
6.526768630124629e-05
8.412131615206498e-05
0.00017763648255711355
3.894012300390864e-05
0.00012569990717843714
0.00010731969507560899
6.27520824296911e-05
3.6405985750509974e-05
3.5432202899417356e-05
0.00017138415603717364
5.48526003711691e-05
0.00014380250321157633
9.482848232084987e-05
3.089555388130359e-05
0.0003166757070314998
2.7239967430826164e-05
0.00022378486124003085
7.484488887615685e-05
5.157841745446452e-05
0.00013039441865738866
0.0001626328604170081
0.00011136221289363218
3.950561675686811e-05
6.697256123788681e-05
1.7961773801621936e-05
4.224173219912842e-05
0.0001142481439247718
4.13200090169183e-05
0.00011941769036920787
3.8799786437678454e-05
2.9091266279609842e-05
0.00015215275718277242
6.811136567828453e-05
0.00011285078396756329
6.492105584221552e-05
1.9941355250771438e-05
2.3265759726942396e-05
6.928297967886415e-05
0.00024338405620582363
0.00024446792507351915
9.187020265245731e-05
3.540583342663889e-05
4.972892541702626e-05
8.291801721933434e-05
0.00013507775744061616
7.138071113229346e-05
8.68316336347418e-05
2.9531646677091307e-05
8.27855954633906e-05
0.0001714931895693502
6.326675460310585e-05
5.4265713669552935e-05
0.00012619573144851567
0.00015406125806937914
5.3438660808414165e-05
0.0001519582996596898
0.00014986060198161715
6.374350280156558e-05
0.00015863771545597243
0.00020499666852908795
8.097704214509027e-05
3.2763329667369444e-05
9.981528454092487e-05
0.00014650743773217092
0.00014223502471321425
3.468567865247094e-05
5.332971009809941e-05
0.0001305080665599322
0.00010994366587597499
4.696860197689789e-05
0.0001596027749882328
5.830018884851754e-05
0.00010426319229163871
5.23675834311548e-05
0.0002021095876077188
0.0002449492660618966
5.9497243007489514e-05
5.656435877189349e-05
1.3901536762373953e-05
2.4051782759237572e-05
3.854244429307721e-05
8.573102794211802e-05
5.169325605364513e-05
3.0599478361114646e-05
0.0001066010051574199
0.00010929667099277282
4.8147580549877545e-05
7.806418354464003e-05
2.5829183820148565e-05
3.243293725606058e-05
6.057947521954343e-05
0.0001595628153867599
6.723337060240784e-05
6.746171677895074e-05
7.453337063986217e-05
3.9500351613148724e-05
8.254362036835272e-05
2.2702127246153966e-05
0.00015812696542632246
6.388530122116248e-05
5.516185652361245e-05
4.1895909859146295e-05
1.678825025057241e-05
2.5467265545805287e-05
9.795023166748063e-05
1.5724317517962525e-05
3.8026788841425285e-05
0.0002505378621813255
5.85526481118995e-05
0.0002546708446915633
4.266941832368051e-05
4.171354186693433e-05
6.013446858086834e-05
4.635616728220254e-05
0.00021835373457376056
7.362187051916881e-05
0.00016523746052110198
0.00021085803595439082
0.00023761979197516506
2.4297467090984026e-05
3.951149322652716e-05
8.269990146504136e-05
0.00010465650423882503
6.63397260452616e-05
9.12675935023623e-05
3.73665910995999e-05
0.00014015893860565843
2.8694568653252247e-05
0.00020461420502492276
2.9278798238809182e-05
2.3554610520669388e-05
3.79490446522026e-05
8.327668708404311e-05
8.867697601395713e-05
0.00011925101767340599
0.00012080326541311041
0.00023645845110819704
5.5146465017731844e-05
6.298094395972756e-05
1.4181401835344945e-05
4.5768347118305135e-05
3.5847791279305104e-05
5.252828557490394e-05
6.091953601280907e-05
5.2214564418885224e-05
5.9194849815623866e-05
9.822923838916603e-05
3.035053465392064e-05
4.168662862687327e-05
5.3750699894286e-05
4.202246804389399e-05
7.816695953190677e-05
3.2758836102371684e-05
6.400550463446736e-05
4.375252489534385e-05
5.688837151462602e-05
2.5564851556753688e-05
4.156533023238686e-05
2.7986315135414897e-05
6.028295672832912e-05
3.368004679688955e-05
2.5493038802364975e-05
3.130936179487452e-05
3.900151825576534e-05
5.977125097373057e-05
4.89210191460929e-05
7.129035350742302e-05
3.585527721383307e-05
4.902338294306479e-05
0.00011599953721267202
4.309224308535349e-05
0.00013821638816217938
0.00026609327673878896
2.887188338779747e-05
5.495386631040654e-05
2.915944523882727e-05
0.00036472237475006095
5.940461724790039e-05
9.304884284365596e-05
3.8895080283070325e-05
7.31743756974265e-05
0.00010375738387235266
5.91952067144614e-05
0.00010570614483469565
6.824769585258738e-05
9.251493211913867e-05
9.928357520892333e-05
5.8364464597337583e-05
9.621944912875599e-05
3.540652963102552e-05
3.0074307160902863e-05
4.718528342447678e-05
0.00015247677002253325
3.235700928350339e-05
0.00018220645807858637
5.19199998174752e-05
0.00013760765380743686
0.00017643862846306
3.78088390863433e-05
5.672901023846255e-05
4.396810927343896e-05
0.00020046989882385594
9.130640182094022e-05
0.00012300978134132027
0.00015080436761112276
3.857702098471504e-05
3.081071555716564e-05
0.0002275599380739017
7.024913221534914e-05
0.0002045835119661909
0.00016500435272890395
8.379790584567108e-05
5.197552368570715e-05
0.00012063224092646767
5.429124550983355e-05
6.607714071926622e-05
5.266032485269539e-05
6.756030334447481e-05
6.851963301743643e-05
0.00016694286862253528
0.00015514637205448078
4.959306208290159e-05
9.88612514979029e-05
3.123711329343195e-05
5.731992883604449e-05
3.7944260084285144e-05
2.6483177316105985e-05
0.0001416770098983045
9.930099549882639e-05
0.0001323087042727071
4.283230640738068e-05
4.700842606544449e-05
0.00015285529308049057
0.00010782067733212606
8.054545997282485e-05
6.351144140178991e-05
0.00012898841061712506
3.89522169404701e-05
0.0001438840374258667
6.178527187222564e-05
6.416959636468755e-05
3.159652394140119e-05
0.00013555087621403564
1.7479202426798827e-05
4.024243001814632e-05
6.892614219616322e-05
3.021078669542773e-05
3.749069708786409e-05
3.559252298853135e-05
5.1410401101938736e-05
3.956235655379142e-05
0.00010989823311490391
3.0555058888538456e-05
4.26403104921803e-05
0.00019570844727397394
3.15436184463313e-05
0.00014222126978281704
4.709674437376661e-05
6.161605707837972e-05
5.398079090525856e-05
6.653078490304496e-05
0.00017666183781756372
0.00013013390332683987
0.0001250288736728715
6.223750469893429e-05
3.0452357977111616e-05
0.00014840157802142116
0.00020850222081386405
0.00019461061817268032
4.453269351335054e-05
0.00015673091645608043
2.7087038011956433e-05
6.488407383950075e-05
3.271185507571164e-05
5.871684999396391e-05
8.23668043517767e-05
5.9665149403577975e-05
3.3285275909447874e-05
4.56311139316101e-05
5.363516482830359e-05
6.193301730186939e-05
4.009884275590879e-05
5.15296980345231e-05
7.356487223234062e-05
5.2331778632042046e-05
6.685798711085188e-05
8.13106393767054e-05
0.0001809934210618955
5.502220489721082e-05
6.172749920611902e-05
6.529361083573014e-05
9.676568751203352e-05
4.805638032866965e-05
9.821570725116786e-05
0.00034601415984911676
9.218054439341807e-05
4.148798286857709e-05
0.00011073625461957958
8.127739158860581e-05
2.7411430609542654e-05
4.1660835086842495e-05
0.0001397589790987153
9.164319403486924e-05
4.55559625996939e-05
7.138268613068021e-05
4.950962277316656e-05
3.626729133164367e-05
3.192666215961462e-05
3.4052715858723426e-05
5.683313550204091e-05
8.223195960074018e-05
2.8175953467352676e-05
3.0422611118747245e-05
1.1570267249774532e-05
3.1192337437709965e-05
5.5640455237479545e-05
3.845942580823906e-05
5.73786488590676e-05
4.719016654185549e-05
2.628229728841821e-05
5.976786634713023e-05
6.775743361760326e-05
7.651342111915312e-05
1.4142801380047057e-05
5.5956359433086794e-05
7.579731225577101e-05
0.00020347019999009865
2.7723041547759667e-05
3.812133799929674e-05
1.628334546840862e-05
6.706756957041867e-05
0.0001368952640180065
6.649810485971165e-05
0.0002485323648254341
3.5932275323882576e-05
2.9528093709124942e-05
0.00011708117695740973
4.4845344391260005e-05
2.190483953585506e-05
3.790445136352195e-05
6.554820548572749e-05
0.00010610135160896967
3.439945029595079e-05
7.67233487099943e-05
3.339156536393596e-05
0.00014853509376684887
0.00010239437090818002
0.00017400964437197823
3.0389213850919693e-05
4.607806988583269e-05
9.03018614672392e-05
0.0001353882016369983