0.025943144506768545
0.07629660060616458
0.02726369874156533
0.04628575438497807
0.06150210384580254
0.07818138616310558
0.032953151054299724
0.057133380549525034
0.038990802223374664
0.028648782882594828
0.05750428308689185
0.021354129294971706
0.04220215411437523
0.014397971391684434
0.007989568335123279
0.008716506476417774
0.035010439524635825
0.008821313645845947
0.024113503226521817
0.029268978227226496
0.004779763586592495
0.019053519906638942
0.007562646443429841
0.003811132954670204
0.00705259422242119
0.006539121637508392
0.016458221010308804
0.007657249597818711
0.009086362868150783
0.016993366348367102
0.004109587302746629
0.002440328031069456
0.004891299820719079
0.008351873936393453
0.007175513717205782
0.0054735749996874085
0.018412499778103372
0.007168087384493851
0.013185430249261517
0.005067218162995241
0.005757977674075698
0.009315877663224592
0.0069419843243183135
0.004530052901209813
0.0019434275496922051
0.008691155964477098
0.0015728066500371985
0.003483345225621226
0.010506427199987818
0.021047824213274717
0.005347817666551737
0.0034595564201041922
0.005590881385726963
0.007012001346065918
0.00419229506191989
0.0028169302131298896
0.002696232034734937
0.008746319775844592
0.005191312058932749
0.004470367046138149
0.0023189411655487294
0.003916030812802458
0.00036317671670491297
0.0038225005036572127
0.0077480877557459865
0.00898441640242874
0.005012436798101788
0.004447525474298556
0.0016643754952237052
0.018485398693456074
0.0028672676538869933
0.004651204582030124
0.0023553072150418594
0.01334402191541555
0.0030368981856511833
0.0029416252289242665
0.011451830092802899
0.004168194877438372
0.008804736206784118
0.0035838222612382593
0.008288945890945166
0.002468349864459844
0.011207072730503373
0.001194986902936503
0.0067272430982175885
0.007173276334757575
0.002771258987978494
0.00125305309765752
0.003450051397538141
0.0007501438986381299
0.001351182672249022
0.002922935787936268
0.014600993414009245
0.008366387793046237
0.006191214345450561
0.003869214049473165
0.0048564298989499195
0.0021239771871163523
0.0026108925760746867
0.005025046496976476
0.006855637432909288
0.0016530053916766953
0.004643361291432075
0.0037428414506918547
0.0052699851749367106
0.0036503200000340737
0.010146092363931127
0.0036824465527703874
0.0051405737084399125
0.003490286426568686
0.001858981257151112
0.0007045008386783697
0.0006759870818002857
0.002517838337019388
0.001846967195810901
0.005380735808210648
0.0027030132697021697
0.0017179952561637546
0.0005564659765663756
0.00306665215276544
0.0012375620555556052
0.00019173328152414097
0.007336195652306456
0.002481992954498596
0.0035683676368348785
0.004008120778325564
0.0013223342993178072
0.0025072676789601317
0.00742045753070288
0.002540184931607244
0.0017038647596922217
0.00491507094435298
0.0007387966846084579
0.0014032658923146305
0.0012231902018308646
0.0017000722891215604
0.0027147555070365574
0.0010156864460567105
0.002451921212565844
0.0028027881935823173
0.00386433159723636
0.0006475874422310301
0.000761250696892856
0.003752088148305298
0.0016428647031364989
0.00134067100901866
0.003286588878158989
0.002814393158800663
0.0056603487757904145
0.0017711754104191874
0.006347863263406213
0.0019201061159522656
0.0017221456423413067
0.002553906680486152
0.0017021395581549997
0.002429149891458912
0.002287074974319921
0.002371105024670612
0.0009704383448316259
0.0013763246064433454
0.005115284880762041
0.0005733454517914967
0.004163104377045087
0.006588328449092244
0.0003965436514262396
0.001225009934936961
0.0007130366407469199
0.006394925730254361
0.00041922466650791033
0.002491278907435552
0.0028831971814340046
0.0014280040649951112
0.004555589137811123
0.008254632263703975
0.0009535807031686454
0.0018926970871741258
0.0021646389687859516
0.001002718332825171
0.0031139865385656287
0.00204077862452439
0.0012316060182529728
0.0015755109416508053
0.0030603645894318574
0.0007816640186029842
0.003923267765653518
0.003511407701099189
0.0024273906160235587
0.0017371939866375455
0.0010256887563600853
0.0009528160694955061
0.004807748971295405
0.0008856931946923411
0.0034885901177986013
0.0022905477632444494
0.002109783639269819
0.002226257831399632
0.001762335257806343
0.0018094133767193913
0.00023533978543666104
0.0010071519010147283
0.002566721333898228
0.001316656052463921
0.005426612969363962
0.0015809172900334118
0.006359040864801614
0.0016338843869469844
0.0016581639495996529
0.002175771705395218
0.0029365566735172982
0.0007276393004708253
0.00323990716299659
0.002264788198620244
0.0013099104627307774
0.001907553242029437
0.0011000130731694763
0.0013506646882436842
0.0038623432157412706
0.0010431593289822137
0.0021669404207822623
0.0010739992291871347
0.0019894349965182572
0.0010300221756328208
0.0014745282927560942
0.001528885147346074
0.0010156678760744715
0.0014922204898513726
0.001205326764400846
0.0019437699569191452
0.002320801190155565
0.0006616288439918161
0.0007353475470483795
0.0006350174615849943
0.0012778238003150096
0.0027518374283712695
0.0009733428882632149
0.0011891438058652252
0.0013430741999241498
0.001868450710573366
0.001383233403299629
0.0019219805155883177
0.0005222604510479674
0.001999394752970337
0.0005280746266958243
0.006759718122893736
0.0019542330179144456
0.0018134091658050717
0.0026779989618905945
0.0009060112575649882
0.004074297883829776
0.0011358206377820202
0.0022502406887866928
0.0007244907963634451
0.0005672352355198478
0.0003197538047168818
0.0009551039236187799
0.0022564809897943194
0.0006366914218864236
0.0005361450152206003
0.0006343507704199322
0.0009868155534524115
0.001293874054913581
0.0008804747077436176
0.00017161333195037237
0.0006203828801834079
0.0009083008113151493
0.0014972731084350243
0.001385319303625527
0.0034679327111925575
0.0008227018551396991
0.0015465632372576642
0.001381640699327004
0.0028444131870536188
0.0013643143243356347
0.0034767194983517822
0.0012019148390932442
0.0008346596787482015
0.0012541294099528608
0.004832356493099478
0.0014232797399925938
0.0011446706747656242
0.0019353224858108236
0.00403452409219238
0.0002658793231246889
0.0015563493198042738
0.0010911476233191177
0.000642258330962247
0.0012417879444412549
0.0010729639412659136
0.0027414897441275445
0.0009312486249454477
0.0037114128694786174
0.0005925620318281529
0.000918073475247807
0.0012042224366534224
0.0007310543409507841
0.0012026337508354169
0.0020375370337721837
0.002060353462718291
0.0005912603203886761
0.0017293212099031552
0.0013002770138251043
0.0013964363426450502
0.0009948616578195565
0.0005505820000607377
0.0011363651543628394
0.0016107722476758632
0.0004509591012665851
0.0031568092071271496
0.0008972452692801411
0.00048324460911528775
0.0008498369088268181
0.000666730326784898
0.0024749375594121624
0.0008082356413858107
0.0010047675018033833
0.00041275692055329415
8.038710645508268e-05
0.001024486609227969
0.00035164731449628336
0.0016148772176024597
0.0013193478572342142
0.001027094134286255
0.0012728721504222833
0.00036724063211859094
0.0005160132560349368
0.0014485366457987433
0.001350836090359691
0.0021078674566970307
0.002491138989820302
0.0014427207905264986
0.0026678572937518354
0.0005271543923150903
0.0009445263704556809
0.0011040571280710597
0.0011021240525965481
0.0035863673906039294
0.0016146050015193659
0.0022267444496982956
0.0003593798603484557
0.0002987862661586628
0.00039684072965916266
0.0014353096866488242
0.0005617740787362728
0.00037239467775194556
0.0001241394134229693
0.001004085845350331
0.0011439060385262851
0.001325956383582074
0.0014924338745263457
0.0014263743939685112
0.002155719224237626
0.0004280277540151269
0.0004280598012058827
0.0009617910931511383
0.0012518542130939545
0.0019256100889984314
0.0018891774705299712
0.0005731628833342467
0.0007780423147919016
0.0008003300230036907
0.0017986978420904112
0.000949669575078596
0.0006678884165729445
0.0018480480804557013
0.0008056912143148584
0.003090833094007193
0.0009200906476929154
0.00026064776567715517
0.002273573272993267
0.000539351425676701
0.0012025843107581213
0.0005631183660501399
0.0015431221325972343
0.00022864490052465302
0.0021587263709221395
0.00039747700937401917
0.0004425439304924291
0.003515723083448855
0.00029226490416958673
0.0002937107088053561
0.0033655803879159194
0.0033051541072571878
0.00046303030653482266
0.0011105212175965395
0.0013756608217573118
0.00042301927204751685
0.0005354434304914344
0.003011863606509723
0.0016635669333019273
0.0006275731657258009
0.0010445725876365973
0.0009709388018383046
0.0003340080998746364
0.0005704255503849785
0.000580879965701269
0.0014886313025526856
0.0016715388222022444
0.0022272530135186664
0.0017746198025799412
0.0006308813635966407
0.0018669366252386961
0.0010267279149967677
0.0019158917640042788
0.003636493697789546
0.000499834172023822
0.001348332871155429
0.0006494069473701764
0.0014614992450041734
0.000835948191505495
0.0006534388102279716
0.00028654417226212054
0.0021159189802579517
0.00037384491013002876
0.0006388082381499254
0.0006449387863602808
0.0009912922510198203
0.0014103317332102665
0.00033075197268264206
0.001365787444208622
0.0013368099536036212
0.000575388819419547
0.0019483994030911973
0.0007302096001367627
0.00016387360411702323
0.00024840155092036833
0.0011461237105058041
0.0004997681812853263
0.001443614321845665
0.0016473024751375894
0.00031048804400696467
0.0019501162595830087
0.0012560207771605482
0.00016379813668487755
0.0013519040719199788
0.001442156070784712
0.000578832533574954
0.001130239793834972
0.0002830665732916828
0.00041768022374070004
0.00028632448009823847
0.00033376267626908856
0.0009682374172018077
0.000547461651931862
0.00043084020764262845
0.002049472173626023
0.00034868926457812244
0.00010094061202174595
0.0005553194702761301
0.0001130232227224915
0.001144020473062729
0.00026618317352244665
0.0009234571265397352
0.0011842421354705684
0.0008920588231071182
0.0018989824771434268
0.0008189791352021629
0.0010520114745992699
0.0010482071628099103
0.002525143282812766
0.0016467169473121832
0.0003596657267835255
0.0003203806575119837
0.0007020923303493192
0.001493633925191877
0.0007185643496602132
0.0018927029950633883
0.0003175686301133365
0.0003988126686734038
0.0005449361528554998
0.00027370985255472296
0.00041806347309428086
0.000794441164501428
0.0017595677904194082
0.0007962528200303722
0.00099521240805577
0.0019738344311077856
0.0009894019457286352
0.0011070339117644806
0.0009248078243190722
0.00032196080217178536
0.0009575064846346997
0.0009061316339520795
0.0008061733755810103
0.00084427278975903
0.00034786477696803974
0.0005632216371264341
0.0009493504521744721
0.0009345292920678757
0.0009356403166648231
0.0011256779159336528
0.00044479472261907177
0.0017356357140780492
0.0005932720309122912
0.00031569014102959207
0.0007085615054232612
0.0016147679015113831
0.0009818685737403108
0.0006822191852142318
0.0006711727935486565
0.00041908786820500757
0.000539339565365587
0.001898450102896148
0.0004936529971914129
0.00026578839175924677
0.0005657384503072155
0.0005388639379650545
0.00184958738567452
0.0008430162391868336
0.0007495335741555482
0.0006399444601647436
0.0008010880292881845
0.0011966788539065725
0.0012834391372555912
0.00029155097769196196
0.0001133968085665363
0.002738184009490549
0.0010728784767628998
0.002641411386843737
0.0005526839255461009
0.00021221651190041858
0.0003596357134094266
0.0010505737689256362
0.0006270909316196281
0.0004992186533554118
0.0012482176189728515
0.0006488186415259273
0.0005037859129964501
0.0003270057910164527
0.0013985586019420876
0.0007292284685041048
0.0011219065379209363
0.0007070076879327922
0.0004315353194235267
0.0006039352113333295
0.00022297568037994315
0.000325569919103191
0.0015295665142011758
0.00040305310192976775
0.0009710007548501677
0.002005803264214609
0.0006651922188016743
0.00047844305862361513
0.0005669297740237992
0.0013575444297601567
0.000895316472745548
0.0007393849522192256
0.0003915937596286133
0.0005166285513857236
0.0005929872552173542
0.00015326545751150115
0.00026995708675740104
0.00021508901527293346
0.000866853687109252
0.0008192740852955482
0.0006809220726323062
0.0010589654040299512
0.0003697524960328325
0.0011667986852212263
0.00017732425996354217
0.0005843855645649358
0.00018759361499472233
0.0003538001951920362
0.00022070881546474192
0.0006423104675953585
0.0007516936173879795
0.0003697717272640513
0.0012872224904549308
0.0002958920714803603
0.0008304396104804145
0.0007533282828286609
0.003080002059932333
0.0007696319698757656
0.003010691682770092
0.0003365896732540851
0.0005718989537881864
0.0006277137503011448
0.00011326783057862118
4.5075506873623557e-05
0.0012684827351595142
6.989889895721178e-05
0.001823382829140784
0.0003490995135574346
0.0004451557077478041
0.00027650415149964714
0.0006332109966828028
0.0006573980561619172
0.0003489257417453508
0.0012621659183769394
0.0008193434891102144
0.0010341635344525311
0.0004215455198259293
0.0005922176424942956
0.000257996692305759
0.0005387014615920207
0.00030914013091900796
0.0003423625944746085
0.001333345158971737
0.0006932651653157974
5.3844849131791466e-05
0.0005206318723838233
0.0010961221721542532
0.00012471883464948186
4.656961899973449e-05
7.280496099699654e-05
0.00048447160472111204
0.0007710335583784619
0.0002221054107984553
0.00015737769657404196
0.0005012535609811598
0.0007837814986600167
0.0004693826676286521
0.0005800100290765965
0.000397648647478648
0.0003597120372525544
0.00014558338546207512
0.00010209251426222067
0.0009221331976912165
0.0004169933589343233
0.0004048815620753912
0.0010327066996590711
0.0005344600820346496
0.000726141442227763
0.0009572086101760106
0.0009826629991314968
0.001328418582892621
0.0006429715022788123
0.0009582909156104499
0.0011520871483774308
0.00032995407412965514
0.0004659788194321825
0.0005914621393596643
0.00018131368917325848
0.0002791291014165974
0.0005814546411664576
0.0009248238416893743
0.0001419741102448333
0.0003343133694538238
0.0005692560980207253
0.00319110351933443
0.0010077773703177832
0.000932731846884788
0.002699702264129088
0.00012388271803387115
0.0005269947312765597
0.00020523549122791916
0.0007525474327412238
7.224140811496446e-05
0.00018935263929078025
0.0010611399208617536
0.0006187179707596498
0.00011044715119531439
0.001865085260136875
0.00047777830225801917
0.0003941995275689772
0.0008038920520660818
0.00128473925455246
0.002457484534944414
9.588050449077782e-05
0.0013954221571797877
0.0008011336927368419
0.001640817765928444
0.0001340180429015795
0.0001784680145521254
0.0006830603460734208
0.0005281265375403423
0.0007213062499654866
0.0007557603723110376
0.0006223823107090888
0.0002582171109966273
0.0004267202720799911
0.0007128653497564209
0.0007652346435211645
0.0004319764244588331
0.0004949498141938813
0.00019375665013615854
0.001034489214042546
0.001203271001062176
0.0006597914818856732
0.0006026705897690133
0.0004875580647864243
0.0003733922700340403
0.001303156837041849
0.0005458255185444116
0.0004654786481016511
0.0005450169988478994
0.00048058487214480374
0.0009302443083806122
0.00021797864811815977
0.0016020729816153135
0.0006245884076646607
0.000575718575739463
0.0003527205582191123
0.0011301294939416407
0.0003616543983359526
4.865737766845515e-05
0.0005813142435396495
0.0001848650897414804
0.00043158548024886716
0.000462145528353589
0.0004141936796949141
0.0009169727280015184
0.0002603767467590361
0.0003517211996929011
8.610840422184517e-05
0.0004488720132291103
0.0004432076669494587
0.000334866056922013
0.00032524797305618107
0.0009166533606908045
0.0014322209596444337
0.00038521942718669017
0.00020239097253200628
0.0006949449889527235
0.0003577776805388538
0.0002397254576902934
0.00013267907830590112
0.00048343695867091393
0.000448626663631138
0.00031875984551509533
0.00021502094503554674
0.00030520927101926435
0.000779202446756545
0.000265370241578349
0.001046712517793603
0.00035295759455654716
0.0003043005287641989
0.0002889853281844639
0.00017372561464440529
0.0004869237957698399
0.0007618327375315666
0.0006015904664297811
8.309996380982038e-05
0.000589607194153102
0.00019858554884446647
0.0003704294195519693
0.0004769380164372606
0.0002456064431396188
9.096931366053131e-05
7.084531196081504e-05
0.0003761037969303107
0.0008386931504866138
0.0010606713760724963
0.0003353652903448084
0.00021562518992042094
0.0007572245057852513
0.00020047193345633843
7.382591875126237e-05
7.239481379525503e-05
0.0005648288127421597
0.001116127132889714
0.00020663383332194784
0.00034396847942257
0.00014509372584411873
0.0015166774129753147
0.0005982204506517887
0.00015422883681908602
0.001149428676918641
0.0002092515672451804
0.000458169800962341
0.00045312718101054005
0.0003189820120034634
0.000435751845148882
0.0001700457016732758
0.0003153629668324609
0.0008793747833822842
0.00039829757486133273
0.00029764063676741007
0.00021139125336170497
0.0005372070444330877
0.00024152900758922372
0.000491092929152497
0.0005432286749968717
0.0002673788818959701
0.0009213252492408403
0.000281309107857256
0.0008199714745990966
0.00041663140114628496
0.0012253011193918213
0.0009570977363685998
0.000603037580575813
0.00023306786105538606
0.00043286799876684546
0.002602059758847395
0.0006715849295892882
0.0001326699848096944
0.0004032783062572396
0.0007229457871939168
0.00030887078981845564
0.00019172567736838337
0.00029760321966242813
0.00021606244563153704
0.0002100423264422783
0.0012290699382045613
0.0005914479719283547
0.00040310932446338944
0.00023387003072876812
0.00029369450248948887
0.0004533988095667298
0.0003415153608301718
0.000719109870780052
0.0001969112970445373
0.0005904549362521764
0.00019716186836485293
0.0002973948331473422
0.0004219734180397568
0.00036188439109202425
0.0003954722011158469
0.00030482575723577424
0.0007136881131941247
0.0009694778492820038
0.00015895805976048818
0.0001510118528447378
0.00029547557783053614
0.00029457302403362883
0.0001237842647707276
0.0001884829178928761
0.00031209131578348374
0.00017152399040576026
0.001019411789057504
0.00044406924734467985
0.0004771752508916674
0.00017561772788802783
0.0007323147252425355
0.0002649995892655547
0.0002655925451056594
8.48363351945192e-05
0.00022564634683893965
0.0006599713891498098
0.0008935830903680942
0.00046262902847294784
0.0003342016560327164
0.0007237539466581315
0.00025255948955504637
0.000725025550033412
0.0004986005358567932
0.00026976149588396094
0.000266130656108599
0.0010400147638830932
7.690984073416639e-05
0.00020522189067347733
0.0003394266379608032
0.0003704591742501185
0.0004019410576421118
0.0003828085189327468
0.00022592101921239033
7.744886121057267e-05
0.0004893387417799467
0.0014881862697374206
0.0002651497017013688
0.0006599717595723961
5.190575177234962e-05
0.0003441557228610985
0.00045178402226148627
0.0006021202348296301
0.0003193150471844473
0.0003320681465072229
0.0002486261651319549
0.0004997995464302535
0.0001186001585842329
0.00028098611036280537
0.00018495813196373184
0.0008122804511935998
0.0006634420201752092
0.00020355546106882818
0.0003345960278036454
0.00026218065959418666
0.0005745477449437201
0.0009983055174955942
0.00014701991252503898
3.071101950871022e-05
0.00048516869153816426
0.0002679828551432694
0.0006939159154147809
0.00023240098718206156
0.00010646557517873203
0.00017944055096320673
0.0007771296260324815
0.0001516280712274859
0.0002730666356758245
0.00035983407145123356
0.0001400117474689597
0.0002562636032673416
0.001037562885159963
0.00014761323103731165
0.00011141160907855115
0.00018004530301894535
0.00011423020893937296
3.235107802716075e-05
0.0006569730651995725
0.0005844200309702892
8.768459088863343e-05
0.0022681973167241612
0.00036513587260825474
0.00017922145560102202
0.0005527363713745799
0.00017412698251131014
0.00021449064682412208
9.52853007183591e-05
0.000307682835473669
0.00025167651830366577
9.461950932213595e-05
0.00032485044998285453
0.0008063908903646978
0.0002724330784745452
0.0006095352156305572
0.000912406908694006
0.00018683169404355398
0.00015143532987336176
0.0003300883392953808
0.0003692184827066278
0.0005478496163189486
0.00015762737682736998
0.0007719196356725488
0.00021140566670721313
0.0009025115525186938
0.00044715881055086955
0.000270924153172712
0.00036680661582627
0.00037983660450282636
0.00042153471935482613
0.0006162434520508981
0.00038257266515110615
0.00024153814961685945
0.0003867231961900729
0.0010059692413079994
3.978094633888008e-05
0.0004305697792562009
5.930758447314829e-05
7.218937891096343e-05
6.899065489489808e-05
0.000626219650072938
0.00039688147319493346
0.0007863050209366295
0.0004152595876412772
0.0005816917903229769
0.0006342760467035365
0.00022508538690359697
0.000870754307783082
0.00013856547118322536
0.0003786783446276756
0.0006367521739735984
0.0003958041689747141
0.0005614255836843834
0.00039171848600493464
0.00046428214553061257
0.00047646686488314794
0.0005396360489644075
0.000774271144584268
0.0002744220039665955
0.0002033627772870443
0.000539922902551489
0.000724510994757693
0.00023307807724505652
0.00035308173365561986
0.0005167393824039331
0.00029987940656866027
0.00011153374634425737
0.00030653333944078586
0.0008815896750880801
0.0002912196925575578
0.0007602460987576411
0.00012759100759272783
6.2991924702745e-05
0.0001737960699406241
0.00023919345215507153
0.0006964705586676
0.00029154956026501553
0.0006820128302459141
0.0006264230836179552
0.00034712946792074144
0.0008154069983847054
0.0001363268456353977
0.0008135084929460607
0.0006611389883133807
0.00022755121572265737
0.00011470530947372809
0.00023642625578076807
0.0002090794083698563
0.0006344372570020784
0.0007025896834406063
0.000179499180541501
9.374551368743744e-05
0.0002298037709881936
0.00033913325896976293
0.0002331909315078217
0.0002693258299694003
0.00041853496020874837
0.00037275910013732715
0.00028751174300690476
0.0003738691470209065
0.0005620346233580514
0.00024154115543614303
0.00011284521244096774
0.00011421267163292238
0.0006569504810942345
0.0001501912623791176
0.0001362857706852707
0.00024931423520845795
0.0001447889601427493
0.00019856223322536047
0.00017987094818044976
0.00047137764726960167
0.0003900135409889627
0.0005162769714882895
0.0002919411277546245
0.00044866967341717143
0.00024988133140546105
0.0001432400166566627
0.0003180936906234992
0.00017592469033298383
0.00048281604443739566
0.00022414423072507459
0.00019069058636155814
0.0004099180377900473
0.0001318764300052268
0.00020790430572540356
0.0005200016845363779
0.00042925416645981003
0.0003635035132938658
0.0012719583283839632
0.0001705720555124716
0.00012211118535273758
0.0002928131459460363
0.00035841795284483405
0.0003012017147491488
0.00034753721410822375
8.938853499223135e-05
0.00035331478078732024
0.0008540649694314977
0.0004444539414787708
0.0002229765442817224
0.00040353816877360343
0.00041524857838048853
0.000636265799249924
0.0004814662402367952
7.030111099408877e-05
0.0004622371315040357
8.308625798163329e-05
0.0005241048332740157
0.0002638838265393954
0.0004954356556649192
4.352586607506499e-05
0.00020146531970801867
7.902877251200792e-05
0.0012022892328773513
0.0003076762608050004
9.952582810176956e-05
0.00030679866953721235
0.00037702716638865957
0.00012352505152418103
0.0005182062673396193
0.0005563632235752615
0.000734139838523076
0.0005899890561460303
0.00017636953490098874
0.00033719006622134066
0.0001401637763275969
0.00019281134579722284
0.0006963306192713069
0.00043185136722817395
9.162759060974104e-05
0.0003458444306343997
0.0003718898768527458
0.00018992714132101224
0.00015158312406013825
0.0003525707505775762
0.000963953122573157
0.0008968657132429501
0.0005424904619399365
8.232687627672563e-05
0.00034152145652195746
0.0006104206994606982
0.0002097790445007439
5.327628171517531e-05
0.00032052307876648446
0.0005652744231660951
9.353315563379575e-05
0.00036745719207498907
0.0002785815563549006
0.0007115736931562853
0.00033911785567959917
0.0004474337891947756
0.00032099170509256833
0.00042842691156613213
0.00017799516620587916
0.0007408522834972688
0.0001511739762943695
0.0001733666604977155
0.00023598532020231879
7.672943152241626e-05
8.665465707096642e-05
0.00010215613527039604
0.0008903057311746348
0.0003886427345305874
0.0002496961524118166
6.328265405467786e-05
0.0005595605138946377
0.00023164918762243373
0.0007309952538617702
0.00012567632999024397
0.0005554804476017169
0.00022737145496823323
0.00011786585110808886
0.0001827840977206462
9.842420073993594e-05
0.0003531477149887474
8.12520535638306e-05
0.00018688318582486436
0.0002518689187219939
0.00020562920138093415
0.00024223485245280897
0.0003569368661361865
0.00014540324717996508
0.00011787148315138553
6.015566026441926e-05
0.0005313008824323775
0.0003546940650713773
0.0004963858688707721
4.364662660419166e-05
0.00131742070014814
0.0004144667216581959
0.00032222631385745554
0.0002256242392234868
0.0002428536153316818
4.772289043658432e-05
9.176521188135632e-05
0.0006055024387443938
0.00019199527667359488
0.00015180608566729478
0.0001942731237411893
0.00026124902784642836
0.000565202359459638
0.0007250323686744628
0.00023247888042850684
0.0002832434623994115
0.00023307169849617548
0.00034944103559041156
0.0006422550003230287
0.00021485092209386314
9.994959486894928e-05
0.00021158530623837732
0.00017086209362429653
0.00026932657530424274
0.0007429174900990898
9.18505458382507e-05
0.0005666319965738532
0.00021016235744593124
0.0004193935630881783
0.00018587020300976802
0.00014031917359030134
0.0001755402650770561
0.0005042458321149559
0.00020388471041892295
0.0005389815466307397
0.00046565701368457855
9.889296186709014e-05
0.000252599520426386
0.0003033139184402933
0.00032505403914521964
0.00014272638382964987
0.00025718066617419206
0.0005320829936208734
8.755779712207318e-05
0.000173532004831177
0.00012921371496484843
0.00021656467039218714
0.00014258476636068532
0.00036906517768307124
0.0003227489769976949
0.00034306143126054927
0.0001018934298375304
0.00048492164346721666
0.0008483533508415283
0.0005516978966316387
0.00010938984705240376
7.121764381567404e-05
8.909865203865116e-05
0.00046456214990965984
9.75387018997834e-05
0.0001509711118930592
4.118152465543446e-05
0.0002802210743618784
0.0006619566211456067
0.0002344166946866071
9.381118314898003e-05
0.00046371394719779024
0.0013139806270099262
0.0003413882902160239
0.00039400668558379933
0.0010518181354377471
0.0007456893415436235
0.00012255150248802183
0.0007714875286496439
0.0007341671313864149
0.00043218606985584446
0.0001085798963022619
0.0002558998822054372
0.0005557812310810296
0.00014826730667117006
0.0001401250345406809
0.00020018410296207445
0.00038876987863510783
0.0001610720209889616
0.00022998437274910738
0.00017507272953757862
0.000236322758075348
0.00011480393452645186
0.0003375685195895696
9.106006899120476e-05
0.0005760582799653719
0.00037613521799111034
0.0006563491758253185
0.00045480360929537147
0.0003507241541185013
0.000135890403941036
0.000320507807900381
0.0005804163449726594
0.00040020100455847863
0.0001717200273681767
0.0005686234149201989
0.00024368029419565324
0.00021353653840478775
0.0011217088479878153
7.566633907635832e-05
0.0007429649387576371
5.966610559643534e-05
0.0003366301509919095
0.00028261319691886964
0.0001029249715196755
0.0001106927069163249
0.000396451831656151
0.00020388845960518222
0.00027599913007719996
0.0001879685529949223
0.00018523101233493966
0.00020102160204977124
0.00025131749877301923
0.0004362268178678737
0.0004140237841177224
0.00032824349123570823
0.0003136672779760698
0.00025231624565054346
0.00012881619453457727
0.0006159960891843214
0.00018914454872689943
9.188253741357428e-05
0.0005728555925910053
0.00016080323643033925
0.0002881695533585322
0.00017093578981991353
0.00046309287912563944
0.00019926701617989823
4.271309599494424e-05
0.00026976513242719957
0.00012378781909037857
0.0006890265588852522
0.0008393965123928819
0.00021238350750678672
0.00011340946397012885
0.00012485597350736762
0.00014783250108140155
0.0004724430387304418
6.3761082406279e-05
0.0003435310895134903
0.00014289446955624975
0.00035972816980226906
0.00015168293494147506
0.00022844007090885965
0.0008274904832779584
0.00042880344278919025
0.00022292115350861132
0.00010014585880064781
8.825611475601876e-05
7.168481485835169e-05
0.0001595166484387418
0.0005160316588672643
0.00013570822343139687
0.00015332387460801939
0.00024780002338221734
0.00018722133909823742
0.00020131465559361362
0.00011123969834287047
0.00017998685542917246
0.0001927743745955166
0.00017497961878605359
0.0008562900891453713
0.0006112076365270282
0.00020826574961845277
0.0009293157081871668
8.98316628956848e-05
0.00015762872194315745
0.0001582475372854115
0.0005530862152224223
0.00020895871419731197
5.985920097856602e-05
0.00011370734244425927
7.174337844141592e-05
0.00013121170099425242
0.000427121242699656
0.00035272418935441605
0.0005379313858947367
6.0763900844988856e-05
0.0002357446943625213
0.00012964318594967195
0.0003539810648212618
0.0005020026731229394
0.0001826170633753201
0.0003176258981337495
0.0001437324228958688
0.0008554897389306395
0.0005225895212680542
0.0002770498912170927
0.0002706095834363227
0.000274393323957068
0.0012793143906241306
9.229879918683343e-05
0.00016069214588738197
0.00014575740920592118
9.837727325969148e-05
0.00044676175743829936
0.00011053623263874289
0.00018332509232342606
8.046611528638838e-05
0.00017740088499132393
0.001071506508708337
5.6390485741782646e-05
6.516625836641049e-05
0.0002021311756602441
0.0004827850915980042
8.774921671275414e-05
0.000266258459942673
0.0001525683556612821
0.00012345118027875471
6.663266154292089e-05
0.00022000956817856232
0.0002717620238966498
0.001058286152230665
0.00019108653689262295
0.000384647239433524
0.0005652053615126292
0.00035895342750368335
6.45589971390103e-05
0.00013878641354776825
0.00036772742566336305
0.00033327123548295405
8.993525725168477e-05
7.206530352666522e-05
5.9663848170235456e-05
0.0001259161323803331
0.00012811593346190441
5.437120311048104e-05
0.00014066936531368225
5.330038909561038e-05
0.00021703259709542682
0.0003942411096310686
4.7749216555598343e-05
0.00048618861703418723
4.756909896015759e-05
0.0006768002715002645
9.000804222308115e-05
0.00011230878776811704
0.00010672068180400396
0.00019841840032583456
0.0001235556395529003
9.358140615992374e-05
0.0008284686844530846
0.0007686068437716469
0.00015841447691424063
9.752348506767019e-05
7.693278275482376e-05
0.00024657923849021653
0.00020139759047634064
0.00018489862932162865
0.0002600202434704146
0.00035321656204385053
7.613786388183059e-05
0.0003215476276871777
0.0006481174340131702
0.00031843257525319003
0.00012565366488093705
0.0003221375902835768
3.2225492125575504e-05
0.00016809250932818797
0.0001357434522873875
0.0004075103969273346
0.0004024138273436755
0.00023298458624495253
5.797740899126098e-05
0.000452142283742447
0.0003571879056856067
0.0004280018976162887
0.0003509242831481265
0.00029636681095243796
0.0003254241800383866
0.000422456355508497
8.875443148733982e-05
0.00021923347559950254
0.00023584403659240716
9.737189712909657e-05
0.000251710429319913
0.0003359241704235162
0.0005292274633678611
0.0001630781881426796
0.00042858547029827243
0.00027550701033113707
6.788432221113256e-05
0.00014191038419214633
0.0003648611534771059
0.0001296434682307641
0.00016430532207936189
0.00027958974645563847
0.0001734931900712823
9.741761907745863e-05
0.000534581026812341
0.0007050755048849887
0.0003483811434162753
8.40015261084249e-05
5.6631264494789643e-05
3.7150613522953024e-05
0.0003414107122498404
0.0002264931159613457
0.0003004114172810623
0.0002607269093076759
0.00017012193227826082
0.00042532074377094026
0.00013603638171798502
0.00021243333407759902
0.0005051761126232148
5.8450670503809475e-05
0.00015111080734327243
9.221393614011232e-05
7.852560619703273e-05
4.74054610646164e-05
0.0002553086426204836
0.00017969896089253584
0.00013343388576022533
0.00011976575468424498
0.0007530321916258444
8.701954895834047e-05
0.00021731306023136735
0.00023814006084141084
0.0005800782080590736
0.00014370966094214469
0.0003229434305089448
0.0007141413147234627
6.722926910231998e-05
0.0003608522565615588
5.395422819393513e-05
0.00010737130545519083
8.331083265663933e-05
0.00034044974934222303
0.00020108760712801504
0.0001149203253885391
0.00023889591667366496
0.0001291541437241789
0.0001240965105705926
0.00029468303487784265
0.000259004826047449
0.0004465460414051255
0.0005742225537027794
0.0002768605225439274
0.00024836410085458445
0.00012985807906748905
0.00023211756761849222
0.000234318989952119
0.00016785516936028438
0.00019960344929311234
4.519332811864407e-05
0.00034909688007801005
0.00011650833180760317
0.0003866763483017989
0.0002933540350181584
0.00029392543944719944
0.0001170746866960329
0.0002645840215509763
0.0004847339857938779
0.00020360360032499393
0.001672735603027435
0.0002674652239458465
0.0007064834687778162
0.00021601257030581068
0.0004119147984568049
0.00039448060233884775
0.00028054521116714024
0.00043292714903533637
0.0001539863989126247
0.00012018519504583726
0.0002918853979140911
0.00022598578679238276
0.00028554855347434204
0.00015487349902740401
5.0266029698365176e-05
0.00031894232566748165
0.00014706580363658766
7.636102774936031e-05
0.0001828388463705231
0.00014599591536003495
0.0003298674608995211
0.00012566701070736245
0.00011470553609616996
0.00047711550031599237
0.00012081721741982846
0.0006239685859629296
0.00010441188375053453
0.00010921685203168722
0.00011530242293042366
9.331163781459177e-05
0.000420428457682424
0.0006106625707330048
0.00038960824006669087
0.00013756063190281713
0.00020763632913185006
0.00033883171508332935
3.500811877007484e-05
0.0002399646625834947
0.0006027619992468087
0.0001998343724221884
0.00046353891077698724
0.0009579794730422448
0.00029034947790573026
0.0002381744717434855
0.00038905275366387656
0.00025748559528241234
5.581608334047145e-05
1.5755368756748777e-05
0.000546060578099073
0.0001277745226481178
9.886015400762672e-05
0.00043220333298557795
9.824340800263218e-05
0.00036767884888481083
0.00020266330858541485
0.00010082755669669853
5.208718499311166e-05
3.4540239084760295e-05
0.00023041174292163198
0.00022118799598146854
0.0002472868799704219
0.0002601666894183085
8.403174436697181e-05
0.00013031490358304817
0.00011307138670640488
0.000199597167513658
0.00013372080383227132
0.00015926627225703758
0.0002008726468949832
0.00017044032299781412
0.00012223737153866377
0.0004692097588644607
0.0001970314664783235
0.0002717848095990771
9.791215644825484e-05
0.00036484051581593864
0.00022507679270907706
0.0004775700277542755
0.00010129999647557371
0.0005342115247145102
0.00031631619124511303
0.0004982656652815731
0.00011247890790110471
0.0003756062984747571
0.00022071958376203898
9.91280914973271e-05
0.000894181671486331
0.00017386207917185125
2.6560203445503398e-05
0.00014466737393729355
0.0002461703203280148
0.00018378351752298622
0.0003446785163422657
2.9816259390920534e-05
0.000628578878093849
6.763163835165436e-05
0.0007035135357366608
0.00018738989262105063
0.00012121592072351296
8.18019169630476e-05
0.00011482898058876204
0.0001985860325100347
0.0006228920722182094
7.695541856512926e-05
6.905053371491272e-05
7.917177139370217e-05
7.022534246957439e-05
0.00012795370693634617
0.00044229582912201263
0.00021995600959187083
6.542284448622093e-05
0.0002449769912958147
0.000283838088216974
0.00028142117140762693
0.00030941395483136374
0.00015306242978988576
0.00016557659651492653
0.0006663482164242154
0.0002641830499042783
0.0006289569139636236
0.00010449730557986926
0.000318768443894377
0.00024281354045613742
0.00011666580364212113
0.0010374877964442755
0.00022398724782739097
0.00017558711927283754
0.00010154356084667565
0.00012361301163453512
0.0004847764102244243
0.00046769217153694
0.0013591449282829469
8.732402921640187e-05
0.0001289280201459375
0.00010450907987910867
8.417944521317139e-05
0.00045218478239262915
0.00030356901779982266
0.0006923821243254356
5.9350252894393204e-05
0.00016472654341498247
0.00043904025619176336
0.0001490742372972011
0.0001156776755916931
0.000187290172455278
0.00013878450971857554
0.00013567847729754903
0.00016939619382566707
0.00012352637752073735
5.1365887320335934e-05
0.00031305292381782413
0.0001107595145054379
0.0002908781651571644
0.0002349029321997668
0.00010879632230006682
0.0004724798315833191
0.0006723565617258651
0.00012183146655318249
0.00017376411979344293
0.00031484628790190444
5.964039906570699e-05
0.00012898776550784145
0.00024463496334290857
0.00017238815497685754
0.00012404295739471994
5.958629600440185e-05
0.0002278385191632887
0.0004768772478909605
0.0001760711773417487
0.00021583159261250032
0.00011303111017820717
0.0003608865914674825
0.0001745397868827829
0.00026764500788889733
0.0008180490932818886
3.780069920191603e-05
9.397610191027567e-05
0.0003883901012196005
0.0001489275708673718
0.00018420688895883413
0.0003512692596027483
0.00043417675716897957
0.00011738488053407056
0.0005268944993853496
0.00016350143562905676
0.00025786952802657405
0.0001545881433509964
0.00012389538265629777
0.00016009458769089213
8.986586204823688e-05
0.00010247626537419713
1.4368504030070563e-05
9.641643392674422e-05
0.00015957646405650953
4.802351763738185e-05
0.0006204506822411671
9.369948702043808e-05
0.0006114605106701552
0.00013410389090267978
0.00014758771372913173
0.00014555887942017037
0.00010780347235836175
0.0003806242412906544
0.00016841079719406892
0.0001319977216013933
0.00027398327424908687
0.00021171710535758097
0.0001331892650092482
5.129754945047656e-05
5.957523845737692e-05
0.0002607349995106801
0.0003752971901933896
7.289392585213932e-05
0.0003803219835089201
3.894910619607823e-05
0.00011071893513503473
0.0001376449176326147
8.812531864766941e-05
7.411192383354544e-05
0.0002481538666782735
0.00012961625790954017
7.120461722642328e-05
0.0006318588700491655
6.793106125366278e-05
0.00011316658432168329
0.0002510914308765724
2.786073482624398e-05
8.210991030927247e-05
0.0003156389748901229
6.456217984078694e-05
0.00033724309528661604
0.00039623569435381266
0.00021215597387798667
0.00011374588502131451
4.92923904664018e-05
0.00027069822150070595
0.00013394019958327036
0.0003834032966841119
0.00020586672636515338
0.0008837859077641376
6.234836326108765e-05
0.0001971135500628946
0.00015825880212340994
0.00028376827497342375
6.951985999065571e-05
0.0002472992197170445
0.000265059405404598
0.00020591772867710126
6.408459549233618e-05
7.631255107847678e-05
0.00022118862681403336
0.0005658389614125534
3.9456732653160155e-05
5.446630613462135e-05
0.0002141254747839877
0.00022164114393248124
0.00011535415272256515
0.00010745887240320033
0.0003626054954470057
0.00015605306169960616
3.282229334071777e-05
0.00018161855073232873
0.00020728544345449337
0.00016853132586961098
0.00011127394815742332
0.0001714008635894844
0.0005203217618711106
0.00021152590145563017
0.00025423207655083166
0.00010277308398082428
6.75725931827572e-05
9.29132831116477e-05
0.0005397347896606109
0.00013678441997855262
0.0002953580918611855
7.644256603683333e-05
0.00012627438216998013
4.374222776878648e-05
0.0007033669192673789
5.512974607191614e-05
0.0001374897429190723
0.00012991063390686483
5.5011067011029916e-05
4.184997178441391e-05
0.00034229348351390103
4.413981458025177e-05
6.405967523083697e-05
0.0006568816172367716
0.00012509804301888547
0.0003594156022526439
0.0001950403448241216
0.00030849410184881907
0.00012775170715313683
0.00031910973793662254
0.00026401214727440225
0.0003560944591786981
0.00015760805205736113
0.00024633831419586916
0.0011536334351079471
0.00033918022012332903
0.00034691689672868893
0.0003331248766263822
0.0005650793471180069
0.0005756559501632301
5.987197031667627e-05
0.00018385498596617836
7.939032602148192e-05
8.211820133708015e-05
0.0002578958761166342
0.00036321115596057063
0.00010134361916103074
0.00015493959095607071
7.9759906180219e-05
0.00013265033561892048
9.50737412256025e-05
0.00012918355725127223
0.00022437779704441405
0.0001334745388305926
0.00035785263516609515
4.7772651315937316e-05
3.234471663200282e-05
0.00011101175986187053
7.855769893578963e-05
0.0002762644136670284
0.00036967273331477146
0.00018067990047257776
9.40988472988e-05
0.0003510183008614937
0.0001548643651091647
4.5865524450696916e-05
0.00013855393933666908
0.0002373564341811603
0.0006983718769074177
0.00032751928210554446
0.00010968779358896736
5.1550763485966254e-05
3.796879874736397e-05
0.00017406223211212762
0.00015485610630078505
0.0005179255615949567
0.00013021345692097264
0.00021300978143597315
0.0004600938658254855
0.00010752283095286296
0.00023516240648615734
0.0001657545043258566
5.55924790945909e-05
0.0001657561406463594
0.00033874042731483393
0.0002163053425909282
0.0003074543270552588
0.00010458854106587957
0.00012739560039322102
0.00012006474002248254
0.00027741234813106515
0.00013526448258854986
4.805712470823364e-05
0.0002578379823710478
5.275177700377645e-05
0.00020000091203102002
8.106682172134749e-05
0.0004057598258038335
9.255049432847832e-05
0.00028599673405952134
0.00021081525687627374
0.00013413779302319146
0.00040757769008576344
0.0002947298644686955
0.00013812097583911225
0.00044711013640886074
0.00023429902330443115
7.927632324481811e-05
0.00022673154098213277
0.0002934317754948124
9.276494018912178e-05
6.787485518528272e-05
8.215340563005e-05
0.0005485504530888355
9.729974732062649e-05
7.691647694903983e-05
0.00025399557231741603
0.00029524145626801443
0.0006071611337464299
0.00015085256114547014
6.76554165340902e-05
0.00012718320330217938
6.934967461757189e-05
0.0001993536905617478
5.227525371928287e-05
5.337499671557271e-05
0.00013910048779896866
0.00023227663047959224
0.0001464298915637653
5.523310619868458e-05
0.00010856017505317487
0.00029431580637454213
0.00016685917158007008
0.000470018518240268
7.745286253641576e-05
0.0002278362396347741
0.0003697925745367138
0.00028171174351333036
4.986213931041094e-05
8.593097600948653e-05
0.00016126628866063963
0.00017726284890474478
0.00018944993155277704
9.121844603472269e-05
2.5843691265369923e-05
0.000514869019423226
0.0005771151038481303
0.00014800094469545098
0.00010288242515628112
0.00022076370245593209
0.00011468920322266209
0.0001593956806050046
3.5335665637997486e-05
0.000177063909404007
4.266812580723668e-05
0.00010890928483155241
8.44750941716915e-05
0.0007037613057466591
0.00018070204308596923
6.602444993473861e-05
9.41649869476565e-05
0.00013868969993623666
0.00024415534684401534
3.411038143807895e-05
0.0003259972470724538
0.000136906792047636
7.107912371975172e-05
3.154659425139454e-05
0.00015591109311917186
8.352974873511484e-05
0.00011415161456045995
0.000493883626760234
0.00038785196696952847
0.00030589063527482587
0.00012959835834675418
0.00014129811063554897
0.00034877187803802667
0.0002728047168103443
0.0004932357234826077
0.0002855851182382071
7.563032257896505e-05
0.00014970475100093875
0.00013497813367294785
0.00016696601832537637
0.0003204909991222007
0.00019688909988834651
5.379877214752211e-05
0.000105197582293551
5.1509079740520506e-05
0.00015659342990125976
0.00013111070081923978
0.0004980417015010391
0.00019665580435207047
0.00019621853916771504
0.00010016833843685899
0.00013539022652622577
8.784619016513905e-05
0.00015984881566733205
0.00023851552016209584
0.0001208222262925418
4.950449551844505e-05
0.0002477576284884258
7.065229264603664e-05
0.00012268189153313855
2.469325682877085e-05
5.755506196743019e-05
0.00032041126752658486
0.0005273863026096774
0.00033525623597960573
5.398414419831969e-05
8.344853086496916e-05
0.00011319989096473245
0.00016070099744624805
7.408918806350661e-05
5.793584986187929e-05
7.154047340975868e-05
0.000316649166744387
5.242877180880221e-05
0.00015090149856275434
0.00011197545376838938
0.00032198023430574156
0.00010027489687437301
4.4019282681901555e-05
0.00012813888273138896
0.00027461263688742586
0.00025135063747690786
0.00010909061706779374
9.944325767539047e-05
0.00011872369077772907
0.0002054746698341164
0.00011250548412556124
7.144411923269437e-05
0.00024048191022914387
0.00034921903872568363
5.5369115228382864e-05
0.00012850629356314248
5.2350259503884315e-05
0.0001111572558140615
0.0007955534593415059
0.00022772462558220643
5.685959586392772e-05
0.0002894475049347331
5.4763294085669375e-05
0.00023262789832917356
4.3820064552919756e-05
0.00013014754962148344
0.00021660341068501735
0.00022851926782306448
0.0007492064406238192
4.496251427437124e-05
0.00011801779712236015
5.4069245366961436e-05
0.00011105473321178004
0.00020213784697723988
7.01965423308069e-05
0.00037128679258349446
0.00012981849898656842
0.0007440614983085221
5.618256532508189e-05
0.0006243232348067752
0.0002717103895927263
0.00012207058124036267
0.00019657042702791267
0.00028399189533786763
0.00011927001125482113
0.00010382290493508463
0.00013190959340662734
0.00013515171460314269
3.079234027025633e-05
0.0006657787398009507
0.00028207751357341827
4.13110152809061e-05
5.497903289076891e-05
0.00011633176767450026
0.00010821735950792473
8.193686169888779e-05
0.00011420124384934973
7.758566235016049e-05
0.00012721013407938263
5.13854430944874e-05
0.0002800771277037164
0.00026997925820192197
3.7144209042965076e-05
0.00013371611812571443
0.00015889246199610546
0.00048261537605587886
0.0001053508490635645
6.608892410746036e-05
6.663107536804052e-05
4.164491281772194e-05
6.592949204478634e-05
9.968628734316171e-05
0.0003094921757529948
8.470792233168995e-05
5.16934777817383e-05
0.00014462243042061523
0.0010559340789428149
0.00010562257762436063
0.00011231763318457647
3.726839052719385e-05
0.0001740136698819157
0.0002290951858011259
0.0001329116604472947
0.00015960857424354052
0.00010147731519984301
0.00020468959876669652
2.8871961026642046e-05
9.866546638074508e-05
0.00015543735982444454
4.685184632448376e-05
4.308859306478197e-05
5.678793313106227e-05
4.3259007412539793e-05
0.0002068193319632484
0.0002097254034722753
5.548625855201027e-05
8.108524925555126e-05
9.871951779748236e-05
0.0004181518422978274
0.00011610321446490797
9.30153418485167e-05
0.00016666383977519133
0.0001498195571059944
0.00016174583132874071
0.00017654103899236302
0.00048706908820699083
0.00019269637308222252
9.871144687348982e-05
7.619214684462829e-05
0.00016856804564755113
0.0001448049159744738
0.00028164083366237144
0.00019853208612469428
0.00032353802324458074
0.00016194209553115651
0.0005532035317240417
0.0007082472207975352
0.00021379983496878764
3.873712416743972e-05
0.00035970825971320784
0.00010005900572625615
4.989797338313902e-05
0.0001576237437436423
0.00025534327455088
0.00014399951842285617
8.896299786066117e-05
0.00030726832004741205
0.0002530600131284294
0.0008622310233026472
9.351232428325499e-05
0.00011120848787382594
9.477640919168966e-05
0.0001552797403178355
3.956107273362429e-05
1.603082018649539e-05
0.0005203843596158876
0.00024358875722918182
0.0006468035171615185
5.287213091479894e-05
9.72197147300462e-05
8.478605199456628e-05
2.114870528861537e-05
7.259606459920888e-05
0.00021795414132361258
3.776129772728779e-05
0.00027968699678931447
0.00018841199874953973
8.409148884240696e-05
0.00018858246278421803
9.596724940407515e-05
2.795611999350888e-05
0.00015880645197818095
0.0005876393465232706
7.637592725650545e-05
0.0001400511012101148
0.0001143677886695866
0.00019700829854412823
0.000363367480642968
0.0004094124850439392
0.0003041308781853004
0.00017451584895438957
0.00017409452253677675
0.0001157836391609836
0.00045290284533183647
7.652188984620605e-05
0.00014240062833707372
7.52857600611884e-05
0.0001126051579811442
0.0006081563928477324
0.00011685856090359431
0.0005029487642005456
5.3172953021569794e-05
0.00023144917159355092
4.727522928539079e-05
4.8506201356726546e-05
0.0002589239206201446
0.00010753896816359014
0.00017758117072415175
9.686315220886475e-05
0.00011793542826007912
0.0002024219742195701
8.779697203131075e-05
6.458398557417224e-05
0.0002295953911654727
0.00013335100745617197
0.00014092972821560506
0.00012407782017545015
0.00023556036678724508
0.00019433710761370006
0.00016935005547445947
0.0007370759182537573
2.962391042971772e-05
6.789984150406146e-05
0.00022755059477140718
0.00020064078127568732
5.6645812486673315e-05
0.00026532205163295417
0.00019910112121957317
2.3420975701535685e-05
0.0006850706028238694
6.7619856045948e-05
0.0002302112138709999
8.889193826079962e-05
0.00020767230035141326
7.09508267422144e-05
4.2271277122701166e-05
0.00017223811797251645
9.601239956374334e-05
0.00010526595563922477
0.00016229627071013712
0.0002814305985277843
0.00015943680545422922
0.0003142294480971953
6.492930022566555e-05
0.00010191431529829079
0.0001596125506319512
8.561347728023413e-05
0.0001386952241924768
9.223388016174439e-05
5.630576503831294e-05
0.00018322272821598445
0.0001921113648666883
5.4045668569165336e-05
0.000528082896322842
0.00010710709960428866
0.000191988209969668
4.15218435204282e-05
0.00010025087407380973
5.8652787178768234e-05
3.383703267048789e-05
0.00037863203723699496
0.0007231982694814202
0.00014770044418571372
4.270232451587556e-05
8.49059385614126e-05
9.077629250065103e-05
5.267616513607399e-05
0.000185405587478401
0.00014544693802070587
4.5909882118133926e-05
0.00047761563312263405
6.447292094182036e-05
0.00014278574167529866
5.371572885608485e-05
0.0001926737036662104
9.838151988469953e-05
0.0001414736669430343
0.00011555054328504226
0.00013561548776027158
9.315275776709794e-05
0.0003659391892065279
0.00010886451276070477
0.00016556606890307044
8.652590878257849e-05
9.258909433780183e-05
7.300598793381132e-05
0.0003824174448062678
0.00018209689293170172
9.705220773450346e-05
0.00020020756039356306
0.000543230310871033
5.5942571963698504e-05
0.00012072723458621147
0.000301848110084902
9.806356562648902e-05
8.304741315540935e-05
9.458694073792306e-05
7.120290915170292e-05
4.0301178988128205e-05
0.00011267474181634267
0.0004140568402370416
0.0002672192266971274
0.00030184099660492244
0.00034230775024741836
2.0026630945923818e-05
0.0001344885709549644
0.00016280801450105
0.00012804808247253633
0.00010200146364101916
9.34466577764512e-05
8.652235015877553e-05
0.00044524361572794514
8.158663836573988e-05
0.000124309511980152
4.517201730377319e-05
0.0001040479349684315
7.152286074761477e-05
7.516335499370621e-05
0.00021947220462944307
0.0002768612966653113
0.0001861139838973844
5.286481510968741e-05
0.00038197400043114767
0.0003469693221503837
0.00021232763552608591
0.00012754432074662593
0.00027044864992794594
0.0002409480208147982
0.0001727387909984441
0.0010569280349298966
0.00032315240482552613
7.263464530308257e-05
0.00011308729387151188
0.00010283452670515478
0.0002552942277264147
0.00018147274770380305
0.00014092961979885152
0.00028406647773876004
0.00014201505225036677
0.0003948753726985126
6.642991120538245e-05
0.00011583757088903103
5.330215270885734e-05
7.326934454033422e-05
0.0002258902033107686
6.493605184078217e-05
3.0070261635363116e-05
6.261052900747972e-05
0.00021187565616948286
0.00015906695209001414
7.694205387643025e-05
0.00010252981124479888
4.1976629648088706e-05
3.956637576122838e-05
8.34784250828272e-05
0.00010948264331764021
3.48245153994443e-05
0.0003776356473105446
0.0001429775821724909
0.00022082869506739704
7.462286141255282e-05
4.20338315212037e-05
0.00011741180697425507
0.000265248649567004
0.00023575846190627514
0.00031997973864094747
0.0001017336448549582
0.00010167656205547931
0.00019430555691058674
0.0003145391586558185
0.00018861109789106666
9.924821169042257e-05
6.48209445994413e-05
0.00019309817479163
0.00032275514771429824
6.09393977042393e-05
0.00046774129438058055
0.0002093579827133603
4.887948863969941e-05
0.00016731358700158253
0.0001207775322729917
5.721511327737083e-05
0.0001607635902354363
1.6365289098452686e-05
4.124039836341032e-05
0.00021998866226060764
0.00041132747658786386
0.00015072409712913365
3.0813973889122705e-05
0.00019472454477355446
0.00016507082442771364
9.162342020091168e-05
0.0007856352785106039
8.352774404693336e-05
8.012083922006021e-05
0.0002840118090325082
0.00018823159304941485
7.934762477366607e-05
0.0001625436016273049
5.060215837231994e-05
0.000329899067687376
0.00011964153600579055
5.5093952338164237e-05
0.00030585988485948626
0.0002331817723159483
0.00010295674823193681
0.0001227660199615751
2.777051436128775e-05
3.459884530936843e-05
0.00014744621048113764
0.0001673493486875224
1.9330827217805546e-05
3.413635611137528e-05
7.564334903786797e-05
9.048710074949568e-05
0.00018613605855897562
9.850054619125907e-05
4.7551704134504324e-05
4.116596546048559e-05
0.00023873031707966183
5.8790011441547536e-05
6.64477812030636e-05
0.0007085167421335041
0.00013241496274384303
0.00012955847133936524
5.9993724255988244e-05
7.399206262547888e-05
9.254992892744114e-05
0.00010674062574924055
0.00015618639027983278
5.7712305449278635e-05
0.00018153345227764494
7.3211808119052e-05
0.000629954117458956
0.00025261187930854495
0.00010264305980367595
7.937939087321184e-05
0.00017003483685625932
0.0003171439735934637
2.0597325999386468e-05
7.18905598551091e-05
5.2970044207251286e-05
7.698984064321764e-05
0.00013535604161832822
0.00015020823066685469
4.33178270411936e-05
5.4564184487326926e-05
0.00012813338685645526
7.138287244845967e-05
0.0001686653578966431
0.0004741125780786439
2.007178562674112e-05
4.348215223632494e-05
0.00039434511458242123
0.00015620200643112368
0.00011608878296857217
3.4386557729949686e-05
4.341201672723003e-05
0.0001991034870954768
4.560105852982199e-05
7.236912143430155e-05
4.2538572430267045e-05
0.00016579148154290243
0.00015788880049941628
0.0001719438305515958
0.00010711305369829481
0.00034122752019333187
6.918493739199673e-05
3.69777402323626e-05
6.703271834270836e-05
0.00013919497074673656
0.0001762996109411214
7.063586663491665e-05
0.00032748717871961534
5.686757168467665e-05
4.674956096970362e-05
0.00016281957357055225
5.505478913441762e-05
6.495139384170611e-05
3.438984354367021e-05
0.00013596274676801288
3.8212053006565445e-05
7.762483706102928e-05
9.737065307877381e-05
0.00012586886058184145
0.00033355095487647455
9.238210205224758e-05
0.0003054415851100626
0.0001120682440281574
5.318103693631844e-05
0.00010362157253248472
7.332666040975879e-05
0.00015213718332447073
0.0003022890935767508
0.00013617631270474296
0.000174303534875907
7.417767852293018e-05
0.00010943659965843204
3.661927546162247e-05
0.00017893022050916987
0.000140298350494298
5.188428653030577e-05
0.00014807743035577143
0.00013692776026998446
3.947676573772454e-05
6.461191261079456e-05
9.029744589182573e-05
0.000309853889167688
5.574349135220432e-05
0.00017856282312989815
0.00013451198676457616
0.00021630659012402794
0.000338315382226699
4.861421248168061e-05
0.00021194214447869077
0.0001517475993898277
0.00016726844956106238
7.849513744183012e-05
4.7711224733781e-05
4.037273744388221e-05
0.00012941674905440773
3.8424559736241735e-05
0.00012429069386769723
0.00024368815894234975
9.631644387591865e-05
0.0001736989972627757
0.00045691778164240655
0.0002084037106733385
0.00010880836571399594
0.0001749892762613996
9.669347131078241e-05
0.0001596199250289253
0.0002397542764279544
5.4299509630021455e-05
9.212085416571877e-05
0.00013245287641677587
0.00033264329312831755
0.00012322831264038674
7.089424432974921e-05
0.00013497292934291612
3.2020983344021724e-05
7.364004940904182e-05
5.1136436456180896e-05
0.00011177656258316616
0.00012748553641980247
0.00014302530758545235
0.0004883969334729367
0.0003530886663676113
8.629506505296551e-05
5.6761036707633245e-05
3.393329185207519e-05
0.0003519307877712032
8.354940436564746e-05
0.00010579652315926713
6.609101687086457e-05
0.0003165747748682205
4.467924516556545e-05
0.0003049033535289072
8.06081180398244e-05
0.00011827631353136498
4.6444169080801136e-05
6.533820599767927e-05
4.5737335550906864e-05
5.338252431176732e-05
0.0002890275241894578
0.00016652918601354997
7.265362294669394e-05
9.575957309933659e-05
0.00022488546915596443
6.642272285529511e-05
0.00022472287139096018
0.00021820906729131583
9.156139236860981e-05
6.772433523091728e-05
5.3295359597944314e-05
3.9207142536843906e-05
0.00013357042244734784
0.0001516759571385273
0.0004449227070082081
0.0002315977163364539
0.00013465619246648644
0.0002218151697278654
7.465799476259464e-05
6.92458295218445e-05
0.0002094345372072785
0.0001466591932478823
0.00012203694441874974
6.656356024570996e-05
4.4884112914828196e-05
0.00016255234717859325
0.0001825360765128336
0.00012372870947328948
0.00010382765353154708
0.00013929488472726068
0.0001207538216798927
8.501762951525896e-05
0.00010355332776258586
0.0002066430752283204
0.00012393002026944933
2.3946215440812025e-05
8.333316292384207e-05
8.610956166094898e-05
0.00021250525677024416
9.504573985586042e-05
0.0002676868868966442
7.404014835135545e-05
9.319695848141649e-05
3.34127169874675e-05
0.00019307573735141383
0.0002646106817914813
5.491704093480613e-05
0.00020045289101765587
3.685772918771279e-05
0.0001487435814346039
0.00036235907218212327
0.00013830966501618107
0.0003778918197668005
9.619706458884016e-05
0.00017734859141349177
9.833356768040093e-05
9.854241579920471e-05
7.823025628515117e-05
0.00017273894080951886
8.184637505121924e-05
0.00013921620015147501
0.0001129770072085404
0.0002200771384577212
7.556098945855964e-05
7.623496938918886e-05
0.0006066474594571874
0.00014451756811671384
0.00017752814975256973
9.009351060566966e-05
0.0001509990138984299
2.872648730970829e-05
5.74930004683381e-05
0.00026793793475370206
4.939209453664983e-05
0.0005337399702540569
2.729188206677865e-05
8.554605617842961e-05
0.00011517403625876763
0.0001599102670980243
4.6731495872642823e-05
8.220624306627703e-05
3.304276866680126e-05
0.00012631505922414759
5.232012914141939e-05
8.306867594626848e-05
3.683093804605028e-05
8.184894227360995e-05
7.330242531427867e-05
0.0003749779221237598
0.00013676127257595294
7.221680328341829e-05
3.002605364677491e-05
2.842153435657768e-05
0.00018902894965975098
9.390357507460787e-05
0.00012206051948737522
0.00016428391042355307
0.000421095932508812
0.00013025218603113993
0.0001910186345394914
0.00012964100643827784
0.0001612454311213254
9.012311603857467e-05
4.197888681151628e-05
0.00018328677858022872
0.00022345490017962934
9.899461269170162e-05
0.00021682779056579336
2.746148784640484e-05
6.748859111740099e-05
0.00025342986847775537
2.9611283072156933e-05
0.0001031247798579024
2.8526435988341784e-05
0.00035502100123832955
0.00024607090299206256
8.792035098274573e-05
5.566302342383052e-05
9.797830190005117e-05
0.00011013083511596994
5.888794556166053e-05
3.726153393445584e-05
0.00010924828482694813
9.813790609703428e-05
0.00015596336617228237
8.005543142644152e-05
4.861051363378575e-05
0.00028396186200844103
0.0001023783068024652
0.0001121900438650294
7.479108866640363e-05
0.0002525283408900151
3.957836754355716e-05
0.00019451897251527298
8.733747772437837e-05
0.00022577093607343993
0.0003719901207365901
0.00012748371665786024
9.029272107502316e-05
0.00023112950470609541
0.00029631168365798683
4.46449734073136e-05
2.904901243520447e-05
0.0001762830975448393
6.0305080377285095e-05
0.00020204011840635054
0.0002483906060955674
0.00010335920707045121
0.00017177905220154595
0.0002567520297206033
0.00013910501667281256
3.4447902292594614e-05
0.00023284037710000487
0.0001290146033290745
9.148174509897452e-05
8.722929983545059e-05
0.0001265836306616153
4.242206484502134e-05
0.00012930588045063118
6.506345932630678e-05
6.164566024610263e-05
0.0002458814688551284
0.0003034366726066405
8.7794347586887e-05
3.860470356111039e-05
0.00022827302226520254
0.00012088847892155146
4.326128882207959e-05
3.548595806353149e-05
0.00012070202273972662
6.940815868122134e-05
4.360653918503964e-05
6.939113897964787e-05
0.00022545491789655167
0.0002149688126522169
3.0463100314102907e-05
0.0002782568841386523
0.000110313926954089
0.0001501512094846892
8.083949202299997e-05
4.679695927099592e-05
0.00010679366030435493
6.887062934192293e-05
0.00010804044678372233
2.9887968898211777e-05
0.00016786950827321848
5.864546266488128e-05
0.00016496504134955878
0.00010211670122124071
0.00010910083878959809
0.000384085285680997
0.0004282412062965267
6.19612214454122e-05
8.608172714691339e-05
0.00012278802342541916
0.00016807978425352547
0.00014520061731016618
0.00011355775484987388
8.018056093189873e-05
4.0718664524649384e-05
0.0001915796282862766
0.00021374206153205693
6.28501408220843e-05
6.200727195798917e-05
0.0002203141690310155
2.519105142711652e-05
4.622331587304012e-05
8.983252945888799e-05
7.218245333763626e-05
8.783551452066758e-05
0.00015953895778104903
0.00012476363645478358
4.340557623034606e-05
3.855506757176805e-05
0.0003281801384124481
7.039461855842688e-05
5.984978081384596e-05
6.34889000067348e-05
0.00010964961001126536
0.00014821357339676427
8.87878670982027e-05
0.00015320761208754898
3.8836116454857604e-05
8.854560136824772e-05
7.770175275620026e-05
0.00015267123419994216
0.00010336399327921694
7.814397726040698e-05
0.00017885565010505647
3.612883004069514e-05
5.736996540135579e-05
5.528210946438879e-05
6.966709437531119e-05
6.599432885661924e-05
0.00019150180091155052
0.0001122219285860618
9.064884408968753e-05
0.00021745928537210602
6.516973644389198e-05
4.655593373649439e-05
3.616972863233243e-05
0.0001084592145177652
7.868785650904233e-05
0.00023950604575552226
0.00013602886046202076
8.58662699689084e-05
4.5937667570965925e-05
5.885540682332118e-05
5.8505990553248756e-05
0.000134954368576573
2.6783478949440598e-05
2.4740669158072635e-05
0.00022225674769367699
0.0002940963638792421
0.00021367109986431305
0.0002424220113421949
7.034396283546399e-05
6.692756720712723e-05
0.00012187956479364455
3.5787505323749934e-05
9.081366562614911e-05
6.1768171056783e-05
5.991917924754816e-05
0.00013335016622772794
0.0001597186231284107
6.744767300894396e-05
5.295665606949741e-05
0.00041303627410690827
3.891770247023056e-05
3.871850718926822e-05
0.00025018130511079187
8.89487013021362e-05
2.858059877181562e-05
0.00013356039700191362
3.805997398191145e-05
9.144457480548586e-05
3.682832570258371e-05
0.00038505592721521024
6.458249916662691e-05
8.031966453222825e-05
0.00015491597121096413
8.825793738716263e-05
0.00031471022649368535
0.00026566965656200583
0.00022473280380489428
8.822227828479265e-05
6.038747150163297e-05
8.972466533497747e-05
6.0280538097096495e-05
0.0002384206406004928
3.308990715013027e-05
0.00015195521853726912
0.00015309264167085536
9.228709643792098e-05
0.0003577429525469471
5.733060701795259e-05
0.0003009226744999161
8.582070284544053e-05
2.727318113921169e-05
0.00012965148635092356
0.00011782021849084164
0.00012940515776993568
3.080080446123257e-05
0.00031824201667314615
0.00021232083243639878
0.0002226423094008042
0.0002597361462726589
4.088585415099675e-05
5.3656633241411716e-05
0.00012315251045562326
4.005806365630883e-05
9.432399063484126e-05
0.00013380416388796972
2.8503066658239568e-05
4.157685034557295e-05
9.805749801079687e-05
3.889177314332886e-05
0.00015469148392431166
3.643110696375382e-05
9.171104100643265e-05
0.0002884785490405892
2.6637210733048764e-05
0.00010311449710267498
4.4014922498282735e-05
3.346723953457606e-05
0.00012238124403971746
7.07627651645559e-05
7.704865977701239e-05
0.00011686863326970811
5.2560604170509586e-05
0.0003112454140866943
4.996900821891895e-05
0.00010229981767336034
0.00010207906001534305
5.1459317976988324e-05
5.255838886533533e-05
7.435370273330878e-05
9.170034440363749e-05
0.00019489250681527966
0.00011465831613622919
9.236952410361699e-05
0.00012417431615591648
7.178317686890814e-05
0.00013787622306796101
6.687655140326028e-05
3.184712458487403e-05
9.42997195893914e-05
7.485519651628393e-05
0.0001179736118811533
0.00013951649791500695
6.057338673513517e-05
0.00012087193124222786
0.00016526447293085768
0.0007265029920478126
0.00011395466418967265
0.00012307676733700195
0.00034289739879748754
0.00012258815497080558
6.173989882682877e-05
0.00018322127252288025
0.00036805593676903734
0.00020365201311095004
0.000313017390223834
5.250290450186336e-05
0.0001050721393599668
0.00015502134214483761
0.00017104900050235764
0.00021217247711690968
7.591349544386617e-05
0.00017440888445948785
0.00030468949479299604
0.0001404614964215506
9.808610943050164e-05
4.269456465351419e-05
0.00023238663857148945
3.2354110794141625e-05
3.6054098332274795e-05
2.574584129959153e-05
6.780705817668646e-05
0.0003108510458385065
7.709352063619632e-05
7.347845322926865e-05
5.19789906841805e-05
0.00023560643863357146
6.2790406968715e-05
3.111542717557392e-05
0.00010905639283684528
5.0757660445932124e-05
7.130597542988252e-05
4.6820191652229516e-05
0.00012365575220317973
3.155711847365124e-05
0.0001196744207681149
4.4705389645546907e-05
0.00019409502974091693
8.529756428215274e-05
0.00017516376159771538
6.94696944685117e-05
9.322322210371201e-05
6.276881983640375e-05
3.764014552297659e-05
5.719676743257328e-05
7.654021489994164e-05
2.6484784422640344e-05
0.00022574930277271228
0.0003573655092864623
0.0003262943384815946
0.00014062063520194575
2.2041552864171833e-05
0.00010594437197121703
1.7460940029027958e-05
7.928339010067453e-05
0.00012479744366941206
0.00010256212425362553
7.360948346063626e-05
0.00011737996172564055
4.968638432302855e-05
0.00012919658849420938
3.765789401444015e-05
0.00013568718746386293
4.0384270502166e-05
0.00013492611647597104
0.00011363232855529332
0.00010921105112101245
0.00018745746282131884
0.00030593623315642595
0.0004994687351675633
0.0002986636765005923
0.00030314501185367093
2.9673081219663555e-05
0.00022792175313469294
3.8404825904837996e-05
0.00011335723540809492
3.967957728172995e-05
0.00016546067784122863
6.819412513803385e-05
8.543322473821321e-05
0.0002163154253394792
6.721208487912373e-05
0.0005892082769953854
5.776927244416034e-05
5.5399816114058714e-05
0.00014689045878411164
2.82198017649122e-05
0.000199859772118328
0.0002169722979281769
8.213993134512455e-05
0.00021806327454094285
9.464561117716442e-05
0.00010847694309006723
7.28639902334901e-05
0.00018167372202466982
6.532223244711357e-05
5.303991062687119e-05
0.00012177886919451462
8.885360211872813e-05
0.00028899556087333596
9.271247452264855e-05
0.00027712716568537325
0.00018959209250517074
0.0003088573985258116
0.00031960006816395307
8.848997467664938e-05
5.1521494539301976e-05
3.0837421215611574e-05
9.160690493792865e-05
3.636948381564347e-05
0.0001193599811845378
0.00010938150750961483
3.761586089319474e-05
8.032770911799743e-05
0.00012432330484458712
4.277840094505926e-05
9.194189816120193e-05
5.7115631701660956e-05
7.307888577322883e-05
5.4517495880398016e-05
0.00018518831222572745
0.00011982438680777962
3.2839752680778614e-05
4.9155519613547264e-05
0.00013812639711406613
6.357307127396669e-05
0.0001794907201271456
2.0726097705039322e-05
2.204219908216313e-05
4.86076968964146e-05
0.00023320927844931936
9.182657504469261e-05
7.106088720726595e-05
8.881093938251081e-05
3.563657481926725e-05
6.189852488386033e-05
0.00015864518899607737
5.412787446121779e-05
0.00017415547303058652
8.823590223055878e-05
0.0001356783962258196
5.644505988442617e-05
0.000132498586636867
8.810252663912535e-05
0.0006278028300903077
6.177421395692026e-05
9.509433235901265e-05
0.00016957386444014185
0.0001075917817947423
0.00018623970091509665
0.00023920967057109018
2.4683241951328273e-05
0.00012286445669006194
4.919509853764067e-05
0.00018126853968458692
0.0001190691407446131
5.069156285058395e-05
0.0001806921127814155
8.171081427792352e-05
5.5466730501598286e-05
0.00012653988426395834
9.390378475248389e-05
4.522109570799002e-05
0.00018748195084857037
3.7679411210779847e-05
7.059489000097505e-05
3.7182228658398243e-05
0.00011859901374592216
0.0005618271944826356
0.00012943079978011893
0.00018198067186544082
9.107261002898409e-05
0.00032185516155760276
0.00027400366013806594
0.0001573258174808085
7.186564882701238e-05
0.00012190620544386579
8.822658024369418e-05
0.00011707968354512866
0.00014471792693067698
0.00014336872760987998
4.056295534595897e-05
0.00026600756205719204
0.0001959683555409144
0.00013642727903980336
4.406836633251973e-05
0.0001252998302759538
5.388105922079913e-05
4.8395291082884663e-05
0.0001325328329943295
0.0002574929520330333
2.2346399111567684e-05
3.344058007227666e-05
5.8826979691212055e-05
0.00011592146422474754
3.120466929306628e-05
0.0001296190020058389
5.440781159264718e-05
5.548475250427961e-05
4.226903795362619e-05
0.0003596926467406232
7.052529926875589e-05
5.279969928443932e-05
2.760399002982899e-05
0.0001326189263202363
6.705850813844474e-05
0.0001029077915618236
4.8742318640702035e-05
6.808817622630703e-05
6.557785476455571e-05
4.300492017367887e-05
0.00021955897107300886
8.699240290764007e-05
0.00019432481126953715
4.4611646803539944e-05
0.00019227496061281993
0.0001205817653900336
5.558412686287054e-05
9.135688137421824e-05
4.993473660647132e-05
0.0001779385411901339
5.606107480021874e-05
5.6089535263929186e-05
0.00011131805389724908
6.207911496906926e-05
0.000126712881263291
0.00024055036868070597
1.971656269011174e-05
6.144997685220874e-05
3.152922746892125e-05
6.0642443706264235e-05
4.092601877049823e-05
0.0003004130270951908
0.00034032737904649755
0.0002810331344581497
3.714258881422237e-05
0.00013378243195777314
0.0001226394226201681
0.00011117758035187034
0.00033085135758667144
4.577275340807178e-05
3.2480001230210196e-05
0.00014914793889957826
0.0001739588147100494
7.460590816056463e-05
6.457701509740126e-05
8.548120899656993e-05
6.369670546203653e-05
7.342119403886427e-05
5.637122459756847e-05
4.868852102241448e-05
0.0001013231787070908
0.00018368251239244757
4.650222097797322e-05
0.0001814819402606336
6.630596806264289e-05
0.00012788307671118677
6.906105909542083e-05
0.00044457766587632146
0.00014877389264489387
6.015931834424855e-05
0.00011563546510640382
0.00013874164417931843
6.281380132602474e-05
9.093716088171178e-05
4.0464719820674804e-05
9.206923065713006e-05
0.00012700653626915588
7.197562576540766e-05
0.000238678064427483
5.658826000274792e-05
0.00022032368790404116
6.149280636758378e-05
8.540860225812196e-05
2.9557034852065554e-05
3.9438826193615825e-05
3.0424306819875634e-05
4.1903533047344534e-05
0.00010740496714259588
4.9412234482717464e-05
3.369312841578749e-05
3.713783466018344e-05
0.0001909343651016338
7.815876644469236e-05
0.0002794490207747508
8.577553583882683e-05
0.0002540585781879855
6.317730214788432e-05
2.952213779227353e-05
3.9921879000889084e-05
3.363301495253934e-05
0.00029851083793482156
2.657889980401731e-05
0.00013466497363749576
5.788221589934991e-05
2.234595321727009e-05
6.556604190899657e-05
4.3641532582270986e-05
3.630781983971338e-05
4.881327050128382e-05
0.00023574055075638824
6.112477573033466e-05
0.00010509239747498161
0.00018625025576760314
5.131310854303459e-05
0.00010180145328675084
9.062000373492861e-05
5.5353147312406485e-05
2.647158860780065e-05
0.00020334787750753188
8.585807773988097e-05
5.9881727382263435e-05
4.615532520750398e-05
0.0001452523353528986
2.5191790994090506e-05
6.374203200253677e-05
0.00010601591979310605
8.57849664923544e-05
6.888420993513857e-05
0.00012995056872498737
8.629951840739767e-05
0.00012343101003205973
0.00010322512370965224
0.00017353143833938632
4.625806810814565e-05
3.191429095122504e-05
6.562766946323111e-05
7.981228472171272e-05
8.454908011002889e-05
3.924633426746053e-05
0.00014574893188946787
0.0001068081211573805
4.682073497039967e-05
6.677518541134342e-05
1.7673563193460694e-05
6.641567081843874e-05
5.1958927296334635e-05
7.739495873771724e-05
6.331794767498339e-05
7.859733736358608e-05
3.952452063562333e-05
2.1053303228893512e-05
6.81028426062266e-05
4.797069168567268e-05
0.000207284500963358
9.950294118303764e-05
0.0002021867274670559
0.00014437440416907336
3.013836444872249e-05
9.364190474594508e-05
9.82109784978041e-05
6.722541030168948e-05
5.16964316088949e-05
5.891078580594207e-05
0.0001203151099241275
0.00010357990063665203
6.304661168757001e-05
0.0002512435680424351
0.0001605711169593378
9.313340184624804e-05
3.0260739895593373e-05
3.7879326708735255e-05
4.296363096041855e-05
3.976762484793261e-05
8.48381982828719e-05
0.0004484330496409852
0.0001179106847157354
5.887116969126611e-05
0.00011610214413166801
6.644576276970123e-05
0.00016579302267593694
0.00013965851569261786
2.9631255247951052e-05
5.403991477411439e-05
7.221814026534896e-05
9.759359845732658e-05
8.968426646939771e-05
0.00011675399973877576
8.587115826737486e-05
0.00012839622796120812
5.710210498924723e-05
5.054874704798659e-05
3.104523521337556e-05
5.4713592265659086e-05
8.184935279532169e-05
3.516697239209697e-05
7.462410760886788e-05
3.306781559008434e-05
0.00010667428426009889
3.350889587393759e-05
0.00010437554946392355
6.995055495097061e-05
6.522687046401427e-05
8.434506649091933e-05
0.00013667029052842177
0.00010867221669188233
6.097272224080457e-05
2.9898039697182198e-05
7.74229537038424e-05
5.7986602407102266e-05
0.0002661484213196457
3.946289838783356e-05
6.689141517683227e-05
5.714238154355432e-05
2.806113488080621e-05
6.944932752741438e-05
0.00011245363693700111
0.00012238403941598728
0.00012039345502868687
4.5784702006498004e-05
0.00026786126533508955
9.734632471124005e-05
9.258593449989584e-05
2.336517047038922e-05
5.9756972474137853e-05
4.9311680894465555e-05
0.00013750757884975633
4.630587469899986e-05
0.00011798842769223655
4.996439250845579e-05
8.630036950493968e-05
6.602801056806696e-05
4.326553846283294e-05
4.788846188607384e-05
0.00011495812664078463
7.378394694281308e-05
0.00010179200275149982
9.080010191833414e-05
0.0002956027637401586
8.197188675771175e-05
6.276804623763124e-05
5.6592855251855254e-05
4.7784395703818896e-05
5.879247804686871e-05
0.00011520324159041972
0.00011535475200308511
0.00010341470639252498
5.6106179394154894e-05
2.4437307250144753e-05
0.00012974835132069246
0.00017255423198235954
2.8635478128912794e-05
4.016768272652366e-05
6.140069906076064e-05
0.00011150442901250806
3.617501565116273e-05
4.382576094002682e-05
0.00014766605457954804
6.72899264552999e-05
6.768922462201297e-05
0.00019341844310656356
7.724640453955901e-05
9.710225406247933e-05
0.00015808722949294394
9.044097286999424e-05
9.965531267887854e-05
4.2109811627541325e-05
0.00016104298817591238
0.0001224762281091714
0.00012732810159842508
3.603182194986807e-05
5.671373283098386e-05
9.879551159548434e-05
5.1355002338980205e-05
7.027084633761143e-05
7.211466046690325e-05
0.00024321079131201493
4.8059069674593875e-05
0.00016763917711876293
6.311739012021032e-05
2.3281655542811904e-05
7.458772123210545e-05
0.00015164057140960025
3.7003885130484327e-05
0.00030608855433450434
7.37317880437111e-05
3.7683312554608014e-05
0.0002046265386804403
4.206335611026193e-05
0.00010182809074872295
0.00013261539529512266
8.776103537516237e-05
0.00012774301952660067
4.2113125698052154e-05
4.298206652314173e-05
3.5479085198081205e-05
0.0002834534299611894
6.64663790881893e-05
2.7547261317296194e-05
0.00013471105752902053
0.00019498245495306744
3.704294252302995e-05
9.733079770713038e-05
6.664898694414231e-05
0.00011040882683112895
7.29058258580441e-05
5.0505976438058086e-05
0.00010170562597908446
0.0001687917515746642
6.079852070636234e-05
6.145655451103604e-05
4.7882806977932536e-05
0.0002002584901520911
0.00015418140510287115
7.18292488753085e-05
5.59366304850239e-05
0.0001226211162758872
9.153288959051332e-05
6.560835921488962e-05
0.00021291821609357566
6.22760736787922e-05
8.353012051878188e-05
0.00018759517807686335
5.4494409912806596e-05
0.00012986231412456892
0.00023801190413378127
9.901112016211757e-05
8.342242619203945e-05
4.2036630542656156e-05
0.00017674128287283825
8.818906975268832e-05
3.5227503905039216e-05
9.4251335763918e-05
4.53022133549202e-05
0.00012649926744378012
4.2876929058618185e-05
0.00012169072836081502
7.614028479923149e-05
9.3124576390314e-05
7.33766994607893e-05
4.639616408120053e-05
7.471205158873155e-05
5.811076278509851e-05
0.0001247234915294482
7.386418443466684e-05
0.0002066641344499573
4.3551493321747456e-05
0.00012063261995987737
6.75170083869148e-05
0.000110090594090985
0.00012661248614807252
3.952561755259834e-05
4.750416325964744e-05
7.078796253044326e-05
0.00012438712729016945
7.145150584902955e-05
2.9624185858833538e-05
0.00010371501386549467
5.721112723717981e-05
3.96114827679219e-05
0.00013115093776337633
5.628765759908318e-05
0.0001341268341045812
0.00012203902181444745
0.00011081232012110718
3.8565595480020715e-05
0.00013710894364589652
0.00012311448766706243
8.645365567271441e-05
0.0001239781913280053
7.902452503148765e-05
5.0862947916987697e-05
0.00012033516047943517
9.102076170577966e-05
6.179880723746637e-05
3.772679947466484e-05
0.00017647711369545927
9.228292003229325e-05
2.4548844288763237e-05
4.66148675195058e-05
7.130087287480145e-05
5.6220122918835585e-05
8.22025122497902e-05
0.00011527937421946934
4.4233383489146236e-05
6.857410577649321e-05
3.3767746276015726e-05
4.312495076067919e-05
0.00011128295223429936
4.993530872910726e-05
0.00015603190139841383
0.0001660425995981311
8.160526996376731e-05
2.8655078964497148e-05
2.685323228421098e-05
5.175132144138399e-05
0.00015001631072158518
3.403418070976196e-05
0.00010829473294862473
4.1368939534369664e-05
5.484747625904085e-05
4.344917671520128e-05
4.876304386369367e-05
5.4607093097076144e-05
8.499551659520332e-05
0.0001425344160097336
3.594840664766528e-05
2.1076237823729652e-05
5.083817984464932e-05
4.204849313073469e-05
0.000198698595191018
6.159776379980887e-05
0.0001931475305596986
7.167424688403259e-05
7.676271679055239e-05
5.235926694450949e-05
4.806913557761785e-05
6.012823231342184e-05
0.00012287664477418568
0.00011994550626309207
7.131934713558136e-05
0.00013317943205091342
7.876735070715455e-05
3.144248284437814e-05
2.78541340818527e-05
0.00017559466507019483
4.067350674322906e-05
0.00010959082945069373
5.6204861474324133e-05
0.0002667119454196575
4.090096327405032e-05
6.094314296438161e-05
5.7193906876031484e-05
0.0002029671854922429
0.0001607919710213268
3.766302242838698e-05
5.315707976995854e-05
1.7722169370606194e-05
4.8593181259119476e-05
2.283861262599219e-05
0.00012105053715653915
6.250519682426199e-05
0.00021147241110086416
0.0002203522180083615
3.1830969902119494e-05
6.361864127152831e-05
9.973649262589451e-05
7.941076902477249e-05
3.759452268507725e-05
5.5353262937868015e-05
0.00015404313727860466
7.282571721988595e-05
2.4112638545482602e-05
4.4693613628559586e-05
0.00018153036011948247
6.498537082148984e-05
0.0001178415807408747
7.195587299044828e-05
0.00012293025575979539
0.00017166627360461467
2.731796034530568e-05
2.8815098125794207e-05
4.659533800284721e-05
9.210232163763254e-05
2.257558871893302e-05
0.00025431567804027114
0.00020280038037054072
5.460606515564087e-05
0.00015813259016543178
8.89758960581556e-05
6.231080764559547e-05
9.791093193693421e-05
6.662286717687382e-05
5.306590343483403e-05
5.5845958043502384e-05
0.0002204265000911807
4.059572854721958e-05
7.0230440096454e-05
0.000111564891850216
8.240037528003639e-05
0.00014517897123599618
0.00012982061294520794
3.341019996545498e-05
0.00010317913260721798
5.7930382890646946e-05
0.0002288812378693254
0.00017789982751996287
5.2199622662408795e-05
7.701906237543671e-05
5.6371766487047816e-05
8.483097070651377e-05
6.31493509768416e-05
4.298531098395946e-05
5.325924952452887e-05
5.2901655111797445e-05
0.00015391916055637958
0.0001547976967136332
1.7228526997990496e-05
6.836012132222828e-05
0.00011971472465169588
4.206764897425326e-05
4.2609231892945694e-05
6.467362609862953e-05
7.784596809786816e-05
2.6240825516484187e-05
0.00013688048386036454
9.662912674476273e-05
4.6444954819372674e-05
4.357399575305976e-05
0.00011084534783758819
0.00011612993373428485
6.148339514348375e-05
7.842137146076301e-05
9.526905441977463e-05
5.385021276178224e-05
6.939746260502766e-05
0.00015183439246489803
0.0002697123393482623
3.804935174506782e-05
5.204946669067413e-05
4.054884575672522e-05
6.90220856939585e-05
2.7902246573142948e-05
8.084010848535498e-05
3.532949660005641e-05
0.00039097905517160916
5.420920783151989e-05
0.00026991171086933444
0.00014224665426202507
6.749078843759732e-05
0.000171477607249668
4.271074240697358e-05
7.416480829996898e-05
4.6796260366878106e-05
3.909044777763145e-05
5.911283010284496e-05
7.739384596416009e-05
0.0001678106457866586
6.958737673310799e-05
4.0157647353766656e-05
2.7403128661507743e-05
4.5438708036164144e-05
7.04831411184763e-05
4.536577086558238e-05
0.00016798592618096742
4.438498089322297e-05
9.429644382495969e-05
0.000155037478226882
4.984672116931347e-05
5.371524738515458e-05
3.066947410048099e-05
5.5467181451332884e-05
6.687312319473386e-05
7.694209387312006e-05
4.215119349901778e-05
8.306914767438227e-05
4.98872343201117e-05
4.687780131542468e-05
0.0001459353300457655
0.00018093661563498104
0.00015443514727255724
0.00038633317322269795
0.0001405386517341852
0.00011251611743512722
0.0003842880720410527
8.227955936500557e-05
8.818651004789191e-05
6.519611728149658e-05
4.7506414036940125e-05
0.00012647264222216938
3.309987104205396e-05
0.00017032115616569534
0.0002087619502748051
6.325525847913912e-05
8.687051157102895e-05
8.167780310596434e-05
0.00011472853492766917
9.674942709432778e-05
9.937926096191026e-05
2.4697251210882328e-05
4.280282880443011e-05
6.734509432454434e-05
2.80015902529197e-05
0.0002230796428578666
3.6289208929383774e-05
7.553796306421944e-05
6.353366276292319e-05
4.689180914899574e-05
2.5920024124492378e-05
7.566117464830845e-05
3.293349407251979e-05
6.135037250860294e-05
0.00010706917003226157
0.00011199759881034506
0.00013559904096213364
3.2441179337585076e-05
6.748666041901654e-05
0.00011786332364217052
4.699653677800446e-05
8.334545107935433e-05
0.00010875382609663643
4.956188259228393e-05
0.00015239778438005524
0.00027965613022169766
2.5226587479824342e-05
4.590730960794043e-05
3.040173723676312e-05
0.00031225657757584876
3.5570776456998794e-05
0.00012314450874140976
2.955580735292796e-05
2.4190905447750126e-05
3.5561361514299196e-05
6.87928014457498e-05
5.163528741761577e-05
0.00013203934113248882
3.971456505023708e-05
0.00013295088597025143
8.788891349165044e-05
0.00021262410963253226
6.253686003789818e-05
4.927448944276598e-05
3.173751403806737e-05
9.807331819539737e-05
0.00012291269957846764
8.019443954789793e-05
6.522155227411975e-05
0.00013437488753466207
0.00013974158069786832
0.00011862243415041964
2.7013906401593532e-05
6.84668035692349e-05
4.9180416217143846e-05
5.104922930545453e-05
7.53109801331926e-05
0.00010534020721716649
4.9616232737502434e-05
0.0001287516217161276
4.542047314423934e-05
6.565509259103667e-05
8.32837395576587e-05
3.539017358663144e-05
2.3053258904010194e-05
3.146203989979142e-05
7.116811149696853e-05
0.0001290690226603216
7.662897044291034e-05
4.8747791477375006e-05
0.00017488882099435897
0.0002677666602351982
4.343159005135088e-05
6.957428035084618e-05
3.0753439328195956e-05
0.00015788139214826754
3.7136922133175996e-05
0.00021976777402433112
7.707648099554517e-05
5.8373132573739284e-05
8.105552057265808e-05
2.5891874413076055e-05
7.660674413351176e-05
3.833315572160635e-05
0.00013070716006492953
0.00015457086759180464
4.7774702352798676e-05
5.995541499927063e-05
3.1198059097794226e-05
9.824188100837426e-05
6.19645952046845e-05
9.284247868350289e-05
5.450122493906623e-05
3.433058282671875e-05
2.4120962087711655e-05
8.46305068289136e-05
4.199150787495461e-05
0.00010712369724065597
9.169685726522639e-05
5.9705687776323475e-05
5.6838465199682954e-05
7.523144909697772e-05
3.4901360818043104e-05
5.5328185408322555e-05
4.59863707258296e-05
5.382944111047503e-05
9.446488440268413e-05
3.2606720057683095e-05
0.00015710992595307515
5.3437176323183874e-05
7.219481616378507e-05
0.0001129863381990766
6.329931280942621e-05
4.537262434748583e-05
2.783614889796198e-05
7.568748295286381e-05
3.444882159824759e-05
8.845130090316347e-05
6.800222162435262e-05
6.279861429237019e-05
9.285663108340163e-05
5.8004484763278024e-05
0.00010846175793660947
1.7442364706998874e-05
3.06866988205475e-05
5.63079989257117e-05
6.945282456164211e-05
0.0002106908829100722
4.387458047763354e-05
4.219700013021751e-05
2.9348431537499722e-05
7.11681995459895e-05
6.542304438471234e-05
4.819177433600501e-05
4.834512125642922e-05
0.0005345732429825417
2.5034686037770454e-05
5.366298453226336e-05
0.00011492528163176395
5.437651760183631e-05
0.00010827187150984436
5.7190346236247483e-05
4.15749800953902e-05
3.9220562232603024e-05
9.939062509901119e-05
5.3522426511148245e-05
7.659727713977159e-05
7.844600320472097e-05
0.0001576299878899398
4.9001047740939525e-05
4.457994074743981e-05
0.00011206480604714056
9.237090823216807e-05
7.722397218438345e-05
5.683790286466671e-05
1.4546616923577005e-05
3.486562964853815e-05
0.00012493166438695664
0.00020786749331489312
0.00010016047426323282
8.548033832409931e-05
7.232281956489665e-05
8.091573873066363e-05
3.3173326378050666e-05
9.508016453904664e-05
8.555748355519287e-05
0.00020324647144338777
3.167188714879589e-05
4.4876681008063135e-05
3.552463481550915e-05
6.067331527458182e-05
6.801725401323901e-05
0.0001738949573072837
0.00014791990927398696
7.419800653401046e-05
4.753119119970395e-05
0.00014928467758359052
6.90490952938401e-05
8.105555943376184e-05
4.068757621022163e-05
0.00020409348899049631
6.095505059095518e-05
5.5878949768891426e-05
2.1315060564170278e-05
6.478822013212733e-05
4.4299235571954966e-05
3.078047204655202e-05
3.432629069687725e-05
3.5047947144693586e-05
0.00019138935018906368
0.00010159409321197968
9.405253034740571e-05
0.00010319872430969482
0.00011419787681419898
9.40261030536485e-05
6.126251769840217e-05
7.443686739858052e-05
8.065961247944379e-05
3.313362145670988e-05
9.475316191988434e-05
4.8669646110953874e-05
3.794079458449906e-05
0.000114386095397605
6.530861552576082e-05
3.629005668424728e-05
5.219800552186319e-05
4.842170540352657e-05
0.00011973210046737438
0.00013569848974180062
4.037573340108516e-05
6.162444455430719e-05
0.00010234940983157294
0.00015269954759065144
0.00015173703993246512
7.247527224043781e-05
3.804544246653692e-05
3.32001157058257e-05
0.00010710578118516423
6.275849027916064e-05
4.822035071016655e-05
0.00013044216653296462
0.00011026419943546077
4.218616512913293e-05
9.587037789775081e-05
8.309489771379549e-05
3.621722517646511e-05
4.508350235937161e-05
3.5304678417265764e-05
1.514598977119595e-05
7.271407478925321e-05
8.286129252903304e-05
0.00010824337125234947
5.88393493922996e-05
0.00023134067668292464
0.00015966122270176346
5.445468178845183e-05
9.614703274766034e-05
2.8134806942629794e-05
4.223080731990763e-05
3.6779260301046696e-05
4.5764513373740746e-05
5.815904890291881e-05
4.183889407659738e-05
3.484233276190941e-05
0.00030652861128516656
2.231102618688139e-05
0.000119449564173779
5.522844778387252e-05
6.732916038944598e-05
3.3060252076099135e-05
4.950972921637084e-05
0.00013137205901617347
3.2942121132465844e-05
0.00011147186801520346
7.948211749304768e-05
0.00011106517598238533
5.0127425379686204e-05
5.956304706726318e-05
6.604948673282319e-05
0.00019496158930735758
9.824348266327483e-05
3.5683808918199186e-05
5.7383288333267936e-05
4.097021314467521e-05
6.881877045482324e-05
4.2256118879454935e-05
8.422485484461075e-05
3.6985412809789924e-05
8.77333541541153e-05
7.587456331573551e-05
8.112670247446013e-05
4.741430754218452e-05
0.00011617356792083994
4.499895938900426e-05
6.67368692507134e-05
0.000133363302202193
0.00014644628857654339
6.499798612332575e-05