0.10232762167649144
0.021745000729986714
0.026992607739556432
0.07030835528845455
0.07190250798385489
0.05023504713894373
0.07554957264609616
0.07005446232082364
0.028097624260909896
0.05618402866518425
0.029885380228408913
0.023738407369014114
0.012624695657293149
0.03723653920035894
0.009118661532540954
0.027773456744580045
0.046189750999353234
0.002771194063120167
0.012728920722518014
0.008878976027618382
0.010130057277506854
0.03101036992409765
0.011826829468707672
0.0019512477884298719
0.01755434633114236
0.00705527143788109
0.006691178797805277
0.018551918589104228
0.02657199234637172
0.014583773588682932
0.00452300470464588
0.01079434522768513
0.003403523963925785
0.005072696621919658
0.013133141140318123
0.005128871035229391
0.003936681769519823
0.008167581977351505
0.005071679061089269
0.0024536767850033806
0.002081489571833635
0.007825304426127482
0.00525517295202827
0.00512163896782895
0.006039051550641021
0.006327018242447222
0.0057356862023776115
0.0014511642580114113
0.005326288554212533
0.004191320979463743
0.0070193439267349075
0.007425072576851167
0.00861537524583613
0.0025939673904663784
0.01288358365866199
0.000537870677098897
0.005250233558817048
0.0011004911427895405
0.0020731444995581447
0.004703931036156666
0.011145010862016507
0.0025551095765818017
0.011101231121289624
0.002102751597967536
0.002122521750229124
0.0058467213481327935
0.008237175049882908
0.0049811179015376884
0.00742456096781822
0.004586978104029085
0.0021421670354105317
0.005467153238832186
0.007223051105855917
0.005446790738843614
0.007538740696499692
0.004117009978333297
0.005306733847320556
0.0033991322699023527
0.00459315414573078
0.002905087574837689
0.005536391448894875
0.004417547034601262
0.006810883282740346
0.003923319955954939
0.007452492546488452
0.0034266546291127097
0.0057848229700843455
0.0013870274721370617
0.004283709974298432
0.00870972775583676
0.000752571932421902
0.0017770886349272146
0.0038651232195819067
0.00732174163619602
0.002298820497664978
0.0013393330822911956
0.004152467693022584
0.0005006830167364842
0.0026796440746491485
0.0018022983540324526
0.0032128794188606338
0.004045140726136404
0.0035271733089022902
0.004917252641880166
0.004348465229621535
0.0004384587297944274
0.004794259126998316
0.007800002086186966
0.0029493917415219554
0.004741824001965897
0.0007625918503639426
0.0023237888821573166
0.0007534698323449946
0.0016827664948267278
0.008023431072732595
0.00202376467335677
0.002532969524911462
0.002334001600781611
0.0024411948051926663
0.0016997166535756537
0.0005897912468407376
0.0022114179731109805
0.00044640537898617044
0.0018029733919967044
0.009067855219133024
0.0029405337572714933
0.002679028159863201
0.0012657133434971508
0.003127457662826975
0.006879480191523093
0.0012718681409246754
0.0017585907711136705
0.00196750522878463
0.0013905115489988582
0.0007229396971911459
0.0002146352645811712
0.0013512731258669473
0.0024892092326515374
0.0023026785367824716
0.0014207210311666765
0.00117548164880113
0.0038395464209367157
0.0013060519869031644
0.0005753375669880545
0.0024232465127900235
0.0006146107405957847
0.002407090711032727
0.0016885497468973392
0.000861514859807307
0.0017324813271937958
0.0034504227245293266
0.0012947116373329375
0.004257803969367748
0.001736663733289522
0.003945924585264641
0.0035599835056663726
0.001890995021897415
0.001292120836800376
0.001977048422753444
0.0006434580358727104
0.000811078736793457
0.002519091733682682
0.0037928175420390347
0.004512646262621609
0.0024669730425195087
0.0019924179027458145
0.0011252154329370802
0.0008496226121623908
0.0014040620317349992
0.002689050325850371
0.0024526666768183085
0.0013488416901311355
0.002295831551952765
0.0014423709403625041
0.0009895414361447143
0.0028061833897759804
0.0037061213488156297
0.001469236338605685
0.0009212863111442077
0.001971092516712569
0.004237984977034203
0.0009290782938586861
0.007213784009587616
0.0006578693310293174
0.0027794002814655835
0.0016715879247387747
0.002318299736465363
0.004836197148782616
0.0016207573172814273
0.0025152491363083732
0.0006416761909924203
0.00028746149020740866
0.000158198987184004
0.000659715400913295
0.0036159525702738927
9.2426737298361e-05
0.001094363110825279
0.0005107805892807669
0.00032791200144671056
0.0005265318640189499
0.000715389910994206
0.0037282677792735406
0.0012844374398826713
0.0004018435669391588
0.00011883779887421328
0.0019098168551225367
0.0015380301754256071
0.0009462665774118533
0.006301375680817085
0.002362066351968403
0.0006141671980442972
0.0029104982958638444
0.002809914032546329
0.0008952143085148337
0.004345407442878354
0.0022898212582593
0.0012668462559644517
0.0024750300694556496
0.001387415473909619
0.0036208377259715862
0.0014377780527252706
0.0018724677586538436
0.00041464171888281855
0.002174921488613206
0.0034916867169002015
0.0029876104357908924
0.0008754731897416901
0.0023535290118660863
0.0020151702394573916
0.000656315068844166
0.0007248213365444244
0.0025043338363618275
0.0006817746147331747
0.002214056912659623
0.0005421114171757572
0.0035600794266302995
0.0007450427517479239
0.0009489129071736229
0.0029131955415991157
0.0003371644522301626
0.0002648879938652323
0.0014460605694499916
0.00030336525607205705
0.0010815335054014798
0.0022914963270426808
0.0008346019758353162
0.0031071728311143263
0.001639752789238939
0.003671188710028909
0.0018574260911105654
0.0019216016566630184
0.0007451264832000026
0.002486372200804147
0.00042775092587764524
0.0013485971333613842
0.0008833527408965842
0.00096868323614194
0.0010892304042806379
0.0018547658335220057
0.00016794199437742403
0.0012436936007312474
0.002648440726898062
0.0012330668642705452
0.0004484940917434028
0.000780078071792639
0.0008088162827016111
0.0005957378252987446
0.0007243609237309824
0.0016099984046382876
0.000783259002723905
0.0015908582890160766
0.0011275504470677018
0.00026971548591158106
0.00027225301986702797
0.0009235804778404456
0.0001937636943007846
0.0016735371795081383
0.0016295905085134074
0.00013306954299432359
0.0015814018253861282
0.0011694479605023692
0.000811029097047165
0.0012426502083045876
0.0015340847832564146
0.0018462534064315032
0.0015617734078482571
0.0015057901753987109
0.0002499574046697451
0.0012165174513142042
0.0012681604871572776
0.000745237650566602
0.0011699417247634232
0.0013420179300114687
0.0014973030040680052
0.0006263215939218384
0.0009422970139798292
0.0008650480933982678
0.0006740500829183403
0.00041393458079468673
0.0015688713033612102
0.0014546930489814172
0.0023211878180217824
0.001484092015759071
0.00026318720062763605
0.0007680273571000604
0.0007970409196725117
0.002582708009037707
0.000372734758998421
0.00023261407892787996
0.0013189522849524724
0.0006403506234280664
0.00015270136010238643
0.0003194650677997132
0.0008011010434282358
0.0007562530691977538
0.0012206994268536549
0.0006069386143603972
0.0003850721945290952
0.0005605919768766133
0.000509120828346717
0.001157754938992331
0.0008987088172139236
0.0006191759400026865
0.00032793650086999156
0.0007689465506942445
0.001407332798696648
0.0008939013051327073
0.0015512308839597745
0.0035604630144407752
0.0017350377671766972
0.0008733175403472856
0.0003278602101581077
0.0006126752500963812
0.0013766534542524755
0.0007970326660827643
0.0007489918395028423
0.0015581822310900704
0.0010926215177775652
0.00037816700186540383
0.002372553620513448
0.0003714205060578085
0.0008689933887372099
0.0005216930843197565
0.00036363609675163754
0.0018349140664022951
0.0008767378667908533
0.0013254677243656847
0.0013198460876534053
0.001072510409577499
0.0007145136655138163
0.0001570795107655128
0.0009453165939185831
0.0006166367726272861
0.001628948199761633
0.0018364645121440413
0.0020897681792847287
0.00045268697204694277
0.0014071414090335303
0.000510255289262495
0.0014791155728298019
0.00207199137367429
0.0008144183384079709
0.001344403341779601
0.0013986102030979874
0.0005474883289342494
0.0009585655312142697
0.00018094264612633344
0.0007258640193853184
0.002074979192293062
0.0006085099295709202
0.0002905163586185184
0.0005235627116974296
0.000578299762293782
0.0006901950491596428
0.0010777391440092274
0.0018485323071360316
0.0014294588400280608
0.0005243745911151102
0.0013195233705126112
0.0005978835252993235
0.0007710968857733021
0.001977600220000443
0.0007688796126886643
0.0003991539198346116
0.00022280007386761227
0.00029732985683362503
0.0003236717805218828
0.0021509199385160694
0.004002138827656854
0.002291806068104116
0.00027089568839663576
0.0004279986642476526
0.0003170511633925165
0.001971923890995923
0.00045480207135503595
0.00031579467120562823
0.0009040595585003597
0.00027319015851954827
0.0014205597953590133
0.0014432801993900597
0.0007879049264107516
0.001108821762421273
0.00014497816436323836
0.000508166136400225
0.0011457569231426246
0.000425918262344089
0.0010747511532322445
0.000789641245155632
0.0014801680306026882
0.00015431125383725782
0.00044442207342094183
0.0008736771341787657
0.0003907239698163865
0.0018505340177078994
0.0007539440494343294
0.0009763725416717435
0.00037246772417727427
0.0004465289547661352
0.00012260797907372764
0.0018947375851197641
0.0008862793027312493
0.000771298554828052
0.0006695340480674433
0.0010756820031191721
0.0014053423291420313
0.0020034274233536645
0.0007575375933216929
0.000740742170557965
0.0006211208804558574
0.0004417627523397071
0.001320741384254481
0.0007436682407234257
0.00086469175450186
0.0004578827662128853
0.0016723623956343002
0.002118242175865122
0.0005574799955408359
0.0007089206335496162
0.00014484825294665323
0.00022415264954290154
0.0004025242142696584
0.0008742478687988586
0.0012758095212917037
0.00142131714214116
0.0007796455605188264
0.0006068514461036949
0.0007599102880777863
0.00024001684648584977
0.0011112657846589719
0.0006686147518918329
0.0017292095709122673
0.0003968231479660703
0.00026480624681237037
0.0018769039630768414
0.0003419660002286786
0.0003798692350689619
0.0011931577008246414
0.0024250613508119416
0.0014610147790879216
0.00047306615464822187
0.0006399992527513232
0.0010068898933311109
7.69729718033814e-05
0.0009047034760277626
0.0001930039767717509
0.0010153226742604694
0.00036091532713737975
0.0005224132186082262
0.0016417111118312041
0.0010646630803351155
0.0005729384517962636
0.0007342681462932742
0.0028246716484717706
0.0012605576219007991
0.0007336399268229883
0.0006504299929550316
0.002464411166713214
0.0014352442252406237
0.00023568168810361752
0.0010763231222169463
0.0007493307467861541
0.0005036858258873608
0.0005328223738434969
0.0006710921832261652
0.0005501284668986989
0.0004801346575215221
0.0005411513573698523
0.00031944888533500123
0.00032267304455834344
0.00019918895047645247
0.0008536987486355729
0.000729337966803865
0.0004989777245482623
0.0002975839008534629
0.001119889769323894
0.0005533267096182278
0.0005365087048588631
0.000772164901911098
0.0007241068063059895
0.0012525183999549105
0.00025853794861284895
0.0002130084325829179
0.0003674599191684372
0.00040058676072340856
0.0017144876344881712
0.0004977881360354649
0.0006105084710564315
0.00029399316953225525
0.00013753523473298532
0.0005475974007500518
0.0003214609269030602
0.0004836989708599282
0.002472571822576646
0.00040333331960406746
0.0002994868989333441
0.0007110148703456302
0.0004444657499711471
0.0009334559451201463
0.00030462812473876493
0.0010851955058423547
0.00019979299671334162
0.0011224477022581387
0.0012085236251854273
0.0007684152023630387
0.00014838499665396565
0.0015008499351259101
0.0016318628374703676
7.300496902745342e-05
0.0011701301508276725
0.001842801928045276
0.00097729410950601
0.0004979900166286199
0.0011326883798431218
0.0003432633313901691
0.0008639928847315503
0.0005102676022587686
0.0009190104600679741
0.0007471053826785096
0.004131701515833592
0.000551684780990277
0.0003189447181465583
0.0006097772162014201
0.0003390090606860543
0.00022518489021157318
0.0027397323656652146
0.00017229367921145784
0.00145854056683505
0.00040783538388945587
0.0008619670732652017
0.0002531877402688035
0.0018715717670738162
0.0010441008246467065
0.0015750972288828208
0.0007022429415007315
0.00026903958212558477
0.0021525544340398658
0.00047987506773071345
0.000512689233142308
0.0005972195365727134
0.0005231060184412115
0.00038484319104891194
0.000969224766503792
0.002422656655713486
0.0005073450106971
0.0007563074402365054
0.00046475874042193883
0.00012273907745800932
0.0004161529774032589
0.001088617485493258
0.0006639755651037696
0.00047455409452055466
0.00017205843108424095
0.0006733879464094316
0.00037577883713397266
0.00014519096555107286
0.0007696650505287737
0.0019432542056864628
0.00032572840635365977
0.00023842371407702646
0.00026512920180625374
0.0006983270070131446
0.0007260669671918362
0.00045205587046450135
0.0006488907017510152
0.0005955935636279789
0.0015314850226333325
0.00029327758413089474
0.0025479026584909904
0.00045941764486825173
0.00040229183240980324
0.00010222476332946832
0.00048499959835872
0.0009659478792786737
0.00021748021201633194
0.000329860406838124
0.00030177923164288734
0.0007728730648824077
0.0004257490672662534
0.0007883467079562571
0.0003818115658518827
0.00043068896886181855
0.0010694208703205025
0.0006610081237974372
0.00011755809989236825
0.0012342744952725019
0.0001515884370304098
0.00038309728196847927
0.0014917840037692398
0.0009167751416018942
0.0004633329970265712
0.0002616809747951452
0.0004854948205012991
0.0005700565765013527
0.00023596906368253273
0.0005098887927538156
0.00011111116248466887
0.0010020711976543417
0.0009671922243487289
9.245153840011041e-05
0.0009674438013744587
0.0005430072161389644
0.0001329357098167464
0.0006565892194042611
0.00031018953879760733
0.0007305736067834904
0.0006428952638723983
0.0003524974299093675
0.0008209640316311081
0.0010795372400675641
0.00034253706150163323
0.0003461196315140954
0.001163077637881295
0.0019251701114659998
0.0002577447507556323
0.000391087832127819
0.000988248511890758
0.00021669896269802186
0.00010872363721709392
0.00018161709215131088
0.0004887490008256585
0.0012667545400092467
0.0007499540363594097
0.00019196816588524376
0.0012728460446410964
0.0027447023192766298
0.0006999429054686484
0.00043864781452765736
4.070671204778193e-05
0.00030029199107508333
0.0014437719265519135
0.00010683976615587951
0.00031192666705332867
0.00045659947041935253
0.00038825395174200934
0.0004884894035411176
0.0011404492864088751
0.00021828274553775217
0.0004554953837048119
0.0004731708934665258
0.0005854499342569469
0.0017281526697861466
0.00014541390817472997
0.0010112391883001788
0.00023802599392023976
0.0006905884827078962
0.0021781865540898755
0.00012389498812239995
0.00030778393200651483
0.0008175169108408325
0.0008545953962162561
0.0003928687916882584
0.00019468803657537567
0.000154793309262518
0.0005483745891475256
0.0005137159391347284
0.0004089385791888237
0.0006003460907260178
0.00035595145355611884
0.0007782946361133543
0.0014486566825499536
0.000629131673998329
0.00020070216955738872
5.752541992569499e-05
0.0012301495534907693
0.0002360967327932517
0.0008775071185494678
0.00044682888004013026
6.108876940648734e-05
0.000551402547554676
0.0001622717023928714
0.0008159668123663959
0.00027448676496268277
0.00036765231786873225
0.0012288791179186356
0.00011444017568305348
0.00011217289773107085
0.0005147108787165102
0.0006858291994642656
0.0006422214654492231
0.00021326127932285463
0.0006627252054523296
0.00020760249762390664
0.0004602837826299225
0.0008538093232041963
0.0008449968048046454
0.0005410903429546742
0.0002619845214962532
0.00012059358074811408
0.0009981277579668986
0.0008232125228562328
0.0014971725930304819
0.00033783277706285394
0.0003539198614507937
0.0006821662062551746
0.0011290557955706882
0.0009002724644262304
0.00024844448172364677
8.147741873507583e-05
0.0003040127962887432
0.00020104708600482765
0.0005230523576770803
0.0004526960897723036
0.0005507584901718389
0.001518484222152366
8.297570002511536e-05
0.0005850942469905395
0.0008240504703479068
0.0006347120193238945
0.00028309846079897696
0.0006995536361818394
0.0009532973739144728
0.0005254379973211736
0.0008047667660206965
0.0018392113182516168
0.0011227712086032836
4.5138197387578003e-05
0.0005842595988562297
0.0001836975060869313
8.328916132680624e-05
0.0009497126397480636
0.0006904890634210997
0.001273211197610237
0.00029482521055402265
0.00027983536087223106
0.0009694060949462152
0.0008727667561571436
7.410098519339672e-05
0.0012096444693031696
0.00041125002294724127
0.001517676357624168
0.00016310618317212592
0.00040769746950909235
0.00016117164094710026
0.00132598298824873
0.000746763351897811
0.0002474088325780752
0.00030817714537509735
0.0003034180405695306
0.00020517328230507437
6.808835868411316e-05
0.0006149087934218013
0.00031755388211700047
0.0006945764498736943
0.00027199463019834355
0.0009887826910851775
0.000658421563708965
0.00047512346380541816
0.0005188618847835021
4.9877663430794625e-05
0.00032969037548521854
0.00043190066323874093
0.0011908854362770562
0.000501569672618343
0.00028398144681095156
0.0004212382908040572
0.0010139360793469155
0.0005375400781155295
0.00031840477147314865
0.0003425976471030733
0.00037031745650136183
0.0005282223116801962
0.00029785380277835247
0.0006487567906773078
0.0006969965036725546
0.0008139837330491021
0.00021582939810129285
0.0005382294907524321
0.00035164696810732526
6.995229879922748e-05
0.0003667556861412956
0.0007231471767301262
0.0003016618961206742
0.00023421962078993498
0.0004381202528219819
0.0005577667523252775
0.0009037030296444974
0.0005958924042395792
0.0011177599229764698
0.0005936080840007187
0.000551585258678474
0.00025294738466024593
0.001041044227227312
0.00020488246887468298
0.0013134933619279668
0.0006628373472270194
0.0007969584450234723
8.938154751196924e-05
0.00046821119740294664
6.878220446739136e-05
0.0003173367153350014
0.00047542993503190713
0.0002165984183002755
0.0002594905349843933
0.00011681382474767766
0.0001834990538371689
0.000581084379675065
0.0008922136175147215
0.00033721888241545594
0.000199326661337951
0.00034847454707266466
0.0011557612883148253
0.0007004007906366572
0.00010250266228593737
0.0005999760219685478
0.0003425172420778801
0.0003158744534893949
0.00037743452358593557
0.0002692181598347117
0.00010084208428674026
0.00030881256387193764
0.00013510136878823866
0.0003958476525452398
6.289762500996252e-05
0.0007225811580056586
0.0002643917290781678
0.0004098298390056995
0.00035411885675598506
0.001038002418022164
0.00021531637997895437
0.00018149851560830054
0.00019287074758785646
0.00045443498979050816
0.0003794878700394645
0.0007404806045602227
0.0002646586377666024
0.0006637211105696082
0.0006335818432318683
0.00031279876739139065
0.00010568859342407497
0.0003181947306530551
0.001655188847838985
0.0007634940363664523
0.00016090005608857327
0.0006774921205447191
0.0002870477611556207
0.00064726449070075
0.0014900473385687934
0.0007153257356828201
0.0004720870547518314
0.0010793423505446565
0.0002925169325640147
0.000600263786910044
0.0005610594520495026
0.00015480259721713772
0.0007245992580310439
0.0010563433391157842
0.00018500452585961638
0.0002906120761807467
0.00010294990554882388
0.0007810406270481558
0.0006213244345488833
0.0010295736380623681
0.00036996576287357365
8.69594432028596e-05
6.429337105105033e-05
0.0008956992582081996
0.0006668319255339983
0.00038745750513172585
0.0010325199649474106
0.00018832987349835749
0.0007388550635544763
0.0011537158184629012
0.00013256202231904898
0.0012685580855293422
0.0007196530174377055
0.0003981987447131199
0.00012784390989150347
0.0004982160164547619
0.00022002791619487436
0.00037816211571046007
0.00021723356754831642
0.0006948463583884252
0.0003963194839264413
0.00044707574863283987
0.0001389354476041843
0.000596731434191903
0.0006702282912388011
0.0003723220023336863
0.0003513095059498527
0.00015962808610598824
0.00044756626213065355
0.0001660468648131416
0.0003391966172049447
0.00023425534415409698
0.0010231723119137537
0.00018025099790609466
0.0004329881420199634
0.0003590540565703436
0.00023465857227044758
0.0008138547188114604
0.000407944287766223
0.00015423359928444717
0.00016491445905613905
0.0001136888667298233
0.0006358556640470827
0.0004957250738338076
0.0005203747224977858
0.000266889420775571
0.00019099342798002005
0.00017301190193781733
0.0002638781635450746
0.00011797006842432982
0.0009892896576373486
0.00048507089071803843
6.802650127128651e-05
0.0010226177242435494
0.0004414737274588554
0.00015459902429751826
0.0004262441620033887
0.00041997557872348835
5.4894842491762084e-05
0.001276196035578187
0.00026871170287098557
0.0002974907804028868
0.0009482761981338489
0.0006609738575190854
0.0012424523205714513
0.0006738273502577631
0.001257738211917406
0.000371348636422013
9.91777169064174e-05
0.00030581427067405853
0.00046333018932747657
0.0003050327588741688
7.333306970782596e-05
0.0008159176316829636
0.00029820164288119175
0.0004468702925376297
0.000601934291610905
0.0007949107411447838
0.0004003135953259022
0.00013023229205561354
0.00017618083549864318
0.0005334021427665532
0.0005109749836787729
0.0004497907918883912
3.2582490035547555e-05
8.780418264114344e-05
0.0006457110568837983
6.189068109990645e-05
0.00020930915994571636
0.0003860796182018179
5.361594690231349e-05
4.856581159123843e-05
0.00012616106443012526
0.0008028009143477906
3.5073006407362116e-05
0.00102630327433025
0.0001371269412481094
0.0008994978838531723
0.0002101759639243227
0.0002758213583975482
4.620662230550078e-05
0.00022352432678572257
0.00032130043905461466
0.0002041548858474892
0.0004688072073715167
0.0005705075327480653
0.0005928483315413814
0.0005681108716613153
0.0015532013496805687
3.7463483397570294e-05
0.00040708172205277006
0.00037505109346316337
1.8989055657965972e-05
0.0007620828536462777
0.00017853179451534978
0.00018528743227347994
0.00020607320841488122
5.500906428933971e-05
0.00013976542159935065
0.000465228100562422
0.0003498224167456539
0.00034287997280241846
0.0010067388626343043
0.0003406346277907412
0.000762632285209542
0.0003959128147264743
0.0001277841257015201
0.00019923341243034787
0.0007792946148233468
0.0005588484863574621
0.0005119970315058454
0.0004780440353022906
0.00019975160759056322
0.0002878945903537338
8.227152184631663e-05
0.0003333523232060158
0.0008561016958430243
9.307439765957931e-05
0.0006174914122797726
0.00021707271367178452
0.00029292519781054646
0.0006717469257197991
0.00016320662550766088
0.0004223921314368167
0.0002853267787097754
0.0001908376733466505
0.00033904889992546867
0.0003849881079010624
0.00037770649592530414
0.00014696225207767974
0.0001746445083998919
6.292067251615538e-05
0.0004899220117359779
0.00046727511663480426
0.00047733545757980164
4.68462369683133e-05
0.0002759982140993313
6.798907362330028e-05
9.352157929453467e-05
0.0009347271718478129
0.0001407882476799653
0.00028314678673044117
0.00035316458014970795
0.0003398561976446192
0.00020682527327530728
0.00029588361953250027
0.00018915265172380008
0.00023164728284963385
6.188874462754384e-05
0.00022611350387350884
0.00045117989479313077
0.0002915465744565837
0.0006198086216445589
0.000585709220499437
0.0003255886072649895
9.756503526963365e-05
0.00017432431070439391
0.0007520648059910522
7.780179285497455e-05
0.000931521574787274
0.000556253783219821
0.0010290026695787414
0.00012078903926040515
0.0001913845239153608
0.0001377303998827049
9.435597291362098e-05
0.0005960101385783609
0.00030343513148763503
0.0010394298545248661
0.0001133534264612812
0.00020733177744382579
0.00012495534194282524
0.0002145770834483731
0.0008571146965553088
0.0001309833549278242
0.00014091544218262854
0.0005512219285107834
0.0001433158729046235
0.00033632777829910933
0.0003388883590495701
0.00028222316120168244
0.00026171927899794724
0.0002891830277647604
0.000669628351733409
0.0003479484677573293
0.0003241175087611386
0.0003121426391985412
0.00014497501610552012
0.00030293681362078377
0.0003334714514888507
9.386100483532451e-05
0.0004864513573418654
0.00014151268237076495
5.538381097559077e-05
0.0003076866428286874
0.0008610404422701697
0.00016062602265188807
0.0002680987128408153
0.00024452807718556733
0.000250020501638142
0.00014925881980849492
0.0002961345978959361
0.00034570629197376124
0.00013376727721247972
0.00028769877505708174
0.00016761320529881297
0.0011555280191470746
7.927906692759926e-05
0.0005551927421662297
0.00014175046279905893
0.00015130991605511612
8.406766032155726e-05
0.0009324180849870274
0.0008290970377766789
0.0004285034588259787
9.846583933421238e-05
0.0002315093716082738
0.0003909666817605365
0.0001365048784201862
4.948413574662715e-05
0.00032077084450939764
0.00016943627734259924
0.0001810092743035553
0.0007800157709108321
0.00013728005503831967
0.0008080933463834435
0.0005329019034995799
0.00032392751934030384
0.00016233211562681544
0.00012392501286516124
7.272881415675644e-05
0.00014387711269050663
0.0003519260103181038
0.0004999335142214171
0.0006621306648281981
0.0003030128630229072
0.0005536534429919799
0.0004055320748732662
0.0001208662788478896
0.00014995308246809597
0.0007583299020222682
0.00021600625050029266
0.00026250310180505877
0.00019297236817886597
0.00010720017352656522
0.00035994419896408344
4.027181511344151e-05
0.0003832784513983177
0.00034996451215819506
0.0005525212556590206
0.0003899673393824575
0.00037000746434040927
0.0003519423134374405
0.0008455801014767503
0.00011763326019799816
0.0006284801209408298
0.0003878289278957924
0.00015544119880970834
0.00034828196434811084
6.16032446685961e-05
0.0005829876712402587
0.0006279838678237374
0.0004891395167014202
0.0001070668585978681
0.00019129768461554275
0.0006692911762938167
0.0002199692162147944
0.00043850920956394715
0.0002516987154861079
9.415073124562434e-05
7.643475313517023e-05
0.0008814522262662209
0.0001183696385811422
0.00034263321651672535
0.00047617514781146393
0.0006062853512331903
0.0004355610197298678
0.0001547742797849409
0.00022755056084119272
0.00011847272990267168
0.0002683200595975423
0.00010613545342782732
0.0003075911368326239
9.857231615721283e-05
0.0004456795687096018
0.0001890278274576707
0.0008955798573563104
0.0001986876792707177
0.00023344753375818518
0.0002311293413277776
0.00031897170036397583
7.576202992090318e-05
0.00024655727679163205
0.0010260496816270283
0.0005613635129438625
0.0001324830887797217
0.00033504646911984283
0.00035680342269531695
0.0002600648365451799
9.128022553152859e-05
0.0002177464097649688
0.000882212066984446
0.00018095952762027263
0.00039110892498591527
0.0003061883714879747
0.0006690647517899191
0.0010079100858356534
0.00042205606054198036
0.0009257451198817422
0.0005523609749674449
0.00013758419961109228
0.00047247229866623843
0.00017535070902840105
0.00037789030171683275
0.0002103924976295559
0.0001411350511358963
0.0008605404810308821
9.363530320593067e-05
0.0006163248627001598
0.00023172440908378176
0.0002682566674759435
0.0004699806070610579
0.0001555542819575684
0.000329400503591241
0.00023633928002866287
0.00025278297286534406
0.0008761154167266438
0.00022870441564420494
0.0003490660540774164
0.0004900778463369175
8.043823797467586e-05
0.00026873595470885655
7.367315526828973e-05
0.0002652616555706848
9.482558859945199e-05
0.0002929548120113728
0.00013230725067911453
0.00014942598463771453
0.00022425391581212925
0.00011196192105378319
0.0006810576527298674
0.00040748005190760175
0.0009454515619790793
0.00012752433098213326
0.0005418393783640196
7.161130792519125e-05
8.199537575504733e-05
0.0006227043473466449
0.00014646101673899508
0.00022299482434332566
0.0006318050059570735
0.0001262946799363075
0.00045430765364459314
0.00027306099906184496
0.00034185491466190334
0.00022634953563451727
0.00014746530088450194
0.000314738873822832
9.69355198044692e-05
0.0001116799570070127
0.00023382880964506
0.00026993295872391576
8.806353959492208e-05
3.796669652549211e-05
0.00012141539188063962
0.00022281302280256377
0.00014001466559668778
0.00022085879178648405
0.0007455832943188179
0.00019766142203133416
0.0001252172177989835
0.0002301564602689627
0.0001651076682125984
0.00016835377666971364
5.792071391528881e-05
0.00012613737768657983
0.00041234982868453745
6.821020586619551e-05
0.0002539585005285834
0.00015950004455001965
0.0008608698022350773
9.241636100217784e-05
8.553699102511791e-05
3.479375570275812e-05
0.0004087255568514065
7.48833237729983e-05
7.20929689223578e-05
0.00018404439350095395
0.0011883522561133041
0.0005872913213410832
0.000677841167033958
0.0004851769155921753
0.00024957091739775435
0.0003198455220181881
9.76259605886895e-05
4.286917982231823e-05
0.0001973159011033321
0.00024675741832981486
0.0002960635666290718
0.0002996230070782336
6.06751020895621e-05
0.00012504121915183497
8.448514902847198e-05
0.0009014432273559265
0.0004347211549164041
0.00017784186251529587
0.0004342851718025462
0.0005969300261278807
0.0001319766055394373
0.0003865301819541108
0.000415594168092575
0.0004245465990132287
0.0005415320040098372
0.00029887329068321514
6.0233986023791314e-05
0.00028150668955602735
0.0004745614599672264
0.00022300229441741604
0.00013779310676115082
0.00017745671560349483
9.803258292677944e-05
0.0007709112619293965
0.0002768812593737643
0.00023877140724879158
0.00010158901951338364
0.0004470728262424934
0.00021737659310132763
6.725301329941566e-05
7.764175720737303e-05
7.498510613923824e-05
0.0001616670640018871
0.00010609318343462199
0.00011216144529631852
3.2967523909832826e-05
0.0002103459377176202
0.0002148940796461049
0.0001195061630347755
9.918744561562492e-05
0.00026260726606858973
0.0003227767858016945
7.304128449389949e-05
0.00016272960239539487
0.0001035186897197701
6.281305945434405e-05
0.00025139966493637877
7.990072716478968e-05
0.00013021309217015623
0.00048081247983325316
0.0003214461264673797
3.861866901607499e-05
0.0001809418260368786
0.0001775234663156726
0.0004957494211067076
6.812892107965896e-05
7.619189397406309e-05
0.0002436013653984058
8.132562876587458e-05
0.0004236228485119923
0.000502658352009435
0.0004967343681852186
0.00043713591733431626
0.00010917045573968541
0.0003336399524865195
5.521874771463926e-05
9.999515587143916e-05
7.942925924235446e-05
0.0006598797849339373
0.00022293980853549004
0.00017442833483072984
0.00011298072053610691
0.0001338082776076855
0.00020880867024934897
0.0006291181193662752
0.00035178526542113713
0.0002558720476481504
0.00013382246151274742
0.00036747071735101784
0.00021136380017441832
0.00018753414309557987
0.00041701768461464465
0.0004283102671424503
8.895246598211056e-05
0.00022295423440915136
0.00017921771367455553
0.00011668356788490027
0.0002592174828782487
4.4378847427170667e-05
0.0006070381154377878
0.00041564899035501313
0.00018069412944590315
6.715365759534036e-05
6.735600820904894e-05
0.00012484204714348422
0.0002750354251069287
2.9816212107257736e-05
0.000264427267286587
0.00022240426886650132
0.0008866720706498477
0.00028433960895189443
0.0006482255542373143
0.00027181583056074205
0.00023154706777914845
5.4725852807129936e-05
0.00016350514123739986
0.00016628383357020275
6.480347345705139e-05
0.00015447904792655493
0.00020909716160527665
0.0002664049535902714
0.00032070297738688727
0.0005320218190191521
0.00012493882189540818
0.0004653224591129204
0.00017565533416984946
9.473778662847363e-05
0.0001459914341543962
0.0007351358606345502
0.00033588007344439736
0.00016655317446195368
0.0003638802157088064
0.00032924552672799936
0.0002990644840406758
0.00017753892662744053
0.0002030645271754802
0.00024245231103364338
0.00016395579133104117
0.00012953646466308866
0.0009889813342898713
0.00018974830249319193
2.4045359480478294e-05
4.3095099894336895e-05
0.0003374534488393024
0.000580957149229799
0.00021186758804808497
0.0002453438813746855
0.0001031728443420775
0.00015648240072658895
0.0004623722140955358
0.0002927079864337556
0.0006788152681355567
0.00027476265878662736
0.00019706796035643678
0.000341283528870145
0.00016025959876377584
0.0003525540921327181
0.0002868012462223627
0.00021727973499480205
0.0002890046011675628
0.00018227377062220512
0.0001695219936799824
0.0005878187894574207
0.0001510111405511817
0.00012552901780784825
0.00013574946178345826
0.0006772068497121862
0.0002834627173687164
0.0005894845648497052
0.0004124908278659838
0.00036620553688424706
5.4449380411561464e-05
0.000675927780736225
0.0004282157875558698
0.00032194413874148706
0.000704729127141083
0.00010622705378151315
0.0003104837152394044
1.9449059712319266e-05
0.00014793643959390068
0.00039116537919315557
0.0001112707436782024
0.0007069806714110856
5.8954605587586776e-05
0.0002595206250184407
3.761131817270487e-05
0.00018386499411753376
0.00018397554456115565
0.00016827118349782452
0.00010615026660175426
0.0003108401404239135
0.0004598852678930335
0.0002447521222294777
0.00016093947780069723
0.00017916720277352566
0.0002832776054699837
0.0005458978437915256
5.135976339414279e-05
0.0003752032068897307
0.00014757201633382554
0.00024203208078778994
0.00023019499005120278
0.0007423422402365845
0.00012468609401709705
0.0003953792257982107
0.00046244553018823665
0.0007473821992848664
0.00022973302449285526
8.925247329970979e-05
0.00037001949974001876
0.00020904448317505235
0.0003297387111685715
3.928068291765505e-05
0.00040090346886709986
0.0004197855260381844
0.00034583871372377
0.0007552382360086596
0.00017193607870491019
0.0002525409662241466
9.137068730550687e-05
5.7855265861914475e-05
0.00011277774189199007
0.00014729346189248552
3.91430761182888e-05
0.0001790557477406789
0.00015466450983748817
6.443986713358951e-05
0.00017265520835891434
0.00013466570676319323
0.0004933856786480986
0.00013996446216529886
8.100970530200843e-05
6.18918281101469e-05
0.00011017515322125404
0.0003277219834241574
0.0004628442857429967
0.0002770036998676302
0.00034062015992697176
0.00027525250229694815
0.00035651986237537046
0.0004756328483357617
7.98443870469023e-05
7.356180761286849e-05
0.00011485336890714269
2.9233447340969148e-05
4.034822512637526e-05
7.224951667370804e-05
0.00019083263883018498
0.0003311086572739953
0.00031368054160447095
4.887209464366115e-05
0.00014441838108922062
8.751415687600813e-05
0.0001986396825057595
0.0003125995917536154
0.00021822791517910268
8.701756136270073e-05
0.0008112937212298244
5.145507104416768e-05
0.00034773237382844965
4.0826988897730425e-05
9.114715738545822e-05
0.00029699894606950353
0.00042581191983640426
0.00026740963497164013
0.0004706415113567288
0.00079768596255671
0.0003720987389835921
5.810838057037543e-05
0.00016237619983966708
0.00041806334245084344
0.00017500041158306347
0.00027895112096535074
0.0008341320399742157
0.00045121274983064017
0.00029224356502907325
7.546937559358082e-05
0.0004158884135109281
5.451279642753631e-05
9.639635358874566e-05
6.663126221869122e-05
0.00022887668071895227
0.0006862132685513079
0.00010245498876218407
0.0001334438942485092
0.0005410485406582649
0.00013167249307242907
0.00026111667565733725
0.00012394633562190627
0.00019458845604638117
0.00041111958535260286
0.00010217640105237364
0.00013156870281224854
0.00012892696601275491
0.0006070620024921125
0.00020322898455505252
8.950390377720077e-05
7.296779157733694e-05
8.942426640494437e-05
0.0001399216685664962
0.00014814108694187616
0.00010100157141897197
0.0003107177381790495
0.0002273135038987052
7.622445606527264e-05
4.403894003662365e-05
0.0005338471141882238
0.00043881848690448537
0.00024519881271477424
9.62570608595996e-05
0.0001317110227863128
0.00011733578431174317
0.0001562349116832671
8.005312073640822e-05
0.0003656365533926561
0.00033621115081331756
0.00016881312746623532
0.000396862959221806
0.0004946454699223021
4.6454658698259565e-05
8.533827989198963e-05
0.00012514374726711793
0.0004471293799439735
5.095817063997719e-05
3.835183111371654e-05
8.183335978292055e-05
0.0002790660653819613
0.0004023806152497849
0.00020445083679725403
0.0003336390232121349
0.0003312526475327708
8.481898125389406e-05
0.0001246589009578957
7.739935490179846e-05
0.00018078637869160433
0.00040579090294239
0.0003720378256632465
0.0001560918337833717
9.433653640675541e-05
4.681605379195538e-05
0.0006760517743267201
0.00010696658642390204
0.00022170612551057362
0.00022693930925486174
0.00018626473757017096
0.0001703245818222276
0.00023042589546878978
0.00024501993516753176
0.000138480889154933
0.00041158137094203105
0.0002526342103524268
5.6793544981309744e-05
6.698810697085501e-05
5.8248968762063234e-05
0.00015539975864080498
6.445307600186181e-05
0.0003299247129104346
0.00025075147649216377
4.46884436776164e-05
0.00042256668550915636
0.0005235298438707873
0.00020499464231354337
9.782616560923525e-05
0.0003750884536329665
0.00012780843016690362
7.852355757796865e-05
0.000381117797068687
9.491754412282794e-05
0.00015741329616447098
0.0005450840348139769
6.38161572550853e-05
0.00017638206925117545
0.00022505100911239802
0.00012419611278809064
0.000137374752329887
6.752973919737247e-05
0.00029853445660293123
0.00014287480868897223
6.9546551437954e-05
0.00013339396277932582
0.00017799786358157485
8.778795246641825e-05
0.00048791786162273777
0.00016600791631299095
0.00017100757360833565
0.0005074911776324134
0.0001675636187493942
6.879850241890273e-05
0.0002772899344704413
0.0007212530282423451
0.00027994061884449594
7.260346918977528e-05
0.00040588183735016655
0.00011134624920213011
0.0002860304708401665
6.841482881443015e-05
0.0006614859540638435
3.544299000823976e-05
1.0815963052353534e-05
3.952035395550365e-05
0.00019585844266701473
0.00021509497914746692
4.2945517653178883e-05
0.00017140950592687008
0.00019553654189327378
0.00016528537311272912
0.00029983045983985267
6.312188862192947e-05
0.00018025074853645622
0.00013034496883396562
0.0003545099265525257
5.128859352843989e-05
0.00012585638966500196
0.00016082200173497412
0.00023877153771748052
0.00065189835591865
0.00040528940093764645
0.0003529108315555463
0.00045332396256042806
0.0007618918487045491
0.00040401164106023486
0.00014293678980386974
4.256795573550491e-05
0.0001696981088826514
0.0004621005563582146
9.053711003922192e-05
2.989565895111332e-05
0.00015735333253366098
0.00011157222497080202
0.00010099993956766355
7.118109388931427e-05
0.00047846242252688975
0.00037140398948762104
0.0006180553767059627
0.0001348677080143998
0.00023729221578519747
0.00012678946161175466
0.0002631389491766138
6.424515802561381e-05
0.00015245394249572376
0.00015647817642912276
0.0004676430667982788
6.842352385840452e-05
8.047094736449463e-05
5.057344780603813e-05
3.791496787183123e-05
8.971006163297222e-05
3.843417987968266e-05
0.0002280001105918695
5.727091754363622e-05
0.0001269258092231233
0.00026902383804781324
0.00011973468525333261
0.00014711070764858856
5.43579597926161e-05
0.0008324275746185303
0.0001305399477485289
5.508143129480182e-05
0.00012831944088028766
0.00019972324199978215
6.197026217372814e-05
0.00037454840407779265
8.241785778170447e-05
0.00013801199432689036
0.0001683005279478302
0.0001468183892064215
0.0002452957506681515
0.0004920483851923347
9.414843693406138e-05
7.709813964535111e-05
0.00043445251349720856
0.0001205310891630102
0.00042334066854962866
0.0001604500921562668
0.0003644735629053859
0.0001858060925912729
0.00010801887927818362
0.0001761651027922664
4.10313932502731e-05
9.656645525650748e-05
5.232036788036721e-05
0.00041000805511218804
0.0004612949655275333
8.317313333200418e-05
0.00021718380539273706
0.000683058126735418
0.0001029217485297971
0.00013124233563720076
0.0005437966821445695
0.0006082592838271106
6.66063007474983e-05
6.040804505348608e-05
0.00018845892443516458
3.0599177882484184e-05
0.0001987346256813035
0.00023769839030813211
0.00028680916206812613
0.00017149035358712385
5.7592665585706735e-05
0.000787169988816978
0.00017198732507145786
0.0002728330050066926
0.0004123868883634495
5.820983234497528e-05
0.00017045243212752883
0.001527728202657956
0.0004542530202835168
0.0001839451922129865
0.00011406912816537543
0.00041920602592525493
4.582699181091973e-05
7.237376639385758e-05
0.0002606762100223782
0.0001135313358495886
0.0004812273089832101
0.0003364255912875685
0.00013494033620618123
0.00010010310975865781
0.0005968588013822166
6.65115483770467e-05
6.782755653161405e-05
0.00015851131904076425
3.5698851877764553e-05
0.00012764704145422384
0.0003253487617896777
5.702217951813447e-05
0.00018706527545642138
0.00010312630420732368
0.00014905329094977478
0.0005216043234365454
2.838787116561932e-05
0.00019112835129003652
0.0002075345337531168
4.324300481158916e-05
0.001045672436798226
3.940368401404641e-05
0.00026409771237986395
0.00019744070902430163
7.697725892248366e-05
0.00013641695784147716
0.00010642416329983643
4.0129807578510834e-05
0.00031541484021274316
3.9626304838458854e-05
7.921032262812758e-05
0.00013480420870521864
0.00015071153192108516
4.586272874556086e-05
0.00037097671596738376
0.00037598212235593665
6.037331548069054e-05
0.00022026523241019074
0.0002580869404059515
2.2817034882697854e-05
0.00013577509199543574
0.00040296302790253716
8.26116643508892e-05
0.00027095731821761697
0.000279889958595717
0.00011110735375600312
0.000337141319384237
0.0001489515030744709
0.00018999776003473482
6.76758104637099e-05
3.817215194496483e-05
0.00010987068841770804
9.501714533805916e-05
0.00020616547432410448
0.000643571055494247
0.0004666239637673073
5.6200036357515106e-05
9.207173672296148e-05
0.00018011094100150364
0.00040667486672753885
0.00023835336818703838
0.0004250139231339471
0.0003156788667175697
0.0005759499560177806
0.0003136421649819935
0.00034310063729211306
0.00021667285074079164
7.797617952586825e-05
0.00022577387706790162
0.00022987504051729806
0.0004086495108655772
6.335695166897183e-05
0.0008245705470189044
7.888825560787385e-05
0.0004301315709725429
0.00020144571164858757
0.00014007144747770248
7.545030609964767e-05
7.491039092140228e-05
0.0005100128738063262
0.0003237448304307512
0.00030107262564752087
0.00036839851877138157
4.0768964044901817e-05
9.601667084799082e-05
6.923867225701922e-05
0.00019229990551029532
0.00039581918816446415
3.194900892596683e-05
6.200752457518141e-05
0.00018280456125139614
9.153736254533967e-05
0.00044747587098117094
7.894310354385768e-05
0.00010179135164675916
3.392213627957017e-05
0.0003721308077285617
0.000172010400509351
0.00031439569552495325
7.045224655990675e-05
0.00038998656772095715
0.00012421817570494977
0.00013248723998189051
0.0003849329433179857
0.00012278007908080558
7.038124781317309e-05
8.154012377698532e-05
0.00011039623682415994
0.0001126206065782464
0.0003541344984719144
0.0002964340251502036
9.007926337316157e-05
0.0001463361277498952
0.00023893171172591107
0.00036849114356362294
9.403871397939358e-05
3.384461063538006e-05
0.0004535095669679715
8.969576132414571e-05
0.0003250788413249154
7.230324161978318e-05
0.0003470401174643604
0.00047338191355944856
0.00027424650283204555
8.068016039844513e-05
4.565028683303711e-05
0.00018113531811472236
0.00021372853736824257
0.00029492560353504163
2.607151303111515e-05
0.00015551113489008456
3.4011850859432875e-05
0.00011216850003238986
2.5420364454951055e-05
0.00019946099674143767
8.456659409737174e-05
0.00015081549580940126
0.0001389026338467759
0.00017103274269853944
0.00014704840189326134
0.0001207598782749198
5.633782014124203e-05
0.0003598610377924107
9.01588581423239e-05
0.0003607024483717084
2.4032421700807852e-05
0.00010621025409360488
1.994213356951124e-05
0.00028853739748762556
0.00024622882960552927
7.463511166261415e-05
6.41088538524204e-05
0.000221750996707687
0.0005626824832571632
0.00013155392344890281
8.337862769938119e-05
8.935775742512921e-05
0.00020955363843494428
0.0001329138266149387
0.0005305828524695616
3.7969223716633396e-05
0.00010311695246731404
0.00020594552165027177
0.00018477144996755735
8.202181175210951e-05
0.00010067408699972621
0.00047447674666221273
9.070890623337405e-05
5.333986733517314e-05
9.756080108948905e-05
0.00010914104169864937
0.00033318640724096823
0.000287757344548441
0.0004033546111671719
0.0001101780707277387
9.737971137048601e-05
0.00029175807905990677
0.00010849760246717291
0.00010436304776959652
0.0001339484714133379
3.487561395102671e-05
4.812219910546435e-05
0.00016016171823450838
0.0002842346804272468
8.477941173742852e-05
4.5987663703810876e-05
5.3923265274722977e-05
0.00016269325708256164
8.154168155977861e-05
0.0002084460150162888
0.0005543455820761581
0.00019621030025113477
9.751743575987035e-05
6.521679466024072e-05
7.639594671780016e-05
0.00023370955523582164
6.552892194135049e-05
0.0002419425781686727
0.00011451839662421266
6.553868430593827e-05
7.670541049470017e-05
0.00019154975716201817
0.00021957655231989221
0.00012765985785775433
0.0003013006973939684
6.329256103199899e-05
0.00011364795668409242
3.9997055170507536e-05
6.423395532290724e-05
0.00020522621736137603
0.0005190529471991371
0.000127817124615072
0.00011155472858379153
0.00029610655916090164
3.527719345490586e-05
4.049839517717717e-05
7.09613066710772e-05
9.56280556726596e-05
0.0005376981867371219
0.00019999650181286893
9.2795846723888e-05
2.1545018082557317e-05
0.0004625784099339015
5.145209700679257e-05
0.00023640235621240327
0.00017356419575071213
5.35403737693159e-05
0.0003650378557072057
0.00012463786610814197
6.501220388566552e-05
9.632706094023798e-05
0.0005153824943365151
0.0001853985180029338
0.00021797683204355614
0.00011040112000371637
0.00019836220022006603
0.00023851448106998967
0.00013934688967411787
0.00016956113667941134
0.00027842433462886703
0.0003579379865009796
0.00013292094547066231
8.946369471445707e-05
4.6393885503257065e-05
0.00010742248266321642
0.0002614273012470156
5.8029125698317806e-05
0.0006422949160295586
4.12318958069174e-05
0.0002449756134603578
2.8481516734892065e-05
4.086168890124659e-05
2.5887165621364013e-05
0.00012424961497906973
0.00012818233380872717
8.32585272643081e-05
0.0002503266341947294
0.00011711306870066208
0.00017350454321352649
0.000545752474437705
4.775763375965465e-05
3.925653877359795e-05
0.00011613317039821792
0.0002674561792252537
0.0003092027872561345
4.7714967190289614e-05
4.785611776069468e-05
0.000277805700360073
0.00020700850042040212
0.00013564817664693768
5.417046228847141e-05
8.164023739510562e-05
8.727999419833016e-05
9.95194179803604e-05
0.00044836715211607676
7.154553544258738e-05
2.4591277186320485e-05
6.493850386697102e-05
8.681108784544308e-05
0.00031329857564972965
7.896922564564499e-05
3.406629250084281e-05
0.0003380068138049051
8.516937864370611e-05
5.7530889500531655e-05
0.00010619984984915194
0.0002410826600266134
0.0003081904239688103
1.7309663418123513e-05
0.0002664075597998657
0.00028102590854415903
0.00023486898131123377
6.332904216491193e-05
8.666232031825311e-05
3.1796322034741286e-05
3.409062150882089e-05
0.00023929606435025316
0.00039550351440892215
0.00011249670494363534
0.0003025385538261101
0.00023428474818589447
0.00028887292918420394
0.00041069311374949475
0.00024419833335292404
0.0006310431497129195
4.4711921376042024e-05
0.0005012217029841993
5.836168724525132e-05
0.000312928376250015
0.00015927912979487227
0.0003104082214321298
0.00015101203415637655
0.00013143183196345263
0.00012267629015432654
0.00044364331712937037
3.439611668617099e-05
0.0001792620067454218
8.9945525526412e-05
5.807563121366693e-05
0.0001728989064401815
5.906272279945151e-05
2.6835445400413176e-05
0.00012160797061225877
6.411223226077066e-05
5.018536780089849e-05
7.337807266332828e-05
7.437331174643403e-05
9.24509047367616e-05
0.0002546737605970003
0.00032352064499103833
3.5810496022105975e-05
4.7853797400523965e-05
0.00010980073898189027
7.049302115315893e-05
7.028097364340205e-05
0.0003186578873234184
0.00014778883812621623
0.00013421112141359865
0.0002670392919088542
0.00028483721831016115
4.135212278004746e-05
2.6070651949491493e-05
0.0003521012337541524
4.512008158338793e-05
4.864030890066141e-05
8.427014086117647e-05
0.00020999925384790132
3.8999754371346874e-05
0.0007476140566452624
7.457480926848341e-05
5.9756246473724156e-05
0.00022818420823508953
0.0001664098501248919
0.0005223768882583088
6.051391893895012e-05
0.00017747761383037644
0.00018251162533259463
8.724475394317778e-05
0.00015445729846598052
9.516288703537326e-05
0.00022694382247514616
0.00012136547492459375
3.3432680309157445e-05
3.553723815179658e-05
0.00013011918647586211
7.778553300321706e-05
9.3215633640032e-05
0.0001745947117484709
0.00010000870832940218
3.602160133169724e-05
0.0001504435048505096
0.00033076947047189795
9.873185047248864e-05
0.0001596755305605854
0.00037183827202281415
3.899089691190966e-05
0.00018832636526791918
0.00016128601802682476
0.0005672195328788898
5.225756207407049e-05
4.1373393310666816e-05
7.471573228145835e-05
0.0001509048088066551
8.679679314523371e-05
0.00025689600635985985
0.0002373537774983251
6.604051219311894e-05
0.00011983670809421665
0.00026629662359675405
0.000310869103119645
6.2619377192316e-05
0.00018517369140958509
0.00010236463139989733
9.222184153317704e-05
0.00010572719220251872
0.0003593610530492692
5.255629178229161e-05
0.00013006028938805176
0.0004065317929150288
0.00018873182718981334
0.0002491836015259301
0.0002690983475785032
0.000122229989343537
0.0003642381671275168
0.00021350519696311933
3.633727043028844e-05
0.00043044335475547464
4.1521594161181245e-05
0.0003250050621042854
0.0002393457489669845
0.00011384706380393612
0.0001089167841684172
0.00011081788028388412
0.00035742168292848776
0.00012168630340067653
0.00023610322140930125
0.000681170613636191
4.3872129103444463e-05
0.00018214540778765828
6.349203716356757e-05
9.689018948870041e-05
0.00010703414593281205
2.470634116940016e-05
0.00012412700053463855
0.00022367829640915088
0.00015850201848737383
5.4779121742198854e-05
3.719790430603718e-05
2.9535653955972806e-05
0.00010744440513984336
0.00015684862780038195
0.00020918772572696445
0.0001606367590853086
9.062953179953761e-05
2.9881458696195834e-05
7.626090755106896e-05
6.544302528366365e-05
0.00042200778005822674
0.0001250030197952534
0.0005183486069239684
7.017103701527526e-05
4.805103481193446e-05
4.728418584244599e-05
0.000105468496701562
0.00026244350871462957
7.352460105317638e-05
9.467329843202381e-05
2.5043924306227545e-05
2.7600880816095313e-05
0.00010224072580210289
0.0001460778603497702
0.00013020931256185192
0.00010583692553788415
2.757677661921416e-05
4.6826770410225315e-05
0.00018172414112924276
9.330798579779941e-05
0.00034224305667049143
0.00017527983952200703
0.0001370140821719299
8.611481944360849e-05
8.680771807029418e-05
0.00015297689191028988
0.0006685366784054559
0.00012281646444289493
0.00020025073779420585
0.00013206600101917527
0.00016069505320544684
8.65331812807917e-05
2.256887499439071e-05
0.00014214725226277037
7.877767325121676e-05
9.389517598638949e-05
9.607418748301146e-05
3.53141273236664e-05
0.00011771021282275174
0.00019617828615998813
0.00020949020166027946
0.00017487314352885008
0.000158028878093176
0.00027265900790513306
4.3193077617778495e-05
6.219823008640136e-05
0.0003710821133236269
0.00012043413443222628
0.0001639264109828688
0.00012504032111511533
0.00012773367239770722
0.0001257554689283048
0.00023513074388477185
0.00027063886903029685
0.0003103917441566174
8.977161322291887e-05
0.0001005995989209754
0.000270598154625327
4.0149641783499443e-05
6.507507739533229e-05
0.0001377664710272814
4.6137835092928526e-05
0.00013832869233593238
7.670420339245144e-05
0.00019742187633649047
8.007243732351333e-05
4.283669575435941e-05
0.00021700153423771565
0.00017617380614758308
0.00011567270479105431
7.537549870364812e-05
4.979325957499168e-05
7.372494343651739e-05
0.00013328218403829315
5.047304025120566e-05
7.671335290979815e-05
0.0002219278211014724
3.592756831402807e-05
0.00010053051716556209
0.00016399667550608316
0.00015723367936889038
4.609961297692349e-05
8.493482235664793e-05
0.00016613350022175166
0.00034871661557635204
7.921590662203497e-05
8.175717948428408e-05
0.00020469449655972338
0.00018713406043755499
0.00010361252875908542
0.0004719676297245468
0.00017495270230191378
3.7478657209768136e-05
0.00035493929254572676
7.713664382119268e-05
3.708111554112884e-05
4.1996418904621646e-05
3.8091957721907034e-05
9.115563994836638e-05
7.221677959035371e-05
7.20143601160444e-05
7.615504097173273e-05
0.00022565720580134326
6.750995350308163e-05
3.93805170653071e-05
0.00083915793479883
7.050760019623209e-05
0.0008053099616508261
4.8157234390804644e-05
0.00029143519860248915
5.885077143358905e-05
6.623640231368289e-05
6.177622124438699e-05
4.181270845357135e-05
4.474610488703279e-05
7.204558245503118e-05
0.00010555517745728468
0.00031306028700084224
0.00020561088691167285
0.00012892202636399517
4.485886090784443e-05
0.00044595269831706173
8.825769262827066e-05
4.194842947656167e-05
2.6913878428488296e-05
6.18507423411265e-05
6.586970670436369e-05
6.599463452384835e-05
0.00011965293054434675
0.00011034763651124656
0.0003850840294097215
9.837449244745245e-05
0.00016863042049348952
6.361673134436626e-05
0.0001436299498456171
3.2976190567227496e-05
0.0002064420745498148
7.657372433461894e-05
4.617981221607541e-05
0.00010135539800027835
0.00013117173958012075
0.00033856305593779027
2.0906904666486633e-05
0.00020095082477057668
0.00013358882299159907
7.142811171838652e-05
0.00019319240091636612
0.00040190487422846595
8.87727104256335e-05
5.94660652081202e-05
4.995947737622179e-05
0.00018157227515410118
0.0002797852642578655
5.5232054862236576e-05
0.00015985649363705023
0.00014511284240257245
7.41089229647739e-05
2.8514887025637524e-05
8.878159078397128e-05
0.00020602404184322544
0.0007083633793201964
0.00013186674386088206
0.00024874293258175074
0.0001227695318535755
0.00014832813058677716
8.514203211193773e-05
0.0003567851093951143
0.0003775843860305127
5.391865870034622e-05
7.687796140241139e-05
0.0004189795926594575
0.0001706604944855638
9.304205087907021e-05
0.00029953517741616685
0.00023504018108973696
7.096422878869739e-05
2.8717912483824407e-05
5.4447312879760365e-05
0.00027861127743568836
4.443016460949038e-05
3.54523536230134e-05
3.619693641836261e-05
4.001357129110226e-05
7.462912694235078e-05
0.00016137981636877804
4.66561346469395e-05
0.00011049248122156985
5.50321786567341e-05
2.81037466450544e-05
0.00020229167111801276
9.795143820335622e-05
0.0001085408851132089
8.460706813171843e-05
0.0006569819357261613
5.951812499061e-05
0.00015814690867988921
0.00013560996461719102
5.5712356453477525e-05
0.00026718963297384704
0.00021199772092607815
0.0002257299761801513
0.00010068704184996447
0.00022696290929902663
4.516412727370616e-05
0.00036651405840220204
4.477013285982026e-05
0.00010604433936644077
0.00021836438088753418
0.00018126950990864728
6.982332410834478e-05
0.00015342735359790742
7.848364078965308e-05
0.00024364845514141033
0.00016173790537952557
4.1589949424618925e-05
8.283869206632773e-05
2.4962164134922328e-05
7.053249679105378e-05
5.540859133845836e-05
8.178460250870153e-05
1.1162842886277387e-05
0.0002061396396549075
0.0002406733443060911
8.686780579241223e-05
0.0001990172431261716
0.00010573599655872168
0.00015620730700968095
0.0001006561011592793
9.088997642614085e-05
0.0002429672356818638
5.884650567848882e-05
0.00020999420981599977
2.259717821870687e-05
0.00021573985526179476
0.0002379341567270225
3.9811265464787565e-05
5.5875334734898094e-05
9.069351271993534e-05
0.00025161328747972815
0.00013510452163832283
5.99817063247031e-05
0.0001331651628114659
0.00016405897451968437
0.00014000001783834234
9.628545979700181e-05
3.786847803519606e-05
0.0006060730279356293
5.390190233167871e-05
0.00034198276311936035
0.00026740246617975043
3.890687859299715e-05
0.00011860257961878985
0.0005038107701577512
0.00020394219868886777
2.1792811450685454e-05
4.607869605301766e-05
0.00012285837685329135
5.656695064875402e-05
0.00024865370895716386
0.00019924736409137258
4.0505252237580004e-05
7.182333780237758e-05
7.661332564643399e-05
6.951930112250464e-05
0.00012910764373816626
2.4816550612801936e-05
6.56458533936597e-05
6.827019895367298e-05
0.0001713527002297971
0.0002021786022460763
6.525512040596897e-05
0.0001334654789497456
5.680053493862084e-05
0.00018162585028950424
0.00010061050959584397
0.00013218680136897927
0.00022554740879491113
9.284569623601185e-05
0.0002601733944481569
8.716894208448851e-05
8.589459003658471e-05
4.349906780983051e-05
0.000670105507946702
8.906825501153262e-05
5.491262578704001e-05
0.00013921569279044983
0.0002785998842348784
4.767550925396631e-05
7.649794119411694e-05
0.0002783144060542354
3.819063776192568e-05
3.018961663463367e-05
0.0005124544132555353
7.313889175977112e-05
6.309484184537278e-05
6.17722900699575e-05
6.662190366435205e-05
5.047348398411074e-05
0.0003553984205328387
8.82474469268762e-05
3.458102102192005e-05
3.949032122762436e-05
4.672312995117304e-05
0.0002774846445708389
2.1097273034113762e-05
0.00012418378319897165
6.802863241987888e-05
4.926874959851629e-05
0.00010658422609052906
0.00027133505161489713
0.00015640970516850018
9.793141295259593e-05
0.00018726750643482045
0.00023086116272738662
6.067840396053318e-05
0.00012464782675556348
4.988621283276845e-05
2.5873546741216338e-05
5.762816371011464e-05
6.891669936195877e-05
0.0002930275953120346
4.7301929746237295e-05
0.0001476310233814556
5.263367759746493e-05
0.0001294269704658907
0.0001235797827376729
9.877115011719421e-05
0.00029656604368143353
9.760682676418905e-05
0.00016647339073744895
1.7313565336113716e-05
9.897226381890569e-05
0.00019563927388993292
5.3522229611108433e-05
4.288300748593424e-05
0.00010008116265110306
7.389453961350267e-05
9.13626828027969e-05
0.000150153020390014
0.0003107769515122289
7.603331745540865e-05
4.803294115579942e-05
0.000282128744787663
0.00036244537409827095
7.156806686425264e-05
6.203333663635161e-05
7.0287732053118e-05
0.0001082928939185825
6.949864747342492e-05
0.00025378125701147505
8.668268245174631e-05
0.00011809912479144597
9.44638858512624e-05
0.00045143239825170287
3.2967304783181005e-05
0.00014014260938240532
0.0001475750685665997
0.0006425216259893801
0.0001050011357745982
0.00032317412897066175
4.724284932577588e-05
7.980562386508332e-05
0.000361251947816961
7.186960338666574e-05
0.00011548316257965255
4.143307774837004e-05
2.394070999883786e-05
7.228800267770831e-05
0.00020947609862259474
5.216155939147158e-05
0.0001021009465418835
8.457232226374399e-05
0.00017637358817378102
6.055135340001108e-05
0.00032940044594808904
9.033457039214701e-05
0.00016819022128910485
4.167016717926474e-05
0.00011562675804500362
9.607673875168148e-05
6.44874077265781e-05
4.084795496949379e-05
3.147822879242139e-05
5.8449244277555685e-05
0.00012702394458616052
0.0002490536860684239
4.9418314398512196e-05
5.2428517050351116e-05
4.5289370104377944e-05
0.00013675175206812534
9.124669929922359e-05
7.811655827470608e-05
8.551715048433464e-05
0.00016983055079440945
0.00012202308829155382
3.7914655413159194e-05
5.7756955477284126e-05
8.449399288836852e-05
0.00014954050748069905
7.533777585524828e-05
5.667721551705575e-05
6.77024740663326e-05
4.4005583964319456e-05
6.869785424719673e-05
9.971879507596785e-06
0.00012328918540773832
0.00016682715897160582
8.44714596155112e-05
4.9066815656450246e-05
3.0412605802889975e-05
0.0003667676511929778
0.00037414985469895077
0.00018709069158390123
0.00031395886882982176
5.4584287659288775e-05
0.00034979814054962935
0.00012796644319869934
0.00010239210860354271
7.713012808930887e-05
9.131467185741558e-05
0.00012263596466081377
0.0003537900572399369
0.00026141855493108077
3.5499383575914805e-05
3.597840682818756e-05
0.00010217519696677478
3.192290016015269e-05
5.904691023677875e-05
0.00026461496088103445
7.56398754362409e-05
3.8536450819580124e-05
0.0003000722226918938
0.0001815306160510716
8.730725451513965e-05
8.205710643645607e-05
0.00013699177676888423
0.00029598581177949163
2.670177501226426e-05
0.0001532771187502314
5.2203654621910317e-05
0.0004618775092147559
5.1794314837141234e-05
0.00010761602254736305
0.0001957798741657478
2.266432247728894e-05
0.00017980958329722366
9.835485628784032e-05
7.944626345185568e-05
4.506206430391073e-05
5.889369184080528e-05
5.3231520041037325e-05
9.636258621592888e-05
4.074473593984218e-05
7.807453251629045e-05
0.0003906586784919944
8.957071518985375e-05
3.9906818834488984e-05
0.0002050960274816809
7.359217858340461e-05
0.00018433826839326357
3.299261237837764e-05
8.280039529453823e-05
2.5674835799754593e-05
0.0001879149296473326
2.8237592441547288e-05
0.00021967641212839825
6.582618747034462e-05
7.38408287423645e-05
0.0001515863938703272
7.859749550954445e-05
0.00015641498768825568
0.00031934397802604414
7.782520984579968e-05
7.505189886211367e-05
0.00014111082530483487
7.402091513626951e-05
0.00014427448037811368
7.790741880237453e-05
0.00011187265109705153
4.326653833947992e-05
6.384149591097425e-05
0.00024202607201743022
7.24111715462135e-05
3.2174086015067065e-05
0.00012034681468266321
7.929556802539379e-05
0.0002417107920099878
0.00027875282483470125
0.00011811173868588345
9.027205933399004e-05
0.00010142411253869139
3.10332567271132e-05
0.00022995148181550437
4.330924739025276e-05
4.415500288687127e-05
3.6942667480497875e-05
7.801249428475413e-05
2.4948439377511068e-05
7.121691130982409e-05
0.00012746690513453217
0.0002832537411468544
3.236794807402524e-05
5.760503540347577e-05
5.587420413702103e-05
2.513586995977416e-05
0.00010866662256340126
6.252691212787097e-05
8.816379553012943e-05
9.167168837335849e-05
7.402683113127689e-05
0.00010890039878775173
7.294026947490337e-05
0.00015223820877896627
0.00014431496074633306
0.00017887601771655493
2.9723502592486905e-05
8.246591181426456e-05
0.00020567465555188278
6.327534971421452e-05
0.0002814340827723454
2.6219831990149258e-05
3.7726213088044576e-05
0.0002458132269222758
0.0001774424508559146
9.08438749066203e-05
4.0955709170039726e-05
0.00011245699942581478
2.733357242691155e-05
2.676607562780874e-05
0.00033239499787007896
5.978685894364384e-05
0.00010872876745251467
0.00010608418561827259
0.0001027988405097623
3.600200035563039e-05
5.10767271609315e-05
8.33273275920187e-05
5.3555316437463375e-05
5.031575517168578e-05
5.84967155721012e-05
0.00015434372021309327
7.608297128451634e-05
9.756089424214819e-05
8.619561807353872e-05
3.832560724305562e-05
0.00015238608808241169
0.00035409526121527734
0.000214067153968974
0.00013850555440806956
0.0001665060512755737
2.3105616839071774e-05
0.0002501955015800534
8.084864636837081e-05
0.00011128925873491225
4.778685372887889e-05
0.00010389015413126428
2.4793130413573883e-05
4.846565670142255e-05
3.064770927278299e-05
7.79703561605855e-05
0.00010764870308434135
0.00023408649227168906
0.00020236328514265498
0.0001412021322318791
3.4865862196503204e-05
0.00017932416526956978
5.674628634352357e-05
0.00012581308765212778
0.00013271445585094884
0.0003490447326656687
0.00015802507313334395
0.00024324259459951
0.00011231477121309064
0.0004356626955197573
3.911730229375823e-05
2.4458034444211127e-05
7.063017122778063e-05
3.472385438855276e-05
1.6082651814392072e-05
2.8270775529597076e-05
0.00011155761754923875
0.00028447531690940103
0.0001142956367781259
8.222191648436633e-05
0.00010604054515513499
2.172415760924352e-05
0.00019930665978719223
9.089324195148463e-05
0.00023618237488633488
2.6274751805696693e-05
6.060725304324466e-05
0.00028201547839078374
0.00014497856315983344
0.00021889278308065923
5.5420408340570485e-05
6.928431877656741e-05
5.878437280436706e-05
0.0002234268559114654
7.334330133272518e-05
0.00012650960717227913
5.068988471624536e-05
5.454529326307888e-05
9.669064976237285e-05
3.884230526269707e-05
9.40310007404116e-05
0.00018849548859469918
4.067011804741783e-05
8.042696589598325e-05
4.127756902485744e-05
0.00010248452710937488
0.00014340228532455816
3.075123386413966e-05
0.0001389942211468455
3.672354429631885e-05
3.6597545945267295e-05
2.4828827554708534e-05
4.4351779752227125e-05
2.7658850097618708e-05
0.0004445781154570508
0.00014982034543005646
0.00014584007832970392
4.425083125587871e-05
4.03485597341951e-05
2.3062355524898933e-05
9.31528204155126e-05
6.586634026150605e-05
0.00025471704341850534
0.00015504901290783486
4.015740461647965e-05
2.056695785642494e-05
7.110737610540676e-05
0.0001236776500069336
7.134418217265837e-05
0.000169680773347378
4.375278960625059e-05
5.0009324650316106e-05
0.0001953032679345359
0.00015580429495996146
0.0001146058593128761
0.0002663471370323219
0.00018949014966776115
0.0001280673641308356
0.0003287857508803641
4.690948580746485e-05
8.015525016360846e-05
5.225546994024291e-05
6.942951888146292e-05
0.0002828409935106304
3.0728186079979273e-05
8.704534950713687e-05
3.3110559039411266e-05
3.9478688121249825e-05
7.203358753850226e-05
8.098092360059176e-05
0.00011909444831217798
0.00023440556291787294
0.00010119425267874545
3.775576418758324e-05
0.0002388985306688031
7.251552061835185e-05
3.764564527972253e-05
2.531610204988615e-05
0.0001564635439855699
0.00013022326063369144
0.00013029606366348246
2.174689449351642e-05
5.731356398979703e-05
0.00018990343942526232
6.181166254732868e-05
0.000315887696043442
8.285736967570644e-05
5.560952413264059e-05
4.555302500822902e-05
0.00018573375734352762
4.8080918566710685e-05
0.00021075155002366354
0.0001592552519378023
7.784975813865904e-05
4.2949679252470796e-05
0.00029089274196289933
0.0001369986142904386
7.776868494127564e-05
0.00023347845124029458
6.626046507639163e-05
8.450509868798212e-05
8.120610895800937e-05
2.1577763475130122e-05
5.5380013495364875e-05
0.0003600289335134691
6.716427260024901e-05
0.00021999390627132752
9.276124010276196e-05
2.0577596637595283e-05
0.00012318460503288139
7.113082532491544e-05
0.00013280624042448586
3.1030328255598084e-05
0.00010623924446972257
6.646446230815753e-05
8.611406292803776e-05
0.0001407841861289602
3.727568364145552e-05
0.00024202380286520293
3.545751564689058e-05
5.9995839168538603e-05
6.859542094049928e-05
5.384632415600053e-05
4.776788407288548e-05
0.0002854288255136798
0.0001243697851582931
6.808209351446852e-05
2.66347217901066e-05
9.412887925416063e-05
0.00030321852784536286
5.416424631591995e-05
0.0003044651426473441
7.995796061141293e-05
0.00016290440345708766
8.149944942624875e-05
5.718883831337648e-05
0.0003389422369338282
0.00013508666761706742
0.00034087456760974416
6.122163369107935e-05
4.917826257924862e-05
0.00013108654581264368
1.9354490563915375e-05
4.754129549634018e-05
0.00030777861313708275
3.408378443192346e-05
7.212539161152009e-05
0.0001034911234909456
2.2708170739929495e-05
4.2464428773692e-05
0.00010024040935427625
0.0001130696557027257
4.031812990288432e-05
3.977795103541211e-05
0.00017727162215151737
1.8095643336777397e-05
8.776446771307364e-05
0.0002498840836748938
7.262087465608934e-05
3.63533617606395e-05
4.743415739986651e-05
9.497618614510697e-05
7.108797833560035e-05
7.976951463300376e-05
6.770464387018592e-05
0.00018358869757718527
9.641418682561233e-05
3.941403822168572e-05
5.2107187253337566e-05
4.520705489422844e-05
8.021745520870096e-05
8.287574139115979e-05
4.467918842044143e-05
9.428799650591387e-05
6.846688792837639e-05
0.00013234088904752668
0.00025937536318920007
9.64554324567255e-05
5.4185984174038154e-05
0.00011021571686621574
6.296066779444185e-05
5.854476896817816e-05
2.7884182508652972e-05
0.00014497570925094643
0.00019958213994790677
7.269717187519413e-05
0.00024067866090460245
5.2452839995650665e-05
0.00010140185969588333
0.00026883335327033107
4.9524789824090986e-05
5.270018650479832e-05
4.660679527791632e-05
0.00011396176116335099
0.00016834488244004883
6.143683004618783e-05
3.077343040604325e-05
8.871634201549811e-05
4.2657538567911515e-05
9.607429497183494e-05
0.00031192939858189987
0.0001426060750872794
0.00015818019677729087
0.00010117457630676731
0.00014572763321294758
1.3073536946895206e-05
3.955004799070321e-05
9.055547777622946e-05
9.747760937094112e-05
6.840299601055467e-05
6.54968349051585e-05
5.222878185043474e-05
0.000191751745658037
8.893587750126359e-05
5.814465762470787e-05
0.0003138562468451186
0.00038740813720436506
0.00023125642062140627
4.145565371911325e-05
0.00017646740333461706
7.464126870882276e-05
0.00016486162830540727
5.6407988063917065e-05
0.00020130444665002536
3.8404490168940736e-05
5.885405768321803e-05
8.995423602675765e-05
0.00013783326407669128
7.545493051002103e-05
0.0002729965720583393
3.890342988747808e-05
0.00011528594799995556
0.00029834674970566133
0.00011469587849064896
0.00028153887846523747
0.00018712982045733599
2.3089531496191505e-05
0.00021623203614049745
9.215632424892383e-05
2.8274719495103478e-05
5.729531160900607e-05
5.849804985258134e-05
0.00015802647693372753
3.926300911650564e-05
4.854379486328829e-05
5.581276133796145e-05
5.1556189733188415e-05
7.03384633495637e-05
0.00014423367471091104
4.976085060936613e-05
9.172360085201523e-05
0.00027475824609241104
2.8538583393983747e-05
0.00015087053279320926
5.0451984397127366e-05
6.230623015664808e-05
0.0001560942058292186
4.7771851915690146e-05
0.00022589187707270657
0.00011957782970960928
0.0001287046935045965
0.00016655077460127742
7.992380678142415e-05
0.0001208258918818769
0.00011477089336975899
0.0001769963148514072
8.721134776599595e-05
8.488051063560644e-05
8.086429980229467e-05
7.672112885659832e-05
2.700038737617293e-05
2.9893830075708357e-05
4.670593159955717e-05
0.00010924246679750735
4.158405779051018e-05
0.00014839768045628657
0.00011470636802965212
3.293249129533571e-05
8.278209174456059e-05
0.0002237537243333053
8.978671270669615e-05
4.1856429125543524e-05
0.0001419477266964572
0.00010327356121867811
3.684288241145121e-05
0.00010975377730499011
0.00014431715879191444
5.0258603753004675e-05
8.605767308091612e-05
0.00016624022941004444
4.578450702385313e-05
8.674568306947141e-05
7.160781503901971e-05
9.397461800012207e-05
7.000435152800893e-05
1.5202120299407733e-05
5.439919671818481e-05
0.000130707879717683
7.811053358923708e-05
7.362069949732212e-05
7.023836546977281e-05
6.369959221765752e-05
4.234241324521395e-05
7.486036836929263e-05
0.00024247958470588387
0.00012027062808160998
3.189113095762196e-05
1.756115191674341e-05
6.818120122750374e-05
8.249437053857323e-05
0.0001320772812345706
4.538355547421555e-05
4.468489343885354e-05
1.3031483902543874e-05
0.0001139321655537329
6.506966640692728e-05
0.0001235688205639147
3.211432959073746e-05
0.00017405497905286069
2.447585793743674e-05
6.048750404247073e-05
2.514072329103508e-05
3.0015621028084507e-05
5.723941700920169e-05
0.00019846597062839904
6.055232846521828e-05
0.00020877647735673127
9.138641721110675e-05
5.762501278869315e-05
3.558170579668576e-05
4.618427208706202e-05
4.772333217191136e-05
2.633540070539084e-05
7.531102592491427e-05
7.70591575337618e-05
6.181685100447313e-05
4.7670344178012475e-05
6.019558692213473e-05
0.00023106107874399818
0.00046572225363273456
5.754686033142782e-05
0.0001507372537820846
3.4421801941409154e-05
0.00011719568582562053
3.702224321969157e-05
4.046633558923417e-05
0.00012307761649436088
0.00010658872385866131
9.836713022382592e-05
4.474249914107282e-05
3.126201598972385e-05
6.238885204621147e-05
4.921016864121277e-05
0.000142606189222014
0.00030117011876070203
0.0003413931456226414
0.00011291206925682742
3.585799839786277e-05
0.00014067834935763439
8.514974398517073e-05
4.885695964172582e-05
3.236622024876627e-05
0.00012404168483299075
0.00010464202819332724
3.856738645962921e-05
2.6738789578572392e-05
0.0007441551235198446
4.121504068141933e-05
6.547576676461025e-05
4.813008487627888e-05
7.476135795710525e-05
2.9331166177647656e-05
6.79432127481972e-05
3.087706486174786e-05
0.0002321282218716635
0.00010805064287945701
0.0003683620287283684
3.76765449795326e-05
5.0725314061524765e-05
2.8998031266968292e-05
6.143797399422403e-05
4.720910708715826e-05
2.7497052713277748e-05
2.41551967839782e-05
0.00011198477291733063
0.0001144475090978186
0.00020337883574881257
8.92502299405194e-05
4.5911018293388974e-05
8.808832158395792e-05
0.00013201170876279416
7.119476317392966e-05
2.6377423488910015e-05
0.00014599488607707617
4.22168598539437e-05
9.251281834774113e-05
0.00023051789839543087
4.9492205204808976e-05
9.396995583694802e-05
8.179608826883088e-05
7.505381726703074e-05
0.00012164195896235714
0.00022911015241644113
4.015788460411138e-05
5.96962522202324e-05
7.968712415372564e-05
0.00021752870250737634
6.70088762648269e-05
0.00013718308620944974
0.00010508152781533136
0.00015403964368597333
2.9605924888559154e-05
0.0001684221984836825
0.0001061137863834298
0.00017893136105193811
0.00013461760559733851
8.955223096238366e-05
3.6973446611799626e-05
7.517598335262231e-05
3.153959213969624e-05
0.00013465883413911557
5.02412620294439e-05
7.474795335852175e-05
9.123385085606697e-05
0.0001448327050244519
0.00010801165289178799
0.00024002738029303756
0.00024509720249907036
0.00011348544598685774
0.0006326960683991066
0.00016401702099297998
2.1468947005612954e-05
0.00024001971488986191
4.440630073692014e-05
2.6725663518996178e-05
9.492486977940269e-05
9.337813572992888e-05
6.484891730334376e-05
4.8888643045845776e-05
9.779632828156638e-05
4.702067864138508e-05
6.962173296396078e-05
0.00012596985348056614
4.782638494472509e-05
6.051393375324238e-05
0.0003399960076903265
0.000386315064640975
3.0319910890375435e-05
4.6035860632492303e-05
8.391156633453172e-05
0.0002504469081724406
6.087215703520059e-05
7.447923263860146e-05
3.772720810878234e-05
3.644209928611001e-05
6.297203440275027e-05
2.5137610565872922e-05
3.975593443581654e-05
0.00036614647954746416
3.359568579943057e-05
5.167452635045365e-05
4.1422258688839546e-05
9.156244607726814e-05
2.233488576132239e-05
1.6616886178089902e-05
9.188277075958719e-05
6.350089357315183e-05
3.434076347427653e-05
0.000153903220830512
8.773033162284467e-05
0.00012761888762548865
7.154337974591888e-05
4.8550105813652634e-05
3.52564418740657e-05
0.00031193837375036876
5.3912710422247886e-05
2.393603761712594e-05
0.00021758402251459327
8.196120803605816e-05
6.664475248691246e-05
0.00011697224929051476
0.0002027219038186473
0.00014421881627484312
2.9728845935982834e-05
3.2913935329829824e-05
4.787868355507917e-05
3.333622311715128e-05
0.00025962400371895984
4.410446304328481e-05
0.00020686116998606976
0.0001179458998988612
5.251799333563752e-05
5.692991976614651e-05
0.00010394664599273248
4.9987986740684686e-05
6.26170150818526e-05
0.0001218888094534069
4.984049603167178e-05
0.00012291840317415714
6.157129717407561e-05
5.45314434531696e-05
6.205986020511734e-05
0.00012529414964422016
7.840471076316073e-05
5.4960072496240465e-05
5.9647167324322556e-05
0.00014225791139472815
3.1340583995027306e-05
0.00010746499694381567
3.413695811062493e-05
3.792846203716402e-05
7.642125281184972e-05
3.476999676133229e-05
0.00010982614426685432
9.896084701944422e-05
0.0001308516047191534
0.00013247193997733
2.612996911742459e-05
6.450193123049063e-05
3.4633191190150895e-05
5.2464439801290504e-05
6.481639711039743e-05
3.910389147755793e-05
0.00021455024867040638
4.3149966038282256e-05
0.00016281579153055805
5.717405939781703e-05
7.49069898882945e-05
0.00011341843157564523
3.536895832016437e-05
3.376801318909587e-05
7.485564379872778e-05
0.00015375704470061555
6.406131359687008e-05
6.308381214746106e-05
9.771520511224983e-05
0.00011929726248525709
4.575608352747298e-05
0.00015163158238985737
0.00015753245136414365
5.36890522648187e-05
5.641147025204706e-05
3.855620370340457e-05
5.265422956261227e-05
0.00013620311082214464
5.2606674398051866e-05
2.7075722266671822e-05
5.505936304147887e-05
2.9057133759901125e-05
0.00017744853345290823
0.00014922530878146742
4.5681579670629394e-05
3.440034672148044e-05
5.7776659436248964e-05
0.00014137791932021263
2.701152237621682e-05
7.762081192970422e-05
0.00011409298961552029
3.1778280664035876e-05
1.5223730899322927e-05
5.7125602460392486e-05
0.00030218497458805977
7.054850052475758e-05
0.0001633881464510705
9.319625685362643e-05
7.152533582625956e-05
4.565998570663171e-05
0.00015112039991227764
8.182830792351804e-05
0.0001141074101988122
4.428834562657678e-05
4.529370929365282e-05
0.00014863205168328316
7.586850534519305e-05
3.38367017528683e-05
3.559669496629256e-05
5.641631603168499e-05
9.040205131954985e-05
6.13500672216181e-05
5.5603435408275755e-05
0.0001485783633090573
0.00017275778028383396
6.330015623193926e-05
9.147719323656228e-05
2.679111014479822e-05
0.00010100457434629426
3.744084084101719e-05
4.823956031814905e-05
0.00018621631745574833
0.00015576180961062691
2.7549327805322285e-05
0.00030483656048082875
0.000265151423339384
9.101259084550043e-05
0.00025999366401036343
0.00011670450118562799
5.131487431358721e-05
7.790366682263943e-05
4.849093699951482e-05
4.6386002215850326e-05
0.00012352534368124886
5.129134567256914e-05
3.94268984486534e-05
0.00015473201357902187
0.00023404555762783548
8.323230886109964e-05
0.00025120097717002456
0.00013186654508414713
2.6270334364290193e-05
2.12924232150397e-05
9.353304207163147e-05
4.993510647429221e-05
4.226992573985071e-05
0.00010663388780936232
0.00010436617287295869
9.950509003187614e-05
0.00012818648299764939
0.0002466647521926867
0.00013352647479140454
0.00013760894997058833
0.00014462826201504415
3.7665662253543975e-05
4.998339808469283e-05
2.9785541673660848e-05
7.205165274545164e-05
0.00015113057609809157
9.001945560102648e-05
0.00048241241614964837
5.7229576763493855e-05
4.555277911741149e-05
2.861763665300941e-05
4.7722359937928375e-05
0.00023652652140201583
4.6127671566884636e-05
5.807469258284712e-05
0.0002526583098106337
7.378332617589087e-05
0.00010712416864639196
4.1586416871425195e-05
3.4350969675498074e-05
7.178534904621027e-05
5.295452359696834e-05
0.00010739874039175477
9.316607748873031e-05
0.00010732512649040771
3.9480077638677186e-05
3.9882899309906283e-05
1.6974444784515785e-05
0.00016166046463983943
0.00027888692028906875
0.00015500204438096047
3.422955251397342e-05
0.00011797051272045593
0.00012276777909558085
0.00018767934246315926
6.77227800722425e-05
0.0002050680787347396
3.668148743805201e-05
8.038171672941876e-05
0.0001583011504779488
6.498860838172806e-05
9.976066758425397e-05
7.694968624094048e-05
9.486837053483399e-05
5.9292959640273056e-05
4.5242742066761946e-05
7.512805484997369e-05
3.652327378059935e-05
2.2898102522890585e-05
1.5171633797842087e-05
7.747306154321952e-05
9.066064917282279e-05
0.0001432390273885817
4.80432138444797e-05
8.901585809993472e-05
0.00012812957375305252
9.787560234335314e-05
6.55370927066595e-05
0.0002676730630722958
0.000110374616206975
8.723605357136038e-05
5.864161098738386e-05
0.00010157484532381789
3.273230476954964e-05
0.00019751671899726213
9.277453982007571e-05
4.959400360006747e-05
5.553323432478846e-05
0.00020024620324503404
5.9345662640011135e-05
2.9184936894179913e-05
2.9061455705896157e-05
0.00013664691277337534
6.95819403107517e-05
3.148425149930051e-05
4.5327482222512696e-05
5.79940207184227e-05
5.186244516379275e-05
0.00012349005518077312
4.2077690663868054e-05
0.000472333828836448
0.0001047868147845641
5.6408352644507324e-05
5.7358853374121065e-05
9.201664674928607e-05
6.231596830704121e-05
8.336335431009325e-05
0.0001558660777041128
3.572083135609321e-05
6.377613349770864e-05
8.02410474329957e-05
0.00010002606348422979
5.451890039845594e-05
6.446867088451947e-05
3.7669915701951895e-05
4.58289070329707e-05
4.899241821131843e-05
3.4270276103296905e-05
4.010949342920495e-05
3.521058046294246e-05
3.257459593191811e-05
0.00013188524970866102
0.00011197856521485687
3.412771113091411e-05
3.4577335589296374e-05
0.00011055497063426163
5.6783483328046966e-05
5.47996096308756e-05
0.00010291016657986557
3.9630594086805336e-05
3.374594923391566e-05
7.386217300259752e-05
2.6206378351949705e-05
0.0001437991287629046
5.424650982857707e-05
4.669829313003969e-05
3.484821044730067e-05
0.00017755908669907404
5.811293411875003e-05
3.376294352376655e-05
3.8780825702214384e-05
4.3801932488163714e-05
0.00011160780317871945
2.2723993270625087e-05
3.2142843869886266e-05
5.5576334400201856e-05
2.5908080999845198e-05
0.00014059381285739806
0.00010172196297153718
3.2111161275122805e-05
0.00020634114310971266
2.1569383033629475e-05
2.4761892948365304e-05
6.42484033133976e-05
8.225101667799261e-05
5.4912703761425884e-05
4.504864980590039e-05
2.350096660978149e-05
4.6940228019780853e-05
2.3565728656095455e-05
8.744974052611755e-05
2.3342744861718462e-05
3.0575099843649114e-05
4.669851397706e-05
7.26333576649424e-05
4.9332178915532944e-05
4.531084702774272e-05
6.838288333727344e-05
5.6749319743545105e-05
5.365505044622389e-05
6.192393767382972e-05
4.2961353862014924e-05
0.00012706971991134663
7.288950489691825e-05
6.146352845727224e-05
0.00010522947874957486
4.5777706671662064e-05
0.00013473471206326899
0.00016545982470418885
0.00016977848796964544
0.0002311972127256627
0.0001023843865987491
3.5074976433572855e-05
8.239426036532283e-05
0.000264417370308455
2.7770727643627535e-05
6.674280281534155e-05
7.243976985219403e-05
2.5558723121719708e-05
9.584964370596684e-05
2.255639354288598e-05
0.00026400122842283065
3.784440606859144e-05
0.00018323770268214494
3.522350090582266e-05
6.650236897930908e-05
4.6121018709612474e-05
5.3666381126682464e-05
3.803545815654308e-05
5.0077596448555586e-05
4.406875373811427e-05
8.761718378171337e-05
1.977125320141235e-05
2.8960131792331575e-05
0.00010955898311934916
6.906506562367262e-05
4.825526600470747e-05
7.940051686866028e-05
0.00011817236009387882
2.0108598308471507e-05
6.419141339120855e-05
5.898373194123466e-05
4.5875271580303124e-05
4.184633124761873e-05
3.540137313380096e-05
9.159939135835344e-05
4.602135063916735e-05
3.773997604945017e-05
0.00011526687291336696
2.656969492247444e-05
9.325881755743592e-05
5.6616682754832036e-05
0.00011072755456854502
7.60894776500013e-05
4.256325618966754e-05
5.1316608251484886e-05
0.00022403215682039642
8.733716077999544e-05
8.688189979076781e-05
4.0719751404335794e-05
0.00013019240326669662
6.372497396643311e-05
9.946171199860604e-05
0.00010772614528258912
3.834645615071423e-05
0.00022763851783904156
5.263556061779636e-05
0.00012542863718458216
6.968685843887013e-05
0.00010452022653548897
0.00014305026413587008
0.0001185956652670022
0.00028149485085841375
3.827719657500643e-05
3.119414409531617e-05
9.004012678837082e-05
4.027691778272317e-05
4.022557195778023e-05
0.00013283879000344906
4.7395024070428894e-05
0.0001133195011870129
6.696222592053753e-05
0.00012508076395862245
8.107087146652135e-05
7.388940125237328e-05
4.714182602381906e-05
4.6915422865792635e-05
8.205846398434978e-05
0.00010478085893164056
6.645033509338757e-05
7.265770605904176e-05
9.267807519047121e-05
6.12955776780017e-05
4.013847464508172e-05
4.434771280469183e-05
5.891645206537363e-05
0.00019366245955319982
2.3029345821756718e-05
4.3780758735748476e-05
8.30946153457885e-05
4.9093589760861226e-05
3.611336444611288e-05
8.18081900814079e-05
6.529609094321186e-05
2.8798682895029825e-05
5.201200470548629e-05
7.944175447707661e-05
5.359842913560085e-05
5.0406333071766455e-05
5.9825096842021785e-05
5.320368967916143e-05
3.714958906686094e-05
6.318761777368739e-05
0.00024494411493096706
4.2693031644167944e-05
2.3513478780653826e-05
0.00017382875017345832
0.00021281823315139024
3.2478095211310004e-05
3.2906440692429976e-05
6.684203919651892e-05
3.666922333448527e-05
2.1829213414125355e-05
6.02655419141139e-05
2.8938205889204536e-05
4.5848742817638405e-05
3.0602401920775466e-05
0.00013014645184547972
5.00090909498497e-05
7.022812242790097e-05
9.624952802573865e-05
5.5794059879368894e-05
5.449715723672311e-05
5.053281929288757e-05
3.0263525746862967e-05
3.9423775171604835e-05
3.7684876478110956e-05
3.390591712335733e-05
2.9298873665875464e-05
5.563467464990087e-05
0.00014070153183981868
2.9928814315769236e-05
2.161853314125551e-05
9.885302343730701e-05
5.3070482788053776e-05
7.713329153069507e-05
0.0002366538444363091
3.468679121841375e-05
7.629802987270024e-05
3.324324883269594e-05
6.33490566630719e-05
6.233050972524065e-05
2.5803406563685414e-05
4.5860131258956115e-05
2.3717189524884132e-05
6.904649309488799e-05
2.7153919361875595e-05
0.0002747731512301528
3.0047562817792936e-05
3.9098075428932656e-05
5.810479140130088e-05
4.613515740742201e-05
8.321289805473094e-05
2.277665018140847e-05
2.0618331091618526e-05
6.971614157914677e-05
7.217633880602716e-05
2.6944022853536468e-05
8.669990659619523e-05
7.853536744264182e-05
3.363113332942823e-05
0.00022700668028580807
5.032873548744327e-05
2.5467537086749805e-05
4.697577885506703e-05
0.00010227865780966585
4.1098299803097914e-05
0.00015070537897212818
3.401359441835713e-05
0.00010419693229284052
5.4950814753118685e-05
6.491156601977108e-05
3.07016883364327e-05
4.239157084414687e-05
4.800291652220812e-05
9.303318933970115e-05
9.237092679040386e-05
5.201079321632453e-05
7.126562044267016e-05
3.510574337122911e-05
0.00012208539318397712
6.0547301897990576e-05
7.308867766448834e-05
3.381987967170831e-05
5.840044194569916e-05
8.312747669245669e-05
2.335464318214351e-05
0.00017291976046643036
5.4135339832735116e-05
3.560182691036309e-05
0.0001299351893301618
7.23126110187314e-05
3.483698398434e-05
2.877328360551223e-05
3.7920048347768134e-05
2.401551196049984e-05
6.280515532315979e-05
8.323584283164521e-05
4.2505121226500864e-05
0.00017394513672352427
0.00015221524046258494
9.840324089291061e-05
3.499317710377693e-05
3.2231892232687774e-05
0.00010012889027849665
8.182091061904351e-05
3.778435488040535e-05
4.05370696067736e-05
0.00018870141696123257
2.6776355270288278e-05
3.26014822807453e-05
5.744470744219011e-05
2.4964998253609054e-05
4.883862488361689e-05
3.3135132208354575e-05
3.8570206132811875e-05
2.4424362717611787e-05
8.315275858662885e-05
0.00011412138003132523
4.729365478353639e-05
6.416085222491956e-05
4.020700147204807e-05
6.930811362397746e-05
5.846539301842199e-05
6.53797174816616e-05
0.00011830551778074333
3.9667457836470516e-05
2.900719992002816e-05
5.135398859543814e-05
4.757772803539582e-05
4.075404680670813e-05
4.2798783142158855e-05
9.115693684314304e-05
3.879387079603543e-05
6.282244529767325e-05
3.589406289404576e-05
9.953390537826105e-05
2.567785532999492e-05
6.817371804585079e-05
2.4641170096927083e-05
0.00019288182912446047
4.8173630946318e-05
4.3699094368430824e-05
5.6821152301631495e-05
0.00011009729772048974
5.6298449281941866e-05
0.00012031992061559619
0.00010409323014003983
0.0001140188364845656
9.357370516810633e-05
7.004074409477397e-05
4.34189389621919e-05
7.276537177937944e-05
5.18697192010243e-05
1.981029870790743e-05
0.00013516021872228475
9.929932800702734e-05
0.0001074206783136665
5.987798060956576e-05
0.00011382102727946919
0.00013481273811995955
2.965621171386149e-05
5.501269613027637e-05
4.896946687642616e-05
0.00018850243742945703
6.831437780885755e-05
7.394782779971234e-05
7.245203252770991e-05
5.826267084593583e-05
4.895966473527055e-05
0.00016422817525948765
2.4759501901343045e-05
8.966655077537947e-05
2.5724359510325582e-05
0.00020954408233247367
0.00011382193300903091
2.5198545756186464e-05
8.655894883480363e-05
0.0001524558749874289
0.00015859059018069767
8.533213304248698e-05
7.679068090531633e-05
2.5436039331818555e-05
2.343347369383538e-05
3.729118483308175e-05
3.764657310871489e-05
7.029731621289988e-05
0.000111144430792308
4.8160304506409616e-05
0.0002877134184012031
0.0001134412739852577
0.00014210761953618764
1.4568941370371352e-05
3.7448407542336085e-05
4.2487182359853985e-05
4.331872957975275e-05
2.301960144896772e-05
7.662816621680297e-05
5.405268491260595e-05
5.496338202902905e-05
7.408513509935177e-05
5.69848455049317e-05
4.821573563848925e-05
5.000252235011242e-05
7.329637440136778e-05
5.167986993128152e-05
9.272143915515527e-05
0.0001817884286630388