0.057305150942166
0.10246475072366995
0.013847108647453029
0.05388242057057165
0.05590037447979099
0.015596173120859386
0.0790897737945704
0.03229352512922108
0.06880363098713889
0.061091300420452806
0.011272170805175908
0.032262096235753115
0.029856930325169374
0.015244163205933949
0.016299599584977235
0.010104456039652996
0.049515770970497704
0.011649379618956223
0.007252474706648525
0.022583659582608866
0.012006463618871805
0.012064019754332763
0.004286201937800494
0.005387010118675617
0.005373676901949543
0.004537544299006653
0.027975518767088127
0.01097801967727234
0.013028735432459557
0.006268283662777421
0.008024230706139656
0.0123097062023091
0.010309911854072793
0.014698827000302131
0.004383386788356137
0.010091018526373114
0.017525526183080113
0.008480324010502178
0.011562132394008924
0.0041521493666968985
0.005203955738440038
0.01686410578856845
0.00393491692098237
0.009030316422190683
0.0062633015170306195
0.0016386690371082788
0.0030747176404976842
0.0051288498436593945
0.0071647597747162
0.011009390112265266
0.008644724901249408
0.008100177381738405
0.014668554214645853
0.003160362812065417
0.005372244053009825
0.010568805442258033
0.019405403892579404
0.0028574214747062324
0.010129743956883009
0.004071395798942263
0.003880297347156391
0.0044125044463587315
0.008169240643078838
0.005379046496124424
0.012990145981048605
0.003606461523406681
0.0077816686885974545
0.0018553445325497854
0.003921037402484745
0.0028429246420467688
0.0042829534450778564
0.002875698484121581
0.004421171912835602
0.00612299551339248
0.007025195904083946
0.0034800137800868524
0.0018191605899282154
0.008447072659886812
0.0032624046555372373
0.0014257022195414363
0.0013667819713778517
0.0018816528086502862
0.004608254427718791
0.0037665945321465983
0.0007975578548280771
0.0037116835816102724
0.001669035908202581
0.0019223255006051076
0.001626722528546953
0.004047948933668463
0.010380912755114859
0.0017577378450243692
0.0010368208212518364
0.0019156619332234715
0.007179024763534449
0.0006761386509704415
0.004166313829003814
0.005017898035905519
0.009322401433007405
0.004081882450642357
0.001582161288226889
0.005659843887064291
0.001307798719343291
0.0019735730090958956
0.006889836654308877
0.0021047961705247717
0.00282858272377346
0.0021414997375036712
0.0032302987032394727
0.0013027602236966892
0.00026656854925862834
0.0020226636209698967
0.003992300429929508
0.0016870838960835839
0.007497362645100672
0.01108983962078787
0.0008285893599753348
0.0006685484775167752
0.0043976223237488735
0.0018562184834239116
0.0027375073640376773
0.0018315854827196314
0.002960173273829151
0.0035699750333580502
0.0014481098235942828
0.0030538829397387304
0.0016946959431366254
0.004590194640545521
0.00212705563106161
0.0033339002636360816
0.0021084166161117264
0.0020038149890331098
0.00187292140063387
0.0025855378888701066
0.0039434026041527525
0.001510431599992667
0.0020073952304176233
0.0013360039126314243
0.0027010768829064708
0.0021216609419395507
0.0015269437879399442
0.0027023484604333167
0.004374316793436988
0.0024256006291408375
0.0040461090133742045
0.003063710813674875
0.0014842554449323929
0.005661672780785777
0.003159086288973346
0.0023383728940658244
0.0008970229081880315
0.0031555646340999197
0.004658954266332737
0.0007426271832659579
0.001478201789617365
0.0005809456016670389
0.0032025104608106457
0.0015789014709238977
0.003227480092944355
0.002005881968065177
0.0011362354846773087
0.0016253427472452942
0.0012485703027906878
0.000753487820571905
0.001357453146179372
0.002293816291441253
0.0013927667142219554
0.0023316339585376764
0.003031892604502975
0.000262014278204522
0.0019046055756609828
0.0008076534416817046
0.0017504760901302255
0.002562484573727059
0.003852392142847356
0.0015508058515552538
0.00556794596419547
0.008080047553614023
0.002073369426703144
0.0017926177648420949
0.00027090906308989014
0.0013232752992727718
0.001421952999448492
0.0007309003173754751
0.0010294134125884858
0.0029110075579941133
0.002063351383078929
0.0012744596263726165
0.0019377086894902045
0.0005847155777652238
0.003031104163131611
0.0030750889122448492
0.0012081336127344033
0.002618874617927278
0.0011374175825310767
0.0009973426829869086
0.0037183024718416714
0.0016024852325019052
0.0011769145766669191
0.0002454945992529241
0.0018762993498952628
0.0012057421203011932
0.0016704777495253388
0.00026932050316595587
0.0012764671053314158
0.0007645064266395506
0.0012404072558601285
0.00028538752893858706
0.0014731248549503678
0.00020674891657812534
0.0013849600854392333
0.0006992889182943136
0.00382266778744963
0.002900546176667235
0.0006169283661280026
0.0009721176345228124
0.0014999132913352921
0.0047576855262021055
0.004515047543409352
0.0019714577725116326
0.004075896218916398
0.0027889458578413736
0.0009954913296148019
0.0027001196722479612
0.0026836238906224694
0.0021012206686824068
0.001545786185906514
0.0018025037002073066
0.000589271623099084
0.0016417802238193832
0.0019104280629246347
0.00444714298554029
0.0013614915268746611
0.0004897084753086867
0.0008274262930311954
0.0012113755544579555
0.0018358175471212684
0.00510938080828587
0.0009545481293635943
0.00022489784521373328
0.004019563102910873
0.0009317407113541916
0.0011761487089479118
0.0015362295436305796
0.0022156294623228378
0.0013371477844578495
0.005161147046773095
0.002179962962260985
0.0008910734639207786
0.00047725983443158357
0.00204362439393319
0.0034613252840397465
0.0010777907432754903
0.0015475169693462778
0.0006172728375718921
0.0007240262822453298
0.0014083479403528456
0.002676153548778857
0.0011877980793203373
0.0016322495997979258
0.0006666654926643836
0.0017584926679387832
0.0007227614876629627
0.0021241500684302797
0.0015641477335682724
0.004182808934963551
0.001674342422108285
0.000786664382622594
0.00032132647411702486
0.002176553141046859
0.0007851966187452651
0.0005332759038687593
0.004633203015921578
0.0006558038836664039
0.0007379196891890194
0.0006276138850494108
0.000434878632832209
0.0007651675224460038
0.0008537669786562819
0.0005061388723484342
0.002256917442252926
0.0008877169923177705
0.007902718224308533
0.004915505766844317
0.0006783666323005841
0.00129524757752508
0.0007677573094738951
0.0009519621095662303
0.0020148455874156672
0.0014654416124322486
0.0015510342878470701
0.0027636862458644
0.0015896512358690546
0.0010982750653441451
0.0003816348849128185
0.0010568852084023059
0.000630138040252703
0.0027195565442741797
0.0024978299674186665
0.0005030963575023568
0.00030205208240455207
0.00011227054453372144
0.0005715703743025005
5.411476462178531e-05
0.0009304553544468799
0.002168843277756586
0.0008506095289734193
0.0014460603041962189
0.0014775137999765533
0.0031349491773208227
0.0008321419066153054
0.0011729605864834547
0.00024363320028130363
0.0006442298516760233
0.0017771237567733508
0.0033533564726460586
0.0015042053543399846
0.00029868666809920925
0.00044759726497451075
0.0007447168935515602
0.0005404315013073644
0.0026488023385593767
0.0005437168076395177
0.0002750075681980843
0.0015576533940832597
0.0026221558317452024
0.000391460935436164
0.00024336441652375473
0.0010423107331633933
0.001628740781667902
0.002897285587632371
0.0010714632817683547
0.0006247209277580051
0.0004099200043024246
0.0009133822729793966
0.0014123675994035583
0.0005921046187706783
0.00013850236022265155
0.0009957122676456857
0.0007874323817837519
0.0026020172401620507
0.002497899304960105
0.0013673502030814837
0.0013157509351978353
0.0006095832758625441
0.001111249775624915
0.003775134392581206
0.0006024792917943738
0.000951954994957854
0.0023087348051488554
0.0009461454212578575
0.0003109592984147025
0.001190064628255482
0.0004468391738737665
0.0013261983404326881
0.0006885078941752295
0.0006276898276992023
0.0006073922621397176
0.00012486722615282948
0.002043422924818234
0.00045179918313948027
0.0005645771265557827
0.0011276243193467073
0.0006910421715070216
0.00026003974340611563
0.0006714054156295958
0.0014767373460041937
0.0004955110376895675
0.0007309752240944625
0.0016423073155880188
0.002695240920606129
0.0006912822841547502
0.00014648025757482501
0.0020300057558171746
0.0010000001706654518
0.00016983105279135831
0.0005879259134567465
0.00022923259949667713
0.0015460352276955016
0.0007355480449394742
0.0003355824888073985
0.0017281405017323323
0.0017222823070813928
0.0014958183669099845
9.624820734937547e-05
0.0007170396668656757
0.0032653350708586795
0.0017522986086554284
0.00011265353589510606
0.0005979746027027422
0.0005958257586054083
0.001046643641361347
0.0004885104511420551
0.0013161646279481827
0.0012731041529978617
0.0012694721371728603
0.0010817755129892553
0.0017493076346500344
0.0002717992155917896
0.0012134154076049203
0.0003400061443073
0.001100089184763366
0.0015946074113401191
0.00156839777237525
0.0011238319691062547
0.00015039004235600572
0.0008139448097195624
0.00021195052656468628
0.0016177200934786005
0.0006054470260847759
0.00239519640072097
0.00020362573321851073
0.0005486276444161201
0.000998644429117923
0.0013824622871971724
0.0002580791913357582
0.0013257736627937727
0.0006634171589259713
0.0002885148141737601
0.0008380562524194641
0.0008286095763152371
0.0005274271273196362
0.0007462738400583797
0.00019914164731631585
0.0011614504160841466
0.0012670429582523055
0.0007766139909311802
0.0018632996370026406
0.0014475511873632539
0.0006265309949318537
0.0005291810321041445
0.00033606445492541983
0.0012372815290759627
0.00013160134309352716
0.0010390055938077195
0.00036714957895111144
0.0005249171266057778
0.0008725701391451912
0.0006699385349846278
0.0007700328249432034
0.00013502105811153106
0.0007154772415299861
0.0011023512086943815
0.0010946527784316074
0.0005434127948693996
0.0014304642782049252
0.0007853939214976401
0.0014609501888872133
0.0009790971531517501
0.0013274701006865603
0.0009812025673291308
0.0012424597481976976
0.0008103844748389609
0.0017752072121225131
0.0017010390882988694
0.00027554528265286805
0.0006691918436681808
0.0003781357457706685
0.0004387108689747711
0.00022144202209723086
0.00038981425563450764
0.0008719472325319801
0.0006505513478914691
0.0015768242406760625
0.0003650604242041006
0.00015178343268924688
0.00039828398446149175
0.001393856940898748
0.0016985858521090741
0.0009407934523362439
0.0005343418444795513
0.000637198617061305
0.00041794356548652956
0.0008204024790592155
0.0012091236928368182
0.0004941616983608288
0.0005829728705540635
0.0009668591977998683
0.0027172795211761903
0.0008899853124605783
0.0016588508905367267
0.0005273466117615408
0.0009366178247205879
0.000335303903105757
0.0005071397075824851
0.00032534576477998933
0.0003468909923996657
0.0006136465470600456
0.00048149719499693527
0.0005529770453452003
0.0025894338394273513
0.0008760085568662655
0.0010904759721240024
0.0010987331417479157
0.0019777801240360112
0.000487837705996258
0.0008826202260276662
0.0006833999535588184
0.00046494482633049417
0.000712894908609744
0.0006070899497481126
0.0004516823847206365
0.0007442561410906559
0.0003307905503258517
0.002136753530708846
0.0008511622250029201
0.001466506308356252
0.0010094876271190113
0.0006253976597730128
0.0008499063211647176
0.0008643209812454004
0.00098548002022463
0.00023130170495564716
0.0008106959254912194
0.001296030673375757
0.000628411332475439
0.0012450097011208947
0.0006715888586834574
0.0005938225546010867
0.0005485899950592576
0.0012569314183220645
0.0006726233548841067
0.0008248017041222334
0.00031059107800403924
0.0004906085233165985
0.001859663885665992
0.0004342082296727348
0.0005444311012811042
0.00011395044626952378
0.0009032731131124732
0.0005681440839975915
0.0009123090090853688
0.0011543702774133035
0.001189160582928762
0.00048530535050496306
0.001116340073591095
0.0012959898286939804
0.0006610225467797468
0.0006832341243819935
0.000565086648627143
0.0030892039275275465
0.00022087695695874446
0.0013063310269935053
0.000505067077636662
0.0010505052581679442
0.00019579519968116466
0.00022880164867252967
0.001260698074954014
0.0003634449994970075
0.0004180212735830933
0.00023411106227725842
0.0006537494404345638
0.0013936029012427764
0.00014936994297500973
0.0007648982113417999
0.0003207463954397769
0.0004109746860393253
0.0008074895064782879
0.00016633433696546345
0.0010735201405370147
0.00033436985289961226
0.0010060429774318201
0.00037894614399457783
0.00024581698413511714
0.00018571168185507565
0.00031164880706244485
0.0009537481397169846
0.0010419274250933642
0.0006416834240841586
8.472623926936523e-05
0.0002560310810920201
0.0003597301249980291
0.0011003166707428018
0.0006591796209612407
0.0007522264054829123
0.00025302734486352084
0.0005231436245797122
0.0006247809515410264
0.0011897818225158503
0.00036158494670883884
0.0023724326007731125
0.00040441126685613444
0.0005453768585840611
0.00011826389079695008
0.0010801613300884718
0.0023680008849358792
0.00016069778090709323
0.0008871678325624647
0.0011319633432700822
0.0009754024363429747
0.0003194051381561074
0.00043875808838539913
0.0007638004628647991
0.0006131560611253924
0.00044329746746928745
0.0009697920613863578
0.000868911945991452
8.501217159413843e-05
0.00026760982225206047
0.0011312518999324237
0.0007088697334565588
0.0014006230431724642
0.0005036510328125403
0.00010231892415135624
0.000562052805059336
0.0005663782443018114
0.0005851801179905131
0.0015168098175134567
0.00022722195223387636
0.0010455809102415765
0.000675622429376268
0.0006138673940143889
0.0004760445418446355
0.0004399253083251693
0.0011532637883994688
0.0004599739694856464
0.00022393053702634102
0.0013287359459070967
0.00026652150521890456
0.0003296130397250804
0.0009226818621698324
0.0003753453551963239
0.0010542165498742635
0.00016554113619994635
0.0007374593500993238
0.0005421249448195236
8.822081626222018e-05
0.0002740366664625829
0.00020113855381481574
0.0007230541281767558
0.0004443547652789026
8.586154737023824e-05
0.00021125394091494172
0.00042490536516092943
0.00047854180177414856
0.00048395978872578353
0.0003508358847800194
0.0003207129722844374
0.00016988180198354545
0.0010953013712066036
0.0001682559920412167
0.0013843893950825604
0.0011606731245057955
0.0006412539287316378
0.0013506708869118166
0.001112800004697896
0.0007943027331695729
0.0008105701896738647
0.0005746328191270324
0.0012400270505384915
7.946988647306826e-05
0.0004367945024085672
0.0006497839461151166
0.0010404659703514838
0.0005846828451215812
0.0006570583958564236
0.00016389535334033312
0.00023248618703720794
0.0013094042401728492
0.001772428922133135
0.0003807684152174427
0.0004938070543025387
0.00041818719471526446
0.0013964849774789718
0.0002489601439538085
0.00032150926500227483
0.0008700233076271315
0.00033175715612805765
0.0001335579847491985
0.00030013461771033066
0.0010700905385376898
0.0005903862128074696
0.0003596997893054046
0.00014429429838336212
0.0006472797272170086
0.0013603707535499434
0.0006581754625343437
0.0003859462051792234
0.000468986372973052
0.00018145338162511848
0.00011383645675130035
0.000943733069352077
0.00037949225611910866
0.0003260595255802211
0.00016922509103174733
0.00018511323845281784
0.0005126234599143559
0.00018060772356897112
0.0007501757346880142
0.0002442435979193723
0.0006548267817760329
0.00013738214799216826
0.00013471410263855133
0.0010263466435131065
0.00021444554450242512
0.0006417258732963232
0.0004931803843036526
0.0006048532156872883
0.0001055565602979752
0.00017863056641287506
0.0005285900050261039
0.0014301846350197143
0.0004393933514001012
0.0002378865801486677
0.00045560862099735535
0.0002663705611383221
0.0005025960301709702
0.0008147695265958324
0.0006372581522759368
0.0011041277132695728
0.00010383973630430654
0.0005410482009790427
0.0006735930102293375
0.0008819264490218331
0.00023951611149901862
0.002244435032166746
0.0005485434595521467
0.002134158630213421
0.0007363420399240887
0.0008102667252293982
5.8410449998107446e-05
0.00042148411011793085
0.0014484041824069838
0.0002169303012812015
6.92599956410744e-05
0.0007377249724565667
0.00021021512340190215
0.0003038707739128601
0.0001431247703732444
0.0006049502808348865
0.00038244834511173484
0.00016930273655660095
0.0012420026963079413
0.00018161658069099434
0.0001267306772555772
0.0006346745177048864
0.000592353142739197
0.0013603303552898389
0.0010815602246940666
0.0002889844459740444
0.0003133149770132163
0.0010639117190394318
0.00037188377692082064
0.00012998907481024616
0.0006992741428562337
0.0003466900445906236
0.0010837171229703495
0.000250048967871337
0.0011520120321876597
9.244427812499409e-05
0.0003698035310140496
0.0005115889718609066
0.0007475784986444499
0.00020184490242424973
0.00015120710594311912
3.960432986620542e-05
0.00040009447734744335
0.0015476659503799864
9.807591535902808e-05
6.656099015284433e-05
0.0002688076734756066
0.0004226485559356939
0.0006760857412011493
9.335912260042174e-05
0.0006900590766390814
0.00015450329398308506
0.0010121919801707772
0.0004695968613399066
0.0007148655764901468
6.517532620257091e-05
0.000573421523251316
0.00020136934756072845
0.0001668966503991084
0.0005478569134093513
0.0005022319893280535
0.000836581492524865
0.0010907377318080441
0.0003347514301248416
0.0006386340087763758
0.0012654124008502706
0.00028483286483855114
0.0002601626039285414
0.0010811063386697213
0.0002800726873978513
0.0008127460472771556
0.0010968556027767921
0.0005614916735672911
0.00039255294631601774
4.030828759796894e-05
0.0001821763191885519
0.00026225291261421
0.0006003362135161799
0.0003247635399008236
0.000151807418510962
0.0008068680327566615
0.000119251751407302
4.801469142504534e-05
0.0006158386770680462
0.00048702341912635147
0.00015267047153929336
0.00027091790289733103
0.0006710156176637735
0.00096324402246612
0.0009639506754076443
0.0006704494504282119
0.0001540579457159926
0.0005610112046084043
0.0007447262972269316
0.0003594626001867605
0.0023814053017159153
0.0001422073776483618
0.0003757226188787391
0.00025909083839780985
0.00016786394044772756
0.00024996082793342654
9.271029127089672e-05
0.00016423097233508825
0.00013234163992355621
0.00035542016969034203
0.0006365875777031818
0.0001516020942778669
4.291958928100631e-05
0.00037957691288660036
0.0005829967258897639
0.00023973557096499076
0.00046717985912507617
7.778963699859936e-05
0.0005791530749449196
0.00019992711329482467
0.00043510838158145255
0.00018797075529608263
0.0005621172420528777
0.0005538748947085821
0.0008308461279873922
0.0004207969893809687
0.00018751380646519827
0.0004964801750136753
0.0003451233494764502
0.0005351685279099404
0.00020089179631903588
0.0005916984899863456
0.00044400016130144557
0.0003354450844990768
0.00029414023015828314
5.686928595119221e-05
5.66315783102986e-05
0.0009137577713861498
0.0003192908400633271
0.00026907334010331627
0.000399720237382204
6.429167966390054e-05
0.0004040088489265726
0.0006547424505469933
0.00010809296985142276
0.0002099360915803867
0.0002708946188578284
0.0006605788723629238
0.00026822177636703513
0.0007672256894924457
0.00047241806960881606
0.0008552572884087472
0.00041800920606193385
0.0003695305871814502
0.00114095934422197
0.0002087723808805748
0.0002712308437875632
0.00023822773179526036
0.0005375736373157044
0.00044284722073040505
0.0001033163084422451
0.0004927559333408372
0.0011954266551914613
0.0010637593197648115
0.00023712135223771672
0.00015233130871262392
0.00041551829143912357
0.000439746096934583
0.00032834892160212497
0.0007066447057005366
0.00016568943731762233
0.00013832622654442878
7.687307259780943e-05
0.0007381973538852373
0.00030813155534585026
0.00019801782411645448
0.0002378608275144109
0.00017988581411325204
0.00034828111311291447
0.0004569411122569868
0.0003863638464932565
9.368043936228094e-05
7.35339758538302e-05
0.0010421179314159502
0.00018431168087109498
0.0008941411170719438
0.0005661186618640415
0.0011212388352520803
0.0003957919369848686
0.0004332003782329423
9.266191106583836e-05
6.141944862180907e-05
0.0002680092125329019
0.00021203994363043526
0.00023289747342989642
0.0005384261847239369
0.0004110282826768041
0.0003267504583058849
0.0004725531215116325
0.00022348546881258648
0.0005740965710928855
0.00032923916214733695
0.0005642285904837482
0.0001439185842017396
0.0024999660058167275
0.0002864328247291113
0.00029468325788564465
0.0004158906395472486
0.00024898347926845385
0.0002450943552148359
0.00042549710986477656
0.00030145856645403006
0.000507669254803055
0.00012734004473136793
9.127300905913135e-05
0.0009547696752341208
0.0002031992989013842
0.0014637266535833088
0.00035453548464528474
0.00011367189243171703
0.0009108450347844784
0.0004458560889066736
0.0004912519113861509
0.0009465362712518593
0.00044597353867161546
0.000523440776055181
0.0003943104563499955
0.000113634716844483
0.001621079578297114
0.0006133035048516909
0.0004448261642824882
0.0002871543530034317
0.00024822580507801237
0.00032307498635364727
0.00021456648166697342
0.0003064594452273887
0.00037259454277254367
0.0005531029819252232
0.00034037556235236115
0.0008401579334523098
0.0007455598136406553
0.0005512850476621454
0.0003768507915371612
0.00025831271872864454
0.0010312327360785041
0.0002088259418517112
0.0005969192843412674
9.213993373025267e-05
0.00043309600396980745
5.510502278543436e-05
0.0007201911757860602
0.001152846113309933
0.0027652065866427293
0.0006614040988858834
0.0003072050977240159
0.001005055770631016
0.00048358309749336917
8.767503147811312e-05
0.0003447963715580639
0.00023005337819640854
0.0017289969489144106
0.0003312646444588167
0.00019843058681481024
0.00021084167716471663
0.0005181146727665179
0.0003823892955620061
0.0008311469516959099
0.000283603976257171
0.00038870976391206327
0.00025205561312247683
0.001570751931402305
0.00023071354237778088
0.00025090040514058674
0.0004859194546113046
0.0001074570064898546
0.0015167484342409189
0.00023032796820253432
0.00010230159870397936
0.0002139976192546049
0.00018723736068039601
0.0001149298792323113
9.970044068933745e-05
0.00011038638480901019
0.0009401459196295646
0.000545128510426781
0.0002754037799715818
0.0006307337880490175
9.922233415575979e-05
0.0004685770450635908
0.0005301835356143256
0.00021825784917917586
0.00044430114199635264
0.00016490982940650932
0.0012437757911505454
0.0001467764961796001
0.00046685349960472964
0.00042654668883354454
0.00011247985844817849
0.0006949301427601239
0.001197525529757776
0.0011105355530695166
0.0002748992075584224
0.00029845021718862474
0.00010753919391526706
0.00034862358416049
0.00028820057676220024
0.00013024517004542262
0.0011832496784660435
0.0010064804462921774
0.0007477613905176363
0.00037245850609058675
0.00030616495900546813
0.00015031689822100845
0.00021413252343108492
0.0006259627645290435
0.0003869705687850444
0.00019552300919108538
0.00016331335651632902
0.0003142995396718525
0.0004508230857571674
0.0007214652006520723
0.00018912046379549835
0.00010119795454713905
0.0004662069891031133
0.00010361099922466677
0.0001236146713232092
0.0005633752405347368
0.0003201247593426462
0.00030316444001010504
0.00019302618727056053
5.378119919597327e-05
0.000163244503534558
7.364371516859672e-05
6.849244617488134e-05
0.000836695579273803
6.292073528809978e-05
9.115341283413047e-05
0.0003326396609268804
0.0006164648947544231
0.0005524643336259963
0.00010851706238097906
0.00048409724000795043
0.0009484216218467413
0.0004270955299826874
0.00023786112283111742
0.0008735492971613511
0.0004079590043430182
5.779666480938759e-05
3.5372111453706086e-05
0.000473371016983614
0.0005329989253430334
0.00012203871159379838
0.00022363499846941734
0.00033366066602270487
8.122514973389597e-05
0.00015610541384591614
0.000600746190003878
0.0009687886856653555
0.00040710303082224745
0.00017999037573437608
0.0002123797960650869
0.0004184601218655544
0.0003012746074466428
0.0004677700517502353
0.00035480090447016316
0.0005243496306765472
0.00013648630292626475
8.901221892773501e-05
0.0004863748338739817
0.00020119564421539843
0.0006919376054159781
8.873547511035393e-05
0.00042319648341267326
0.0008724502665277854
0.00026318325526978735
4.809233632949937e-05
0.0005201852931735145
0.0003857893021263272
0.0005366992479482615
0.000542233919546971
0.0005723963074950131
0.00026615728534434607
0.0009053733169957766
0.0002434441991384793
0.00015305839259639671
4.96885267757988e-05
0.0005330136660529713
0.0005285680388562959
0.00044335334367669833
0.0001292348072823028
0.00037555939173580094
0.0002524165418922392
0.00010216787365733761
0.00022707885162209844
9.771827649505933e-05
0.00013960305558569585
0.0002567047498875436
0.00016138689953005926
0.00017202682557252108
0.00013739055707437118
0.00010742803553009662
0.00018462412509300186
0.00040563810902695033
0.0008505955524920829
0.0003883980457655843
0.00011679139338098351
0.0003775994822431157
0.00027474686804659134
0.0005055741198220004
0.00033327537082205786
6.444220570013546e-05
0.00027639000820195095
0.00036588255188213926
0.000629043842724154
0.000143014731471176
0.0002865644453791706
7.633626183843723e-05
0.00014271488779033024
7.62525309959966e-05
0.00015091412676687294
0.0002995347844930633
0.0005513099384483763
0.0003854604052300743
0.00011661677845116236
0.0003732473393939791
0.0003706920446967681
0.0003025379797362111
0.00020950638642258068
0.0003747282293208825
8.14875942915209e-05
0.00011969200543680111
0.0007017616725273925
0.0008963103550639074
0.00034334303142336285
0.0008711349909307261
0.00029495395433581505
0.00042323840029771906
0.0010214248168787686
0.000844018554731778
0.00013479124419241874
0.00011711897412795736
0.00024907274089700263
0.000457793914742958
0.000389883280809534
7.974777447168662e-05
0.0008795128077834911
0.0009613280441205719
0.00020695225812522534
0.0008814737150996351
0.0005928235634357116
0.00021749474964413552
0.0001276050818346862
8.779143472601865e-05
0.00016719868804101147
0.00010872663424930129
0.00030901403114021614
8.300455014956565e-05
0.0004231906656656819
0.00022557871569239154
8.177415789835018e-05
0.00017903708213706603
0.00012938427292778258
0.0002066359005063909
0.00019946794931773534
3.503936026860006e-05
0.000445254124878265
0.00011069205684230252
8.560985479186142e-05
9.102335167108666e-05
0.00012987048873309848
0.0012764490224165502
0.00024976056821375835
0.00018518374011518852
0.00029041912764129536
0.0003863402640953307
0.0008300537658082778
0.00016387530525844443
4.979317470171269e-05
0.0003862155755233936
0.0002919504221118131
0.0001224408335287161
0.0005272514884664642
0.00026255069050805163
0.00011587565465178574
0.00044190276717074017
0.0001018688721466361
0.0003561382734908552
0.0001688105001518364
0.0004298492666566161
0.0002912618639552172
0.00014662783611370326
0.0001660546192006857
0.00046452945923709246
0.00020061301409792198
0.00016862628581895944
0.0009452182981667034
0.00016108557644348734
3.9228449506669074e-05
0.0002785001998502341
0.000454972879220978
0.0007796394521733416
0.00045437990741060963
0.0004027655699005273
0.0002256127239533749
0.0007912270065890148
0.00012330509576307844
0.000191625184467804
0.00037953409759395137
5.895032183852316e-05
0.0004751363418611913
0.00017436780120060681
0.0010727003132915505
0.00012541966748204838
0.000729895177897127
0.0014581826745390233
0.00038994033914952506
0.00020044792438551272
9.344035690553033e-05
0.00025500314814382594
0.000171840988929444
0.00012330695660467525
0.0005241478869009026
0.00018418786829095714
0.00022309513623960714
0.0009110404091297689
0.0002743315050829135
0.000100761751402025
0.00025205482776512287
0.00022461748756849616
0.00013761658487181823
0.0001635196023858148
0.0007172991178177459
5.340348609184675e-05
0.0004030243376944069
0.0002290173965481109
0.00035174887459126744
0.00016151078824670393
6.988050496058442e-05
0.0002561597365205945
0.00017992259810154768
4.19788360457349e-05
0.00034829537047492855
0.00010551640862761343
0.0009862640048123692
0.0006104092576810552
6.48761868381487e-05
0.0007564013159817539
0.00042966078304738117
8.749023496710533e-05
0.0001607781400859847
0.0002345059215374262
0.0002647656428408377
9.288354530519709e-05
0.00013237031027304443
3.996030219522143e-05
0.00015741440423708506
0.0002195266523910614
0.0005011856328509725
0.0005054120582162951
0.00023713948298827983
0.00011674459010487084
9.064344579946046e-05
0.0002079766400777607
0.0018278650666584218
0.00014471347908098588
0.00020160380937583525
0.00021496540996664002
0.00029320302714938313
0.0005471813085635237
0.00032438722920278445
0.0006295794248175829
0.0006280014176093291
0.00018248240885922857
0.0002913318088640047
0.00011185590108188372
0.0005877170146197829
0.00036105696705603427
7.713920904221913e-05
0.00014910610738767203
0.0002526112143452725
8.846788154355439e-05
0.00034798605307869465
0.00021402630381571635
0.0009341571360379593
7.755448704169605e-05
0.00011851481754411144
0.00011519899383326699
0.0002760818055499313
0.0005850405826404142
0.0004710072151745285
0.0004051788418488425
0.00011177207968073112
0.0003748153711943785
9.186720264961644e-05
0.00015312749512081455
0.00018787455126535683
0.0012331152176693234
0.0007731112881506276
0.00035398586377585886
0.00019109203281050197
0.0007214548582011969
5.743566867174264e-05
0.0003020308744715328
0.00045173076407698773
0.00020965705484928484
0.0005615988434976025
0.0002147817519556029
0.0004011797590310938
0.0003366650675794836
0.00032502333562071527
4.262647667610701e-05
0.00044983225720227033
0.0002552260480211116
0.0009682770512349197
0.0012496791078836107
0.0001546010424353423
0.0006986963751327962
0.0005039032351666266
0.0002170240010946651
0.0024500060916201024
0.0003156308638296437
0.0006108282674893488
0.00017722070810307695
0.001009095509172924
0.00015459256342897746
0.00031411028265297013
0.00021478811274444365
0.0002077145255977322
0.00031520625639472517
0.0009375353881543823
9.603133559852803e-05
9.787136453608408e-05
0.000107746408785764
6.922710320074596e-05
5.271868223690986e-05
0.00015393775810536946
0.0003086140738456374
0.00010192507513960843
0.0007509200911799708
2.6039843294573555e-05
0.00019228296891679912
0.0001791041615463736
0.0002578814764489806
9.420594818825122e-05
0.0001225446971933454
0.00011364478523611135
0.0009294794626682545
7.08857854728605e-05
0.00029648137417557157
6.7175419774298e-05
0.00010164129698721658
0.0008912504501855855
7.78673854419055e-05
0.00046689384226027717
0.00019216088488186405
0.0007147413296162425
0.00024504712117767567
0.0001273503286410808
7.219853707770417e-05
0.0004420443282990822
0.0006943502512876279
6.151681848851733e-05
9.361296769144142e-05
0.00020540800848912476
0.0001468969051829709
0.00010830528639801814
0.0004498088150834249
0.00015414360929522496
0.0001014654514077262
0.00019242724547073012
0.00022467986524221797
0.00015046147015357014
0.0005779904678535402
0.0003219930857837809
0.0007665950659015836
0.0001529309752809321
0.0002471444355162522
0.0002474043867296378
0.0003771635451484848
0.0004972087700869124
0.00010164647117531457
4.285379507139705e-05
0.0002848417365100397
0.00039694229365192646
0.0002690383612898361
0.0004997852126693435
0.00017862427365203439
0.0005721080260313592
0.0006755826423639717
0.0009637296010329621
0.0001754956308988304
0.0005449304583939232
0.00013737792084386215
0.0002185150403838147
0.00024151177945221889
0.0003679681496234552
0.00021649938659999539
0.00022921409866926895
9.160041605036686e-05
6.961845077686314e-05
0.0005279287809136457
0.00013005705787009385
8.685237845649336e-05
0.00022756214440076375
0.00011368076487477209
0.00022644082066812163
0.00020525671924046218
3.897582805784437e-05
0.0009706532392231825
0.00010253185226822984
5.320446492051925e-05
0.0002632712702570436
5.9218790697141166e-05
0.00037848348299796984
3.9047935001838785e-05
0.00018898953063078768
0.0005668295273975066
3.71117861173537e-05
0.00014390645383669624
0.0007936083392638064
3.444598122749204e-05
0.00023808242305479573
0.0002858183684350199
8.460658447211901e-05
0.00021010391812297668
3.71125732081011e-05
0.0001887834409714758
0.0002423111128349445
4.776237369320146e-05
0.0001882683943525282
0.00032870709023239796
5.605079660302249e-05
0.00027147901622967503
5.205236841229095e-05
0.00038270254394157576
0.00031162421073169575
0.00013122925241414204
0.00019058918463753892
0.00011187203277747036
0.0001564169566148581
1.879454811191799e-05
0.0001224194584016607
5.0254298557747816e-05
8.738742679344521e-05
0.00017927377219031175
6.714778550514395e-05
8.922612873152029e-05
0.00023123797618039883
0.0006203164324559576
0.0010297101422195448
7.825457766262657e-05
0.000409347986808419
0.00040470565989903645
5.038664598989224e-05
0.00018830547909442716
0.0003087690601310315
0.000171272287808015
0.0006938578310700782
0.00020071115087709598
0.00013799335426090595
0.00034886715376255
0.00044535309815739004
6.630011674102921e-05
5.2768004051472117e-05
0.0003155404214339153
8.910850688004068e-05
0.00019197833814144481
8.476073855599703e-05
0.00018134409806353063
0.0003546793822139413
0.00037051030462541224
0.00015368411056695123
0.00011931687565946499
4.524814612571235e-05
0.00012013669599135507
0.0006156724514406608
0.00017161883842764907
0.0008179323616548448
0.00017913153231615967
4.2972485718205214e-05
0.00016398302930123172
0.0005820834124726151
9.564223907140729e-05
0.0003236172712051458
0.0002342326229593694
0.00010255073686702713
0.00020065096897186726
0.0002704012475292554
0.00021481770764945473
9.451426535724195e-05
0.0001398229751059057
0.0001373079359002704
8.076106190712059e-05
9.01100645107363e-05
0.0006267518854214021
0.0004038318447117921
5.030509573115815e-05
0.0001351070682851714
0.00025867520341261806
0.0003204392138331284
6.310926382152627e-05
0.0001822624110175541
6.0726951733780484e-05
0.00015949084097621117
9.247309376566721e-05
0.00012169437285730905
0.000133777800024822
0.0012119858550511437
0.0001980176606754802
5.0901002781284574e-05
0.00042855592092872597
0.00046973312044099497
6.331011147411563e-05
0.0005113762639734629
6.402444590001626e-05
0.0001560197763703583
0.0006252975688486579
0.0001870862121229119
7.485400505866678e-05
4.387418052212577e-05
0.00020920683272071443
7.904001242087406e-05
8.82200054681893e-05
0.00016960969032828163
0.00021778598510758566
0.0002763527634268295
0.000515253882923212
4.101549685531598e-05
0.0001614233020308172
0.000451689040227017
4.657995884916015e-05
0.00010839381110572947
0.00010316642054286318
0.0001500498648042087
0.00011888395130158848
8.788559665236971e-05
7.00430129396805e-05
0.0001832037279829209
0.00010318581335604759
0.00013025137446908355
5.010388392383777e-05
0.00032877601964265916
0.00012448037509366422
0.000384419679263503
0.00011963058706173296
0.0009907610664675443
0.00048157357038611264
8.112151820535082e-05
0.00037049383134207624
0.00023352750287654678
0.0003737528964534079
0.0003568428262736451
6.335203040022212e-05
0.00020408750413613866
0.00026336216951067454
0.00011103721549508426
0.00030293654161085774
5.131778101942796e-05
0.00017639760807560198
0.00014127303173127592
0.00018352649370880037
5.800709100175719e-05
0.0007708595348864597
0.00024466026274160506
0.0005506840505880004
4.763346055040862e-05
8.90919987360326e-05
9.628298726316187e-05
0.0003421176441841983
0.0004454613091571258
9.499210322650462e-05
9.067858147994563e-05
0.00025982891681247244
0.00020175450067469277
7.25139675279508e-05
3.9768876962203474e-05
0.0006221640634447431
0.00013706280941579412
0.00011150180267629484
0.0001340745274153647
9.025288480839114e-05
0.000157646341126318
8.11817109436355e-05
5.3551118261545125e-05
5.957022658422347e-05
4.3133347449077236e-05
0.00025561671571925075
8.05806832379612e-05
0.00023294848117898147
4.574127859884466e-05
0.00025186514611792585
2.1059708231705452e-05
0.0005565553494452162
0.00020170522911351868
3.01836339263417e-05
0.00022294938316135246
7.929015613355126e-05
6.380971950989448e-05
6.707318996730346e-05
8.654450458335274e-05
4.5285793240617395e-05
0.00023243279193669553
0.00023714360137015264
0.00010099964143336115
0.00021801543168490698
0.00021349161797117226
5.198646471958259e-05
0.0001982201512368815
0.0002666568606546141
0.00016007746117200288
0.0001969537012854
0.00016459740538057535
0.00031240575379913447
0.0001466209731574146
0.0001136278002836967
0.0002906303330010926
0.00018568552541109454
0.00040609120943059214
0.00012580524864793893
4.509670575505575e-05
0.00014922437680145724
3.617378392733145e-05
0.00022595293580288282
0.00012744149993102857
0.00048799857158757036
0.00019567196916935297
7.885328385662431e-05
9.630874727957985e-05
8.970106629402363e-05
0.00010477551800026143
9.649530576199776e-05
7.466959820004202e-05
4.181983876767651e-05
0.00021885464906291769
0.00032186040513756817
3.045889731886555e-05
0.00011615431552407429
0.0002886127942210341
0.00020601996269467077
0.00020940406409749072
9.738961545843567e-05
0.00011537362131866084
0.00011576957057873442
3.106659501483108e-05
0.00048737657533053064
0.00036053961547312217
0.00028137917132537696
0.00010032799593287682
0.00032735204739564936
0.00010162319277136007
4.65702256492578e-05
0.0002923588820717339
0.00010336693416192735
8.160707266471026e-05
7.267463487169104e-05
4.0284923887681754e-05
0.0005032014942677563
0.00030829821865090905
0.00042355042358167567
0.00030757248962776513
0.00012913236433702906
0.0007941087275783687
0.00011618932656274833
0.0002982974708872863
0.00014626127816876484
0.0003374689475917981
6.920705693500061e-05
0.00025571385168011605
6.348725789699149e-05
0.00024537990874832637
0.0002531245115838439
0.0002351735371242855
0.00016150451870601884
0.00010383594535251212
0.0003388903685930735
5.317670919605533e-05
8.952143980637845e-05
0.00019220414827892982
0.0003369103939343249
7.61965605096822e-05
9.741743453787699e-05
6.780675844194386e-05
5.992301768474998e-05
0.00019275637210332556
0.0002844961276940018
0.0005073518724439582
0.00032028123333002826
0.00018171015465956092
5.379562260079809e-05
0.0002317598588622199
0.00010647577345277814
0.000366388880831547
5.325044457479701e-05
0.00014891702985368694
0.00035698997444236387
0.0001459987590399872
0.00017927627049491428
0.00011522574598127044
8.776798949040041e-05
6.87693403626291e-05
5.0543192472258435e-05
0.0003354557403575436
0.0003919458232747445
0.0002984434391647883
0.000223841306603726
0.00018320927426121515
7.616040387675085e-05
0.00012280329420114941
6.341445823061335e-05
6.378281194602458e-05
9.036044361999124e-05
7.432167130216676e-05
0.000491858945252001
0.00024805947685862064
0.00014271451965396794
0.00022649111103609188
0.00010437426437923972
8.060278850130747e-05
0.00015088866703240198
2.3252286580214275e-05
0.00011207470551389749
0.00022193870559717054
4.544569925010433e-05
0.0004722885224364839
0.00020051387859556404
0.00029966057236607005
0.0001760119004103162
0.000103704467352252
2.914546363518858e-05
5.277195080826143e-05
0.00013023800080769408
0.00013734900867370744
0.00010781389686046117
0.0001215045322483106
0.00023348255752078363
0.0002690389397782968
4.6028633959259844e-05
0.0003702436045542218
0.00011791534420090626
0.00041670098511980316
0.00010150584662856661
0.00016415978700568906
0.0001341170322791639
0.0001701800905084666
7.056876224859282e-05
3.870386108106466e-05
0.0004946634153589752
0.0001136293937439105
0.0001055726284615783
4.6074156245228195e-05
0.0002815144177152561
8.075640637618364e-05
3.97482549045258e-05
8.203825352641692e-05
3.95287618109958e-05
6.476355104074357e-05
4.644350674515845e-05
7.339444854754692e-05
0.0003930953113060264
9.765178686549868e-05
0.00015776102875109723
0.0002650804420617281
0.00014627571125820044
9.455153375943808e-05
0.00014544904963938431
0.0003025099778116067
0.00010147449963216859
0.0001423572164287442
0.00034982936085819604
6.32847268015902e-05
9.869695343400382e-05
0.00018626793676387125
0.0003085330650571803
0.00012209117322778187
9.824169075665557e-05
0.0001070216235985306
5.171696943146499e-05
0.0005082716443565023
0.00010449019425057856
8.709515997274721e-05
0.00011670216279275148
0.00023085011843479157
0.00010933349600908295
0.0002817866374516022
0.00041881919160292717
3.826032723569011e-05
0.0001226313646169356
9.304077641697351e-05
0.00017621553612112692
6.52071292844792e-05
4.526317551287094e-05
0.0002137369170580462
0.0001314606111801188
8.000997238900706e-05
6.191505031975913e-05
0.0001124243184877741
0.0002076816410179296
0.0002492632646118817
0.00017119382237616382
0.00023847569161695501
5.707207459515037e-05
5.907278517756744e-05
8.839442728926581e-05
0.0001801421692737944
0.0001533200580061607
0.0002605464733725631
0.00010787577149257967
0.00011224277915996042
0.0001964942060927049
0.00014946937290740163
0.00030896072167604607
7.705476104472169e-05
0.00010925320554832216
9.698909342789907e-05
0.00029609562730251626
0.0001473175927965559
5.1525684108381935e-05
2.5268845222038412e-05
0.00010722112025022325
4.4919393066586225e-05
4.633938016692042e-05
0.0001137677579840633
5.589574512514033e-05
0.00011273661460934748
0.0002446162282305589
0.00011224616381606668
0.00023567430287599133
0.00011890202569833113
0.0001695914074708625
0.00015288227975934288
4.8053621357331665e-05
0.0005216305810367236
9.107279829084888e-05
0.00010179971892358629
8.010215895572799e-05
9.9165268117383e-05
0.00011152167432620234
0.00012269425388005997
0.0001772995814614784
0.00020829114128215098
2.5087023640034922e-05
4.206667699047942e-05
0.0003813295459992124
0.0002229780543899435
0.00015509855056934768
6.566868188934347e-05
0.00021281240069829748
0.00026825128652307415
0.00015663252160754275
0.0005062326896737141
6.946880800878742e-05
0.00012647934692453978
0.00011613854908943303
0.00014270381567755064
7.203453269781551e-05
0.0003554149374851943
5.777774163581412e-05
0.0002047774827822027
0.0001397979665056023
0.00019616728506576642
0.00014459700973418993
8.120533279212003e-05
0.0009467745718259175
0.00014221165402290273
0.0003047584783650173
0.00023426493160748875
0.00010196732735363328
0.00030433214516974324
8.65672261749775e-05
3.38541927774914e-05
0.00010839466175132594
3.7758316683335534e-05
0.00011143151654119051
8.002019466431045e-05
8.142845952081214e-05
7.484976072538515e-05
0.00010672717533484707
0.00023235507875458378
5.1072970315979016e-05
0.00020930761301495522
4.1499153944111816e-05
0.0004471132417480953
0.0003411518949222927
4.527025526612541e-05
0.00020585811882294596
0.00032420581476029996
0.0002395979420794556
6.702250998189379e-05
5.701217662920721e-05
3.997863290407741e-05
0.00025752325365697645
4.5079701923118784e-05
0.0002805170118448395
4.013294193257641e-05
0.0001916870749506093
7.044393348781126e-05
0.000175051307459287
0.00011495309116684035
0.00033128546898298034
0.00016575147084832472
0.00016144725688375217
6.771310729316272e-05
0.000622953792264261
0.00015643118683938024
0.0002455933659426627
3.186980001599815e-05
0.00032617176474513955
0.00010650707421033226
0.00011782291945356396
0.0001495786613848044
0.0004945475375832582
8.09192944718023e-05
0.000615678198854438
4.400004935436906e-05
0.0002804871508641603
0.00035075301446559363
0.0002824594914907725
0.0002709796823157331
6.893851187157004e-05
7.806153128439515e-05
0.0002664304261706927
0.00012351643650745028
3.794994851726712e-05
0.0007344614864890631
0.0001663295408840033
8.902664342015339e-05
0.00017332036571840448
7.300127542317937e-05
0.00017053428503413179
0.0004235813889164594
8.295249674167304e-05
7.512981753192706e-05
0.00015284528704676088
0.00043934749879056406
0.00012018638260201916
8.483571656741308e-05
0.0001377636976530328
0.0002598854444558781
0.0001002324805587094
0.00021887806800783096
4.020282240187504e-05
0.0001897766712046676
0.00015155506465533864
0.00010427357679196962
0.000196949826387234
8.403007066751154e-05
0.00014314468841969082
0.0002892490940075075
7.344011701225751e-05
0.00018573677067050317
0.000134969909873263
3.418202602258316e-05
0.00012835108499927776
8.301449091613286e-05
9.244985380525659e-05
5.4568527765370153e-05
5.2725066812827786e-05
0.00012051975585464878
7.026959823559866e-05
0.00011763425191828141
0.00010585428799471165
0.00023492993651309923
6.771976410564484e-05
0.00020997249536965898
0.00011480798674562998
1.3948542618408796e-05
0.00018083930423342388
0.00021721220916885261
0.000226406619643594
0.00010949955413708294
0.00022953161503569533
0.00014499500216515264
6.0759604512793656e-05
0.0001609998303785393
0.00032115167384157926
0.00037147289337331513
0.00010200440288657582
5.53724605377063e-05
4.064302036793265e-05
0.00010929936689708345
8.142215213784797e-05
0.00013011370050532994
7.629260826270718e-05
7.415238831794219e-05
3.352256829492271e-05
6.052939225802547e-05
0.0001238734101447456
9.004926208099507e-05
0.00012036709578446365
8.794824930776728e-05
0.00024497323468866396
6.26370584261179e-05
0.00039064665975592044
0.0002232128706639332
0.0002982529219580387
0.00014026545746698434
4.117411550183876e-05
0.0002308737977545312
3.647255507192641e-05
7.75826969542448e-05
0.00019243737299784558
0.0002829041307722454
0.0002584063913395501
0.0001328189125729043
0.00010021816730394699
0.00020383370132367364
0.0006756148998508103
0.00045555953937683613
0.00012505307634823052
9.789740183813194e-05
0.00028737368993341655
8.22491588448701e-05
0.001247005162659526
0.00012113742462381154
6.397852590561321e-05
0.00010225584481889608
0.0003763144924980987
8.700911367614409e-05
0.00012978781100416898
0.0002128232414177988
7.780950133381683e-05
0.0001112318378310518
0.00013748833044026788
0.0006400268254241752
3.97518156628684e-05
7.119150890359266e-05
0.00013859085661432677
7.145635123304948e-05
0.00011772477199760195
6.535910512101485e-05
0.00023293650619628622
0.00026410515492602925
0.00012020268042268677
3.1863082439868066e-05
9.000089686183507e-05
0.00018487767916952318
0.00012299394330881851
4.0858595612877304e-05
0.0001565892683109939
6.381494371026473e-05
0.0003205885024680772
9.879763095620326e-05
0.00012965108396708716
0.0002723845332263477
8.255021865861556e-05
0.00013035985983379857
3.652025836442476e-05
4.0537981963398305e-05
0.00035818910718346053
4.532225892817401e-05
7.433434359830932e-05
0.00015426385808451043
0.0001727979435744018
7.247891252126876e-05
0.00012143837426616832
0.00019489090091831106
0.00041662559095665357
9.128833300004756e-05
0.00032182662271790506
0.00010694219287216567
0.00018733523256224464
0.0001357440836376407
0.00026628003770903726
5.9612176021733496e-05
0.00012743738792199118
0.00011211865623693736
0.0001146484299124283
2.7719235471724357e-05
0.00016353971072433174
6.382733767717855e-05
4.801581674804382e-05
8.018317861589971e-05
0.00018920926204461325
8.881355311568274e-05
0.00014107502219516696
7.535567102009309e-05
9.839043648423446e-05
0.00023890035174222802
0.0002313858350816151
9.041231308804394e-05
0.00019372152569181015
0.00011525208266631143
0.00016696645007600714
9.762602363253988e-05
0.000334884897019255
0.00013066620597582815
0.00030031930530975394
0.00015465225074936056
7.493975420182328e-05
0.00014868185233513239
0.00014015437645692645
0.0003290963486596893
0.0003604791897165277
4.300961034599298e-05
0.000413032637965147
0.000297129249192479
8.669923703275575e-05
0.0001805519649037859
0.00011908021398769435
0.0001569286244849854
0.0001095760301862992
0.0002902060263418103
9.898981868132293e-05
8.935293737955612e-05
6.224731436481897e-05
8.202854721207555e-05
0.0002431338727119563
0.00048355999543696213
7.790749739443163e-05
0.00012051151898368857
0.00016885380121162927
7.607143988646002e-05
0.0001039355257910941
0.00012713647934654105
0.0002768661991429429
0.00013972526676105579
0.0001531658304747016
4.307714409503382e-05
5.994276817627794e-05
0.00017109148508899678
0.000297010262991083
0.00028647816519241005
0.0002075780116091334
4.2308828080440334e-05
8.930670864236002e-05
0.00018246565283391766
0.00018385675485667734
9.080394508063103e-05
0.00020124817966861775
9.553679739098519e-05
0.00014316530941350787
0.0003001003398348983
8.283969721295635e-05
0.0001070617850293636
0.00045023706720026855
0.0002600391638479009
0.00010503931854408119
0.0002120651025115587
9.585964038514527e-05
4.269635253355085e-05
0.00022516679146221446
4.5029556903362386e-05
0.00019631858969168257
0.00010984419785875846
0.0003605700127643883
6.434143641667951e-05
6.507564591966034e-05
5.57317218105427e-05
0.00015132729941886065
4.399851411795818e-05
0.0005164219735095132
0.00011559083605496295
0.00011906063146193208
0.00042194344874551295
0.00011345261737195843
5.70742755132293e-05
0.00010304627518767555
0.00017547838704511697
0.00020221562422740672
5.480085751743615e-05
0.00022136201990327823
2.8238394073766372e-05
5.419717197488419e-05
5.422486921686628e-05
7.576106780056725e-05
7.67828204528128e-05
0.0005118815634231602
5.595878407261915e-05
0.00029471110496950495
0.00011803423872619096
0.0001180390150989866
0.00012171876707659703
0.0004117699596349457
0.0001494354125822099
0.00014488325710494874
6.59867972848102e-05
9.849486034724292e-05
4.432502039440827e-05
8.438798385288935e-05
0.00010228153720376493
5.072410049644986e-05
0.00017412415116529846
9.785515841615631e-05
0.00013093752645413148
0.00013036592389975663
9.27698706047629e-05
0.00022417148485155442
0.00013992242228366746
3.616835809860961e-05
8.052294504995535e-05
0.00019050642512612585
5.783731554458133e-05
0.00010466730286052972
6.22011999332876e-05
5.483366831607892e-05
0.0001624630996342211
0.00032616756028792384
8.714084025697324e-05
0.00011687678009573464
0.000131548676773601
8.272414052521203e-05
6.0314356749833985e-05
0.000193379734072366
0.0004444994600786419
0.0001996837715247376
0.00019006940748397976
0.000295506315630495
6.337697450017706e-05
0.0001295703293994394
0.00026187704381806293
0.0002886292281854567
0.00010435212285767552
0.00016522860817544136
4.873691891324159e-05
3.1114403516640485e-05
0.00026128547268500506
6.826667831015216e-05
0.00011305688151791542
0.00014678080501560222
0.00011380103736516045
5.973176690326169e-05
0.00015340778509080274
0.0001363391948877596
0.0003142762251649049
9.973696076124768e-05
0.00023694935273288562
5.795912120769661e-05
0.00012679950437292364
9.0204179042656e-05
0.000118871067198847
0.00047141720237404267
0.00015769117500477695
0.0001716313755433527
9.630135664909678e-05
0.0005191083600062468
0.0004663699837953666
0.0001138712240150014
0.00013219251077750162
0.0003018806186672617
0.00012085463964731655
6.969496492737525e-05
4.739577290133836e-05
8.511075139208895e-05
0.0004440954690479541
7.978498124389109e-05
0.00016588972274336045
0.00020676510996480764
4.440901201357948e-05
5.711861936430078e-05
6.078270377778306e-05
0.0002530639115580724
7.233205796945668e-05
0.00013806928267794363
0.00017119843150345234
5.198169444178526e-05
0.0002185094897030213
0.00014600307184369952
0.00016848407578109014
0.00016500368664937898
6.095330504063487e-05
0.0001283660878249008
4.9906453941376675e-05
0.00012517219418243
0.0001090096127321587
8.151615332115419e-05
0.00047934761740797504
8.073110199891184e-05
8.086219994979245e-05
0.0001467471566309348
3.073555088497525e-05
9.596657612871427e-05
0.0001646236899173837
0.00034063912783130457
0.00019150482066892423
5.33815468635618e-05
0.00014064597410991413
0.0001464593501207008
0.00014209822159904237
5.055715976251727e-05
0.00018605319127857513
0.0004210826317450585
0.0003994419586486746
0.00015659145449944484
0.0002833518535239134
5.196884989838837e-05
9.871863819984154e-05
6.764910159130986e-05
0.00010246764027755836
0.00018752283059266146
0.00013653885373058323
8.646233047108435e-05
3.9221991194048615e-05
0.0003601440569105869
0.00015771903003472358
3.8341444142847437e-05
0.0001401072971665521
0.00012247601264867938
9.895101942415096e-05
0.0001153606560830369
0.00010975813993404642
9.165046561558716e-05
6.472946925778963e-05
0.0001867578366393667
0.00012507972690552473
0.0001288260003492232
0.000184641114973476
0.0001221339582399656
6.516722944909905e-05
0.00018520380764511699
0.0002824334929101437
4.248600873110886e-05
0.00012561489271949072
7.16122476818981e-05
7.36755137399763e-05
8.784242366761337e-05
0.00016019155665857556
9.489208691848912e-05
9.580377442506562e-05
0.0001565715563024673
5.639446038172158e-05
0.0001220690390923345
0.00018881472667867065
0.00027718748296866655
6.158421217167618e-05
0.00029864497655859114
7.461966126417293e-05
5.772955566541917e-05
8.988845421792395e-05
0.00011082722761033039
9.409659559887029e-05
0.00017730428454915988
8.712091108241277e-05
4.534706470002784e-05
0.00017681542285925196
7.739936064137902e-05
7.749020680912788e-05
6.928858588357121e-05
0.00012150472898968794
4.028211065338891e-05
0.00041052113891611186
9.688622722638271e-05
0.0004589936289606268
5.1672739489713316e-05
0.0007718756540033085
0.00010308545425695062
6.267383327818089e-05
0.0003031638698167784
6.796891494794236e-05
0.00012221414443105261
0.0006242382744501007
0.00026731230728870475
0.000250789717329265
0.00010929210823373163
2.69959674013359e-05
2.9388974556109407e-05
7.427548225039816e-05
6.735810142848787e-05
7.21414499123348e-05
0.00010984220345728608
0.00011341348195552725
0.000194243656811116
0.00021177874406479004
6.107283840712744e-05
0.0003842131603040626
5.19340010423665e-05
8.541246388518595e-05
0.00013536527177204945
0.00012618411122462486
7.332038265038472e-05
6.184833329597748e-05
0.00016766610518625027
0.0001645779344349278
9.620384640712675e-05
0.000174612717487352
4.94816432391685e-05
5.729641869690147e-05
0.00011614512046814386
0.00011213428382537123
0.00020923876869132526
6.423916238185092e-05
0.00033371247145961853
7.011219430193523e-05
0.00010629668448112674
3.974239655249385e-05
9.708307764484797e-05
0.00036128834468756926
0.0001344029927657626
0.0001349811304308811
5.86764140876231e-05
0.0004861737060559223
0.0006729087573729095
0.00010106723561959396
5.259923700102929e-05
0.00024030532604963335
9.760768757847197e-05
8.511491657567071e-05
5.748182579320189e-05
0.00011701565000132481
8.055660012690528e-05
2.3377062951279673e-05
0.00038093848532669744
3.337129130006167e-05
3.7281859040746345e-05
3.0790690354347366e-05
7.939767965270232e-05
6.536463819303995e-05
6.655101744267275e-05
4.206278973188684e-05
6.724409550259981e-05
3.3337206150653944e-05
3.5527435417514294e-05
6.9152938043617e-05
0.00022841834807246439
8.227142848023866e-05
0.00017874969579485827
0.00020227823827143624
7.48130854329874e-05
0.00012610468675785424
0.00018134457712690785
0.00016764207350339992
5.7851815319711646e-05
0.0001336294354382676
4.6829884647895935e-05
0.00026129185548235247
0.00010171505090684742
5.703840338583041e-05
0.00013397909624634228
0.00016057807841740723
0.00011190510796938138
8.584782602202264e-05
0.0001785294966616708
0.0001553231302932639
4.518943487284322e-05
0.00010546266191588223
9.927327916990635e-05
0.0002001571242031329
0.0003832290988856957
0.000102873815739939
7.635830567572306e-05
3.9656371007240244e-05
0.0001109723223710324
3.189088278929163e-05
7.950848900819208e-05
5.07460912950538e-05
0.00017074826596852425
8.699628018450917e-05
8.26961320963426e-05
0.00011340568979115147
5.157538715275155e-05
0.0002058803231978385
3.752560194258295e-05
9.766707624712234e-05
0.0001727524924203295
0.00048761947822282333
0.00017071543098109773
0.00017292177912882825
0.0004507931701168851
6.281410648517356e-05
0.00011938928410375432
0.00010136877090382368
0.00012134664319087098
0.00011661315624994667
0.00017385624562884974
6.563931110584818e-05
0.0003545063532258675
5.118133586900362e-05
7.136582631416247e-05
0.0004027807450695674
0.00021015234594562825
0.0001699940298721955
0.0001936875906191668
4.4795877985694585e-05
5.5227541256454226e-05
8.252018138965924e-05
0.0001016975163503383
3.0446990642322554e-05
0.00021013989239061833
0.00017261870945912963
0.00010629876363240226
3.9283560073277086e-05
0.00016573469380156105
0.00018888510131223683
0.0001581555837737162
0.00018591519242527194
0.00013728580812663436
5.129518366153117e-05
4.6461835683884195e-05
0.00010064097359059809
0.00030105095018904526
0.00011913461827364985
0.0003056748337298081
0.00010404059209187047
6.731885392646045e-05
4.721828182840694e-05
6.987146331456096e-05
0.00014958503551416692
3.93550635789839e-05
0.0003080231915757911
0.0001338417973220578
0.00014040147092160346
0.00013023849285967432
0.00016288357225771182
0.00022042988066165448
0.00013373256467903946
0.00015565896900954327
7.564975823621827e-05
3.9169180600062395e-05
0.00017298524312186643
0.00011934791283310585
0.0005168166819479054
0.00013190974474988434
7.066985410149391e-05
4.602132852750325e-05
3.92376483240428e-05
7.472901515247855e-05
9.425874761568461e-05
0.00022147194264411418
0.00015037864736536404
0.0003170755791249812
9.069259568155803e-05
4.506994995952032e-05
9.048139032191666e-05
9.173408527673832e-05
0.00013061243453919602
8.313147060860078e-05
0.00019092914848795113
9.762053583594743e-05
0.00018727806971181976
9.417292226587411e-05
5.0358376062299913e-05
3.288071772188327e-05
5.3789347808961024e-05
7.176878837421783e-05
7.829705966047346e-05
0.0001612088872269985
6.449910459299127e-05
7.94006040962476e-05
6.397757433497234e-05
9.120240983505051e-05
0.00016201832437688106
7.608858492900712e-05
7.030932436447329e-05
0.00010981486130516765
7.365802086852515e-05
8.720533502474207e-05
7.235380164790397e-05
0.00011325313943572843
5.2927420194290756e-05
8.368353037493355e-05
2.958153798302352e-05
5.041408074009455e-05
3.225648614915245e-05
0.00015610114788183947
9.36094492763553e-05
0.00019059323464201537
6.448811032292798e-05
6.026202812966704e-05
0.00015797826187376898
8.90391494989249e-05
0.00012200855094410418
9.414057271997143e-05
9.699389496003219e-05
4.7088902504567235e-05
4.616183571842321e-05
0.0001771949875375576
0.0002398329374863232
9.706012392021495e-05
4.086547976834456e-05
6.117284545130547e-05
6.668655733555557e-05
0.00028749491580766897
0.00021878015455664669
0.00023101173210422434
8.154000382182038e-05
9.38850210932935e-05
2.7792065696433564e-05
8.922100357296711e-05
4.6048927918177555e-05
0.00017270577063404507
5.9253381567791574e-05
0.00018973829520034846
3.66423355746825e-05
5.3902879735505276e-05
0.00014773994966338835
8.033415747627024e-05
0.0005246657967130373
5.577668615059558e-05
0.0003333419750630032
0.0002613037482253445
5.0637746528000966e-05
7.909852979570663e-05
6.896023549889917e-05
8.656403555746677e-05
8.768658603289115e-05
3.9869945770893575e-05
2.7274001332879753e-05
6.46251738899547e-05
0.00018468153461309876
0.0001654130736503863
0.0001317316874377632
9.062534603585868e-05
0.00011960292119080461
0.00035009484111137273
7.17506832862403e-05
5.468101648463041e-05
0.00012543976951601227
4.367333132666507e-05
5.578714531386769e-05
0.0004474514935321219
5.485911737585557e-05
4.248102670977688e-05
0.00014475830010072014
9.685060951204203e-05
0.00017500027016310207
3.079665195173049e-05
0.00047257172460909763
7.289626641818133e-05
4.0632399356408165e-05
4.738677496399794e-05
4.9984446821084995e-05
9.298903048840679e-05
9.939336479931661e-05
4.7521974117755874e-05
0.00030984306640451277
8.456326540960724e-05
8.018421865415671e-05
3.277992562154676e-05
0.00011919811965974781
3.160610685972402e-05
0.00017954333406044494
5.045635617225335e-05
6.516289089775989e-05
0.00015570133097562414
0.00011400825376730495
0.0002745856354515882
4.518503606348408e-05
3.725428707507715e-05
0.00018539132497516608
4.037684303479078e-05
5.777472279892637e-05
0.00018573140990456574
6.81255511681838e-05
0.00017399424451580006
0.00021157530466545704
7.343142765485351e-05
9.7434340630337e-05
8.364110827505344e-05
0.00035302213847373127
0.0001629214045618985
0.00019035268757338389
7.579402310998792e-05
5.894518220082752e-05
0.0001895026719466502
0.00016501048440974088
0.00031563866892348234
0.0001296259156429613
0.00018780699722384248
0.0001609555046164377
3.920485064862918e-05
8.662162583398458e-05
3.39457021252435e-05
0.00011418244113118231
9.957712293963448e-05
0.00013744069298299075
6.191891908168962e-05
0.0002741877321573991
6.382778138640457e-05
7.398717682483514e-05
0.00011481007996142505
4.591480711008181e-05
8.572801926675505e-05
7.426052075155526e-05
0.00012621314494222754
3.7779538714632763e-05
4.9977675930643514e-05
0.00028568264532345455
0.00010190323223120759
0.00017445105758563589
0.0001597364019494175
7.51867191181717e-05
0.000285135764011418
8.555622312748348e-05
7.56827231579408e-05
6.92897474755424e-05
0.0001445091675824143
3.928750812823476e-05
4.9817906102612464e-05
0.0002375770935613035
0.00012347210342524248
6.02764510688519e-05
8.638219024033999e-05
0.00021080066476787123
7.856706933438128e-05
0.00011282833643595287
0.0001383979353854696
5.255768747012033e-05
0.00013014529289699165
0.00012258747281405235
4.742441696974305e-05
8.234829907121393e-05
0.00011534172275863557
0.00011961929732975165
5.287665745687869e-05
3.2824461133551594e-05
8.141701884864095e-05
0.00016856365975321627
6.231733625076523e-05
6.494598634336196e-05
3.545419038836567e-05
4.1727374072256524e-05
0.00017835836535327095
3.241084471792409e-05
0.00011621349995238626
4.259957774060206e-05
7.737513225525255e-05
0.00011716230630477282
3.0946624636969215e-05
6.88947492044738e-05
0.00011536897290982156
0.00010559260087455396
0.00011067977952354099
0.00010976983129591727
7.610867573273852e-05
5.4982608361814704e-05
0.0001863770988269234
0.00014107257561658354
5.729373586607233e-05
5.2292944976935955e-05
0.00031613695234645247
3.0420064511390005e-05
0.00020799752402055375
0.0001357431919300779
5.1864484616955564e-05
0.00010941563518731824
8.24270339487336e-05
0.0003075761899298515
3.281859477025205e-05
0.00017899655627310948
0.00022156921208640672
0.0001507002566422251
0.00010435237703645996
0.00015164885306132714
0.0002713973228254801
6.255085629107163e-05
5.3579084854259825e-05
6.787663246022005e-05
0.00010840932071785821
0.0001875557053376816
0.00010870437876647297
0.00017063483038332167
0.0002717953975957037
9.61057885538409e-05
7.606550383022736e-05
0.0005311858758329243
8.102747225180881e-05
0.0003019089632160648
0.0005358142972408588
5.063994651167759e-05
3.592258875416145e-05
0.0002555855713259234
5.232157116050838e-05
5.195133450541221e-05
0.0001183172005029823
6.936443438831351e-05
6.230594500413244e-05
7.35489592108581e-05
5.037802686836856e-05
3.238878729565683e-05
6.706144678295181e-05
5.584308538764998e-05
4.566599697987083e-05
0.0002908606408783194
0.000144783283672316
6.0964003012138025e-05
6.876649437206583e-05
8.807697887505663e-05
0.0002362030864674785
6.171722418685236e-05
2.9552554766616245e-05
0.00012043177923771483
1.9991475396424367e-05
0.00011238889169715235
5.1875060932796807e-05
0.00015687483757515123
4.078639139505245e-05
0.0001584463138890321
0.00011270298737602616
0.00016485111633487873
9.505527411078843e-05
2.6610274331990048e-05
0.00017090970959060273
0.00015886257844057762
0.00019314048233792468
5.937169875045132e-05
0.00026633630299579994
0.00021833010170534963
3.572637609607573e-05
0.00012502353123823004
0.00031818554626072623
0.00010146282435931062
8.013832120220574e-05
3.7999910668555335e-05
5.747599007659336e-05
0.00010876660759641348
0.000111553005663811
5.006177559349975e-05
9.96945288259619e-05
0.00017541838506865951
9.840228948958115e-05
0.00014886953226489697
5.384985373882716e-05
5.7717742948265175e-05
0.00016242948948359993
0.00023141481711590108
9.010836260967608e-05
5.7413202532650136e-05
0.00012371977785027077
6.626305332603894e-05
0.0001295533368067834
6.477030127752954e-05
7.607401989072804e-05
6.74361567037015e-05
7.320360142972176e-05
4.031852101584739e-05
0.0001263106127835806
8.072966600039331e-05
0.00012435219329632284
0.00010112700422255303
5.829652249254231e-05
0.00014820259370661688
0.00013862361895775537
0.0001479552746015718
8.644677703047621e-05
3.7720913850404215e-05
0.00013442566927795622
0.0001025889660043256
7.349774747447357e-05
7.93321222390742e-05
7.23606606228825e-05
0.0001038416468878764
3.4633700905628844e-05
6.149420488361229e-05
0.00012738569344418016
6.306153610001521e-05
0.00010759389343984415
0.00010034272632700334
5.851923136521791e-05
0.00015735025753038051
6.777536977511601e-05
4.76185906340308e-05
4.764664749818507e-05
0.00012986081456926418
3.2699419724379804e-05
4.953070308506166e-05
4.43036521970851e-05
7.24389422137347e-05
0.00025149865694931034
5.8492514786762895e-05
5.01569900011286e-05
1.9175666479045867e-05
2.825478115745961e-05
4.997624813875325e-05
0.00013869746782171313
0.0001628467985366203
0.0001755906638020453
0.00026685496750703295
5.6354620632292625e-05
0.00013059619912330058
9.730416482257214e-05
0.00018948630578446879
7.435565399627153e-05
9.42521485897742e-05
4.5704484862486174e-05
3.023177400700026e-05
0.00010994178508363062
8.080007330340599e-05
5.263458021797343e-05
0.00010937806382977665
9.228777965275882e-05
0.00015516267283140778
7.265932862402011e-05
4.8540904519435554e-05
0.00016273017960439948
0.00040722416098670143
8.994061788651522e-05
5.9315112653833457e-05
7.90180605347621e-05
0.00024368982607038286
3.8735121770404504e-05
0.00010220500903341128
2.55198465923008e-05
7.847367083856255e-05
8.934294838070501e-05
6.491231938160321e-05
0.00011618425602377828
0.00031732361960865756
4.318814927541255e-05
5.934383443741809e-05
0.00021716156672091174
4.749899099133523e-05
9.106821386898521e-05
7.460692208380463e-05
0.00015948579810576955
6.194282901168672e-05
0.00019150726233766363
5.264404204427186e-05
8.66596749776188e-05
7.640806306852537e-05
6.802287522838492e-05
8.075655881226889e-05
0.0002075739979665785
3.249338516616999e-05
3.535337521089427e-05
0.00020347586428166663
0.0003639183544668169
8.861431578969718e-05
7.781482820803003e-05
0.00018343661722480397
0.0001565847783481577
0.00011845403372778021
4.145300679672017e-05
6.38324295211132e-05
0.00010614745501938731
3.391037698976582e-05
7.965669034056035e-05
4.0713682774217184e-05
9.937138023426817e-05
8.890492006395256e-05
8.673399102192027e-05
0.0001263858646789923
0.00033687661100267473
4.679936564974231e-05
0.00013812597735685057
7.050425221975077e-05
0.00011532436977019935
0.0005232359371280375
2.9672329178861032e-05
3.5284076712491255e-05
4.683653746862377e-05
0.00013513400568702341
0.00018861875834468855
0.000211545637847712
5.420635321132666e-05
3.759294856089747e-05
5.142055348209615e-05
9.982069137549966e-05
5.6170747703567165e-05
8.931352183491505e-05
3.574394986608709e-05
5.748621534602508e-05
0.0009749779888704438
4.9187984514900866e-05
0.0002721807899005482
7.261042714893998e-05
8.93827019081904e-05
0.0007678807778377291
8.916493413918013e-05
4.025719417268062e-05
3.238324836073667e-05
4.3187553236266625e-05
7.440154313996862e-05
4.077721500689095e-05
3.295492172395563e-05
3.11870484570216e-05
0.00019813655665304111
0.00019635315604036395
0.00014697496908691444
7.161334921678408e-05
5.3742257281625334e-05
5.1079663571926604e-05
3.538747808183742e-05
5.714321726995732e-05
0.00017214827660511902
0.0003024971856181217
3.5687852586455644e-05
0.00019175292746972578
7.070447473983747e-05
0.00018554755271322097
0.00011159602656048993
0.00020528882677950868
0.00013481789499535717
0.00030151410481820876
4.108447895989807e-05
4.647069213626849e-05
0.0001911606252220863
7.69993216336089e-05
9.844763778923732e-05
0.00015818001453675166
4.9848648190499316e-05
0.00021076319786831067
0.00013846191931278813
0.00010051211759432049
5.712797068375124e-05
4.4037672689280817e-05
0.00013317447611382432
4.002340966223998e-05
7.066836863914847e-05
7.593376096473626e-05
3.2224551327053674e-05
0.00024619440306601273
0.0004229980978102568
8.589496517658318e-05
0.00014346889052694264
0.00010238572603319701
4.651721958113902e-05
0.00027377974120989704
4.4593931425876455e-05
6.101120708656651e-05
0.00015161704244393248
4.47062190186353e-05
4.09495304196189e-05
5.364264325664513e-05
3.123244502914863e-05
0.00023941679400246631
2.783657510076449e-05
0.00025296910068691564
1.8881034664347193e-05
7.821928777487091e-05
3.9655251706458484e-05
4.495639089231547e-05
6.430971114366373e-05
8.206029628809093e-05
0.00018206711088350832
0.00011285399063478888
9.742386497385454e-05
6.48667135556926e-05
2.651736326820466e-05
0.00020763514434360457
0.00010730856943076861
0.00010314044788495218
0.00017365738495761688
5.29832539915075e-05
7.954217175469135e-05
0.0001225528973244843
4.767392956117776e-05
3.513582412569511e-05
5.3114513101109384e-05
4.323847291286062e-05
8.091683129496155e-05
0.0001618592367473691
2.9910674045196252e-05
0.0001006610233657004
6.021489491904473e-05
8.276507420061115e-05
9.515510609407576e-05
5.001300481813846e-05
0.00017409081583023096
6.9583810094849e-05
0.00016144555744855235
7.020810385609788e-05
0.0002226628889707028
8.529369228767689e-05
0.0001447756569990765
0.0001370650322584366
0.0001828875559614586
0.00016433647477826621
0.00026635483806415774
7.196645223126452e-05
7.361427614280936e-05
7.55343159803914e-05
3.840908103151568e-05
9.205479624865347e-05
6.653432033459642e-05
3.535337302908657e-05
8.53595484594126e-05
0.0001576008550479995
0.0001340683295359244
6.396234082368761e-05
3.785360900075612e-05
8.36233574523609e-05
7.371366017016306e-05
0.00011801481527234673
7.451693543962916e-05
7.186028847958445e-05
0.0001507064258975541
4.269201432575517e-05
5.443354130245195e-05
4.2062275926131646e-05
4.813294480470231e-05
0.00010321402897847552
9.36750122388327e-05
3.4216047827391616e-05
0.00015580656519396398
0.00017670641828734354
0.00014895031297664573
2.2952615572536016e-05
2.5104348386144497e-05
5.766393801702489e-05
3.9360028371763885e-05
0.0002340693563903335
0.00015969085370978753
4.655824599893792e-05
8.617003954309567e-05
3.68454860541095e-05
4.07627296114253e-05
8.217943116662888e-05
2.1734298100217676e-05
6.493712754693552e-05
3.777339797805962e-05
4.3161282517549254e-05
5.033092101697686e-05
7.927406979373178e-05
0.00011045910857870785
5.542407177012015e-05
5.9018648107742146e-05
5.277355299238541e-05
5.5959425087839614e-05
3.4167562789409185e-05
3.8330921616709497e-05
5.629725429311112e-05
0.0002677739966377823
3.627590013309699e-05
6.65383572342267e-05
0.00010292512209179332
0.00016311757262788617
0.00016478624776590145
0.00016836849274920538
0.0001847097754017469
0.00010128119607646088
0.0006694732887938791
4.359044929575851e-05
0.00013587957066504893
7.615280022374842e-05
0.00010705562607944141
9.664236979629459e-05
4.65659514113447e-05
5.5348574872551336e-05
0.00012607741495814843
5.726523155165212e-05
4.097056136643186e-05
3.743061253052498e-05
5.8951004662461727e-05
5.609381807504997e-05
3.942248132418302e-05
8.630916276968228e-05
3.656364335001775e-05
5.969432999117281e-05
6.993156835016416e-05
6.908988187675646e-05
0.00010123344819962166
6.347087183214931e-05
7.190713810404467e-05
4.660866519901587e-05
6.353070392109033e-05
3.376987074157433e-05
8.808971237593548e-05
0.00020359475757407707
3.635292393943591e-05
0.0001131270756996295
0.00013754854118605659
2.8529948329643018e-05
0.00014625706371382407
6.54916733473373e-05
3.113537659125485e-05
5.295417592911056e-05
5.785369767337599e-05
7.675550004867828e-05
7.13669181614351e-05
6.945614768391235e-05
6.847431826412657e-05
6.290056346982932e-05
3.276086924844225e-05
6.45965925094027e-05
0.00012604650727010756
3.809830690780946e-05
5.485436263133023e-05
6.084845322901543e-05
3.8057159469503824e-05
3.376980852969467e-05
0.00013694121903021502
0.00012265911618564466
5.360926725700913e-05
4.4216711684075805e-05
8.590264418033515e-05
0.00021080549348064456
9.815906309778524e-05
5.115829571860477e-05
5.587170379472732e-05
4.9477406038283e-05
5.2676654128102624e-05
5.18833591028053e-05
3.6969221423230416e-05
6.555348598888977e-05
0.00019756284225043238
0.00010852520412911866
5.131894210804381e-05
0.00014439142891599732
7.918126358870799e-05
6.459118989812372e-05
2.1063502234761346e-05
2.8748987710437127e-05
4.6395556059946805e-05
4.04661706797546e-05
5.3532508264806275e-05
5.781484848223634e-05
0.0001201784513457954
8.909005349803077e-05
0.00019685019933010867
9.239015024918952e-05
3.403452923766047e-05
3.479165594115206e-05
0.00020539131609032858
5.344400364546415e-05
6.403681105403587e-05
5.7881080763532144e-05
0.00014364228407479833
0.000101617954355612
0.00021666942847431067
2.383103281971838e-05
6.536821500140802e-05
3.670463246415904e-05
4.425956069735604e-05
4.4797193273757795e-05
0.00010472409306347878
7.881164311752863e-05
0.00014327402998258557
6.141717738459653e-05
7.509759407708786e-05
4.9961042528089765e-05
0.00010658315513805929
0.00010332444910224267
5.0949302508276346e-05
5.068071884496295e-05
0.00018458450753828067
3.772988645620736e-05
0.00010988227304930276
5.468671519538496e-05
7.984796805134309e-05
0.00010768492654130033
0.0001473226046518085
8.19982968105881e-05
3.950299006914881e-05
0.00024467032888126543
7.599881950352366e-05
4.256571884430023e-05
0.0001410652511486268
6.394751935468734e-05
7.33984324672104e-05
5.3818058682430204e-05
0.00010102501085762044
4.244696388225253e-05
4.2180125956376594e-05
0.00021251111104126613
6.654693127705224e-05
5.662950350595716e-05
0.00021360070758521667
0.0002780594915377425
6.612621452776512e-05
0.0001526975814180418
5.887824953475933e-05
0.0001055909939781692
0.0001262359954657054
7.551703206354845e-05
0.00010089053521905384
0.0002606335496564822
0.0002448788590213309
3.3329770550707055e-05
5.65394341796608e-05
5.567227808874495e-05
7.575672515438673e-05
5.034386734299996e-05
0.00019246377640839504
0.00019333296566338131
5.9103460092641415e-05
5.146395213562493e-05
0.00013090226603184097
3.8021153621208576e-05
0.00018566675349922498
8.19567437166527e-05
9.004251377655571e-05
4.50169909674036e-05
0.00012033731614331122
4.9212003219961016e-05
8.683783021901156e-05
7.64518418205523e-05
5.7429565072185524e-05
5.241289702254303e-05
3.341870345836245e-05
4.121321330538281e-05
3.124408013730194e-05
7.253833845207063e-05
0.00012028591122106992
6.506000441836164e-05
9.37294846994534e-05
7.014900446687516e-05
5.538238755565539e-05
3.6479511066410926e-05
0.00013246877113867324
0.0001669571774008312
5.351451320420138e-05
0.00015683211576279397
5.698667235846698e-05
4.6166181028331104e-05
0.00032110266333469536
0.00012456605099360653
4.207049521962523e-05
0.0002563610326565462
0.0001545815559321316
5.4473755887840335e-05
0.00011581415533054889
3.035423589593317e-05
8.45395153281392e-05
3.833434794453831e-05
0.00019679914903940576
6.29502135795015e-05
3.82662405747573e-05
2.19469265684072e-05
0.00013769200538856367
5.544719721517337e-05
9.210577404988991e-05
8.690476406351188e-05
6.363745109974583e-05
0.0001044920488441276
5.9456150998619635e-05
0.0001389796089551731
4.476740370992773e-05
7.127223607613106e-05
7.041192287416365e-05
3.652329952129133e-05
6.228110068954745e-05
6.835798104117201e-05
6.249171704964031e-05
2.6649679509238813e-05
5.9250403848324895e-05
6.711494200249822e-05
4.584490217843258e-05
6.225649689960547e-05
3.640314188110633e-05
3.500729159799913e-05
5.7119070199399075e-05
0.00019571358735664485
4.875187904124091e-05
0.00017498094579661806
8.688514903340386e-05
7.936597025791065e-05
0.00014062271532270943
6.89253417696749e-05
9.128900383932126e-05
4.656917619605094e-05
6.235618489811677e-05
9.337965996700475e-05
3.3278558791680654e-05
0.00010616854522166165
4.7608045797222794e-05
3.135018833668484e-05
2.2850370097547155e-05
3.849222774094913e-05
5.940498524991735e-05
0.00015882118331168873
5.154943807200995e-05
0.000125587278642955
3.209611531513495e-05