0.03298501932570529
0.06913120075135608
0.07096063039228673
0.029694884775845674
0.10222491900402528
0.08048351690613728
0.03087959456277757
0.02465879853298411
0.003965394936147121
0.042031034506066836
0.04246805626161736
0.019735602422242128
0.03373258146928828
0.029469243195923426
0.013291311700875046
0.025588244638274638
0.016578179201153686
0.04159500320909955
0.023707068330932092
0.011689180723772142
0.02589339288061518
0.006797880055381964
0.018371317628392426
0.011123986618602108
0.009564613270596297
0.00939284317237828
0.01794279071022066
0.006921193110012008
0.007076110041270032
0.011529983778358436
0.0031266271397049276
0.0034213339442972467
0.0052986028486732145
0.020145030631637504
0.0038958931831881193
0.013124771731218773
0.006462110029772117
0.012179089428996395
0.011971249823772394
0.009099422699457722
0.005494410570451113
0.0039009151843455926
0.007738174788748514
0.018979727701253533
0.00591443532638612
0.006899499909804728
0.007324928259907682
0.003447696743292827
0.008960067115052199
0.004644791544571295
0.0034533469446588866
0.0135556399460466
0.007766551260782341
0.0047456637127439
0.005332404462208696
0.0030504690554557694
0.004979119803855155
0.002671426997467981
0.0034442754535463724
0.0032177300983225253
0.004174123472361244
0.003380406145975061
0.0014115914209669813
0.0016156465803090164
0.0035849822564287424
0.0023019294370301042
0.004357124751438654
0.006983849209004673
0.001966071075531708
0.002599835898483824
0.0034448844398423345
0.002760690230358954
0.009972459888757803
0.008729143148294588
0.0007410140930999264
0.003091652024683848
0.0029006345874308843
0.004227526256730527
0.004902245333029862
0.0020621532071818157
0.004117230367829659
0.014940936987613448
0.002713216257964808
0.005872661117722018
0.001975656559085285
0.004088809611575003
0.0027742082535253012
0.003218197391429597
0.003274104538527165
0.0053328534065587236
0.0055148522270733955
0.011207485472800613
0.008671947536329435
0.006818939518789564
0.0036289087481899216
0.000686258516561062
0.005410226744935806
0.003963236626630442
0.0028010415681716297
0.0032026107854882186
0.0032945762247293957
0.001990955443928086
0.0014021410043712555
0.0035060470006970023
0.0022431588387215296
0.0030467307847692744
0.0040769000366790995
0.0011108605431781307
0.004124645925853968
0.006001653351166824
0.0026422501890948974
0.0021291336621977568
0.0005515781010611353
0.0027181395391170505
0.005712345185281045
0.0015138626848967397
0.014831845870720544
0.006808533268393294
0.0015271261651050815
0.000842913888772998
0.0002864319939443007
0.0022032420681218565
0.0022529493371615606
0.006943752035767553
0.0038712744727374578
0.0026579459305475558
0.0025972570398141905
0.000987579921821842
0.005217167048876618
0.0038943353891452022
0.0013160047138860026
0.0022464212484684352
0.002624765723452852
0.0020013930688371658
0.000761389509627198
0.0008607708332694379
0.0017885132015262983
0.0008749998062387328
0.0011868454264463838
0.0038572937155230075
0.0004546994723352127
0.0006880082851943639
0.002193860021042681
0.003676279571775709
0.005161371015551452
0.002908719259212774
0.0027514563074389525
0.003381049354617041
0.001180083260112945
0.00191526181001145
0.005928282938423891
0.001025395141355956
0.0018458178635589579
0.0025934604901751705
0.0026232376533441076
0.0022105914628202973
0.0018011932767876082
0.0017825307762978876
0.002344609606344355
0.0014041501713167135
0.0008238535918529682
0.002325050480277551
0.0009284522305645903
0.0017324199315653921
0.003230679967363944
0.00042841187232541374
0.0004354541254635886
0.0025127828806457125
0.001593359867340063
0.0025538612409280233
0.006705160256141881
0.0010770871839472658
0.0007342529787437063
0.002867919855141108
0.0036637375191520055
0.0015860935719755314
0.007415467674622842
0.001060395549140043
0.004314898099126977
0.001866819967923184
0.0015804037861244166
0.0018808947991848127
0.003025928738880249
0.0016824355821925107
0.0014932350354103596
0.0019204373266801303
0.0005344404242755729
0.0042054558987132205
0.005032461697564016
0.00429094468368284
0.003329346669157935
0.002355652813019653
0.0014452906882520568
0.0008140775886918317
0.0016316171886731204
0.0006426704077787919
0.001229148914704798
0.0015398363542640286
0.0015727702089458916
0.0030446426965969548
0.0014997920796057946
0.0012096647701964835
0.0014962282794822592
0.000665849117134557
0.0035575751435287972
0.0027229911292808114
0.0012744281644284676
0.0012034489802765723
0.0009716001620803217
0.0011966218181996345
0.002189347659074696
0.0017308690853195664
0.0020980738150889466
0.0006680680048935088
0.0038251130381741724
0.0013062660252870053
9.161432936072045e-05
0.0017636120384984123
0.0006223487981795983
0.0016715943721775347
0.0014482392196020618
0.008350391099226716
0.0015744428886283284
0.001900595204047368
0.0010465118737378295
0.0018825656838155442
0.004876755231474644
0.0005269525674965854
0.003152725047332359
0.0023932169858182284
0.0019057965075351439
0.0006024387224573371
0.0007355166762372297
0.0009969000118263452
0.0007995956329204851
0.000752806631596927
0.0012869660461705516
0.0015073558857625028
0.0010296195017047312
0.002153291347382325
0.0026580871183746195
0.0004429562434617553
0.0008168066886637673
0.0010937533703874393
0.0019004817193757088
0.0020986768120571982
0.00014082111979987685
0.0010017272100019496
0.0030957072653174976
0.0011668143459448
0.0025283138708744133
0.0009993707962759688
0.0009468633828016934
0.0005576425693280694
0.0007729150382035921
0.00028169118728720515
0.00011604279756560286
0.00248573546240049
0.0021227549727027345
0.0022271207048580044
0.0006430780183800829
0.0012168754890553592
0.0009325015692244115
0.0007121122247191998
0.000868972834117874
0.0010144298351503584
0.0032542317267380645
0.0020999577888077678
0.0020924710845615694
0.0019507016851359445
0.0011021722483068972
0.0006649351879272956
0.0007040824909899055
0.0023328269506089276
0.0013561399076376288
0.001712058167501314
0.00043515509472608446
0.0023424617276387055
0.0010811366191025896
0.0011806974631555073
0.002959140230314171
0.0004745326741618535
0.0023262394826910216
0.0013500634267877517
0.004652625926909906
0.0005378502483957521
0.0005073626838776881
0.003757475466107318
0.0006663623404616262
0.0008464507905387337
0.0007156969791783514
0.0005551540240488694
0.001097153860228018
0.002667865638515565
0.001887987752263852
0.00041897415633755246
0.0016305234888322046
0.0012857148869109315
0.0008887825436399251
0.0008372808852780893
0.0038110400857931073
0.006683969335199179
0.0010881409005533095
0.0004985630202989045
0.0008244763270558975
0.0011361989400213962
0.0011516924458552175
0.0009992068482348449
0.0019352428791109839
0.0015731589268326884
0.0014935573765399099
0.002070339265700388
0.0005513484730787259
0.0013359872962709612
0.00042343713694438913
0.0007092893821027329
0.0015247524236845405
0.0012300152848134915
0.003305842992838988
0.0007490294711536738
0.001401719782991415
0.0008820915227558761
0.0005303723101447062
0.0012976325476813926
0.001973685123267387
0.0004701006489740102
0.0011611274650203394
0.0007808020502886701
0.00022112588057801507
0.0009673981667813452
0.0014944997387159472
0.0008175057420521051
0.0024969880452215534
0.002653960485077993
0.0024721069153518685
0.00041460560002445793
0.0011215965366281305
0.00020472581998201241
0.0002587840538262731
0.0007535482529649531
0.000767065486875175
0.0010034357296540316
0.001667719255704189
0.001557718877967718
0.0005439316529573559
0.0009974007506085905
0.001453068319812622
0.0003265897174563454
0.0007058710658143842
0.0005008098510703493
0.0009198894929909731
0.0008231053625984634
0.0002752527259662952
0.0017222164436073361
0.0027320323291206107
0.0006872671569775907
0.00015556722266315198
0.0007932733127060104
0.0005626379225225984
0.0007766408551451827
0.00037167614329353826
0.0012964445590545575
0.0020988259710667677
0.0019121036931392856
0.0003990926161518725
0.0002657610365206426
0.00028457754549099303
0.0005026037531179404
0.0005006707603880319
0.0007068006892462113
0.000285077172755013
0.0008402289184827012
0.0008809969856431665
0.00019619824735143856
0.00059951054107541
0.0006893953027835413
0.003246251778998493
0.0003491160132803882
0.00030610089581324895
0.0010324710314692249
0.00031084444480189075
0.0002967503969817855
0.00012699327667750667
0.0010675164041435965
0.0005107605864713276
0.0006922900297766512
0.0011956892901826268
0.0005125412354435798
0.0009274051212549086
0.00011360817937555635
0.0005259332669286552
0.0003874802127359753
0.0003370661308342722
0.0015253421336381828
0.0017454827852298371
0.0005688631929975837
0.0010556496238740868
0.0016137390197299038
0.0006389043510584126
0.0010541042307737152
0.0013701954149201942
0.0008528417137560452
0.000584858116761735
0.0012900004445361181
0.0004012481848365949
0.000279418620122431
0.004435267537946221
0.0013475463435463388
0.001689984833448119
0.0005839332355539077
0.00065595386033352
0.0007288811661213822
0.0003450681399558567
0.0002599540870121346
0.000779555691557253
0.0004014749960988619
0.0022850891311770416
0.001140575834597733
0.0009418920240235062
0.00043488477635059386
0.001523753199099504
0.0011875021519179212
0.0005994432838823448
0.0007908058664785777
0.0007969850410521885
0.003026683289656511
0.0007582751295863478
0.00033098309004211214
0.0018217346000458097
0.0004654948573299652
0.00014834350589240986
0.003461122481843371
0.0013054729387006255
0.0023136326286676504
0.0007532981012377912
0.0009335871187555831
0.0004446456594708324
0.0006804716221393934
0.0018986921094152369
0.0014431133090564941
0.0015774538734075697
0.0003379409470908749
0.0006861115109830521
0.00024727884454313115
0.00024499939401526484
0.0003382613643266346
0.0003736495555760052
0.0018189501684556623
0.0023158529100975626
0.0013371030902907984
0.00020475735875549793
0.0027844936240410726
0.00017701626947042498
0.0009942702436606986
0.0002928083436612057
0.0012745588425439552
0.00037158943999268706
0.0005713630931954289
0.002991192005909417
0.00025598837420363625
0.0005009753332698186
0.0017877553128102283
0.00028970997859465304
0.0008717654472011665
0.0005316100551028603
0.0004768570601437918
0.0005044622761406623
0.0012414276270002536
0.0007086211114885905
0.0009991464938308736
0.0009709799298672253
0.0005104802642753359
0.0015293287786618097
0.001299468149918479
0.0008737949402782986
0.0008769730004077244
0.0007702312384077833
0.0004420617000357449
0.0014470186314164228
0.0004264877342144535
0.0002263382661318819
0.0008489058979009921
0.0014701762873793778
0.0006386809952358055
0.00012197720719254222
0.0004048678354044468
0.0009954919651986502
0.0012824384168362872
0.0003225091709963309
0.0003381431659051247
0.000777191199778933
0.0003857981408890056
0.0004487380009765543
0.000813460006814899
0.0005351368525403512
0.0004962421676237668
0.0005641341153537564
0.0007301564543024973
0.00018676742519451136
0.0011428229507798274
0.000876577353160417
0.0004392443744977105
0.0010791833814635646
0.0004736507833598464
0.00013990878866883443
0.0015605426558046667
0.0012549729563647793
0.00043703114886892234
0.0008366990438932032
0.0004094466476846162
0.0005823416764074746
0.0002342167467915955
0.00039721511872617616
0.00010392330560799961
0.0002353411593283503
0.000688462088451576
0.0003663199250679331
0.0008864629798572039
0.0002494923809532701
0.0018740865536112437
0.0005942101866940119
0.0008445165823691085
0.0002472985710103912
0.0033594789293429524
0.0009747955793905351
0.00038226394740878866
0.0008785289534582163
0.001330084867969508
0.000941696653218929
0.0006645484054641311
0.0008284367642474675
0.0001010131214574472
0.00022244813868913644
0.003295527908867413
0.0006071765080751124
0.0002825285621856134
0.0012779323126983326
0.000528967515251861
0.0008757332591527555
0.003568237708166097
0.0004467987275321331
0.0013938852935831078
0.00018040486166387833
0.00029546035068519415
0.001206251118530292
0.0005658174612720141
0.0003708774638043425
6.640066743161822e-05
0.00045729364166228944
0.0013462665596038496
0.0005369049820335757
0.0009414033980434364
0.0006786609675172229
0.001101087679071476
0.0002507894377117445
0.0020954548248249237
0.0006140310208908717
0.0013224895604370963
0.0005395774103439073
0.00022680499965737594
0.00072705880122942
0.000978515232327059
0.00320005071832054
0.0004224535408422569
0.0010544355306681768
0.0018228284398670851
0.0005557470225786219
0.00017698687015462082
0.0009458148053042163
0.00045098310636088116
0.002212724713336998
0.00019536895380275468
0.00048530659361015676
0.0013735366128943495
0.0006618551309305148
0.000506602429222326
0.0004762470712741854
0.0008144696808576544
0.00032511897599363275
0.0011111621703918354
0.0014803991357590807
0.00030974162951112307
0.002863426223083244
0.00028764622286491713
0.001566561602737259
0.00055725238728068
0.0013922774823589628
0.0005030952336411123
0.0011442666771028078
0.0011726751953577692
0.0009059893426995775
0.00047023066458339464
0.0006798598400511911
0.001599717955234473
0.0003466205439055522
0.0004456677638983911
0.0006577738075407697
0.0011294739282618938
0.0004587091575910427
0.000559954928361108
0.0011666186990171377
0.0013205298683801932
0.0005717424483176206
0.00019124061774611464
0.0008920252946658961
0.0006208803413919807
0.0006487291455306288
9.032143274477146e-05
0.0007311033428018501
0.0008975686910509167
0.00042310788049911225
0.0006136599715256461
0.0004027716565207368
0.00084794742895461
0.0004822138997990525
0.00030633830153915033
0.0010225334504932078
0.0006317594067813433
0.00022882079564473615
0.0012743372091621012
0.0015452290287651857
0.00017810684198761473
0.0008908996854678176
0.0006672050693190625
0.0008509416228804322
0.0004644787199703113
0.0009474706072016006
0.0009202773003044163
0.0006399248529983756
4.7475072840526635e-05
0.000443420283619193
0.0005566395992924278
0.000397374402054473
0.0003158474001030724
0.000851810378819874
0.0006609606256879765
0.00014379458132710582
0.00034475380552472125
0.0006823889089676995
0.0002437833213059206
0.00039829602160253955
0.00025383661474423063
0.0003868037451483702
0.0023003857936551284
0.0005190819014625206
0.001818674836556945
0.0006323317416616131
0.0007420926177484572
0.0012310972469127073
0.0002454100979255395
0.0013024096905618096
0.0005591227802511125
0.001086721077720363
0.0005265291838284289
0.00017658817759258786
0.0004629802076103608
0.0003015693989755003
0.00027143366037391144
0.0014239377547398623
0.0006251404093013138
0.0011697599829306915
0.00032770618571247246
0.000540215662397886
0.00018798961125396997
0.0002862742746644176
0.00028175589031907526
0.001326358567067916
0.0007388307789855189
0.00022860665633780733
0.0009855844685207628
0.0004955126297409072
0.0006366282096095953
0.00021861549027286234
0.0016234619142961478
0.0002248120952045557
0.0008690018052159396
0.0001868553613497074
0.0002789597772226683
0.0005237656108538275
0.0003729371468557687
0.0006240672387544582
0.0006770323687297064
4.427669313941254e-05
0.0008086831216256555
0.0006402176241551682
0.00020349374454503564
0.0001866762556940243
0.0005056530705463299
0.0011182381576848414
0.000603963980488803
0.0005405210255356912
0.0013308305543959897
0.000522813178490516
0.00012896953911172907
0.00025394007521317024
0.00014463451911699395
0.000458980405302556
0.0015818871234902817
0.0012854841426630204
0.0011098801671868624
0.0004873248473370072
0.0003900846041690814
0.00047793390119187264
0.0006372788582130539
0.0006594316987806752
0.00048366016957050815
0.0001267549043560267
0.000495104622950091
0.0003305450749176564
0.0006907149600375406
0.0002607640053277476
0.0005747383155602204
0.0005655030136035112
0.0007469243921763224
0.000100498606654572
0.0002336919056735049
0.0008994826839656292
0.0009060619489090854
0.00019039029961575676
0.000457938473622223
0.000589382536822638
0.0010242901979132769
0.001056043140804644
0.0019006638663114754
0.00020438596679004268
0.0014935333313948764
0.00048227314819265435
0.0008244783285684861
0.0010701505429839967
0.0002717590635684363
0.00011439876082342633
0.0001597209043894032
0.0005181370804034312
0.00047664784402253206
0.00021573562234277036
0.0004213037816890474
0.0006965699544928613
0.0005185217363109263
0.0011243224713698614
0.00038507230714939693
0.0003584854248097453
6.124639817546409e-05
0.00021812699456637396
0.0008483500399947934
0.0003014323579023474
0.00044374439194344893
0.00022735352617837232
0.0007593343953353373
0.0004700900812089312
0.0002375659415728251
0.00016934540139280766
0.001491478353564932
0.0003231224842448928
0.00043839228679954024
0.0003304377090648922
0.00026357284930720513
0.0010163762880840955
0.000623472020238833
0.00039056247089816557
0.0006747408861461297
0.0005256427112810947
0.0005878811378419214
0.0004487217932859049
0.00022312496752835965
0.00201194539045534
0.0004887282984025581
4.722815691770245e-05
0.00031734453251344984
4.795538574782973e-05
0.003246041894944232
0.0003941153791387064
0.0003246755883604042
0.000259972065851208
0.00012293636515188042
0.0006821478207572234
0.00039869374145827074
0.0003126225833192918
0.0007922139282109109
0.0007145650911406813
0.0005570857191513989
0.00025118981241127754
0.00023679121057555634
0.0005602798169617702
0.000690680063234227
0.0002567196221359421
0.00037857879597326285
0.00043937746964206397
0.00012528552570444904
0.0012557914176767014
0.00043296671478877164
0.00019273326214135425
0.0002338525033874263
0.00043580485725844845
0.00037035224359026174
0.0011915529344456656
0.00031938910853794133
0.00011446128705947637
0.00024600896620832936
0.000677512458117808
0.000581097193596092
0.000999421988560194
0.00029894929815582437
0.0007684561623183116
0.00040872342254981577
0.0002981648017989785
0.00020727790526615358
0.00038578555728646847
0.00032619719138524285
0.0007982068441918184
0.00036944464042885006
0.0011058587612072725
0.00015765375673428266
0.0003584301676515562
0.00022183211918440636
0.0010897065737023642
0.001091922906880385
0.00025681959302185995
0.0008969665491479887
0.0006486296523444241
0.0001872148386706122
0.0007327469330931376
0.0003273723584297923
0.0007144331827713378
0.0003931238360494426
0.00019485154903857161
0.0008240650005734656
0.00032405470940188456
5.060795927257939e-05
0.0002812655593581329
0.0003037522426578625
0.0003213036665970416
0.00014924772432375563
0.0007470578818137995
0.00011173901780502103
0.0004488204618393257
0.0005403987188391313
7.330776978837529e-05
0.0003216439793888228
0.0002672050067223043
0.00015263043392735868
0.00025860932728643426
0.000299787025768211
0.0008590076060214615
0.000561451185691315
0.0006055713058127027
0.0010421896996625024
0.00017511699535552563
0.00023541193845388826
0.0008503865857232929
0.00045309379242360103
0.0003832034360109405
0.0008247579330243661
0.00024068598389628482
0.0007464577990312772
0.0014565609882830842
0.00013191127568332992
0.00039653362972961483
0.0005900213654337622
0.00019626896973285252
0.00016746377337492562
0.0001332187400597598
0.0005743568923432207
0.0008336936821126228
0.0005677708307921912
0.0007152515521239684
0.000679776252020685
0.0001948342363087597
0.00018530433011101986
0.0006890568840500009
0.0002557003170840237
0.0013388374132238883
0.0003308272160699843
0.0004707836588645161
0.0001238137259957451
0.0006007711365596733
0.00019163819888501457
9.296953843920294e-05
0.0006987277152391197
0.000142119030295429
0.00019690260599290253
0.00042376795608721317
0.00026211980615305886
0.0002810753473033716
0.0010520008272104462
0.00021709742871064934
0.00017595045270361688
0.0003327313875902613
0.0006710822024249614
5.280644297159954e-05
0.00024652642400391
0.00047990213818648573
0.00017454410557171587
0.0017861143449839111
8.063412747434904e-05
0.00018464615729302613
0.00024411310344694777
0.0013190490541472382
0.0011934981089991162
0.0003479294548481718
0.0005985751875871488
8.60503491816691e-05
0.00027187869824894
0.00039198560096624066
0.00016216232707496543
0.0006444492013038818
0.0001067054266642224
0.0005587829987728788
0.00030590560566708835
0.00047137925402939785
0.0009306823745235391
0.00044116549472156925
7.488377461974478e-05
0.00017522437549636973
3.714601233683872e-05
0.0004986286720643813
0.00013625135619691026
0.00021605847351544992
5.103173626283023e-05
0.0003614898338031738
0.00027373624938164956
0.0004670171968086927
0.00019471811517153152
0.0005463667131999502
0.0006729722801419124
0.0003694373562237019
0.0002738057820207279
0.00020161407842046587
0.0004861715030740592
0.00011414923232936521
0.00011054627428837815
0.00041887000147417105
0.00048084412854103493
0.000126683700669673
0.00018504133634437183
7.383248689289161e-05
0.00015056248348930526
0.0006114074397294437
0.00010264777648831766
0.0005320386785837491
0.0008254522484684975
0.0003068744318940193
0.00021553549877969825
0.0005868812189570564
0.0007308826884715822
0.00039768568059665537
0.00020489916584210535
0.0008183621934285737
0.00020659832077517652
0.0003150409472126367
0.0004313736896351215
0.0005822148937490531
0.00010164190997381033
7.107600187464684e-05
0.0007355187310252214
0.0003570998009566382
7.573217825408119e-05
0.0001875238208183658
0.00010162251796037501
0.0005233811072659146
0.0014440699931804885
0.00010200539505869936
0.00010753666462535487
6.295960077880204e-05
0.000603963485667756
0.00036722791655140647
2.7837445290799813e-05
0.0001635428983797237
0.00014124467106670763
0.0005362461666917651
0.00010372409896718178
0.00034649573846178705
0.0003449040512420432
0.00018465844216770412
0.0006508511231790767
0.00016440668427560547
0.000551014726570299
0.00046855420577966044
0.00023632795816258737
0.0004333479834145401
0.00044841082782226473
0.00012210065333943874
0.0009179919695753315
0.0002124650996303908
0.00014106772776557633
0.00018472374910355734
2.7741829835108782e-05
0.00019873326301207456
0.0003408247951087138
0.000779729762490186
0.0001741892069455449
0.00018752950555193883
0.0003351276538839057
0.00039598202661611043
0.0003857751576767036
0.0013048936882862066
0.00014448874282779544
4.744799614581792e-05
0.0004837272219389458
0.00017849357919504848
0.0006706624384659281
0.000343786298397874
0.00034745746868805063
0.0003172762328413075
0.00021391385575035316
0.00041727704573160695
6.289136156927183e-05
0.00042874505365270713
0.0004719648795403991
0.000614840754316168
0.0002605060767692425
0.0002016976194197501
0.0003468191826923405
0.00021904020524919691
0.0007114559489694823
9.3812130605143e-05
0.0005652868198935838
0.00033934926467129125
0.00026960982130132944
0.00027704665406110544
0.0002465552554697393
0.0002903641805089647
0.0007774258494242468
0.00014840818120587362
0.0001679991607162611
0.00015871679210057555
0.00027574390119117204
0.0006282793454896958
0.00017859785140739726
0.00010757231272411282
0.0009418565829846504
0.0003176017536428319
0.00017689776760790814
0.0003525252970271736
0.00011480823775470702
0.0001415376320708688
7.328666395392869e-05
0.000909057353799248
0.00011878252694038408
0.0002354509650500206
0.0005280301706688978
0.0009364475625755081
0.0004410112051129891
0.0001683529836707899
0.00019732454440222694
0.00013621932567525066
0.00014312821898253205
0.00018004723031078367
0.0004260992341964394
0.0007876949706519326
9.999243937193594e-05
9.593870947543566e-05
0.0003480420301093559
0.0004222515808876967
0.00045138160012260926
0.00018291788128474535
0.00010702325386024434
0.0008665684091242391
0.0005039172945184047
0.00025794914277359394
0.000582817374088953
0.0002328849274528856
5.673296096056708e-05
0.00048253937759110116
0.00033922625723553537
0.0008834294854141829
0.0006137693561706572
0.00014776331625681823
0.0006115914813186323
0.000189835938006981
0.0004051223605958087
0.00042421827231471
0.0004533628523183246
0.0009461512854184396
0.0006538835939458184
0.00019488395064191298
0.00011311374808269633
0.0005398215060533568
0.0002996397302277107
0.00047679672997289
0.0005109990027166523
0.00021305913682590296
5.911028404640143e-05
0.0001020080314166938
0.0002674155520402268
0.00014500098746714446
9.29694071110877e-05
6.246753873814865e-05
0.00022891538826138962
0.0010660718323876903
0.00020834949972500729
0.00014479817760492425
0.00015260436933892514
0.00012240756365427828
0.0004318956406793372
0.000960138113349768
0.00019594602334430076
0.0007643191614618443
8.590443090235652e-05
0.0003900212269371618
0.00011489046380028669
0.0004433846237375558
9.063387053622282e-05
0.00044016823939758146
0.00016359730826609407
0.00015410517055548448
0.00025906932685929745
0.00012153640009103365
9.791798715955163e-05
0.0003418360376884329
0.00039637101506397314
0.0005401008971036808
0.0005668722973929763
0.0001940982699777229
0.0002618642133047733
0.0001699348761074466
0.00019407112183024303
0.0002579790001939472
0.00025084052895268954
0.0003609150288068891
0.0001398199644139367
0.00011961729766799785
0.0003918243323417271
0.00014082748698692924
0.0002984280693119427
0.0004919308258700692
0.0004790466321439521
0.00020813329756150316
0.00046551092385265066
0.00021109747442632422
0.00022815965143346638
0.00036740322786985274
0.00045941216057106634
0.00040077182182217283
0.001043583151357335
0.00022587116996646855
5.283394386319034e-05
0.00030592734723572824
0.0003101228684351987
8.628047767194514e-05
0.0001263568459869194
0.0002002395426381396
0.00022955948368945627
0.0006307521512407603
0.0008124883937123401
9.233086082051259e-05
0.0002846625958198173
7.718671267694117e-05
4.579372591774638e-05
0.00029626490488337214
0.0003713613458007491
0.00016265299536199492
7.73891108218215e-05
9.816329984490783e-05
0.0003107728799110523
0.0003288010692055718
0.0003105962626017985
6.653035232670376e-05
0.00012058386414445775
0.00020846091553086937
0.00016511400795633663
0.00019767198499535575
5.874564204413575e-05
0.0002115078034335669
0.0005175933004116755
0.0006511735125981595
0.0002038603686222673
0.0005887593202774599
0.00019519947047508466
0.0001669282621653839
0.0004303945701226646
0.0003787524862426468
5.814152925830186e-05
0.0005122292525150958
3.2929877890761526e-05
0.00026350836157700887
0.00025796189045031035
4.920530769577387e-05
0.00016979519876670281
0.00011749502175737555
0.0007276746328763965
0.0006696804278159047
0.0005767535945840035
0.0003312625704800991
0.0002005910473272604
7.675789454560989e-05
0.0002441702456118682
0.0002610683206640806
0.00024628674379015205
0.00019765354565332108
0.0004433322911294332
0.00042270389270126357
0.0003858405970903383
0.0001961609184301292
0.00048197887879063416
0.0004090880023589529
0.0007098226862267055
0.0004605619060009041
0.00024382162256895618
0.00015507589237858071
0.0005348256647227265
0.0006536597145994505
0.00020008202655996503
0.00027335828828725135
0.0002847267580057992
0.0006276981163813938
0.0005408825101103759
0.00011032733523847613
0.00032412257137060777
0.00021124546683837353
0.00020528075505684272
5.8228657881551094e-05
0.000321319368568968
5.6980738395637094e-05
0.0009208712354883183
0.00039591244644011323
0.00011238050805753881
0.00010210609094866365
7.457228819812204e-05
0.00035197960148271144
0.00047154459408315453
0.0005332850800899166
0.0005254940092548126
0.0002759578429297238
0.00017578397456931283
0.00016750205556905187
0.0004899266561949974
0.0009874929527419023
0.0003300173270018037
0.00043301356609687066
9.646123747314087e-05
0.00010959082884087332
0.00019336894300193297
0.0003103039632446121
0.0004684387217694314
0.0004777124591608057
0.00019200261299206247
0.00045026480795038837
0.0003034913687700241
0.0004239925328574123
0.00011450898596650454
0.00026477070213309483
0.0002536427523224603
0.0003785299022267788
0.0004223880604517972
5.7503036898377835e-05
0.0009203810794968748
0.00022789970061081963
0.00032612127575316267
0.00026026304074735297
0.0001949511592549747
0.0007003713206515077
0.00013582465646915168
0.00030437074450339956
0.0007099426260718165
0.00034184318181071767
8.255248318032078e-05
0.00025810882405248413
0.0005620362457044499
0.0006566786829205016
0.0006000902082341574
0.00030755082253939946
0.00041413999193988163
0.00069630474260025
6.422452281695208e-05
4.4278679071205e-05
0.00027690820768080677
0.0003330039648198107
0.0005573257363570289
0.00023726040688514167
0.0003351817081265938
5.6611400841051124e-05
0.0002364117182580246
3.931870912978702e-05
0.000507158428532527
0.00016340849148878086
0.0013234109720783101
0.00013996017550565358
0.0002074710628285734
0.0001849803775694284
9.849122055858063e-05
0.00018236243274681602
0.0008162889728722252
0.0001937816614277847
0.0005034526881802161
0.00020039253901454334
0.0003808966266648309
5.585373304262736e-05
0.0007291635581637794
0.0009523845212998165
0.00023109364091441866
0.0001411389942546014
9.024932196815504e-05
0.00029455248740694516
0.0002764943770154172
0.00022654147707108936
0.0004824456924926906
0.00029347029087164485
0.00017276082546506113
0.00020147124402677459
0.0006615858093741718
9.613708309622997e-05
0.0016201933443101945
0.00018199909223694282
4.571483081667606e-05
0.0001428874187591423
0.00030218015001325413
0.000627760790054375
0.0005759387590065097
0.00020932322480788235
0.0006059768268128285
0.00019014330945722375
0.00025166028599173297
0.00013958532971852122
0.00010364193173290104
0.0003830779586622083
0.0011313274952926302
0.00023057250380504972
0.0006842772824691019
6.993094596556404e-05
0.00017339952620914714
4.519664536555803e-05
0.00042900394952958345
0.0003329454581252987
0.0002612525678102963
0.00014432886182629074
0.0001807168866516718
0.0002807890503839853
0.0006559227841851442
0.0006280089595486853
0.00017430190249654115
0.0002576125159755383
8.308061384660907e-05
6.983044571777501e-05
0.0002206809119426773
5.455151394955924e-05
0.00012141634566778894
0.0002894517663586054
5.0365162121744445e-05
6.47545170221768e-05
0.00023396527366923854
0.0003733518065233173
0.00033594449066451517
0.0004968983181574737
0.0002655009285646869
7.076175855384654e-05
9.485034958916475e-05
0.00022616792140352985
0.0006241207822615598
0.00019218828550396984
0.00013013653189535384
0.0003330524217002055
0.00011994753373324908
0.00012717815293794503
0.0004433717516445839
0.00015545201443707975
0.0002634558860343047
0.00023315804327266425
0.000592713889997927
9.80373259664593e-05
0.00034479368881341183
4.6669749625656074e-05
0.0005531095324281854
0.0005426843844389634
0.00038374039182933914
0.00024585724586417634
9.366688701322511e-05
0.00010274029082166813
0.00017106661130029233
0.0002119004536519603
0.00043286064964655045
8.636310393402707e-05
0.00025721024384319055
0.0002755608100877924
0.00020929237766803243
0.00011990799876404085
5.022661312954782e-05
0.00018568072036760557
0.0003904657683220754
0.0004323277347347983
0.0001803959950894967
4.273161664288596e-05
0.00023115087243658146
0.0003268842999092555
0.00018340034523922288
4.6001574584170494e-05
9.559524035056017e-05
0.00015161297036556115
0.0003172384127623645
0.0006813302888056873
0.0003623384672385442
5.6399951607956354e-05
0.0002539036073040302
0.00018277010925426055
0.00010058868368711662
0.00035043953955072156
0.0002700729643359154
0.00030901476489577907
0.00013587693665099228
0.0002875346763220492
0.0001356449271191555
0.0003861691944066449
0.00027615817047589196
8.697642477549138e-05
0.00016509563198899077
0.00020536143498749341
0.0003029995376786857
0.00044120182245683344
0.00013013090436884132
5.6352593718980716e-05
8.883967049215832e-05
0.00019386474842236035
0.00013562477095486097
0.00030716569840084435
0.00032375189839363883
0.0002491836797409179
0.0001314146991309939
0.00013441388297095127
0.0003149446606508378
0.0001974723052738937
9.878728828248282e-05
0.00038566336151418703
9.876401043596425e-05
2.638107444799891e-05
0.00013356802854555297
0.00023673564386335008
0.00010153405809151267
0.0003277779747898441
8.976441168577528e-05
0.00013124428059082697
0.000513367290511137
0.0005139337165731049
0.0001479955471533602
0.0004888711678676298
5.9347077976509214e-05
0.0004753478801201535
0.0001898876460987164
0.0003441535570802433
0.000223668010881144
0.0002957155337760517
0.0001339267737769884
0.00019140385631600753
0.0001649299176565791
0.0002295995499589377
0.00030022485803480155
0.0004791587019638113
0.00044564724066665297
5.741781989023559e-05
0.00032539377386434136
8.050338508800506e-05
0.0003185380385469892
0.000522215028900863
0.00016153465485168605
0.00011294718901178272
5.234884187347043e-05
0.0001867235282382464
0.00019264812691607256
0.00015688600862748852
0.0001852537745256485
0.0007779261430274454
4.455832055983597e-05
8.958686736178075e-05
0.00011881135749671448
2.643812225339689e-05
0.00017584426144595604
0.0001729307803143226
9.746647711465313e-05
0.0004286071210706087
0.0003400236749859479
0.0003508201405884203
0.0003566538412305393
0.0004090999395499067
7.965419847363699e-05
6.244050428773321e-05
0.00038367314742400563
0.00010304523804862996
0.0001734713577028362
0.00011793319795468526
6.718791869530031e-05
0.0001857534563323976
7.820071907222728e-05
3.5207891430598314e-05
7.720301007356812e-05
0.00011056805439053572
0.0001934977204035301
9.12783729225992e-05
0.0001096344139423355
8.238513108662734e-05
0.0001033558071541689
0.00022603106099428015
0.0001675688290634702
0.00026605560822616676
0.00021158102133887283
0.00012001609513930207
0.0004021755135967301
0.0007811812631193653
0.00013570713861345204
0.00020562453809203128
0.00041285755643832834
5.61673814199288e-05
0.00011040540132356757
0.00041253234811317415
0.00017181124489879665
0.00012353980112132383
3.7482419882445895e-05
6.21787396870883e-05
0.0002642805740631405
9.334856586584827e-05
0.0002678437049706465
0.00013721261329366908
0.00011050126906774533
0.0001252178908462777
5.624564322313468e-05
0.00013175037047230252
0.0002499019877984627
0.0009935418134532868
0.0004790208597219827
0.0001443989929418109
5.2549106391307786e-05
0.00021554106760175956
4.2957532607653045e-05
0.00015291164174344095
0.0007803942199887453
0.0007059272544078737
0.0002039404842946849
0.00011368008111957834
0.00016492166792343032
7.332823079153822e-05
6.131858428581195e-05
0.00034346060667375525
0.0002467942731513866
0.00016488666841891505
0.0006345809994080065
7.026648018942618e-05
0.00014000733562508246
0.0005893199911915346
0.00011458848709885978
6.169427971824991e-05
0.0004845219497697345
5.181060620659754e-05
7.75403589946873e-05
0.0004391775330813173
8.718687365266726e-05
3.651257254317304e-05
0.0001269546670282067
0.0002901339779234107
0.00040915983510820896
0.0004114636156956601
6.543453385146675e-05
8.48044118186774e-05
0.00017086617406016213
9.069558266628542e-05
0.00018992597681950692
0.0005664761147233761
0.0006902035684609185
5.702052481837218e-05
0.0003048882648867613
0.00013279164801033392
0.00024223915988531153
8.56292385872991e-05
0.0001001196708697624
0.0005702990724519109
4.9590395502263106e-05
0.00016007370979421879
0.00039309038031227556
9.95869851386791e-05
3.426189945826801e-05
0.00014871389873008923
0.0006943149954978246
4.409068011970139e-05
4.973771454470081e-05
0.0004631448603216851
8.379996715305708e-05
0.00013459139648912835
0.0013039472216446334
0.00013849148973467865
0.00019048257501500863
0.00013887864559072492
4.736262811615758e-05
0.000105691567604302
0.0003780894256454581
6.62995841438508e-05
0.0004891695823044471
0.0003931629352497215
0.00037337882141503105
0.0006307395310281177
0.00013035199670424996
0.0005360147845304771
0.00010512775951831013
0.00010786651805442754
0.00029802212195524094
0.00017801829015825574
0.0001969229216218284
7.679587410895171e-05
9.261913855518893e-05
0.0001535688609577773
0.00018944265064869527
0.00027011721509443944
0.0001795605553271417
0.0003030541555873585
0.0005052458134550576
0.00021935235394065076
0.0004995308126302971
0.00015531683540858166
0.0004371213528944878
0.00014742344541411327
0.00024805578268178707
0.00013190608363531462
0.00034651578882154675
0.0002267270378366808
0.0003875379054519198
0.00014963359479305632
5.7286005895106336e-05
8.460425950264515e-05
0.000227390357422032
9.900804074882835e-05
0.00029027728279134256
8.889811939622656e-05
3.572457590552532e-05
0.0005330834852719234
0.00011546790839546018
0.0007349901093430862
8.84458706942579e-05
0.0003613807852450697
8.332301841285004e-05
0.0008809372383302738
0.00016274841748167604
0.0005396020199009067
0.00030794309597765034
7.774485255947074e-05
0.00043584787315980336
0.00014338726007781042
2.9814388215481998e-05
9.416018449638038e-05
5.694985415818827e-05
0.0005667727334989906
9.077028796717174e-05
0.00018718012253266656
0.00014331224804099872
0.0004171720579479735
9.37233978174525e-05
5.5649857774095977e-05
0.0004417760160927034
0.00010792997165065218
0.00022225248060218287
0.00011784636328458034
0.0003868983851144302
0.0004001565015943034
5.499225336387479e-05
0.0002535647196414486
0.0001135778291418177
4.091420813768239e-05
0.00014899259919194842
0.00020954462830512406
0.00030103679836322397
0.00018951899362935405
0.0001167382813541675
0.00013457283617571242
5.703313031918431e-05
0.00011521239308247314
0.00017304184343382715
0.00011667463010906828
0.0001463225842106563
3.23393427241088e-05
3.868548324040489e-05
0.00013499176576791693
0.0006628339035483395
0.00012073735506454773
0.00018960513532476628
0.0002898885046764982
0.00013878335935745229
0.00013658359747952792
0.00026874399564998796
0.00046961699996897504
0.00018069135503008174
0.00043925536276901
8.914785049071603e-05
8.963849043436175e-05
0.00013805664198639664
0.00012035236953636725
0.00010057268682339485
0.00021972971665862583
0.0003279722994644291
4.352818178525036e-05
0.0007468342375083199
0.0004248717657589955
0.00012143414792716823
0.00019234994749566634
0.00015305486303599227
0.00026642232290538574
3.6666621367559745e-05
2.4738447587582187e-05
0.00027004854108637617
0.000231225689282374
7.43974948141996e-05
0.0004732502835136407
2.7289531282805285e-05
0.00013346884561231582
0.00014678062463710436
0.0006218276743131579
0.00025319326645240346
0.0003123757052133668
0.00014155371343522506
0.0001418708850226518
0.00022999186816966498
0.00030779177792309256
0.0002394832624083972
0.00019910114740557725
4.2712311591948275e-05
0.0004051966600456507
0.00040096207766918027
0.0002603225547261078
0.00031206008010337946
0.0002557997662195393
0.0002628474453617675
0.00021870626121749863
0.0003018017850505885
0.00014351950945757229
0.0001076867103952358
0.0002726696909473689
0.0003111351793744338
9.083975778623726e-05
0.0002733520108634092
0.0002273960286193478
0.00017493583709368975
0.00041681128124701174
9.80801895429562e-05
7.690203136425915e-05
0.0001557586593755838
0.0005391351514322121
0.00037725138917964977
9.196131564084444e-05
0.0003136327983801299
0.0002788671093398147
0.0001347186657888202
0.000180053386364252
0.00020563460500382262
8.436361978108636e-05
0.0003611343185857404
0.0003957126139230294
9.82988697617225e-05
0.0003017939541410295
9.014542506942729e-05
4.311134514500635e-05
8.580775757015896e-05
0.00018811300924118476
0.0005906027859291507
0.0002067889919253645
0.00045220637074821124
6.864837300706948e-05
0.00036737257857857777
0.0002872000286303333
0.00010675914070305642
5.245473147383628e-05
0.00048271696696550805
0.00017236980693874224
0.0001983776333490244
0.00010148576380416206
0.00011100981226800815
0.00034585912016982744
0.00011962350351070488
0.0005001712390494764
0.00017724329956108226
0.00022442576644365168
0.00047244557831758126
6.575778019524255e-05
0.00013538254830780915
0.00026513986491699193
7.567907317985327e-05
5.190554535961766e-05
0.0002816068347454035
0.0005437815829975975
0.0001687509573971645
0.00014173992579000563
5.024627288475411e-05
0.00021195402169710717
0.0011512128270651859
9.338834078772063e-05
5.1268475358085195e-05
0.00024545989274168706
0.00015775052338516752
0.0001281825096930856
0.0002288524498482102
0.00011182372395161123
0.0003569143500856313
4.675982843681785e-05
0.0001840945747214228
0.00013468158023136775
0.0005899310967601304
0.0001657624474885908
0.00016762200401121278
0.0001656166712434429
0.00036865978440798434
0.00033509901171020393
5.9027033886759246e-05
0.00025689444778392205
5.644627856413778e-05
0.00015654043061390571
0.00010282624623511235
0.00013012455987727734
0.0002687404904525988
0.00019190263215945958
3.655678501577762e-05
0.00021372109418725218
4.435829725942541e-05
0.00023298724372544432
0.00011216083620396734
0.00033946082700747724
4.399188844828364e-05
0.0001724121410022934
5.335623247139327e-05
0.0004351723598603319
0.0006939076778608678
0.0005555504795025138
6.288171446727217e-05
0.0004666899264633396
0.0001237493515268908
0.00019825159845641554
9.593291699470471e-05
0.00012733332086754538
0.0001370972830114993
5.807717967482607e-05
5.894859089235657e-05
7.22981189585055e-05
0.00013345978000720696
0.00014886364274165786
0.0002570710728158968
0.00014870324646373996
0.00011907671565015625
8.36991334373439e-05
6.367177589319164e-05
0.00021513721953516192
0.000409849760994628
0.0005892736498246831
5.409097985367053e-05
0.00017719916942390924
0.00019424992477886982
0.000136502837668082
0.001214804758484278
8.485876155961091e-05
0.00013399918692912736
0.00015303498271353782
0.00014449985425092976
0.0002100619843426454
0.0002146688672703995
5.519348140374902e-05
0.0001097212193458595
0.00013033979944533023
0.00016580705702228627
0.00021617231459744615
0.00041587811309201395
0.0002491726713752482
0.0003194121272321405
0.00016219126378427
6.597308563479578e-05
0.0002324079781540062
4.3664487794721845e-05
0.00010824099073302204
8.601209935874809e-05
0.0005599794299709253
0.00034997846788778974
0.00044013488384124104
0.0001346058592248906
0.00010029523884139312
0.00017758083883710762
0.00016559996579251998
5.538847707964144e-05
0.000157159506809923
0.00024469677051228546
3.219528806083259e-05
0.00013219442916462054
0.00037982373606344365
0.00013895041482134854
0.00021950940730705473
4.152334913953452e-05
0.0007487785058408866
0.0004949805317477808
6.161236542227762e-05
8.459727077578644e-05
8.871942332379261e-05
0.00010140909373156291
0.00015278233556022461
0.0001754783177692651
9.977297936919243e-05
0.00013459365303132448
0.00025736088199841694
0.00017244040634738933
0.0006850271555538449
0.00015662127667898727
0.00024500400615274796
0.0004442979865392616
0.0001129818569150406
0.00048814839560439624
0.00026529202388457653
0.000446376529617462
0.0001793475908990851
0.0001639953530622343
0.00011684350246768525
0.0002283853207363842
0.00010815619095303963
0.00021565390434700438
7.028913956603274e-05
0.0004686081127393168
0.0005468789139266468
4.73705901814864e-05
5.937678173059736e-05
0.0005209609262013683
4.634434391665779e-05
0.00021491877518500303
0.00037775690042807485
9.757084712063731e-05
0.0001908267498073001
0.00032358830477655375
0.00010084789803435899
0.0001653908119403847
0.00012269189318974815
0.0005273850963431251
3.547244513937189e-05
0.0001459323547060056
9.024409482413812e-05
0.0001992115697929002
0.00036050267155401315
0.0003419242037995567
0.0002623485228535667
5.688807802799151e-05
0.0003692582125784016
0.0001188772666602583
0.0001916345492421671
0.0003090051819774925
6.38142548273379e-05
7.937199786857122e-05
2.575091055692062e-05
0.0008972554834890988
0.00022130553231795852
0.00014731945939400995
0.0001271226824936432
0.00012977295628110162
0.00025852480913137274
0.0001733358377159964
0.0002320196296418463
0.00032328120332396034
0.00013591258811232557
0.0003069983525724794
9.286515933792946e-05
6.664885826191822e-05
0.00016538895249861208
9.833753089490942e-05
0.00014755082600395803
5.721447803088483e-05
0.00017403086419511964
5.649737300009787e-05
7.382397856784449e-05
6.487814873301731e-05
0.00012693465517980357
0.00012849976706525126
0.00011244308631750776
0.00010756623152009077
0.00015885524079782605
0.00014398117015905463
9.466978124706775e-05
6.186888902795015e-05
0.00017671704885814413
0.0005488643015964702
0.00016652567933622177
0.000146251400106748
6.623204401900503e-05
6.261934392047808e-05
0.0005238061588670863
0.00047827859127126784
0.00043034470848891525
0.00014284654019954782
6.959595361766697e-05
3.8774932826432836e-05
3.222788625787059e-05
0.00010188644092508024
0.00017916041856719432
5.954039128514461e-05
6.147201662204049e-05
0.000261914933803336
2.5587296886957022e-05
0.00010058647060743047
0.00011983144338999601
5.660672745515825e-05
4.439384593991258e-05
6.066936801551857e-05
0.00046518119037493647
0.00019081783367140884
0.0001205392222538861
9.584575200303288e-05
8.100373133343292e-05
7.969900794612286e-05
3.193885368147864e-05
0.00010645094504579559
0.00014475554994829788
0.00026795615423895046
0.00021859929162272888
0.000313605505628216
0.00015169070780174292
0.0002591235519026869
0.00035793775955667663
6.969188752713858e-05
0.000311912884081548
0.0002557781509123722
0.00017136949809084558
0.0002747650862324856
8.193941912709066e-05
0.0003952060808519966
0.00015949178989501295
0.0003949730675732457
0.00012369823054208357
0.00011558289593983352
9.01330277082875e-05
4.3616306801772746e-05
7.396787681677777e-05
0.00014517268624057795
0.0002172177671632461
9.870726267191445e-05
6.394601542084712e-05
9.097826436271303e-05
0.00011710800279951232
5.432976162261536e-05
0.00018736848238046192
8.023749985830739e-05
0.00018353052864696263
9.043729003907014e-05
6.094777591754671e-05
0.0002323015968331127
0.00016009025568193414
0.00018217320948929588
0.00020311839199227898
0.00018312026568784726
0.0006312475514207944
3.806312181398978e-05
0.00031072882047993207
5.2678453204775906e-05
0.00021854386825739081
0.00025016216811483397
0.00010680249359756133
5.2427936901225876e-05
0.00011233973280438687
9.719890801194076e-05
6.53911419389032e-05
0.0001613160942829804
5.118355238859711e-05
0.00030755553512655726
0.00014205735319053456
0.00012676539767703321
8.801405459590569e-05
5.4301816693338974e-05
4.1747801037705336e-05
0.0001814546992218428
4.218099741584563e-05
0.0001768345341514627
0.0003006267380494222
0.000448697848936158
0.00034788456405366604
0.00016072477282669693
0.0001332986785277832
0.00015596720210661277
0.0001227277442396921
0.0002719529164767227
0.00019982204074758098
0.00011611076779424162
0.00041228398690577113
0.0001305428393870476
0.0002770519978110784
9.199088899131474e-05
4.7805992814170584e-05
0.0003064002459138959
0.00017447219915990174
0.00012151733504919182
0.0001709993812039832
9.092093717008751e-05
0.00032867189274546436
0.00019492247427710518
0.0001222615127874641
0.0001379876564518853
0.00020775880559131322
0.00048737119953385207
6.775517779060477e-05
8.914706155692615e-05
0.0006333072006147507
0.00012828784276107082
0.0001154864381275735
8.146171120157655e-05
5.5970322228368555e-05
0.00014892317526924042
0.00020845725533269178
4.205651494319636e-05
0.0002268578949645152
0.0001262384527185405
8.784892161670043e-05
0.00012214193239063574
7.018930783674672e-05
8.095761893697722e-05
0.00016701781456449855
0.00047884134714682824
0.00014519869899649448
0.00018770384242650098
0.00016964645304226884
0.00020758905356071825
0.0001282458453140091
0.00025982381382123545
0.00021078601113619274
0.00030873823733439565
3.257160482378676e-05
0.00011868090602716152
3.296939259059765e-05
8.014446088875923e-05
0.00013895614809131154
0.00016436878523441823
8.371918914379254e-05
8.22394427614964e-05
9.797787274214484e-05
0.00034019046425612446
0.00010500715467626273
0.00022042480785164993
0.0006930008923937775
0.0003322629627116111
4.732271427685684e-05
0.00035060319128369906
0.00017788458928711884
7.691639915418108e-05
0.00015125947927926474
0.00012898333487359266
0.0002495598276848702
3.113747943941729e-05
0.00022166691046615443
0.0005457434166784536
7.378782432511662e-05
0.00028391829850826626
6.621443555029514e-05
0.00010212498037663092
5.6308292222390136e-05
8.75249338797006e-05
5.884555174471678e-05
0.00016370774447111594
5.948689204122533e-05
6.268911975218294e-05
7.671646448687897e-05
0.00028041528758851507
4.882678271209096e-05
5.874808427078761e-05
0.00012969453541816656
0.000416945858021504
4.2602403965804455e-05
8.108247892683312e-05
0.00015515862692028217
0.00034285390386373674
3.22010184919614e-05
0.00013542584421108193
0.0003955223415979265
0.00014157384076792084
0.0006112818919854477
0.00025863965973934656
0.00012845945615748804
0.0002922710858337044
0.00017439031476712476
0.0001451025440007848
0.00010235192308245724
6.115097504928096e-05
0.00016177528423540967
0.00019554531010786057
0.00010103882756970098
0.00011857744715580332
5.7575414184635e-05
0.0003370151937254381
0.00011964512826003992
0.00011776499395360232
9.996041895502902e-05
0.00033295367316418036
1.4715484861271908e-05
2.02618759469357e-05
0.0002239193014684472
5.2105040173142146e-05
0.00013771265129458886
0.00010952887763816391
0.00017339001326287647
0.00024267068161011498
9.561733755267304e-05
0.0001781058649599171
8.712793960618323e-05
0.00013157096054177542
0.0001609233031825974
0.00014840453446394474
0.00014254382033278802
0.00021477381595612198
0.00024052962854996724
0.00011282045266730758
0.00013471105945014666
0.00036789782835758907
0.0003787272346775886
0.00012678684754152016
0.00017142373331782658
0.00017621756126506716
0.00017733975212654593
0.0001172785639512049
6.932846452518967e-05
9.502208344018998e-05
0.000454053739331112
9.800229981268225e-05
0.0002483829373862841
2.202207427629739e-05
9.339382919483929e-05
9.032233171976925e-05
0.0002687830902892723
7.100373906085334e-05
0.00022292383957332146
0.00017922593181012055
0.00020051193931834894
8.924053635525287e-05
0.0002776797588311692
0.0001024139456719548
0.00025237965266376684
8.128714511376235e-05
0.00022156544920396044
6.669019794081471e-05
0.0001221696566057853
8.086380764955841e-05
0.0001196567419855661
4.8760391049613515e-05
0.00019594172304604094
0.00015943279495798034
5.098490313050757e-05
0.00040024847914632485
0.00015639262030023654
0.0001651760241583029
0.00012131368682304844
3.971246376227977e-05
2.9292818776749607e-05
0.00011015652277641158
0.00021867232466177354
0.00019729583236552674
3.237358578875134e-05
0.0001431213855614158
0.00033404495458237964
8.326159090896365e-05
4.16138633298342e-05
7.890591031590335e-05
6.432535267016471e-05
0.0002282566010844343
0.00020077940686460038
0.00010032970784193275
0.0001485321320279924
0.00013260078618483544
0.0001213021612384569
0.00034235098966551897
3.469462401250633e-05
0.00019820288315094227
5.962931639350922e-05
8.580134755092032e-05
0.00022937736661149107
0.00010117869553671684
3.9273062615123944e-05
0.00026747905216895215
0.00010199582500217256
7.700348436850073e-05
5.7387841886835884e-05
5.652565684219539e-05
8.097515012794377e-05
5.218269815298349e-05
0.0004369020217199654
6.767111854366766e-05
5.183284381296765e-05
3.565218427026063e-05
9.15053563796158e-05
7.967224021752791e-05
5.46774506671387e-05
4.446974072120815e-05
4.315291161250248e-05
5.845319636329943e-05
9.419009567908456e-05
0.000130704620977752
0.0001335172626150033
6.942939249180662e-05
0.00020050533830560276
0.00023322614580889152
0.00018444909578994748
6.754383378428475e-05
0.000264915009612792
0.000629507160168486
8.226393347411983e-05
8.495898706828686e-05
0.00015977291796707012
7.209773603239815e-05
0.00017107875610274765
0.00016010704088529349
3.9786070150329544e-05
0.00016716226751489074
0.0007119050790515414
0.0001802240805296459
0.0002465470853428094
0.00026767604321277754
5.8656636765734544e-05
7.381611704610826e-05
0.00010214283681033855
0.0002961931105444503
8.969744257729921e-05
0.00033122966394020777
8.921044053996189e-05
9.632952041725591e-05
8.29780482020958e-05
0.00025945379107217753
8.400258376665215e-05
4.990532443115936e-05
3.9024252440268035e-05
0.00018868575098117843
0.0001025339384554349
2.6453245585502315e-05
3.2650336719151674e-05
0.0003805544138611665
9.981476805142154e-05
0.000313463580225116
0.0001685992167992145
0.00035470955481212363
5.438486598261402e-05
0.0001367524595961031
5.1440464025331575e-05
0.00043177275243430743
0.0002765038454809908
0.000144391929786904
0.0002106116122968476
0.00011513540125658472
0.00037995503946349824
0.00017005572243438332
7.695095812290462e-05
0.0005064488493301555
0.00018233764191098847
7.685661527314156e-05
0.0001560739344225591
7.289004470805075e-05
7.241340560879774e-05
0.0002234746293116232
0.0004642492493454036
5.7279283898349536e-05
0.00020470375404240068
5.256391284484649e-05
6.35769693837751e-05
0.0001704778672176222
0.0001690219217094668
0.00012259974848637302
4.866350787307361e-05
0.00016337206339978432
0.0001224669990620094
0.00020549440571430985
0.00023706838071230614
3.91680285075203e-05
0.00014392888264222323
0.00015782729335560048
6.860629662847933e-05
0.0002447168064279053
9.075484996684602e-05
0.00020323778615611307
0.00014981314317033
0.0002219440286114625
0.00011642207247343827
0.00012174548944787216
0.0002608505131102802
0.0002912385391644657
0.00027658779096293313
2.9483059214389606e-05
6.937731590120387e-05
3.891031754298898e-05
4.244838352807497e-05
0.00020558831998437665
2.356405864595638e-05
9.757468503235011e-05
0.00022839966444480065
0.00015120930641346654
4.815986469694804e-05
0.00028139158282837473
5.1447580812544954e-05
7.405554149042416e-05
6.879468343595336e-05
4.5462135501133954e-05
0.00014313899463532198
0.0004527998296766822
4.319330646618192e-05
0.0003014015632297372
0.0001736747067803261
2.40656385531097e-05
0.00013203289359762542
0.00015022646942785062
5.4083923765222794e-05
3.342170272314417e-05
0.000390404706582239
8.312601585244261e-05
0.00010968113104603151
0.00022644144369034536
5.770619738176329e-05
7.450695136016588e-05
0.0002920952092596669
8.308937065899387e-05
0.00018069376763665078
0.00010549801804902104
0.0004064835852238398
3.349928738014826e-05
0.0001340550491609636
2.0874649011852284e-05
5.8694129831601325e-05
0.000235148194681581
8.271869666788822e-05
0.00010830603153856351
0.0001621910002701241
4.449296321850911e-05
0.00031020700157662756
0.00013103570779937607
9.523956657743826e-05
5.533832010508346e-05
0.00013624090872390104
0.00013589923191270996
5.7380917138287275e-05
0.0005288957497057764
0.00013170899601348026
0.00011853469954278463
3.68691939320237e-05
8.346220970275567e-05
2.9665954599254625e-05
7.997053084631392e-05
0.000108130169427696
4.6757259076733204e-05
0.00023430670627879106
0.00010376002283983997
7.696799283625594e-05
0.0002334122565092341
0.0002775885873932873
8.5763225703803e-05
4.9396448666828787e-05
8.263680442252947e-05
4.20577029724334e-05
0.00020366009484742566
0.00018641046138709248
0.00028440578154298164
0.0004708988123079274
0.0005284613275938892
0.0002302621306309062
9.880763701016561e-05
0.00014528170436207364
5.157719856268362e-05
0.0004278016311805812
9.66103952988955e-05
4.822239423723023e-05
0.0001073927990102354
8.974812497161675e-05
0.00024804965096673003
0.00011074372605472109
4.702717402224154e-05
0.00011381921462460914
0.00020706969739663569
3.454397395898727e-05
8.760429323368509e-05
7.960393321183778e-05
0.00011520381211623169
0.00017528924796729968
0.00022353316808291162
9.506520234226374e-05
0.00011538028712111806
7.367994672838267e-05
3.305925107648847e-05
0.00011716047199060483
6.690497279320217e-05
7.038999709006913e-05
0.0001204612487719665
0.00012735689229062877
3.98644226337111e-05
5.9420744200558786e-05
0.0004394513453362378
0.00017661508467160366
4.8282782863318106e-05
7.403437685704384e-05
0.00011109072919885067
0.0002283019727003263
6.266729589261288e-05
0.0001281607743634669
8.017072465965506e-05
0.00018042713105635873
0.00016296785950637284
5.464422010549024e-05
2.985873686122096e-05
7.937070989689006e-05
0.00019188301547731876
7.245460312852212e-05
4.603052624861094e-05
0.00011544767163473736
9.176925393689652e-05
0.00010391459898037673
0.00022335917024377496
0.00034040177406365117
5.817291011006429e-05
0.0001537861041559961
0.00025133529756199804
0.00012259863745434917
3.6768109354242225e-05
6.3600448944599e-05
9.825702453785884e-05
3.472604584017159e-05
7.863796989623245e-05
6.644278315407971e-05
0.00012912636267186525
8.106797251144043e-05
5.946355922982039e-05
0.00014290017430796425
0.0001118328405367429
0.00022640490430055068
4.958264073514841e-05
9.352359500389134e-05
5.5624760556033674e-05
8.794425413997387e-05
0.00021496877844593104
4.3583203873781334e-05
5.3274792897673305e-05
2.9191781201995117e-05
6.73428669667007e-05
5.379992070360081e-05
0.0009763180511533448
0.0002865064249724296
9.746798990663041e-05
5.090958472170002e-05
0.0005779861969031726
4.3206765060461644e-05
5.5387139776593176e-05
0.00015302339657985006
0.0002362788135426689
0.0005432213177082321
5.173914306216399e-05
9.258652447996153e-05
8.323851172018533e-05
0.00019354663406540305
0.00015428512961617558
0.0001808212255762814
5.3403883618151755e-05
8.461800398358094e-05
0.00013453154321477743
8.043147819378155e-05
0.0001203116776276654
9.18767191011218e-05
9.399134130987071e-05
6.630386457012951e-05
6.540927352001908e-05
0.00017969726916703635
0.00023727257074758403
0.00010873196496467875
0.00019250573636951177
8.67962634417426e-05
4.277672680420714e-05
3.2074371232115955e-05
0.00012034525568873256
0.0001810911091928437
0.00015694793795062215
0.000152915755295883
0.0003409159417008419
0.00011842387820688142
0.00010119938503797936
0.00010679880766869946
0.00022246881306125604
9.061186712508014e-05
0.00014183820786600035
6.603159336600716e-05
4.7432035744687527e-05
3.163844488292132e-05
3.895122152585242e-05
0.00015163439822891685
0.00010667650944596506
7.897275801235646e-05
0.00022051053723694288
0.00012650338412756635
4.40567230179852e-05
0.00018503831415214546
5.1041355833368076e-05
4.974981891330286e-05
3.138842558487209e-05
8.62437039846643e-05
0.00011186989026669124
0.00010382479851492228
5.98871803139271e-05
2.689804454629967e-05
0.00027204823021857114
0.00011506201233216075
0.00010933925629754037
8.259225247229941e-05
0.00013759986443310718
6.01847925124243e-05
9.60450883510225e-05
6.67861334669134e-05
0.00016882502632843438
5.111510486933424e-05
0.0003679862279080956
6.693786510073444e-05
0.00010528083363879348
0.00011133842266899393
0.00010571112295938022
0.00011317764178410015
9.168506444996026e-05
5.5235243224172406e-05
0.00020515574357538483
7.523195632999666e-05
0.0005487356317814539
6.568038683495046e-05
0.0001514279636865609
0.00023547973042315214
0.00017089540099287065
0.00010389065251753497
5.5493289041719106e-05
3.451346927117291e-05
0.0001311069695791829
8.781746739181781e-05
0.00017358805073819912
0.00020324016378103362
5.2479778220462434e-05
7.724608693576716e-05
7.790194036702455e-05
0.00010434325585780537
4.926050207182895e-05
0.00016869423347614884
4.1647010253556857e-05
5.207337232999886e-05
0.0001280431066396388
0.00027611039023195524
0.00011583895966710007
8.334482798625033e-05
0.00012815276136265478
4.875849484887599e-05
0.0003869151969748656
8.875936763905926e-05
6.051688296002134e-05
5.9587637431618174e-05
9.289262075976993e-05
0.00026077286724914374
7.94023381983764e-05
0.00014944785754277188
4.861813360924522e-05
0.00016421734622849168
4.0414883846817535e-05
4.1297116235989266e-05
0.000246916276864107
0.00012045634699192554
7.500441535798511e-05
0.00022549730876886617
7.550880995454572e-05
6.47204252310419e-05
5.7600880744608576e-05
0.00029693853016363045
8.198609598773967e-05
7.768468747178795e-05
0.00011194277344198611
3.731587048218872e-05
4.4930732532337094e-05
0.00034870884731382396
4.186785729917521e-05
5.66162327235835e-05
0.0002723828692308748
5.543149555032065e-05
4.959789821007902e-05
7.50396922421224e-05
9.945013468634235e-05
5.150948593438792e-05
7.810284271124535e-05
9.828306912257434e-05
9.561591389423904e-05
5.7739206124304715e-05
6.998415248422684e-05
0.00024990687143977623
3.79621789370538e-05
0.00012661419218918258
0.00011069345797272244
5.994494742647957e-05
0.00016406892549560676
0.00014257061703298592
3.886535464423252e-05
0.00021702771244778106
8.853327729209532e-05
0.00017278451832045236
5.355198783833968e-05
0.00013296554348851255
0.00010061709221619744
5.856140636558844e-05
7.028861555867413e-05
4.2642383776012566e-05
9.139598510118083e-05
8.321006019310384e-05
0.00023131902203845045
5.51459608398392e-05
0.00011728905113032305
4.58377601626349e-05
0.00014017112584231093
0.00011127839336166471
4.9452894724846946e-05
9.42534436139361e-05
0.0003345159231373725
6.073421895496135e-05
0.0005348799268827636
3.1109140364082705e-05
5.756026901823343e-05
0.00018274783712419156
0.00026241770529389705
0.00016015198861357355
0.00046168879286625163
3.791271951673404e-05
0.0002521290301963102
0.0003146763969051682
5.20533647946694e-05
5.7215430437220847e-05
0.00010017754166677402
2.7921724229136246e-05
4.6661732317290446e-05
0.00011660001623255675
3.2757015643063144e-05
0.00023346852389881847
2.7268079354360414e-05
0.00027785187203004883
0.000124877110409285
9.382139979889724e-05
0.00011064393594910787
0.0002717760373759906
0.0001525582498538379
2.5667233998220523e-05
0.00018935560800578091
0.00013488079403890904
2.9836418998735552e-05
5.9403478246264585e-05
6.277911629167342e-05
0.00013478078748341648
5.8194369593220705e-05
0.0001917932398455939
4.100878304605071e-05
0.00017361712503367408
0.0002211911236683772
0.00028107089214831997
5.2626484424826865e-05
0.00015549209344266313
0.00012634352608320383
6.542400426241338e-05
4.5367686717833586e-05
4.997954744946457e-05
0.00011095586153068
5.424013476470776e-05
6.695930639749778e-05
5.401248716566801e-05
4.2998754295862144e-05
9.40932448729672e-05
8.980941793491147e-05
0.00018201041769466567
4.794861674718556e-05
3.1056605718766915e-05
9.918391742829917e-05
4.736139778748825e-05
0.00021556120776670252
0.0005530855749835557
6.364095777842373e-05
0.00011969109715007453
2.6585363464383106e-05
0.00026414437107223735
3.318311944466875e-05
5.625506280212053e-05
8.246298765173298e-05
5.330352146802331e-05
0.00013033298504282938
7.410524291528017e-05
5.205181645936879e-05
0.0002590658923212225
8.597940748988496e-05
0.00010584321065685957
9.89738160390353e-05
9.029009044070267e-05
0.00018829413834589638
0.00014797010433823945
5.7750244310445126e-05
0.00010400895149377415
5.007835818203054e-05
0.00021180465933664396
0.0002573805222846971
5.131052203489317e-05
5.49797338996671e-05
0.00028148093666279065
4.5906544594317224e-05
3.429454027730312e-05
7.751432308658462e-05
4.9116027197178126e-05
3.514603040910898e-05
8.79151019065363e-05
0.0004098982281730199
0.00015494745416860852
0.0003619904885044851
9.868022215924526e-05
4.747081817173765e-05
2.9458627857775344e-05
5.8497096446934246e-05
0.00011592759344600596
0.00011031711726860918
5.5422859434496455e-05
3.877359796588384e-05
6.361545430304377e-05
8.970013699647403e-05
4.2787752071818656e-05
0.00014433839806088762
0.00016325278919708866
4.6524691506498205e-05
0.00024574436384747954
7.726542823385118e-05
6.610761920279491e-05
2.963702848707662e-05
5.910305097778652e-05
0.00010347801485783397
0.00020993184906327412
3.66343666189452e-05
0.0001497963766801049
0.0001246191168352781
5.407641301892048e-05
0.00010649167504623809
0.00018213559961752164
0.00022796382672950243
4.3583908361759996e-05
7.071477758728192e-05
6.193391927640548e-05
0.00011498638932328834
6.372725951210668e-05
0.0004518694616293927
6.481855280861199e-05
8.396907506320321e-05
0.00025407055973287947
8.878967669761691e-05
0.00013742513184186633
6.433205931705765e-05
5.5779435877084855e-05
3.913100960145003e-05
0.00020636934828276773
0.00013596917663840936
0.00018599094671824942
4.982719901053064e-05
6.095364085564129e-05
0.00012315993856319935
6.491591594773609e-05
7.358026335345415e-05
5.5605628181579176e-05
0.00024594447211826105
0.0002511978684258634
4.646309395525436e-05
5.7957645803745246e-05
0.00012504825943233887
9.336686528989806e-05
0.0001918175694552682
1.391179287348764e-05
0.0001634192641246555
0.00021845615767358652
4.0652562117526317e-05
5.832382160077663e-05
3.7575240731613875e-05
0.00036752094627230236
8.405663022122884e-05
0.0001261412221147625
7.469112331206886e-05
0.00016255967692502157
0.00025732360344935575
0.00011746957561254191
5.5948712704548854e-05
9.045544242326792e-05
3.0009952725900535e-05
0.0004569259139249571
7.415397047275445e-05
5.9834002077431716e-05
4.0287148807926785e-05
0.00014752073771476625
4.602481204876314e-05
0.00034686638323469385
0.0001231956039088237
8.179641610449728e-05
3.04582948845018e-05
0.00011182156580447101
0.00022057113143935446
9.475394971941957e-05
0.0001519798772265549
3.923270723219369e-05
6.71055377087525e-05
3.299297248871691e-05
4.973725602938096e-05
8.397935286710182e-05
7.658158198233685e-05
0.00026551539411235416
0.00011041975795351118
0.00021360358289621505
4.6045181755687334e-05
6.240975122680455e-05
0.00011812214867127878
0.00010158694799625147
2.4015532294955678e-05
0.00011362095055636166
3.805006054967044e-05
5.1051530440535256e-05
8.847475580833013e-05
4.282153579435646e-05
0.00026831441656759657
2.0723144149250975e-05
0.00010714923555675757
8.069032637445168e-05
0.00018899510020143855
6.0832540661347056e-05
3.750039556786444e-05
5.406344519953773e-05
8.817243021690475e-05
9.691668044329908e-05
0.00010487310837368836
0.00010191518318413013
0.00010742196986394712
6.820070180964411e-05
4.758285402233592e-05
0.0002467043042058021
0.00014469822334222957
0.0001942503235785158
0.00011272452308521918
3.1872607021561335e-05
0.0001432727108513145
0.00017924758637219318
0.00021824638296327485
8.601717910410614e-05
9.370548865085438e-05
8.139400137938126e-05
5.287275476311453e-05
8.034273468847809e-05
0.0001165106591056326
0.00025373372379618696
0.00031151649087801707
0.00012269092335501789
4.449392535775397e-05
4.0268428701615394e-05
3.620520493632325e-05
2.7842982701547007e-05
0.00012118214370476175
0.00011536898381777637
5.384552633915098e-05
0.00010392765161651842
5.7144737201984774e-05
5.034756497638989e-05
8.410004040112676e-05
4.889573059994604e-05
6.192911085881998e-05
0.00010382040125098547
0.00010496621638910063
5.027695739305092e-05
0.00035146115605113405
0.0002490074015615196
0.00010544355826841446
0.00011826313436789488
3.8337228340278545e-05
2.4590953615332025e-05
4.1507744252602006e-05
0.00013137366367612784
0.00033199764160841283
0.00013874639756956188
3.9375500814472475e-05
8.27097707913606e-05
3.400311598380323e-05
0.0001161713216474263
5.445061247730077e-05
0.00022090714828126444
0.00012924375680770168
0.00012094724945600801
6.167138756556291e-05
4.270992689868928e-05
3.8037686651256025e-05
6.518956851929127e-05
5.207670267731017e-05
4.567135131020533e-05
0.00011694758690629246
2.4829094280948217e-05
7.282167532882257e-05
5.036647357411763e-05
0.00016077528222322324
9.226795133717232e-05
7.123124678001074e-05
5.9878743046924417e-05
9.315076075859275e-05
3.4878254547593616e-05
6.214395098234633e-05
0.00013615674336160962
7.145132996838029e-05
0.00016979550371525845
3.841391324405185e-05
6.275689321833824e-05
8.891295511580478e-05
0.00023846594180911067
6.751998897761188e-05
3.5365295440593937e-05
0.0001172417494111491
0.00026840041096935774
9.45661643159375e-05
3.7929420853805244e-05
4.340623966899876e-05
0.0004327012468260359
0.00033246772828885807
0.00010463980328077013
0.0001308136701806894
0.00013470471482619292
7.791005238711833e-05
7.761982041150866e-05
6.728118875775535e-05
5.2477983018263983e-05
3.712548212225924e-05
1.742219905237597e-05
0.00011195168357487501
7.146904369032935e-05
6.430388601570122e-05
8.010658684513422e-05
0.00011060290665577843
6.6194479825111e-05
0.00017745840218365288
0.0003207360679977126
3.2240449030204244e-05
0.0001537051849866103
0.00011521068909629083
5.5857862102659006e-05
2.397986697372831e-05
9.472895461026965e-05
6.581448909607107e-05
8.269836228300211e-05
7.457578750305033e-05
0.0001578167908686828
3.5893538399756246e-05
0.00010131379125566765
0.00034130525080174084
5.704075938030834e-05
0.0002567399669484071
3.402823766525967e-05
9.133419660702359e-05
0.00022166952298844912
0.00014901611204416092
3.600144403003177e-05
5.167158096419592e-05
0.00010752949878450444
6.456333396809738e-05
5.6567668108967675e-05
0.00023715695527108205
9.793627663896866e-05
3.444856193856695e-05
7.82068478714629e-05
9.848511897606468e-05
8.701046069460614e-05
0.0003029777319331206
0.00010040672994762612
5.311232275755657e-05
0.00018802367972353963
3.8505823694500836e-05
2.3782983983381077e-05
5.536468886650103e-05
0.00015273226794950873
0.00012128682596817937
5.179207679468901e-05
6.51574140219186e-05
9.827405282102228e-05
0.0002039672337113595
0.00017695270401243946
0.0001889261714497992
3.168511773011515e-05
3.9200528481258976e-05
0.00010840523009105671
4.1103320545314185e-05
8.178824840294675e-05
7.341435908790072e-05
8.43473618719219e-05
0.00023797702714536167
0.00024261324814402386
2.3560237111418083e-05
0.00010952192799083237
4.713989197765678e-05
4.481581277740704e-05
9.6475302796843e-05
8.694173502446251e-05
4.169289394111136e-05
6.435365536651762e-05
4.762779727457629e-05
0.00014128576805075947
4.211437249445518e-05
2.9739855834022416e-05
6.07441964673479e-05
2.247573120020562e-05
2.714231451584864e-05
9.566420448704118e-05
5.1282035671927876e-05
0.00020192539821214754
7.856689600574789e-05
6.533298233499905e-05
0.0005209024420019638
8.566883444274404e-05
0.0001063413881556435
0.00010549759540177049
7.466594223395784e-05
2.6102584077824255e-05
0.00010085799439565852
4.500579565360413e-05
0.0001052549357390761
5.190607316292961e-05
3.877172607332056e-05
6.156712085289485e-05
0.0001313044782253121
6.0934993489840454e-05
9.083967024810934e-05
9.977868439138603e-05
0.00010597431276233086
0.00011457463354368463
5.140109604615844e-05
3.963371830893051e-05
1.3637100521399683e-05
5.0194402829468195e-05
4.1353091653480414e-05
8.975869601789702e-05
7.626288225267467e-05
4.11238479435521e-05
0.0005151426663493702
4.155061614861176e-05
5.3697006841691416e-05
0.00011464484925069248
5.963293412907282e-05
9.4851217556305e-05
8.358098863644979e-05
0.00019005663067364647
0.0001856454902218621
0.0001507955686870983
0.00019630483217573014
0.0001626278221758337
2.4509250018850453e-05
7.882957859198238e-05
4.7855938635934564e-05
7.841289570668644e-05
3.4385005114393254e-05
0.00011801632878180811
5.269672283005097e-05
5.370106803197556e-05
5.5008160683556405e-05
7.526232872155352e-05
0.0001314190302860847
3.3031690129049674e-05
2.8871541194038374e-05
5.185987721778138e-05
0.00037005176436247277
6.462023574778607e-05
0.00011483640703285227
5.348921166027079e-05
5.360843838175063e-05
0.00022436154980825618
0.00011000981977063408
6.610154820810364e-05
2.9236835816014584e-05
8.33569109080662e-05
7.300894165080856e-05
0.00013465846082170535
9.412868494540452e-05
0.00034776070432190686
9.910346452549971e-05
0.0003484703840847333
3.6915170076014065e-05
0.00010826322617217271
4.127015374569433e-05
4.3490668067955366e-05
3.5851997441277264e-05
0.00018553476420084413
4.763314900298961e-05
0.00010006818703039992
0.00013500263527474625
8.290006285329212e-05
8.70363138821974e-05
0.00010044720990926359
7.321123913154357e-05
4.8159848028956794e-05
3.693220719872954e-05
4.838655117166039e-05
0.00041744041575057035
4.0805368326201495e-05
0.0002671383042758629
3.749464052848068e-05
3.328684863809113e-05
0.0002124396506783538
0.00012939937044499045
0.00013477030892098044
5.881433668891654e-05
0.00010913181461330396
0.00025751961009665516
6.165960019924381e-05
0.00012166140781703754
3.555134606955053e-05
4.874398011181323e-05
7.420489424442377e-05
4.130012020256134e-05
4.7157378874838366e-05
0.00012349973831474103
0.00012001799469087144
3.321698340034046e-05
3.5361148775875e-05
4.5633550730209756e-05
6.281454155292681e-05
5.288360807573987e-05
4.055824888714778e-05
8.47429431670588e-05
3.7931188589252694e-05
8.724428033104196e-05
0.0001243484880193215
8.773189983597666e-05
6.0591742147659614e-05
3.251220892711726e-05
0.00013918229605985118
9.83216261391261e-05
5.460653431514381e-05
5.989796402825742e-05
7.16016471873577e-05
5.2491082943451325e-05
7.292453551831129e-05
0.0001447478206206959
8.019973423907789e-05
0.00013179537035853709
8.26363092797025e-05
0.00010303875046281098
0.00017712390296593852
0.00015138630615496782
3.346491750221864e-05
7.506486422750652e-05
5.215770839125167e-05
5.020712746881822e-05
4.9982823786088034e-05
0.00033849281059723595
3.931419864040522e-05
6.767647171096683e-05
6.16026638692113e-05
7.280727528939517e-05
0.00014030092086579884
7.641290387182385e-05
3.617924798513202e-05
0.00023140546684852095
7.173840576411065e-05
3.920208722797916e-05
9.077257290931949e-05
6.401759320810116e-05
5.439912766879644e-05
5.550528069311715e-05
9.392547399006323e-05
5.315400242380168e-05
5.0632451730370326e-05
0.00015665993977408978
0.00023936354669398268
1.8875282544001543e-05
4.088865767381811e-05
9.49319354261658e-05
0.00011958854755498469
0.0001060146328802113
0.0002125636514062874
0.00013841682407750457
4.869917787782088e-05
7.505132167652141e-05
0.0001013845702963115
0.0001476220321087245
0.000123540618459446
4.585129528913612e-05
0.00019167788273966664
6.9279494998984e-05
7.185762409808048e-05
5.08946572001069e-05
6.662008580778007e-05
4.98420490912762e-05
4.348507000134475e-05
3.9389117492305034e-05
7.182744812217331e-05
5.684478548363725e-05
0.0001326489149441174
6.668719061355113e-05
0.0001370075918437576
0.000249206514383984
2.350644201742347e-05
8.072442706954375e-05
0.00020289947231352698
0.00013885121866833713
0.00019251861628097084
6.955964266509551e-05
0.00015066411774523154
7.308738705988093e-05
0.00035070146972323457
0.000280028881359503
0.00011941111457517202
8.453567649318588e-05
0.00013345696608412487
5.81564705683292e-05
4.194889412477664e-05
7.552406214496557e-05
5.620533438814771e-05
6.820935581512522e-05
0.0001678762084405991
0.00013662372240630852
8.308888849915393e-05
0.00021165485580359436
4.988146511198306e-05
5.823667886414341e-05
7.502916641398615e-05
3.8831476914821946e-05
0.00012298832122360922
0.00010637637034741155
2.1712656843782942e-05
5.900482020908938e-05
8.435188703529203e-05
8.652550147441104e-05
0.00016201278866761305
6.258395149010302e-05
3.9159900640417716e-05
0.00019229141486921286
3.888211814718143e-05
5.131391898532589e-05
0.00010229315595375186
0.0001202736785132958
5.3447444841389e-05
5.3201055974675525e-05
6.941086592554863e-05
0.00017017745719846825
4.259907340560227e-05
5.5469281615460945e-05
4.5534424952957414e-05
7.401099145823767e-05
4.533383179287583e-05
3.2150712852949076e-05
0.0001319376482440347
2.8075132274699974e-05
3.0443336950276718e-05
4.904379510387478e-05
2.542416865019959e-05
4.207440253968856e-05
3.218423179375689e-05
0.00016875303956872536
4.938925169566106e-05
3.652781918325319e-05
8.464911058978505e-05
0.00012607281415767077
0.0002033666556885355
6.0860885234813116e-05
0.00010325952567177478
7.10366531359319e-05
3.458026358718522e-05
6.290383628681968e-05
2.8286120784648664e-05
9.449591502107522e-05
8.011767303817722e-05
0.0001060266512720449
0.0002444495377131494
5.194585773325206e-05
0.00012126434081040275
7.829305247426161e-05
6.292795021049646e-05
3.8417400458284014e-05
4.7393296781324266e-05
3.753108115895794e-05
3.6073440607530894e-05
0.000167720171025707
0.0001966321610730514
7.437042882258685e-05
0.00019391752922406582
0.00017550030968141803
0.00011867496680526346
0.0003270395983662563
0.00023371879703763948
2.0091464412151853e-05
0.00021777147644023263
2.7580708731008082e-05
6.980636219102232e-05
5.356945631718567e-05
2.3175895097626892e-05
5.138189088384124e-05
0.00020734347259019855
0.00019957819357328038
4.384543860717692e-05
4.579277460817497e-05
9.370733393714522e-05
3.4179252740885816e-05
0.0002924369494339543
4.550617536722935e-05
0.0002116907601896732
0.00017515025616827106
0.00012080332018983755
0.0002743273168954025
0.00011363486413091783
3.582131414226609e-05
4.747201081316715e-05
5.8044353548826264e-05
0.00010661054595328678
7.112983837915428e-05
0.00014690290271638965
7.140313605784543e-05
8.855639085978846e-05
6.242401748823515e-05
8.876316430657494e-05
0.0003613664462332285
4.5236818691741175e-05
5.1928404245092405e-05
5.248514462753207e-05
0.00011066680363082752
7.314235739340361e-05
5.228086352359446e-05
6.833538464200767e-05
4.806867048389422e-05
2.7427550683248703e-05
7.824268378192191e-05
5.3713688217961236e-05
6.787129437586899e-05
4.119191002646231e-05
0.00023321732893041592
0.00016646242073572676
2.6963244644638453e-05
3.133139058365829e-05
2.4756912266153235e-05
0.00013826367527937464
6.860043270701367e-05
5.784295604196557e-05
0.00022716072291288812
2.2100157660617135e-05
3.663582137815418e-05
5.785007751397428e-05
7.060424073846825e-05
6.796379551560833e-05
0.00011508094648976286
0.00015562270373408905
6.2496879883104e-05
0.00017182711469511391
7.16747389921809e-05
7.362082398163186e-05
3.7712507741528456e-05
7.193842781428972e-05
8.33005031281885e-05
4.620910617519656e-05
6.649091858933635e-05
0.00013099607336424372
2.6826570057553693e-05
6.381058295809282e-05
2.4977744435888796e-05
4.390781702496978e-05
2.585998299171541e-05
5.2107354040559816e-05
5.122359449461682e-05
0.00017539478153848068
2.1801335142476505e-05
0.00013351420047252586
3.543907679048865e-05
4.468458702605679e-05
0.00018998849998139113
4.0232405619282286e-05
0.00017765346957970078
0.000598056561970238
0.00024859685880142376
2.4770690838055353e-05
0.00014473872745222665
7.947380528309062e-05
4.1113088181640596e-05
0.00014943634232499986
0.00020992918584967406
3.052325199060826e-05
4.625901592959836e-05
4.94014572149663e-05
9.949070511940882e-05
9.24248140080739e-05
0.00013846477039043223
4.777388778606778e-05
5.193432264176519e-05
0.00013311680447634274
0.00017622529746060597
3.2205109629422864e-05
0.00016709115606402926
4.777335248535962e-05
5.145999290366423e-05
0.00015600470017846597
7.747517846882534e-05
7.755749144509563e-05
3.431725138223118e-05
4.357298730587752e-05
4.678349009153916e-05
2.752005618274169e-05
0.00010281892091456871
7.099651883743438e-05
3.906770368564245e-05
0.0001872907787649502
8.727230785880868e-05
3.076391121339807e-05
0.00020546084495154103
6.546740037684976e-05
0.00010091927829732251
4.943455642291366e-05
0.00013807510043049368
4.3340367403474406e-05
6.210943786561959e-05
2.661513890319556e-05
2.8912388499184487e-05
0.0002030892625621297
5.095252420621252e-05
4.948984415876767e-05
0.00011790341950288825
9.713210147922673e-05
7.04453524181002e-05
3.9233447507416644e-05
8.629913188581651e-05
2.6866498107812575e-05
0.00011397805665685588
3.615597275788802e-05
3.7638416024934006e-05
6.703118040102593e-05
2.033859200833653e-05
0.0001544761228895654
0.0004213433436121272
5.969028799246704e-05
6.943925765798398e-05
0.00014259269865048312
4.263045075690018e-05
0.00022129179704416936
0.00012200586002293359
5.127226248495857e-05
0.00013888546924887616
4.100367999188965e-05
0.00010402941823227561
5.1472014076761706e-05
4.070912658665926e-05
6.544355110003017e-05
4.514728747958168e-05
5.54406667926035e-05
7.749530374346041e-05
2.9215303550029565e-05
6.068629709445448e-05
0.00016434660186932033
7.848653986959043e-05
2.1318257147647107e-05
9.18547705856859e-05
0.00011259463199553422
4.1882476010023305e-05
0.00010345015414089023
6.031259204322585e-05
8.474571227997578e-05
7.749855748357277e-05
3.143580521561395e-05
1.351309989064987e-05
7.774310479973147e-05
0.00011291537887807369
9.421120586209232e-05
2.9358745512847428e-05
8.833065801533137e-05
6.288073395185522e-05
2.7128678670616736e-05
8.964725898481892e-05
9.160930761150733e-05
9.774494396597897e-05
5.373742449307846e-05
5.674290464565361e-05
3.873395311182525e-05
0.00010215031488523272
7.597059807816563e-05
8.10506744386813e-05
0.00016055105192142965
0.00037649855568010557
0.00015103622540043452
4.8216415290844343e-05
0.0002946357977565594
3.554065413826706e-05
0.00016654952711152353
0.00016181304098019026
4.5178175783237054e-05
0.00016585594327727377
3.850276709401711e-05
3.9396299392266336e-05
9.112390693246268e-05
4.026584153291227e-05
4.028265548244566e-05
6.348401628562282e-05
0.0001368152424190671
5.5024523366375087e-05
9.951704026414585e-05
4.7412505975860866e-05
3.891934305789578e-05
1.8451205951776964e-05
8.904203433103512e-05
6.195495077897891e-05
4.100783339423445e-05
0.00018523401813226912
4.166142430648188e-05
8.47401968265611e-05
6.083880155646829e-05
8.465772110241664e-05
0.0001327926018614736
4.403483263638179e-05
0.0001234094105257807
3.634067907246497e-05
4.588421491820603e-05
2.584392176954446e-05
2.0111071111804045e-05
3.295004223681744e-05
0.00021550350045154693
7.290209301369472e-05
5.865336283138984e-05
2.9564574739324787e-05
8.024004870869572e-05
5.44505922484207e-05
0.00015299775665165554
3.525917709917501e-05
0.0001222670899648522
2.3851864228459246e-05
2.2777952825545913e-05
3.863469341919457e-05
3.198083646418014e-05
4.799879408532214e-05
0.00025871908757446556
9.277734359276658e-05
6.464780660856185e-05
3.92446741898294e-05
0.0001498531741109477
2.8159526235075216e-05
2.947815761354779e-05
5.229265211587398e-05
0.00010689102544781445
5.972165578604133e-05
3.452542275542205e-05
5.636959080966646e-05
0.00011095079801063709
4.311624938843916e-05