0.11831875869604146
0.0328184991679238
0.005919672772282953
0.03896435344952261
0.05637846112375301
0.08647403400922428
0.06408667472494797
0.05927456729553488
0.006093558452248822
0.054751123218204155
0.052235130916246236
0.026936929560028418
0.0383923189029584
0.01608904186275709
0.010115413357141204
0.006284680314991743
0.026184941373982817
0.061240871079450795
0.010222657362990082
0.01910123148134095
0.008895315974774548
0.023981285994501805
0.0022748264748261877
0.007723453333879824
0.012793234215836719
0.008989726101701158
0.00955412659529679
0.0048730165418497074
0.014217872348217614
0.007391733994954103
0.003582636578506022
0.007975526372691609
0.0003979126709089799
0.0013683475394171832
0.02050057319861351
0.005583706320314364
0.00524519588232658
0.005496627563049627
0.0018176819773040292
0.005742187881928698
0.007260414414549584
0.015974758482120203
0.00578713725967223
0.0012401027246890888
0.012874187130440267
0.005960574731742059
0.003247852256547855
0.005367076208148917
0.020814716533746006
0.005916138482550828
0.007787112245209589
0.004796161032715713
0.004177685173893874
0.006134398330956981
0.006415590927691081
0.005316047918775008
0.00336863141888673
0.005623188444640716
0.007886575834438095
0.009641784428055562
0.004594041686387251
0.005771384970229383
0.002919464174999503
0.0025692495710308598
0.010605966992091077
0.003001897119923432
0.0012796320778731519
0.007368334096601427
0.0011215841680523692
0.0032682909892216305
0.009223290261281047
0.003170719848007234
0.005319523241670805
0.005301410013496142
0.007387110002299457
0.0063881270686032615
0.00249952543792817
0.0007551331038486754
0.007508637435879597
0.0015971013674479595
0.011905814905650505
0.0042535242997010225
0.008326955010738614
0.0033499156541548112
0.004950217645001408
0.005606951270942536
0.0036363539034685705
0.0032964502958530485
0.004417460968619872
0.006369329777957286
0.003224335469340696
0.0017971805844265857
0.0015659281207219958
0.010807488041658233
0.0020287887733033702
0.002579793536318432
0.0036602203334726467
0.0018448197405258198
0.0009413841701066775
0.0025086697481304576
0.0015789705424745582
0.0016354653832692345
0.0009804805074951086
0.0007277846302389584
0.0024472658205666456
0.003677753651209307
0.0038165641785924656
0.00615186056280844
0.003012190266338395
0.00409605976696038
0.004376804864853739
0.0021170648540629884
0.001931693646346831
0.006294448025347319
0.0030130307077273003
0.005278913879112644
0.0037813057333500938
0.0009536817982299153
0.003587917804400122
0.0022456317005307273
0.0033135362314626847
0.0021062297354846955
0.0030432705058214844
0.0016392814950079715
0.0025929750041389678
0.001974832433826938
0.0015868743642438886
0.0019795416717362847
0.0036402423160361488
0.0037533068739096028
0.005062193471217064
0.0027895572401087816
0.0016057960208529303
0.00132877348621505
0.00674817339065302
0.0007921250587110526
0.0014046955646666358
0.0016402153824938307
0.0016172184622886827
0.0025537233050115585
0.001705076260960093
0.0011419953952410582
0.0010295724251471391
0.000708526460631265
0.00785186542420371
0.0037523140055963434
0.003380768210851715
0.003026041585034995
0.0016597681437154773
0.001821125870888902
0.0026310985830693004
0.004951575291062125
0.004642895299937663
0.0008402319066124492
0.003478263851294923
0.004757433237780443
0.0038658895826010195
0.0015411019091679965
0.002713369930437828
0.0006839344701111547
0.0023085217158710617
0.0032873360704956766
0.0037603412408600575
0.0009263682742376841
0.001483944949011095
0.0029734480424992546
0.0009151534586164451
0.0034101321135486277
0.0009343151548727188
0.0021189257451517027
0.0027398073869059833
0.005332787287405029
0.0019257858478979686
0.0012801343571380859
0.0010578891387802403
0.0024039522235724223
0.002364642922098398
0.003424348286480399
0.0020783450778738208
0.004533853056696822
0.002993438760906579
0.0011426163161449784
0.0014502665898737967
0.000675745965333073
0.0009446708180984278
0.0007096179983038773
0.0019085465299316007
0.0020710666462103768
0.0009430648854377859
0.002169783895305793
0.002402238442050907
0.0012721107926241878
0.0011290427189608087
0.0005614915988307977
0.0009916632637886726
0.0017134727068034317
0.002765207348742418
0.003500271667415547
0.0021601249971905383
0.00028872443475324824
0.001770798339953135
0.0016717314528486688
0.00337028366014336
0.002969335131002653
0.002201501686124555
0.0032752258741067164
0.002579437497663395
0.00037609703865872405
0.004606172000643943
0.0032632480683495065
0.002404978562474872
0.0015397470172644847
0.0014669781111463416
0.0037346240143234983
0.0012503693687591596
0.0009528465205636052
0.0012037908018283177
0.001050474654853233
0.0013450800176674522
0.0019422381530736677
0.00197901044198726
0.003026981967665081
0.0027530518508133476
0.001837103018986055
0.0006612685387616915
0.00038767119115474223
0.0009811071806513196
0.0007763849157297246
0.001912901086383855
0.0019736842262460213
0.002072327164901115
0.002695751127770483
0.0052322222573975745
0.0029828167572182114
0.0006450411801067347
0.0030181750811845787
0.0034044055064167134
0.0004112723227045578
0.00037009199344227155
0.00046815529344776944
0.0005265630817392769
0.004266317195234928
0.0022137573210954968
0.0005608236059235504
0.002647946498312903
0.00015040906515704697
0.0013255885142753347
0.0002169666021831433
0.0027991929998044587
0.002343013546913103
0.001180688683271747
0.0014225220827039729
0.0009649453858977933
0.0012305322923460789
0.0013724692188937214
0.000855605272120424
0.00041388232585449374
0.0022926053550747895
0.0009331752965620919
0.0019086792152469428
0.0005780478272306512
0.0007326717814654582
0.0004775795851211369
0.0008827042607301615
0.0015377468199115115
0.000830545980511491
0.0019168637147661362
0.0017085841079806949
0.001024184369579555
0.0028962423894777845
0.0007641293729849684
0.0016644152650384747
0.0016624430203354811
0.0006023306607403228
0.0028091282552521178
0.001108933245265454
0.004135966514988975
0.0003477500710847327
0.0019018443325841382
0.001976252833610646
0.003054683791197876
0.0010953758565371116
0.004722615124494862
0.0008911117550476874
0.0013589980229387472
0.0015851608218235946
0.0012528882757742554
0.0008747197025466048
0.0009596239904550619
0.001148926069946755
0.0019247257132138469
0.0005287512920042164
0.0007728378774340236
0.0008132754254729138
0.0033026541540894907
0.0009497615027897194
0.0006348411092650574
0.001676356641542419
0.0018932194366863054
0.0014040554824526845
0.002279142862133169
0.00025943744243500346
0.0005432761223888857
0.001016212484759309
0.0010666055162132757
0.0002990804448265819
0.001280898805856702
0.0005633892419511902
0.0016875056379999345
0.0009190668204952589
0.0011342600340197675
0.0007527034987393095
0.0009067883848713134
0.0002939102163453095
0.001129154081359132
0.0004160281524967301
0.001678748496713877
0.0011457045408110628
0.0031791872841864443
0.0002550873458542953
0.0010734441754432337
0.0018728160119038492
0.0006118764141880048
0.0035417082036343656
0.0014487873275150945
0.0008343614315292194
0.0011195271515749396
0.00032823096098773356
0.0003740972242526414
0.00024007056156066033
0.003123813509499489
0.0011106848760260525
0.00045019504997102495
0.00039650480379589247
0.0007986295582174005
0.0005787431769164933
0.0014247732439874544
0.0020996958734228336
0.0008640284866599284
0.001328084057458739
0.0014988621822878323
0.00010522788919959083
0.00025194313623169327
0.00026757837154989505
0.0008530495014656121
0.00041858514911930064
0.0029151460095955912
0.0009849479288664164
0.0005991794013451301
0.0028813376691573596
0.0016287962468048412
0.0009330111845025724
0.0025635301046144175
0.0004013138786389926
0.0009586459444801493
0.0015924595887944289
0.0029004655639080744
0.00018540983157832084
0.00028549830455020935
0.0023644936904408604
0.0011313827963926628
0.0007741722352487232
0.0039681331260679
0.003316879653764544
0.0017109486242793783
0.00172543736820895
0.0003335727206604934
0.00018039384890561
0.0018316570692550893
0.0012626151153799484
0.002755663198588025
0.0014362181397603504
0.0019522341623434037
0.0005749383829605475
0.00037168507608934963
0.0010699559896796427
0.00026307050486896387
0.0007504344501136982
0.002916499012082668
0.0017908090887433217
0.0014486677943999864
0.0007807058380497411
0.0006403846606854307
0.0004544931469707883
0.0005948765655429351
0.0003515996802164945
0.0005109813770975868
0.0030936563599627143
0.0024307720645994576
0.0020933726343647183
0.0007876476505238317
0.0007234691978856407
0.0009530148889759659
0.0025256459852799522
0.0008110577957147792
0.0007773001008834077
0.0006476830595630088
0.0016020298969961538
0.001625856589009557
0.0011836638348896485
0.00021212023096522825
0.004390792264832585
0.002299061531002262
0.0021849883979884297
0.0019546714887909177
0.0011561442291485756
0.0006259547432832178
0.0006982898897956597
0.0007536801289628668
0.0001247553903859926
0.0005674146260292177
0.0011608644661542306
0.0008736511548262881
0.0009237340023493232
0.00031960820724986607
7.489607188127571e-05
0.000681783386218592
0.0007390781140049371
0.0003377235190676005
0.0005230110796725257
0.0006354697688645889
7.055843576296399e-05
0.0003156885802091778
0.00034161136008613416
0.000599028866249369
0.0007583551087730534
0.0009220356913895807
0.0007900732273057409
0.0005444776347167321
0.0007341288065993164
0.0003671149553968524
0.002552549559902939
0.0009950569216497242
0.0007084080448126678
0.0005195515415586946
0.0011259703314200047
0.0003941891746049836
0.000626891766169984
0.00042421718715835507
0.0004988008828574828
0.0006984947441020406
0.0002941094371971728
0.0007079849071645606
0.002143720846590883
0.0005137439040075146
0.00044853511632309597
0.0005303256470730984
0.0003315465558760878
0.0008159914718209135
0.0005434079475581794
0.0006444076851005654
6.636279028316237e-05
0.0003176918788008672
0.0005209175527482574
0.0002477688714244221
0.0007601914256379488
0.0006907890429903806
0.00031807168303648567
0.00033428591167294246
0.0010156526714671782
0.00038420514017981403
0.0005244054753975357
0.0007950423151143833
7.722711415351848e-05
0.00035984612167051203
0.0011753748830113098
0.0004586444353732834
0.0003242947011590185
0.0003870975007533237
0.0004115110201210342
0.0004065759556956369
0.0008885398673368368
0.0012678090228740134
0.0017130271638446629
0.0005349340536139383
0.001246714365869012
0.0007199407577138925
0.0014459742710158684
0.0002462746752211933
0.0007978506564482333
0.0016923890130233759
0.0005093882668712093
0.0010324820450960434
8.968785895608162e-05
0.0021144392869796125
4.922112802415439e-05
0.00024030761661962986
0.0007811381940634567
0.0006194340613196702
0.0012789419328691975
0.00020260087317526125
0.001313671383194855
0.0002607663665949308
0.0008260047133083402
0.0006450858927306
0.0007454016671686617
0.0003790618718904159
0.0017943192304377777
0.0004181243953104668
0.0022127090970547334
7.713919481580536e-05
0.0005817128143858193
0.0008389527765411261
0.0002988808072841758
0.0011907770235419577
0.0001517192409153946
0.00045776068347464535
0.000616892160505452
0.0008288781960971575
0.00014707237127432147
0.0006458420425368896
0.0010993056770613446
0.000735116416974397
0.0008932154149441618
0.0009139136516183752
0.0027056245895184876
0.00043188114102855847
0.0004900939453349865
0.0005686848320468717
0.0002697778551126402
0.0006591527874830912
0.00024946117517747287
0.0005931722968343094
0.0014744787274754267
0.0015935900729221848
0.001258017747239038
9.784215532654167e-05
0.0004641544843134828
0.0004554566805423034
0.00019535226202047255
0.00102314207932959
0.0005595830848510347
0.0017279986708359915
0.000144324048261155
0.0015232822851940669
0.0005730812193511193
0.0003726506158108725
0.00039829726502228866
0.0004745214222956024
0.0001142774561627207
0.00040194566621042376
0.0008567377814707414
0.00012359241305421874
0.00017352917310922662
0.0018226627202188024
0.0006418985490375659
0.0006027098157917009
0.0020302168818832436
0.0010727803005040643
0.0006667390987162955
0.0004931612043248271
0.0016378898296726715
0.0002024251127531902
0.0001613600101428498
0.0015683354936569442
0.0005468392013960632
0.00039878891897081244
0.0009593344444121867
0.0003279065294912838
7.943569754441512e-05
0.0005579716606525668
4.855634983872638e-05
0.00024545020808919597
0.000298066074528943
0.00021735659552671172
0.0005912375972700768
0.000318171426913219
0.0006970439496585578
0.00032662519517230837
0.0004919078791548195
0.0006356370179420252
0.00017174616308785156
0.002672852033986237
0.0002514742467805694
0.0006917792295193092
9.54365958887014e-05
0.0002767777750964548
0.00017214976998210227
0.00016055362102832083
0.0005165661520916469
0.0013352241141651234
0.0003184543713615343
0.0004319771627281424
0.0002517796027907426
0.0003178501010812046
0.00033093006889115597
0.00026704849707810874
0.000289193396010472
0.0005238587086010663
0.00019890850438381927
0.0001751686611760241
0.00027526296911172476
0.0024845848354543907
0.0013079193493085455
0.0002267487916765937
0.0005715396487887622
0.00017643227943567015
0.0006373468290456585
0.0003796969099081767
0.0005325362796488323
0.0006430400089766845
0.00011358530606507411
0.0007669275995227366
7.116670322651393e-05
0.0006120491916719047
0.00021804273665938906
0.00019375795688437864
0.00046892196972485946
0.0005114933506509404
0.00072948940324614
0.0007310201711511727
0.0010557474683582488
0.00159421609406344
0.000449285611132673
0.0006587734131379784
0.00031495445901182106
0.00016140531013350518
0.0004337643928726344
0.0005371019501052003
0.0002392392213946186
0.0003445417612573991
0.0003174023588726546
0.0004300758028976953
0.0012151603386408025
0.0003860422888296235
0.00038187383727961556
0.0009620646401736571
0.0005033171541708464
0.0010174289383917407
0.0006141679302540793
0.0008962646030761721
0.0009712493533730216
0.00043941252937222295
0.0010387608096855557
0.0012174255911221483
0.0003700369162480097
0.00028833574057975103
0.0004319753199393787
0.00058054680358884
0.00021504229288977055
0.0004570085483706327
0.000587513566182135
0.0014433866398635925
0.0005349405362611234
0.0004892363161390419
0.0003004792018792983
0.0003220775338860333
0.00012997577581569484
0.0001588559546742612
0.0005202615677534291
0.0002235155884233622
0.0010121048586432175
0.0003791679573673446
0.00010833873217175872
0.0011096811128333047
0.0007445612093529744
5.946054022382698e-05
0.0004516131333182861
0.0007530569479146336
0.00066235530810592
0.0012024665195326022
0.0005179478120714341
0.0003851245110787022
0.0005825161814109512
0.00152622430786366
0.0002920973429215981
0.0012279247825444672
0.0011033630148780849
0.000254015940869212
0.00031019008382389824
0.00017698839977339545
0.00022727248776920048
0.0004793695967190162
0.00024231259430606598
0.0006404715356568977
0.0004409370738286392
0.00026854036757161616
0.0010298570735359945
0.00039681996522412136
4.405472906927537e-05
0.00032018577331871414
0.0003169183646818886
0.0006728775709084447
0.00028278699807615816
0.00027841902553888846
0.00012261968275431784
0.0009293032216865838
0.0004400479759278452
0.0014326450895206636
0.00011690998537125063
0.0007111732838420014
0.0006027203459519317
0.0006332717335161054
9.042509111774435e-05
0.0001433624665072233
0.0005112480115408
0.0008787748472870751
0.0009409883359787678
0.00035995411604185316
0.0005272366258715837
0.0008808082567764309
9.130853751735719e-05
0.0001582783490957588
0.00022220486984196965
0.00018032674636473718
0.0007696977741552521
0.0004955086851649933
3.8149259535651444e-05
0.00033952218624237756
0.00018547169913697123
0.00012851665673242857
0.0001848164076699001
0.0012058228755691524
0.000260195136559562
0.0002902218408399154
0.000951260915151379
0.00012948438313822492
0.0005757603287017984
0.0002597464060301785
0.0005906196674933406
0.00034463793410437817
0.0004244609601361229
0.0006435168258357144
0.00039895754865913144
0.0005884285591282597
0.0008983235362720366
0.0006623741081747399
0.0003048719469900186
0.001048313882417299
0.0008811588599002226
0.00013863326565514088
0.000986256685443862
0.0008942303679832648
0.0007570434968811847
0.0004401577381113265
0.00045242826829196503
0.0007513218335961069
0.0008027722544442179
0.0010105252384733116
0.0008910517900173241
0.0007700446768334686
0.0005759241927090232
0.00013440681665915732
0.00026958498609744465
0.0011261797845531262
0.0005144965927422184
0.000488996914428327
0.00010775783758827286
0.0003586004459241294
0.00014407136986330595
0.0007717040010846286
0.00033132947597361686
0.000646317987923399
0.0007655179171552921
0.00017829949611437295
0.00044452127555935335
0.0005710630626892589
0.0005245306974959548
0.0007234252065116347
0.0005304978499198899
0.0004053645454377956
0.0003704030617626692
0.00021807704839266038
0.0005297506596356738
0.00015874982668866083
0.0014189907992443042
0.0007518460628359947
0.00025561010117095765
0.000591295388426367
0.0002554485131237411
0.0007355071889523627
0.00021564850246804713
0.0002226587959537671
3.9601660094351625e-05
0.00040599893782146515
0.0006615321407497718
0.00047645190375026204
0.0001222250000703754
0.0006615855092211282
0.0014823950820690177
0.0002879239911646455
0.0005433712861248665
0.00015790545531373093
0.00021028980119086374
0.00014539652377192864
0.0006651128480630881
0.000481953835563924
0.0003793277204147599
0.000515125767400623
0.0002959127238095598
0.00044775931390429285
0.0010471818872324057
0.0009406688045761041
0.00038704892543898225
0.0004091657942374811
0.0006716931356939039
0.0003272499602017156
0.0005590752043428194
0.00010493917809822943
0.00027375219208517203
0.0003509457840604816
0.000525410765307053
8.610863450912403e-05
0.00045174495864514413
0.00018791068301229243
0.0008739259082822464
0.001538257172363224
0.0002766458321845479
0.0007940713114095223
0.00019827492645378543
0.0007615569123868465
0.00024060673716826936
0.00026575138693845805
0.00028785526312766484
0.000192394864327208
0.0001811819500886413
0.0005317655318992398
0.0002062359545415933
0.0010001612185833089
0.000259292977717553
0.00032585840225804886
0.0007260123515674779
0.0006787189812703108
4.951903781998108e-05
0.0005054780768477137
0.0002262041243474068
0.00020234648352139762
0.00016484820620054272
0.0003395874931397959
0.0015838676251629658
0.00014523610537532143
0.0003421113472672527
0.0006771646837644624
0.0002319693588074435
0.00042949312110433346
0.0005748201491214746
0.00043080558833119017
0.0008439183180717689
0.0001005028124692468
0.001538480369441996
0.0007970700716687535
0.0013860205119383478
0.0005951304655506369
0.00015305398654175977
0.00023686210631378816
4.894682591545402e-05
0.00034757291353147165
0.00023849881387904713
0.000355587081661257
0.00013975987437450156
0.00034101760230690665
0.0007380408387640521
0.00019199159787441504
0.0003441905939158573
0.0004515971278752399
0.00023260598639576128
0.0002499294185528727
6.153445483919034e-05
0.000272839276462591
0.0006092864479924551
0.00026396878529567105
0.0003881580955846943
0.0011263924358046206
6.810246479611061e-05
0.00041575729155962453
0.0004391577956407037
6.054697459358454e-05
0.0003108476343907321
9.507140744774942e-05
0.0001393308952400016
0.0004114398642352174
0.0007908447282954365
0.00025822690664226345
0.0009751416181261884
0.00022471130028512882
0.0007470224955475407
0.0011647902890240928
0.00021292608232436057
0.00014796708996907206
0.00035888392808057837
0.0004068551020550266
0.0004964116499429177
0.00020005253809904255
0.00012452909759433126
0.00031514169012990105
0.0005227752816080303
0.0002277033748457128
0.00030032278286310366
0.00046213313599382546
0.00036777058257392206
0.00046179516695312557
6.929001773043083e-05
0.00043291631049159856
0.0008660069093851984
0.0004628262151828111
0.0004228869341683146
0.0006299722261925172
0.00025812020949647727
0.00026996411609421224
0.0001904723514676066
0.0005088547766091183
0.0003051758493662387
0.00010756734156209063
0.0001492871040173597
0.0014266235827257736
0.00023459014380754746
0.00024924441682370573
0.0014001083800102589
0.00034949637720206204
0.000981807601757055
0.0008863398482154784
0.00010863034113467569
0.0004819461200695931
0.00025338094561622973
0.0004673800343230447
0.0011120829458440016
0.0002545875017448138
0.0003373018770344757
0.000704703485678931
0.00010310005349928683
0.0005700523734824395
0.00020334828589158976
0.00034378810305890146
0.0003134695090503426
0.00043550034005456406
5.012421116631891e-05
0.00014012471023368698
0.0002454165072818425
0.0007403662642692504
4.7305182969204995e-05
0.0004233598428904531
0.0004034740077232689
0.00011936406833385052
0.00031803928245124544
0.00010384402089989457
7.336287277893394e-05
0.0002764342394396707
0.000891002261952343
0.00010464906130586388
0.00011467584095822337
0.0005280457122869369
0.000295572452080132
0.00030359931285053366
0.0002986021299808997
0.0002548362799465282
0.00021596542084594624
0.0007583607579554047
0.0009598188309519713
0.00023931591208703064
3.404989816569259e-05
0.0007590320605677496
7.840190655609396e-05
0.00036531596656764754
6.520926245575196e-05
0.000245584885079424
0.0009190880767202961
0.000950940491568706
0.00012609200897104714
0.0011971711302093512
0.0007730446042333208
0.0005694610463995831
0.00017348733084350998
0.0006339817737852756
0.0001254238601929763
0.00037355245100204325
0.00013373907145092348
0.00047034022314729516
0.00011422534787632739
0.0002474235442227596
0.0008722817125534851
0.00010051858531251477
0.00024371676089655138
0.00025720521486538247
0.00012252341680041637
0.00046638782307788863
7.06808380491439e-05
0.0002506438519561684
0.00018603509009899858
0.00012068233515699884
0.00017469671027243796
7.642433248792708e-05
0.000123181458277877
0.0003945170457254593
0.0013269705286595513
0.0001516875563671585
0.00045957793749656033
0.00015897506641205598
0.0005133993237528642
8.163464099846772e-05
0.00016240347194560254
0.00034353265893331857
0.0008066427382793659
0.0007003694376208712
0.00010844142642155348
0.000254227479832944
0.00028569944559788437
0.00011492402544573241
0.00023921129011437824
0.0005825652417594732
4.436344969643976e-05
0.0001132705788106182
0.0004563578462987138
0.00011362971058168099
0.00028928252539540364
0.0005288056486076069
0.0006730545822599079
0.00036231331312747974
7.466602011011615e-05
0.0009482867650457874
0.0003675271619397716
0.000647646148658889
0.000558449180130296
0.0014411836790462896
0.0001670224308948988
0.0003010100600511886
0.00011767370178902146
0.0005264785245225725
0.0004184218806768793
7.113505494327647e-05
0.0008291489060469764
0.000190980338655729
0.0008406915418214995
0.0006537729888584968
0.00027918926642533877
0.0004012593673523863
0.0015893773179962941
0.00031342075857956854
0.00027222478181251306
0.0003504009996303227
0.00015752848294190645
0.0002133106438199805
0.0004287757589503173
0.0003219640641369915
0.00023881216857580347
9.489297869820333e-05
0.0003715445672332101
0.00014197678429633766
0.000507673076353551
0.0004594410851672913
0.000724740177508707
0.000175005275590569
0.00013425806468103806
0.0001174020810862687
0.00011820514370169075
0.00020496624902679412
0.00027619861427788817
0.0003745593193820993
0.00022617685720969247
0.00012207440491585314
0.0008534759444083904
0.00042535934689310126
0.0002145116975092989
4.696932208245405e-05
0.0003280930100450094
0.0006203257431435224
0.0010504898308378691
0.0004665394919445328
7.123578334366694e-05
0.0009466455412769168
0.00027344420122134326
0.0005502668259878538
0.0005297113609585187
5.6721442307201716e-05
0.00014912962215426858
0.000147851722893171
0.00017533628639932174
0.0005584732598539614
0.0005838670409877932
0.00014338339959165818
0.00018075484635828994
0.00023321906973675747
9.48425124259577e-05
0.00018343012819231077
0.00025593095972704547
0.00018284845352827464
0.0004743514783960782
9.717780330012085e-05
0.0008593349249136924
0.0003045898116980815
0.000496968096402459
0.00010731012920163527
0.0005716794530892579
0.0004756515428302219
0.0004904760358359583
0.0002591951192047397
0.0002035206099876782
0.00021378619561553868
0.0003619495037810495
0.0005497733139983893
0.0002884949719744706
0.0003831512756037875
0.0003217104557571068
0.00033314182804485996
0.001052982373345396
8.767134368014198e-05
0.0009869267761538974
0.00012875178137436086
0.0002736123919862254
8.811328114167112e-05
0.0004920748797732565
0.0002038668211318425
0.00041021129103499055
0.00012456031338281583
0.000959994573377521
0.0004660689987675828
0.0003801241314227856
0.00020171775970617023
0.0002784819013832174
4.087813660218512e-05
0.0006241832510402952
0.0006197453487793638
0.0002942177763112096
0.00012846509048396632
0.0007394647869724109
0.00030208111092126685
0.00013508645643846922
0.00012589406718597476
0.0013176767248104567
0.00024045289629793834
0.0006950565447293746
0.00043403344606557457
0.0002555375226187501
0.000556625106630413
0.0006822807124523028
0.00032002641060524127
0.0002302949806454155
0.0001357676814925452
0.00027254813066292607
0.0004123759887197634
0.000707084489121622
0.0003710033973962331
0.0001590946094907917
0.0005177839183407958
0.00043216028107936406
0.00025986518898025204
6.362224082606549e-05
0.000300040184648801
0.0005493021895010136
0.00016734477866542667
0.00037828653105985926
7.508629287282242e-05
7.442965227792825e-05
0.00012743132593598594
0.00010191823453151844
0.00017346846396546137
0.0001961690016125859
0.00037845248411045164
0.00017326700045741406
0.00017723069346283802
0.00025179553424409007
0.0003335385292785733
4.8560485817794755e-05
0.0012951776180866632
0.00012850482540304072
0.0002994079997301711
0.0010099810610993513
0.0002738544667396424
0.0001380665654872637
0.00012845513227616504
0.00022809628016470256
0.00015904406006558727
0.0007289658392161802
0.0001805229720995724
0.00038940501364508105
0.00039414063080728224
0.00015497200058133784
3.911639996866911e-05
8.548438520730202e-05
0.00019596039475516265
0.00044740855577434397
0.000595519342286218
0.0005165545390471331
0.0004258645636716646
0.00014979194691340804
0.0002740601727463515
0.0003025698844845536
0.0005162055181755069
6.900200073714038e-05
5.185947838323551e-05
0.00020939091278628788
0.00010878951808188739
0.0008046978263100756
6.037200640171605e-05
0.000776728961026188
0.0002446928813838456
0.00016257820666217715
8.944183440794966e-05
0.0008709067278129449
0.00011974781062375233
0.00010752102414460242
0.0003525806626151572
0.0004234525089548517
0.00017154123334304136
0.0007526882084400652
0.00020478421799191506
0.00026043370630231136
0.00031437886014125307
0.00034915528674337034
0.00027574724537601276
0.000365485703431092
0.0005095172034333674
0.00036611039416845504
0.00013020235071741287
0.0015217565408586584
0.0010320791157172064
0.00016531299091116126
0.00045561117501755446
0.00016058654363518038
0.0001555940956818353
0.0011077219966412664
0.0004929273388042407
0.0005832439164586699
0.0007533162422018972
0.0003634869310582578
0.00018069505933052295
6.98758618588857e-05
7.833202166764097e-05
0.00030917377967470635
0.00026199969092880013
0.00011362417075693463
0.0001968280417840813
0.0003917531496898803
0.00021963614479881952
0.00016068324927932522
9.791108279483386e-05
0.0006867204264566394
0.00047036167827859505
0.00029910079246289934
0.0005342728356200749
0.0001106925971543742
1.914461563670331e-05
0.00023764396880190434
0.00018576534802878592
5.443066483254637e-05
0.0003420985094512305
2.7020300209431647e-05
0.000263010128710353
0.0005297083651600417
0.00038607850485230367
0.0005180418864805117
0.0005712562973193711
0.0003008788839910006
0.00019095154313364325
0.00014686918782196866
0.00012225245640080497
0.00045600223042145053
7.39423438311812e-05
0.0007268650936454238
0.00031276100798282485
0.00010733189508688629
0.00039583545089290405
0.00016691721850396076
0.00012078603077486498
0.00012016159908698338
0.0002738795290791019
0.00030139808348562643
0.0006527702996515063
8.489420387899275e-05
0.0004249845602685569
0.0009919328441442108
2.893619149910073e-05
0.0003447813954915081
0.0001210565011410138
0.00023599002513406732
0.0002636455021764892
0.0004184681020562313
0.00025268448261439797
0.0002769020006399018
0.00022805049246198288
0.00018854503068653502
0.0005485848908634869
0.0002979025170673695
0.00046797279521652955
6.760109940365078e-05
0.0001022599843541874
0.00015774325970024531
0.00042568727002071245
4.822329083380572e-05
0.00018716095045160275
0.0007400524448981097
0.00014777676038400561
0.0005823777182534963
0.00043366434816846135
0.0004408326185680459
0.00019817292461807694
0.0001457855577971025
0.00018758269101370654
6.818241626011333e-05
0.0002453646986700118
0.0005844510320085197
0.00016303219701563495
0.0004366477015770841
0.00022474116768484006
0.00014269366458368908
0.0005090003268984516
4.740032031832641e-05
0.00045735941501010377
0.00010433180511757993
0.0002960746094830946
0.0001541570350838476
0.0009773322105556803
0.00019038995985976931
0.0001583538028088702
0.0003064115332715104
0.0004347360718264803
0.0004071272295220749
0.0001260061691168837
0.0003513836923702378
0.0007521003479808815
0.00016658655990758856
0.0001556702872611346
0.00015350422619312697
0.0001131855057822127
7.170582035860187e-05
0.0001942290649922073
3.63409393290898e-05
6.94564419207278e-05
6.0492338304056436e-05
0.00022903074164811087
0.00015300647501036025
8.367855830482846e-05
0.0003378614320776442
9.378797933244743e-05
3.265063683843802e-05
0.0007790619106231495
0.00018042592476033738
9.503458668062887e-05
6.569553891044264e-05
0.00013870346756780086
0.001533319870628488
4.3679900711942266e-05
9.117498236079196e-05
0.0002666192206266537
0.0007753441430992134
0.0001442665544913068
2.7894227824373374e-05
0.00020850008023084063
0.00014624152728340956
0.00024971592654391236
0.00047494087902591334
0.00014452152158318712
0.0004059199760560504
0.0005009757473560881
0.00021224507537205575
0.00021467310843726082
0.00018849817986335424
0.0007970656161698471
0.00025053063062923633
0.00024331663915774118
7.190880132435431e-05
0.0003456161927837508
0.00013065838927469803
9.907824546882181e-05
0.00016710875426687242
0.00011064463750058461
0.0003554208054078871
0.0005724221704601466
8.418004173278304e-05
0.00039170339238825944
0.001380981328077208
9.521178574316203e-05
0.00016891831164294636
0.0003936299458410259
0.0004889178313637686
0.0003081903217942792
9.47957377290931e-05
0.0005914786839872928
0.0004138353304254569
5.195322477156045e-05
0.00024575138307883243
0.0003814424842880423
0.0004921458641662943
0.0002133011743079055
0.00012719378787796429
0.00031044993885337766
6.422550585552013e-05
0.0001217059046574587
4.016359145764588e-05
4.698598765666713e-05
0.0003374097605985005
6.68627789099895e-05
5.335635427163589e-05
0.00032871676863126107
0.00019553936160732213
0.00015359941635758077
0.0008688328078348464
0.0011250058234946961
0.00016422621753558098
0.00045862612472723235
0.0007496970535216651
0.0001887904050590786
0.0001706988931884642
0.00010846588016562064
9.47354912631707e-05
0.000416775122300334
6.706485463676017e-05
6.688600582720006e-05
0.00015804631797228103
0.0001734576852601363
0.0002359194095942342
0.0002500751500566529
0.00011503180567112558
0.00013935895415852396
0.0002561992413004617
0.00016518888655783434
0.00013326668048546008
0.0002791605653095827
0.0007352133822617423
0.00019467334575029658
0.00017234216208586898
0.00016137320751770574
0.00042385482952811887
0.000516961898124412
0.0002479122250295543
9.96998987568133e-05
0.00015533008478274343
4.8959964108042834e-05
8.173758941971268e-05
0.00038537705232586224
0.0001055488809058436
0.0010189524998788114
0.0004963114547142541
0.00016832870708595202
0.0003057853360250505
0.00011698259667269743
0.0004199789574126174
0.00014550034637941686
0.00010690505162026448
0.0004633210496612432
5.6936408498403633e-05
0.0004560109281454665
0.0002406446508870463
0.00016831840487038536
4.534964833073909e-05
0.00011509838022702683
0.00010671580381968913
0.0001797178664480866
6.0022968175416e-05
0.00017164363150086624
0.00010182960278391144
0.00035234172260452054
0.00030470176488966506
0.00017237398432563781
0.00022986083631448956
0.00043209559050102206
5.9223051024743504e-05
8.488065210782873e-05
0.0002314052438122779
0.00018839162828352413
0.00040664077786211033
9.901912141303312e-05
0.0003638026617975969
0.00019587544446354095
0.00010864631167593014
0.0003259358251642732
0.00024176176663315489
0.0003365958583810878
0.00012996086390884096
0.0002501869194478494
0.0002315387797412568
0.00022050156147341795
0.00030317304627366665
0.00011888217239886094
6.071858055931252e-05
9.460876655288326e-05
0.00017245547692050752
0.00010488757486224716
0.00010337052658376511
9.365867433649633e-05
5.9079511656809445e-05
0.00032486336863523117
0.0001802280176808093
0.0004425572798394295
9.109599582808835e-05
0.0002853950062289216
0.0003880463681290564
0.00011488472994032759
0.00016080566282430158
5.553400312361387e-05
0.0002972467116694096
0.0001772222523342433
0.000608743245318813
0.00012519107217000847
0.0002666473473384961
5.9087238258974845e-05
0.0001778127980650641
0.00016936407737639598
0.00046570205863539067
0.00014207568551751935
0.00032132151158306184
0.00022908816861831849
0.0007808191938610251
0.00020604215879243718
0.000408899626607806
0.00025841423352161957
0.0004679326136069294
0.00021197312195266488
6.592812459208998e-05
8.262379446531791e-05
0.0001981457297802966
0.00016352752114297213
0.00025471649296170893
0.00017868052104327424
0.000993763926501526
0.00028964606776035127
0.00047338677714583744
6.097273021858788e-05
0.00025146702937035707
0.0002632037472774126
0.00016124336880690067
0.0002472315785331055
0.0001280090866596999
0.00030023981520532484
0.00022778797230511074
9.482343311955076e-05
0.00027615565191792854
0.00028113706132088873
0.0002655658893614397
0.00012174014020871223
0.00013391244292242796
0.00014474637170146037
0.0006363133722916627
0.0010962041989885487
0.00010441845665602924
0.00016076845960351412
0.00020973529121194172
0.00028845630340283734
7.496548168479963e-05
6.771189627470132e-05
0.00012741003066820019
0.0007092831723306269
0.0001529528054350387
0.0002718948727963361
0.00010699574184263329
0.00035074882761570504
8.908943855964174e-05
0.0002868371130132905
0.0005383312271447078
0.0002815581762614687
0.0003500794621837962
0.00013202942454924743
0.00027948085492055126
5.4245216662749536e-05
0.00019241945793289987
0.00014917365881452385
0.0001277826309717715
9.655273843392778e-05
8.500507387004809e-05
5.084520026041515e-05
0.0001163059736829306
4.06635554173174e-05
0.00047621463508006
4.270420690931709e-05
0.00022443983136299575
5.442069369398309e-05
0.0004326506557282574
4.7906914856263e-05
0.00017792538675439197
0.00012365435692565345
0.00026495604966567815
0.00018760735786298518
3.4868711401468325e-05
0.0002820568638373524
0.00023543421386323555
0.00028647783300452087
0.00032435946579804453
4.269995346619366e-05
0.00013424000840521588
0.00013617222271730152
0.0003854679837682164
0.0004132020484695206
0.0001795730760048043
0.00016402788639303104
0.0001853495962243627
0.0004981400230036073
0.00012523396841583096
0.0002087614338365357
7.412309315567673e-05
0.0002177448560443977
6.269035631440993e-05
7.211451961128355e-05
0.0001342051420466954
0.0004077983885434567
0.000385511792792461
0.0002557845171064437
0.00013747378526777414
0.00020078829305324492
8.072564212916959e-05
0.0002352398155088146
0.0002149134433240981
2.3535106400511256e-05
0.0009409817024616952
9.277650996563456e-05
3.220415651964381e-05
0.00018829372115526766
0.0002490523804631538
8.827967176611883e-05
0.00015276591077320996
0.000480414680702171
0.00012972816885761695
0.00047422657748225116
0.0003561484444866916
0.00021366781048468133
0.0002927104489587463
0.000394333912219832
0.0002033206371528722
0.0008041882220385047
0.00015373863775552943
0.0002711923460652116
0.00010102296969080363
6.775517690116587e-05
0.0004955674520753264
9.215694721924585e-05
5.4415316404631404e-05
0.0006066343733714087
0.00035429127941727427
0.000145805648344933
7.383105632414677e-05
0.00013674522087210768
0.0002600497948684136
6.390257817982755e-05
0.0006103153964044374
0.0006932041368119451
5.6745158482433536e-05
0.000773825618001006
0.00041035895009139026
0.000312274100397027
0.00018263668193751323
0.00018024980153357874
0.00011471366501771681
0.00022582453645852665
5.0915214807575816e-05
5.386251553859861e-05
0.00028246765524856136
0.0002183491565148041
0.00025873533760934424
0.000149171669915959
0.0005268042265492031
0.00015533149981096614
7.760968692496202e-05
0.00048648558049975773
0.00013257509919796647
0.0001646337738128618
0.00021636788366263061
9.428917916732722e-05
0.00011206672778847866
0.0003086471817164446
0.00025757021690261077
0.00041847005021498706
0.0005844749219797619
0.00012188477143370831
0.0005401525508290804
0.00014795626778956944
0.0010082698412459308
0.00032248017070658254
0.0001736581154867186
0.00023446778390860237
0.0002320124451102593
7.505716417348066e-05
0.0003091021378043418
8.368254469806468e-05
0.00022706901602595592
0.0006544180912452896
0.0001056961107731784
0.00013822783534575615
0.0001186853011973008
0.00031653828773899105
0.00016050906171460104
0.00024513233716501407
0.0008454568923996922
0.00018606452342686825
0.00022372488123262524
3.542450805913655e-05
0.00019424168576775603
0.00035475038510165817
0.0005539878724952921
0.00015506861007408434
0.0004885515997768421
0.00016571519698583973
3.75489807385115e-05
0.0003234582751052969
0.00019753898159102583
0.00018741818349400852
0.0008120135656410208
4.853708690207036e-05
0.00024338870428062875
0.00010224889560983446
7.762999955857333e-05
5.611996448059584e-05
0.0002528253250187001
0.00010516419291130416
0.00022394888433050029
6.465252077327826e-05
6.422466859335595e-05
6.775298207717121e-05
0.0002021884590747165
0.0006176577676588184
2.8802634098033856e-05
0.0003277938499159765
0.00011291960532999934
0.00012615621700073576
0.00017081826801879893
3.9970462084880916e-05
0.00011577209078611249
9.74238350921641e-05
8.109732929744101e-05
0.00013048083686434633
7.469974350298959e-05
0.0003193973892370881
0.00048095860467949097
0.00015333279798839203
7.516044635971866e-05
0.00010201148804855805
0.0001671474194984204
0.00014157868250428882
6.446671962819752e-05
0.00010589046042450408
0.00019945499361471788
2.2045829489921665e-05
5.0364252271507396e-05
0.00018067497704552413
0.00018587852249494046
0.00029701496992118743
0.0002912048689100669
7.800027722556363e-05
0.00021051050071938847
0.00011700608269071815
0.0001374156102026772
5.267153865395992e-05
0.00036791693687344393
0.0003298051173929898
0.00018570058721913726
5.843008972824011e-05
0.00028298842812658027
8.936440200974913e-05
0.0003811261135719185
0.00018486535445548277
0.00011448573516542063
0.0001371275340578845
0.00024285368775598247
0.0002050834154669801
0.00012512120847803714
8.49494652134709e-05
7.63127109632275e-05
8.70595489002931e-05
0.00011356759496121744
0.0003659379888931972
0.00012507137274649907
0.0004466159518811281
6.9715477619497e-05
6.428358208500915e-05
5.4979644562638476e-05
8.329385266372323e-05
9.862307258137046e-05
0.00012075452680412089
0.00011215571476248797
0.00014023308297998787
0.00010800764167670907
0.00017953295316602274
0.00022370950470475227
0.0002008663348653611
0.0002096481204587658
0.00040535450284327735
0.00023084692519904448
5.917558778775336e-05
0.0004967702486102337
0.00017435452446435388
0.0007697625712388156
0.00018720093035952398
3.784207570451634e-05
0.00010063086359579502
2.193316538045957e-05
2.9931725804589826e-05
7.15732857842524e-05
3.489934551907904e-05
5.7073182251137725e-05
8.802070388815419e-05
0.00023551357201715244
7.968794623994263e-05
0.0010688107483963298
0.00010856719635471488
0.00016046550849397795
3.313691814985343e-05
0.0006039056940833682
0.0003623471695477959
0.0002804142940699861
8.108946679083337e-05
0.00015261036981526128
0.0003863812550507207
0.00028075954371968126
6.433121415633216e-05
6.786091647199938e-05
0.00013819258529346355
0.00022265612544297407
0.0001526134139277813
5.091776813466529e-05
0.0003291689218912863
5.030413319595729e-05
0.00018967342731375655
4.129411750290819e-05
0.0002105139982697315
0.00013743036813478236
0.00012590401038853222
5.730888230017384e-05
0.00017265631541007895
3.128265496339332e-05
0.0003194471997055242
0.0004577964774608596
3.7802129138197255e-05
0.00010848360283198481
9.049255334441009e-05
0.00027999451517181015
0.0007587334409068045
9.349158953422668e-05
0.00030505840986657057
0.0010378824399351783
0.00046264779555069564
0.0003848809740983643
0.00011409912970070709
0.0003973362587475993
0.0002639763715559465
0.00010494205349937644
0.00026473222188180313
0.00014405016242260014
0.00012899271571670894
0.00013494478610383883
0.00013195432619625
7.448892960349362e-05
7.324798720759174e-05
7.400740263110692e-05
0.0007591899633287932
3.165418710297047e-05
9.149214764608691e-05
0.0003228627411236937
9.449513549220705e-05
0.0001957586517377669
5.0714094135193546e-05
0.00025558246186780466
0.0003902743572684904
9.442311426712357e-05
3.6430193206389664e-05
0.00010415112459380679
6.495238444511573e-05
8.941140059128397e-05
0.00034709093418628664
7.659857481014816e-05
5.2687211298205494e-05
1.838223411793332e-05
6.561177961899189e-05
5.167567338615715e-05
0.0002638510847485752
4.424845293104006e-05
9.630188259352932e-05
0.00012174241420607515
0.000329847163334042
0.00012946810420898903
0.00010630101351824162
0.0003966276502987781
0.000192499490059103
3.756031295937151e-05
0.0005641910856791794
0.00011195327443271003
0.0004337374322246946
6.64991350602575e-05
7.089239901666992e-05
0.00024454807607841796
6.18381382442395e-05
0.00018840828171241817
0.00010428113781114174
0.00021589552798665637
0.00031200674270793826
0.00010743748255773754
0.00024120593385097184
9.4265919454706e-05
0.00017936825249633334
8.35627877873159e-05
0.00010375490127601858
0.0004446928010038416
0.0002444035520169645
6.89837417623085e-05
4.139600847486279e-05
0.0003984284729990389
4.852800275794032e-05
2.8672321619687923e-05
0.00023939362364081717
3.850648805251559e-05
0.0003558463120055084
9.351761232046505e-05
0.0001114637001803537
0.0001284037290599603
0.00012601366935250513
0.00018136342634977024
7.176392041993608e-05
9.056104678629256e-05
4.0843332940770936e-05
0.000347077250648885
7.722772807589067e-05
0.00013951080854265684
0.000960886737700842
0.00018815807824715266
0.00029100091596349085
0.0010579746732211628
5.652160192591545e-05
8.965322898436277e-05
0.00034942535432848034
0.00013137140277463466
0.0001615514508974641
0.0001924626918915786
6.401352035628986e-05
0.0001625939785489324
5.382524589176605e-05
0.00023732108271855198
0.00011851137020242543
0.00022419383780312673
6.896598866032784e-05
0.00036727037860897165
0.00011907741672367481
4.2758689947104744e-05
4.611461435359101e-05
0.00012913514915010706
0.00011744459459599176
7.884187052244009e-05
6.368067463115079e-05
0.00036712762748502506
9.512950766157072e-05
8.108098958019705e-05
0.0001860465754560967
0.0001234977111909188
0.00011752144560470225
0.00017492253329220322
0.000122979315866107
9.402192175336014e-05
0.0003160297851973939
0.00012184873545887908
0.00011498159233958846
0.00011361192210874973
0.00017243027015815336
0.0002909625657682079
0.0007474649729397588
3.296216559997157e-05
7.842367488922008e-05
9.896529826825077e-05
0.000185483068135837
0.0002023040848294907
0.00031555286166673
0.00022802880878699044
0.00023770490523851217
0.00028065352967554974
9.822308794403697e-05
7.060050404116188e-05
6.769381276623684e-05
0.00020994396611100107
4.1267400845304855e-05
0.0001699307768733453
7.214071931177274e-05
4.469057894200135e-05
0.0002725353011663109
0.00010530115483834702
0.0004169090680589812
0.00012838055246914678
4.777824289350917e-05
6.830252337314652e-05
0.00020149380040037154
7.40945049132295e-05
0.00040454518487622243
7.716375979959143e-05
8.721550262707357e-05
0.0005444848926722512
4.377113103275017e-05
5.5245383845836386e-05
0.0006595544656528754
0.00016587465780903084
0.00028149603635044897
6.776093535234708e-05
0.00032900843500917586
7.350622781711577e-05
5.3656567294684816e-05
0.00023633422797275847
0.0002460222696210562
0.00022841998941247932
6.144694936539159e-05
6.51294498228023e-05
8.689239318953271e-05
3.520939340815671e-05
0.00020462645062502757
4.8151335244768646e-05
0.00017591437796938948
0.00014647679160230867
0.00020917475913605853
8.874816325142267e-05
8.481554042552548e-05
8.730125025000019e-05
0.00021606622799388918
0.0001052416429600668
0.0001995364782842149
4.216302193814071e-05
7.49892113418681e-05
5.514608104588576e-05
0.0003121707644766311
6.083403697546574e-05
0.00030033902406730083
0.0003971603500525763
0.0001553080620130855
0.000177216083652065
0.00014350867787234507
0.00027576002603585273
7.378760160279814e-05
0.0001133277579749987
0.0001889681231595298
0.0001423632394469238
0.00018891710842467284
0.00013517766511681674
9.289456132615261e-05
0.00024501312777029676
0.00012171432386434377
0.00024688671396741983
4.110804072331954e-05
4.5525800356634695e-05
0.00010839868012220663
0.00011185828945270757
9.166441216837287e-05
0.00036829047331484604
0.0002682949810172454
0.0001447094367494475
0.00011004683028730622
0.00017399261144371547
0.00017354845069772237
0.000375772134093708
8.181390700569002e-05
0.00015881981593722302
0.0001197936202296875
0.00019329884036330588
6.445564241577938e-05
0.0005941978883210518
2.6163486607511142e-05
2.4668338335253692e-05
0.0001388298537724271
0.0002098842910261632
0.00032858425104697334
2.970487372030274e-05
0.000878199959216564
0.00018040722013413458
0.000407390792160427
6.917380497451198e-05
7.374777736162276e-05
0.00048415189749124993
0.0001071235691200578
4.7246683362545134e-05
7.454254677885237e-05
0.00011801475813978005
0.000294973180845061
0.00043126685558760654
0.0011853928479849075
0.0001097737821160174
9.305823359308055e-05
9.31562281415556e-05
0.00010416988684157176
0.00013181830606225696
0.0004090514713565475
6.529001072838478e-05
0.0005368510025502624
2.7451114743211987e-05
0.00017324381440027365
3.1511257249345724e-05
5.542806381119424e-05
9.125477791192965e-05
0.0002971047864158884
7.669213585187644e-05
5.399931116541842e-05
0.00018970863918258736
5.838818021482739e-05
0.00018913712921681344
0.00011851201880902391
0.00022557504555605865
0.00012017633136478062
0.0001646621347248938
0.00010956527823370303
0.001028390486107306
9.888595034217294e-05
4.1082602314928236e-05
0.00015136678308270098
3.119570329243841e-05
3.987891021705343e-05
7.591397666878475e-05
9.61491365378215e-05
0.00016880199183988857
0.00014549943952852333
4.2239711240863e-05
0.00010091715906569235
0.00019545958624483204
0.00012207445499884674
0.00010185627763667942
0.0001598734341986468
0.00019366121872096444
3.084150947650067e-05
8.738655828807406e-05
6.922995090759523e-05
0.00024493062631038444
0.00013000119009155342
0.00013416389639514498
4.2982565090371465e-05
0.000585405348860414
0.00017738259504961564
0.00020085130834785226
6.545765302076782e-05
3.428430770041378e-05
8.464803617416178e-05
0.00012163952490084712
6.582647022837562e-05
0.0006960835311757337
0.0005107384276342375
5.122608384355891e-05
0.0001289387617474221
0.00016521443421012655
0.00039873914537664
5.293706375843224e-05
0.00027539999948339097
6.0862711199669e-05
0.0002821302571472744
5.340980856611262e-05
5.229982711271892e-05
0.00012122668114865012
0.00028139487197200596
0.0001712598975637875
0.00017356403066429003
0.0001449795710229429
9.747754870222687e-05
0.000163652921907824
6.515046017142427e-05
7.493515759464245e-05
0.0003635906180680776
7.29381918615116e-05
0.0001757096744413583
0.0002822918909215733
7.124609934723221e-05
6.724935563601442e-05
0.00010926046779443816
0.0003569889134038506
0.00012891342837255857
0.00020000162692301865
3.401425831916371e-05
8.592711792803507e-05
0.00034967463774258234
0.00018001396958318736
8.638255879222171e-05
0.00020951076653269817
0.0001255094928360359
3.577811769718652e-05
5.1633672611586184e-05
0.00013124409250478636
7.653192314100872e-05
6.847341140160001e-05
3.2417969690921965e-05
0.00013885809605422274
0.00010035700173355674
5.914514904664794e-05
8.935842945322181e-05
0.00033159930027845983
0.00017063860453559961
0.00012163503666336002
0.0005429198139888922
0.0001637836049321193
0.00016595339657160985
3.798789348753347e-05
0.00015481159811086656
3.5826969427829826e-05
0.00012645037159184536
0.00010121143531720832
0.0003577224708683966
7.729105660536775e-05
0.00033390452172859625
4.147044410334317e-05
0.00012809933535086224
0.0002810689971292544
5.310664603155531e-05
0.0003150654950101114
0.00034085462941293114
4.826973495009595e-05
8.273935285762529e-05
0.00017651818392878723
8.288123292273268e-05
0.00026222132616101625
5.143509161163798e-05
0.0003218848532524851
0.00010842015662572387
0.0003121597728447454
6.716685677182204e-05
0.0002086973356887728
0.0001606412752720123
8.691677552056768e-05
5.09295397854598e-05
0.00010167630775606933
0.00012357150265213145
0.0002060342238049341
4.848115827673585e-05
8.201455939407629e-05
8.364225155195498e-05
0.0002225530521040818
0.0001585166921931664
6.523922599434883e-05
3.6035612939802093e-05
0.00013725209407168805
0.00018312711954551465
0.00034645916382465005
0.000286356888224286
0.00019653647822117577
0.00019979145225267834
4.489889232718012e-05
0.0001266032295087716
0.0001602400126981522
4.293890442658405e-05
7.001050454335257e-05
9.312129829112893e-05
5.065570465305228e-05
0.00025223805667943616
8.836671678894774e-05
6.56030425406551e-05
9.91921222900795e-05
4.5457532346117514e-05
8.103694856348846e-05
2.2698613156969342e-05
0.0004940615590182805
0.00015597803275877475
3.624992810703274e-05
4.113157822743578e-05
0.00016735565778280056
7.450552856886961e-05
0.00019507844865906078
0.00018471514789787248
4.800307739106957e-05
0.00021229457225165578
0.0002191669937858599
6.22634399967845e-05
7.723092797580985e-05
0.00013150975118596546
0.0001428000718388862
0.00038489724385847414
6.377963363832014e-05
0.00011690016892909021
0.0001052391969743904
0.00030036935351395784
0.0007376977322755002
0.00032003121367080016
0.00013139234022087267
0.0001052117814729095
0.0005167760886659128
3.857680590769351e-05
0.00011804795591505087
0.0007847017388293962
4.508340084829751e-05
0.00010294165337659748
0.00011574294400450359
0.0002000350331294741
0.00020890695392287396
0.00016724450095548043
8.571135481616674e-05
0.0001841298182621144
0.00013670456733878166
0.0004273002877987571
0.0001927964622082347
0.00010026928799291029
0.00021878166738260098
0.00010493590501076426
9.96264986166227e-05
3.956436004176196e-05
0.0002778496689584213
0.00029865795373438007
0.00022381236519935366
0.000121901936813366
0.00020350598843458243
6.283150366687658e-05
7.887251852496792e-05
0.00013648729142786434
7.678447866238779e-05
0.00017846376996476508
8.573985312523545e-05
0.0001096360611023938
0.00016718514324104295
4.933266216374276e-05
5.412242039109395e-05
0.00042243074588631805
0.00018587545734628818
0.00019676814297364133
7.507227622248252e-05
0.00019850210621208953
0.00041612733486964484
0.0001024626390217343
5.875965074296331e-05
0.00020495670727039983
0.00012006556119429131
5.567258850351297e-05
0.00013646425941466893
5.207840563099176e-05
0.00020197042705489998
4.700701844607578e-05
9.980793124262831e-05
0.0003184762304320929
6.220221923143438e-05
0.00013093510293284692
0.00034650829828901603
6.660246942868222e-05
2.131601474610006e-05
7.439338351326116e-05
0.0001028091940886678
7.924922641241535e-05
7.994413390083033e-05
3.256301860485952e-05
8.052796693792923e-05
0.00032497617433668104
0.00018926178089971214
7.39695229015052e-05
0.00012288259704465722
0.00018642290034324622
0.0001962654398119586
0.00013956097329260138
0.00012339167309988305
0.00044727097585824864
5.307836604353118e-05
0.00019654960727534437
0.00012499168488512477
8.320325192113626e-05
7.91559567074974e-05
0.0004622771600268985
0.00018928637208522455
0.0002229876247362481
8.953305560150273e-05
0.00015401785347058283
0.00025608206601600915
0.00033016884444476594
3.8808986053807526e-05
8.402691823381201e-05
0.0002993137637261934
0.00010935711500456361
0.00014358146353038638
0.00014538775725518783
2.1427645110171608e-05
0.0007572281870516335
0.00011240079272491492
0.00017498773128433534
0.0002246400781806754
5.575803183950043e-05
0.0002272190713220652
3.0294662976140503e-05
0.00011473648344611414
0.00011090892315872721
0.0003504246901424968
2.5874761921296095e-05
0.00011699831063878697
2.908425622466416e-05
7.92869297097479e-05
0.00010898779566739894
7.886911487213994e-05
5.506608234908023e-05
0.00022118366459943745
0.0003434135541909142
6.063311094794821e-05
0.00010500934360576169
0.0002710133363907333
0.00024385526283546085
0.00010944610977612947
0.00010579167726194319
0.0001110435331583061
0.00020772765891621028
0.00010575642397614576
7.790333978305967e-05
3.1092196775898486e-05
4.996007190448635e-05
5.1803466587631154e-05
0.00021331921303238352
2.4869579588139715e-05
8.861016926084873e-05
8.227922244408931e-05
8.540398623967925e-05
3.614193551207647e-05
5.8892086810043405e-05
0.00014349982046825955
5.8333314373553094e-05
0.00011443519306429956
0.00014246577556967208
0.00010606128811808076
4.51151609140404e-05
0.000125567493018135
4.2835443937737434e-05
0.00019259355271991277
5.121476196404899e-05
9.891801946932842e-05
9.818609568846774e-05
3.57339886215756e-05
5.536895853776973e-05
0.0001737712640404824
0.00020594127831375828
0.00031644340443862074
0.0001190102943219092
0.00019976806638476654
0.0001134328394372615
0.00011176103657386894
0.0004097452756245861
8.79232937783862e-05
0.00021988075658639316
5.105053547459414e-05
0.0002948378475900734
3.820159425217313e-05
5.767489782802917e-05
0.00015144553507658704
9.356335996706198e-05
7.733996604952293e-05
0.00011257791128525181
3.908993316025239e-05
4.5852338019076366e-05
9.401467858493092e-05
0.0001312715768823968
0.0001442572404255788
9.000393022013135e-05
0.00019299854080503397
9.953739367619365e-05
9.064934927925217e-05
4.184523736601024e-05
0.00015759609411391696
0.00017618795960007617
9.911292303247468e-05
0.0001555000426184141
0.0005653556804062327
6.202818560428035e-05
5.2263540393942774e-05
6.0671134687046464e-05
5.1681624583795506e-05
8.080634893280383e-05
9.882258338172082e-05
8.862045961073725e-05
4.058743046652726e-05
0.0001128520845862736
0.00010720763002703426
9.653648448401394e-05
0.00042741664269244377
0.00013990547238823176
0.00021386618011765582
0.00016305266982944943
8.797977061293739e-05
5.676163780682816e-05
0.00041899390697591895
7.37183328628346e-05
0.0001053874217151111
9.263258647403282e-05
0.0001256438802651846
0.0001842540646175358
6.139794308438986e-05
6.156182319849363e-05
8.708147522004752e-05
0.0006368968300950994
9.094682400956939e-05
0.00014173871308368875
0.00011752181970524559
7.850483097084611e-05
7.91774698758602e-05
5.387462151133366e-05
4.692834752868068e-05
0.00013516609449575664
8.249576691495541e-05
3.172444504908469e-05
0.00014014098880868142
0.00013500351463445923
4.6859828305501445e-05
8.937097601971883e-05
9.382842147063027e-05
5.426585994124649e-05
0.00015584985571332613
0.0001594979562930884
0.0001246499891164686
0.00014724696786734372
5.108443944167982e-05
0.00019546208848805698
0.0004509552290535545
0.00017701916239027125
8.406373569382389e-05
7.427593182618468e-05
7.291020179092997e-05
3.7497857839311755e-05
4.5123408802791547e-05
9.776093999183208e-05
5.0076790880753384e-05
6.606919928586165e-05
5.218983015988228e-05
9.101054144702788e-05
4.371663378224597e-05
0.00010007121206820505
0.00010491136360685698
4.62082869144639e-05
3.172757822065526e-05
0.00011203157592352347
0.0002229928171763175
0.00011194770595602003
5.211916649563368e-05
5.633555547368226e-05
8.852224334424748e-05
0.0004459735620005531
0.00017248159957563268
8.076438326126257e-05
3.996554022292243e-05
2.8601295290037647e-05
4.24474827059281e-05
0.00014340365043223792
0.00016576616940664328
4.201611164028229e-05
0.00013320315097428714
0.00010927924312015592
0.00015930157974641606
6.99577642640873e-05
0.00023562931686704313
0.00014638124820167322
4.979920192683161e-05
5.293779126997636e-05
0.00014762006147234395
2.9715941187529507e-05
0.00022859592067665162
0.00010899883509778842
0.00020316657001782985
7.215632871049196e-05
4.020331837431583e-05
0.0003204692061916257
0.00014432950189830778
5.9895289766265996e-05
0.00014840133998851693
0.00012647441571629766
4.039625586484964e-05
0.0001411748621870667
5.0116811298040094e-05
9.314361441786012e-05
0.00021367469315157925
7.803855096428289e-05
5.164867139813442e-05
0.00013384111939057514
0.00017267638560909337
5.8486036051622396e-05
2.7931078408023635e-05
3.126096264038989e-05
4.152742974039582e-05
4.0316774015268144e-05
0.00013115668732081978
0.0001992188845120233
0.0001775469895887068
0.0002268481484461327
0.00015757264780692014
9.219252646083402e-05
7.340089240762586e-05
4.5285860478908915e-05
4.099236314858378e-05
0.00014028291370103008
3.198654878786528e-05
7.40530115765127e-05
0.00011133118932494957
0.00017257303552468508
5.2907693030516296e-05
0.0001382578194086111
3.865724257707197e-05
0.00015165172296871616
0.00019612758046107554
6.164891947860848e-05
0.00013091801761043993
0.00020577827721274242
6.693066259737145e-05
9.156718786412095e-05
0.0001046967136837725
6.819146620699614e-05
0.00035076523893694413
0.00022706062577433555
6.183777494897852e-05
8.477400662039133e-05
9.467177235842708e-05
0.00019789782274854542
0.000221690991188636
4.090039956538824e-05
0.00022172197307105036
0.00023902906725245827
6.003637714758707e-05
0.00013422845090695345
2.535960790843713e-05
9.499807316915891e-05
8.202256050503332e-05
0.00011324602372256821
7.919766074202031e-05
2.9815171880882647e-05
0.00010746571923496064
2.3614415811147905e-05
2.821050502441406e-05
0.00023787000000401634
0.0001234614701347269
5.724693840246226e-05
0.00016737616551209213
0.0001406551851022492
0.000143437304477847
0.00012576285712499201
7.913453800429781e-05
8.51064998570129e-05
7.286831991196508e-05
0.00013436622271671665
7.678037421139305e-05
8.144601206863318e-05
0.00026005404019062504
2.867113568175777e-05
0.0001350958726684607
0.00017884677038635725
8.665737136044349e-05
0.00010003768347784097
5.196100734643303e-05
6.482674816678927e-05
5.2116088685204424e-05
0.00012637399961962676
0.00010883931594023764
6.712597594066634e-05
0.0001009919816428663
9.581511025116377e-05
0.00012323783120059685
3.210257873323666e-05
0.0004744072245845378
7.286888254468494e-05
0.00021157703637700637
5.393482617832772e-05
0.00012406663671457257
0.00010491160662355384
9.170984405706328e-05
0.00011290388310672911
0.0001534554565037573
6.220868333362864e-05
5.027439436997497e-05
3.1123652527261276e-05
6.547009059588565e-05
6.752121733266767e-05
0.0002308547244334993
0.00043966531266786263
5.834170828698804e-05
4.7423430608308454e-05
5.014439030281967e-05
7.537919844597532e-05
0.00013271475343989438
0.0001920669355089451
1.2406487069304986e-05
0.0002802964221380785
0.000220985687628298
2.8407332239630817e-05
6.111289759147105e-05
9.668854982708891e-05
0.00017121619142607743
8.696419477960885e-05
0.00010286523943051782
0.00019728806699613582
5.153645583808088e-05
7.443149575510841e-05
5.832866073783556e-05
4.3595615043458334e-05
0.00033017499161494107
0.00010349610879669302
3.779709214511386e-05
3.759721288254152e-05
0.00016039910334240596
0.00012192353657279132
6.684073681105803e-05
0.000140724951665472
4.547129095171485e-05
7.305087439705678e-05
3.083927060862549e-05
9.398772662079021e-05
5.192938851760221e-05
4.943750622353181e-05
6.617071085057424e-05
0.00012248981934443988
6.19460291325113e-05
9.574293895602002e-05
0.00019993765931981721
7.389878740993359e-05
6.301455755420214e-05
6.499000073157647e-05
0.00016468157538166006
0.00015401989349118133
0.00026896082386752975
3.161532165645903e-05
3.5619804771846906e-05
3.7950125810212055e-05
0.0002045402191805962
0.00018469447273183307
0.00033986365155192015
6.295233525040502e-05
5.928619010323195e-05
0.0004363296718389686
3.923349614119444e-05
3.388539109001999e-05
5.902472186465269e-05
7.972373926820725e-05
4.4791105569456455e-05
0.00024547913096877174
6.467936751036129e-05
0.00022095505257018993
0.0002585920922288268
9.687371787576184e-05
5.6810262319547804e-05
9.755286234550653e-05
7.77509782245941e-05
0.00014062912524835487
0.00012533323307852636
4.280245132221438e-05
0.00027794108396211745
7.133112388023441e-05
0.000146574295844177
3.8967607883922433e-05
2.8163539635985377e-05
9.107105034029809e-05
8.379617020788195e-05
1.650052065328589e-05
6.281074630451251e-05
4.534273189683947e-05
5.15552605618465e-05
0.00016905935057612642
7.209298966416377e-05
7.890024139564255e-05
0.00012488658932708612
0.000158935620345547
0.00019395512429131752
5.285437579462845e-05
6.507742074841055e-05
6.972948689803022e-05
9.745462570517533e-05
0.0003538252326073404
0.0002994856322904892
9.528954303169523e-05
0.0002169685971386356
5.383251992271229e-05
4.217963197658446e-05
0.000128944847959857
0.00012830168289575382
0.00010355121048989155
4.4489601705443324e-05
4.172996358649147e-05
0.00016846976141613842
2.951747791520163e-05
0.00016111303508201723
0.00017677881878226778
5.815936060045171e-05
0.0001496387680561932
0.00010679449283327184
5.3738727744646364e-05
9.033113336306138e-05
3.854171323037563e-05
2.6316250294339023e-05
7.896763788547943e-05
3.708534688857864e-05
4.9957708973004785e-05
5.0725326212777e-05
5.2035348343410526e-05
5.1479585441514806e-05
0.00012107448244550806
0.00010630875089655522
5.139175369191297e-05
5.0481588476113827e-05
9.181105562561777e-05
4.213181225502735e-05
0.00018680903021988616
0.0002165844395563177
0.00022587753632966843
0.00013441179656984863
0.0003895221642230332
4.7467430283367616e-05
6.717910991977886e-05
0.00011241190908238671
5.717892274944931e-05
4.280022952935689e-05
0.00020682980540875993
6.946617290865964e-05
6.936553685812391e-05
0.00020796864052601084
0.0002038555311016696
0.00010380296383438091
5.578831721969908e-05
2.5497139939510273e-05
5.645995798105419e-05
8.009593277245982e-05
3.7003644606217475e-05
9.618984347126977e-05
5.51019749655428e-05
0.00020355873789888732
7.034443180332297e-05
0.00022491232823314267
8.95118273776023e-05
0.0001365397544117184
4.978899690505324e-05
4.460924234968678e-05
7.273278900851624e-05
0.00016931156635632496
3.562784882303086e-05
0.00012865296059275707
0.00012837941419718105
0.00013330482585265273
4.86585667514309e-05
4.338047938137623e-05
9.166303003051962e-05
5.253933075295705e-05
4.9294451857311665e-05
0.00010396850790552144
2.984669549651557e-05
2.944930634285618e-05
4.529750497008378e-05
6.36939526953244e-05
6.559778415275414e-05
4.360241109677357e-05
0.00013864314528225737
5.2781814164224274e-05
6.762987703626107e-05
7.330594285614632e-05
4.6474009112883824e-05
0.00016010192401180425
0.00011253648886470988
0.0002494182377042523
5.827975263016346e-05
0.0002700887981433208
0.00020702681718019728
0.00011152022754205851
5.654615353173997e-05
0.00017406008808242574
0.00025489490964729567
8.275655831370387e-05
7.127516147829521e-05
0.00013944565356887632
8.430611398661132e-05
0.00010669027065151529
5.2357748995539676e-05
0.00017674462482222947
0.00011487427783302552
3.064916554868015e-05
0.00016370076731572587
9.797873844099119e-05
7.88532411230841e-05
6.852012958554709e-05
7.719220126600922e-05
4.287988157655025e-05
4.489728751731909e-05
0.00021120405036568826
0.0001528063925093625
5.144422932421043e-05
6.131580595348729e-05
4.3443515113846215e-05
5.3608916484220226e-05
0.00016762464316969164
7.572604391761163e-05
0.00010031918767731852
4.821305321352215e-05
4.549766280312986e-05
0.00015224846037918105
8.297001423114396e-05
9.171267716843857e-05
3.407358865130122e-05
4.4968502013411195e-05
8.325955855797981e-05
0.0001189571877901197
3.957088444588788e-05
0.000143773840553076
0.00016004803602689914
8.70445013876087e-05
0.0002232953341283196
8.166979426177943e-05
0.00013419224057297676
0.00026173841837505424
4.766149777999933e-05
1.9664097728234854e-05
2.3044796978027262e-05
4.780564504963973e-05
0.00015994529695089775
0.00019250263044473255
7.449175775509156e-05
4.492812743397228e-05
0.00015187627599318087
7.126867039062803e-05
0.00039963992250638695
3.519924701961139e-05
8.355870591690867e-05
7.898719195494992e-05
3.587879635337345e-05
7.250140532600029e-05
0.00010115710100501754
0.00010605056992566985
3.487062484259209e-05
0.00010470989579213413
7.990153037019089e-05
9.95759722662319e-05
6.787215792756715e-05
0.00010744361389352046
0.0001997323043069027
9.819814737012298e-05
0.00044994488231676254
4.9079677870926494e-05
0.00035067154621848834
4.213422936349409e-05
4.982039602378093e-05
5.9138906813468345e-05
4.496117526396113e-05
6.159359265672828e-05
0.0001302513914407704
9.722541822425882e-05
0.00014022821713178193
6.539778629702829e-05
6.019547114082717e-05
6.956895935609325e-05
0.00019515672065394368
5.543014190591612e-05
3.345410936585489e-05
0.00012018724475172929
4.614253819307581e-05
8.099861200989566e-05
4.0613703785079e-05
0.00011495136381580451
9.02898979182979e-05
3.057308260563823e-05
4.9627361514278987e-05
6.385023575307645e-05
6.947529085113945e-05
0.0001371592571443764
3.385572804410072e-05
0.00016147528384621756
9.216898269746519e-05
0.00010268783699485473
4.0947130731650467e-05
5.243012939907066e-05
0.00012758736419989864
0.00010766926062376372
5.158396846189437e-05
0.00011478493065855951
5.9794433499670246e-05
7.125305727244211e-05
4.06646427081096e-05
0.00011224638755252559
4.675718445335828e-05
5.395843729369521e-05
0.0001893488292872145
0.00012487611875280008
6.386355137595062e-05
4.691356204919458e-05
9.212393921870255e-05
8.295599881555807e-05
5.5139335104072795e-05
0.00011829084389389394
0.000187909698999313
3.376679316010427e-05
5.8968321000759124e-05
6.09117450919833e-05
9.371727755301624e-05
8.817834709198723e-05
1.53984528785423e-05
0.00012657403488155965
9.103460738970184e-05
7.157407822045209e-05
8.508225595963344e-05
7.596406883323522e-05
8.033115147222109e-05
5.5623489378098394e-05
0.00025201293915431375
0.00010169709096092736
2.9241533327308938e-05
7.731182441466844e-05
4.290336389270044e-05
4.6396326748631645e-05
0.00010362894060735141
2.9074285175694514e-05
8.869593305584712e-05
3.6734195732555534e-05
5.555943813925344e-05
3.031966101838274e-05
9.404551616258132e-05
8.574519644270755e-05
0.00015976578861175925
3.8238451438129055e-05
3.516827929271105e-05
6.373223639997718e-05
6.663467576963533e-05
6.256057570412529e-05
6.067603361580032e-05
8.981938781378503e-05
0.00014563452575600853
3.874004801105136e-05
2.702937934492115e-05
5.514995967387628e-05
5.0573508007294744e-05
6.157653054329912e-05
0.00012189628099115017
6.189510850243695e-05
5.434134032240263e-05
0.00010289389792038866
0.00017396880160007217
0.0001887564760629789
4.259077706756507e-05
4.7147077763379694e-05
0.00011270655652848146
5.2044029789760385e-05
0.0001284958123622693
0.0002254231561822952
3.402115427366514e-05
5.181538069151313e-05
8.046480511281964e-05
5.4211918240936764e-05
0.00010184582448075342
4.012585406659206e-05
5.717841607037487e-05
0.00010635186413764852
7.964099527508665e-05
3.57198922961659e-05
6.816465082734515e-05
4.653503931356813e-05
8.889594376150178e-05
6.750837683395624e-05
0.00010786946341851647
0.0002947643331576158
4.404912148197797e-05
4.5886137396715866e-05
9.52653590462255e-05
7.256256409331874e-05
0.0001391081827174911
8.740301923591928e-05
4.146330767959028e-05
2.19503777128999e-05
8.11218638691457e-05
3.783672014596781e-05
0.00013041820106840613
4.544498187633965e-05
7.093057672583122e-05
4.42396708323882e-05
7.757396354317684e-05
6.015243275569312e-05
7.597965641060686e-05
0.00010223690907667718
7.187730744901846e-05
0.0001222245592916268
0.0003540819716195222
8.063112518530497e-05
7.761148918255963e-05
3.87951416418278e-05
3.458063382501571e-05
4.468850321875928e-05
0.00012466000429103914
4.506988521662307e-05
1.5781606674585846e-05
5.185485879825637e-05
9.660147176129776e-05
9.062016143858223e-05
0.00011776550564266897
3.107763602262679e-05
9.446223351109045e-05
3.8605595945795927e-05
0.0001543518501414812
4.7576867287337365e-05
3.416434014463812e-05
4.895736683829917e-05
0.0001375278448757253
9.951078566094151e-05
0.00010639309082032219
0.00010983346211326586
0.00012304652917775768
3.2593560320310825e-05
0.00018170058213006876
2.482726873491078e-05
0.00013088543625576016
0.00015903891458650345
0.00018630383566284317
7.305915931393634e-05
8.257449340692086e-05
0.00022547555310539397
2.2117963056737356e-05
7.930116882900357e-05
0.0002966198954694698
6.583955135452949e-05
3.7184400162081167e-05
5.41618124960752e-05
0.00010814356151544045
0.00022233364140021312
6.238719567522933e-05
9.086298004894414e-05
5.3470441480640404e-05
6.587411304847518e-05
0.00012202272457932508
4.375913435080108e-05
0.00020848511552630153
0.00016678922037338998
4.789879012319258e-05
0.00040903649484608283
5.682515262827302e-05
6.056748789064575e-05
3.831666307192474e-05
0.0001563562457022644
8.72192483029541e-05
0.00025732117385793507
7.548005510740773e-05
5.6877052628541205e-05
5.428613019614018e-05
0.00013266909220111434
0.00024998477719861875
3.245879370109674e-05
0.00014940900840466187
4.307468286990019e-05
8.318449248806992e-05
3.746845749053493e-05
0.00013767963418213618
4.879576001872852e-05
8.41996549828104e-05
0.00012695210615499864
0.00016308727786789289
0.00010428659120711867
9.39776738920854e-05
7.450917286753523e-05
0.00010165517374324654
0.0001428068993517453
4.9734297610822015e-05
7.320640806487629e-05
3.0603215323748806e-05
4.005894510350905e-05
7.4533811636755e-05
3.078332231738139e-05
7.155017752478748e-05
6.287157009023568e-05
8.391220734888946e-05
0.0002700531432630739
3.5341947596769206e-05
0.00022555819849059473
0.0001323514554013295
9.544698113139205e-05
3.938718841003778e-05
8.482858830298988e-05
0.00016214339984354029
0.00010839887149697216
0.0001873542375631202
4.069154352846765e-05
3.896682594183802e-05
6.621730351914303e-05
0.0002654367401107733
3.741632648200669e-05
7.874826614901164e-05
6.8070171795135e-05
0.00011456790462280503
5.043965645020826e-05
0.00010342365104634283
4.433048839108405e-05
4.341656478725993e-05
7.43133393648334e-05
0.0001841194642071814
0.00015749491378245738
0.0001226579830638735
9.77222178294871e-05
5.948992211289196e-05
0.00015937705296449327
0.00010390407709527957
3.567880569916067e-05
7.595589527220799e-05
9.647378695645063e-05
0.0001657590838480436
0.0002880312765418567
0.0001528890794475778
7.89665958025774e-05
8.648400054143951e-05
0.00011052192871950653
0.00010368362273684708
0.0001237288200512218
2.7552951060911984e-05
4.435331800051741e-05
3.0629098724430006e-05
0.0002688721048200479
6.900905320350413e-05
0.00014519905285957172
5.438103364546516e-05
8.567628705199879e-05
4.827517951558252e-05
0.00011119318338619356
4.080281197809223e-05
9.813010491724642e-05
7.848693475890934e-05
0.00014087667374217155
9.558179580682343e-05
0.00012444774166833143
7.928959788201505e-05
0.00014033225571199366
6.650731188754565e-05
4.4202429660862215e-05
2.827781232882968e-05
2.7019123783606744e-05
0.00031662890540206106
2.3458330147543176e-05
5.54103555221127e-05
7.574392939518035e-05
5.0331879268377776e-05
0.00011056191081837714
6.882571278654675e-05
6.518308260134859e-05
0.00018585679854518346
0.00010833591582035905
0.0002519440784997502
6.237794754906233e-05
0.00013093686504948382
0.00020187771566502956
8.313326256957546e-05
0.0001663150927407367
9.7094460030936e-05
0.00011411703889161301
0.0001791751519746716
0.0004061608718712969
0.00012455534417408215
0.0001004359785450345
0.00015297275115923258
5.597451850686677e-05
2.9062834127705137e-05
7.809168345223104e-05
0.0001822295225014613
0.00014463383201747968
0.00019827985323334389
0.00012034572096659831
4.692552686929479e-05
0.00010471089642303248
0.0002835154544933372
4.717127061347833e-05
5.951154439760855e-05
4.119975376918213e-05
5.845190408096975e-05
0.00011736683442580906
0.00010180593837868452
9.227686531788867e-05
8.530339898832421e-05
0.00028209361853195116
5.012938709253428e-05
3.908166749676892e-05
0.000257075502172706
7.970443466551695e-05
7.436112210341431e-05
7.945511607356431e-05
2.881433045766097e-05
0.00032507879158587976
0.0002122489186660378
4.4139169693984876e-05
5.519343000741699e-05
0.00012560786799415354
5.054722428489304e-05
6.116288863063839e-05
2.8125110844978405e-05
4.33197800299235e-05
3.369447947043356e-05
9.798602536352812e-05
0.00010524711690479845
0.00012925031423386495
7.871547224950158e-05
7.54579494400825e-05
4.841506641241346e-05
2.495733436050803e-05
5.898648605438077e-05
4.6401030382305794e-05
2.9405784748612755e-05
4.91860976261066e-05
0.00014299647749263365
0.0001329189792880244
0.00016852372625944366
1.7404340863589444e-05
3.4429085500990956e-05
9.014711496160727e-05
0.0001845957555663787
0.0001382857997700519
4.477438418818776e-05
6.833058996438186e-05
0.00011127742727508584
0.00011263743850717263
0.00012034263095892296
6.554220812621429e-05
2.2694013977322263e-05
5.112759050228433e-05
0.00010011187487943198
6.596468284831611e-05
5.479892572943594e-05
6.834333976805787e-05
4.180268057567039e-05
8.330430831563905e-05
7.895832082332328e-05
0.00010404025295885353
3.314752776794554e-05
4.3943592201839e-05
5.240252318616927e-05
0.00011470066820389567
3.8009806960268045e-05
0.00028662030855355756
5.52028083786604e-05
4.344361750908372e-05
8.53153935458162e-05
0.0001033828950944395
4.0077634716627634e-05
0.00016437671913191294
8.399202346048517e-05
6.686839593950428e-05
8.798945320144722e-05
0.00010028928711808083
4.31621761843436e-05
5.307977812108094e-05
0.0002109299658711461
2.4446687094896783e-05
0.00012074105732345341
3.4337782851889766e-05
0.00018139792086197513
0.0002124278366936909
0.00020112047822060713
3.263440506588569e-05
0.00017915616505761369
0.00011943860674918612
7.204034733198351e-05
0.00015025619410409763
7.931760727063123e-05
8.330952674325067e-05
6.878859713622288e-05
6.033290498604786e-05
3.8253539730029165e-05
8.983736548073061e-05
7.264745000283954e-05
5.195052138023e-05
8.85823599790743e-05
0.00014982352015602038
4.4977079310947505e-05
5.4049721828064975e-05
7.975596448061305e-05
0.00018263472852942465
0.00014955921418275447
2.721680074549328e-05
5.1832647523738724e-05
4.615146809272179e-05
3.9057702704727566e-05
0.00010465547850994886
0.00016625967867223582
0.00013610073444335905
6.323614925263947e-05
6.142604145974222e-05
0.00012717054972715124
9.779145798027085e-05
0.00017450975314732065
4.302304386867213e-05
0.00015059372957642404
6.253781201305565e-05
6.923569735407402e-05
9.40718365049148e-05
0.00014565769928738396