0.041661395736676314
0.03664228740884701
0.04631226223672226
0.031331953151829676
0.050320248560919746
0.013868055246866857
0.05187817627791984
0.0124020297821629
0.07614835710306912
0.06221589187187522
0.08773707819416912
0.012466538443734037
0.026445918406743513
0.0187794607120263
0.01600848686065889
0.024880040213808248
0.037352137578000155
0.035163853822853634
0.023478100270361568
0.005138289761476579
0.0066465845900878385
0.014448876737455226
0.009463454543810304
0.015281242444347715
0.023542760539431846
0.0171782848378965
0.024712454111315375
0.020387618042936363
0.007402398521302034
0.007579160563984621
0.005865927345109046
0.003077752491748548
0.0242367544946134
0.014702749300350804
0.0062266139210257355
0.020226928260622005
0.019821831183237642
0.01173577922505381
0.005203132412320067
0.01026787257812886
0.013136104713440358
0.010938278002565048
0.022548623091944782
0.007414723050874344
0.007928830679176976
0.014540564223688148
0.0030193140074453928
0.009647744509421118
0.004621034396950888
0.004543443533761597
0.017791808236536682
0.0034450466465733545
0.005786931652684227
0.0068999849821107856
0.005534648126165992
0.0029906078883544973
0.012393982076047489
0.005570313122036809
0.00624814404922974
0.0008240642009157328
0.006128135451671947
0.002435218304984195
0.0063125484753395675
0.0005833448021928788
0.001625390423115854
0.0034733220767254862
0.0038496498850415562
0.0011584857591766709
0.007325080680113387
0.004119365559880714
0.002217458382102336
0.0030462719544271082
0.003927439604737231
0.0028993179200337634
0.001705247123697289
0.0017103598961713015
0.004350769458493581
0.0016053212823554754
0.002702828642239757
0.004404494517732664
0.0045791114615087135
0.0041385490630877686
0.007757439181746546
0.006806914887464675
0.006996886600113496
0.002279257218054974
0.0014362292380861912
0.003131784972106523
0.003127816899090418
0.00230493908336509
0.002545402820976396
0.006152501844865229
0.005567942327540289
0.0007113982475890737
0.0012240169690415994
0.0027795736365114794
0.001069681853338463
0.002605104725187727
0.00235274717609668
0.001944538727237798
0.0034461160987438086
0.0016566970558044643
0.002121265649170234
0.002117681564333812
0.0018359788361836488
0.011586645778707568
0.0025543064623393323
0.003215856643765165
0.0027407907799993367
0.0015733000518277046
0.003072235014433265
0.0009641769851591081
0.0017624020513100822
0.003502089618898943
0.0008013848072791468
0.003995004660471843
0.0018107328708899262
0.0008760544233827775
0.0051967034254415
0.0006161345407995295
0.002843070002229095
0.003818798712654395
0.0013041770156319002
0.003585980680168947
0.0030018637982877744
0.0005140917847479569
0.000621475440503053
0.0008483923258998956
0.005437880347055534
0.0027519605889222924
0.004603125446188093
0.0017398296626239382
0.0027255747950842043
0.0012813305502951827
0.0025030238243756763
0.005266300207291771
0.006690373090236297
0.004118955875506107
0.005265185660702361
0.0026197864119609448
0.0028776695182458783
0.0061380340863500926
0.0003609281737400234
0.0008851968181411428
0.0010973272524816
0.0012971478325416533
0.0016080790713585784
0.00397261658112077
0.0007793948384261762
0.0007536734808077578
0.0032750724909457385
0.0051714352401759575
0.007649856657844063
0.0017016859543617204
0.0017055176529270563
0.0019514342894118198
0.0038575047520670418
0.0005958008794941479
0.00012032072039304188
0.0006983858572517231
0.0042548064490461135
0.003228658936107819
0.002162768742722557
0.0025285622404808685
0.0010348656281061917
0.00188611462725751
0.0013828360026117952
0.0014517287539726424
0.0013155410852890065
0.006144593196645805
0.0009061722390070958
0.0034203062291040076
0.0013655122106773071
0.00540896858918666
0.002377570021710652
0.006254520396204495
0.001127439616169983
0.0006929969370587694
0.0011128678215767758
9.534099715852087e-05
0.0006938481488732144
0.00036573210968004674
0.00284944977072266
0.0016176408286193611
0.004704204133484716
0.002978867243130681
0.0016713809359110874
0.0022321894062402093
0.0007301853840665504
0.0002861302865968796
0.0019400284370441803
0.0012749487323804741
0.00039702563916582575
0.0003099043097344057
0.002852620363390021
0.002239454909466812
0.0033432499642126867
0.004038050953648951
0.0005171063073719212
0.0011083966522424122
0.0005913323038837906
0.003581413878505008
0.001330633737565967
0.0014724003254947004
0.0024987194143882116
0.0016227378065261286
0.00016934575655949973
0.0012371034278341566
0.0004344781640722341
0.00046304732797446656
0.0006684966196726135
0.00044017980867256903
0.0010847245047646544
0.0004986050368104263
0.0016682219572132673
0.0009438615058824366
0.001067332310894084
0.0016330673693793173
0.0027814315211221355
0.0009664372463234305
0.0012701602131252928
0.001956480389311383
0.003097649189427406
0.0011513188936098215
0.0013914987403578474
0.0016256532542495681
0.00022144894773336616
0.0025677049133499327
0.0010307888266711284
0.0002826005338396649
0.0008272747138166831
0.0014341381071932037
0.002520035263500297
0.0015760822018111827
0.0020370747883388706
0.0019730986744553028
0.0003678373523085799
0.000782701511105878
0.003633201059424114
0.0017269209783164093
0.001209404468165247
0.0008412108901633541
0.0016041017955859568
0.0017359102481193885
0.000620295576509296
0.0004605768952303449
0.0003832404971123009
0.0006633426968431967
0.0007983885292997501
0.0007069980201935275
0.0012411531984843403
0.0017145923053195613
0.0028863832170829408
0.0014674173863283174
0.0008939424676872149
0.0007003594595373751
0.0003276628825994497
0.0021111402640596644
0.0038241767577456972
0.0010813301854539616
0.002493771753547158
0.0016217785765859523
0.0007632778005413594
0.0013201723369855643
0.0006902218460200632
0.0020485891536234863
0.0006217584250422412
0.0007751235923968933
0.00095620081917367
0.0010541553009701253
0.0019087699936558386
0.00037601427164241747
0.001409602784822218
0.0012745172207783819
0.001340117971789079
0.0013880781720500288
0.0004009284968820404
0.0014139503665345956
0.0011789142406988856
0.0004981792555800131
0.00026775386498777696
0.0012707175703792909
0.00284379505688015
0.0004715223757236278
0.0015005619894100672
0.0023635790873318247
0.0012926627751340793
0.0031456202845133283
0.0027556969874451397
0.0014141642982384043
0.0009503827127244869
0.0024671940551276744
0.001305055664955485
0.0014116567060228882
0.0015260384668621396
0.0007917654757667983
0.0031637783406835893
0.00039332029110143843
0.0008677106777301657
0.0008461875245740245
0.0028121240519742574
0.00044480811753804244
0.00025119761295363987
0.00103113338939766
0.0007528933405480455
0.0008347318510385086
0.00074406128103575
0.0008622456768125621
0.0017375212397864354
0.0006210664082496067
0.0013531387594895245
0.0017020532657426657
0.0023782474101069397
0.0011608212553123258
0.0008691910077256584
0.003407346245149558
0.0019127167518711388
0.001000520149781225
0.000786682615453847
0.0017229771422986033
0.0007905674237765792
0.0025141773526584452
0.0007083850850832964
0.001690522294320651
0.0003621206816169144
0.001088967811481214
0.0021101787893268937
0.0005120927969868742
0.0005251802345556791
0.0007528828493075518
0.00038733357260798817
0.0019976914143615652
0.0009346201307590675
0.0003735721503683877
0.001748362047650013
0.0015472915556594673
0.0005385803436252724
0.0004025556965816267
0.0018056671846470372
0.0018623165277033198
0.0015388846167595969
0.00040294274006865837
0.0013496071173902887
0.001697240720500434
0.0011757662852853717
0.0006360597232277305
0.0004200514339885857
0.00025809934889789465
0.0009312065420327395
0.0036254662412380976
0.0010965422090314745
0.00015280000938768608
0.0008137705430762949
0.0016728420156676702
0.0001828338395903196
0.0007223435744762232
0.00045464443301740793
0.003536406916286659
0.00046260853804802864
0.0010184467014073722
0.00029397872718020626
0.0020651417823035283
0.002319088854207813
0.000797361894977521
0.002162908784140908
0.0011713859462059782
0.0003544672989899994
0.0005441695407623772
0.0010171811829974577
0.0015583341753753368
0.0002521541182543173
0.0006563541849657207
0.0005029171139779214
0.0006458938326652744
0.0008319063357035194
0.002641185353119486
0.0005619146252010772
0.000843466879996979
0.002094965026704786
0.00042843374905469553
0.00032854840885777973
0.0011670672787562355
0.0006503569125350276
0.0013090810620858182
0.0017280799098043117
0.0015999775649176665
0.0003584568159859783
0.00044047690984305753
0.00043371987527027515
0.0009155337794894286
0.0004618581654702186
0.0007658520208206345
0.0015937806881205125
0.00032687140749435706
0.0007221313194529215
0.0006085042729765119
0.00026024156250838224
0.0006636026055367824
0.0006184984401484538
0.0006045120177413125
0.0010701197387321926
0.0021392453108561543
0.0018847750097155224
0.00017818552487615917
0.0005911805221629056
0.0004720052253744108
0.0011977501018411811
0.0005431290543252676
0.0006724763448487602
0.0006375202311020746
0.0003728809755968058
0.0007376594812516197
0.0004228977648136771
0.0006464843406572362
0.0009894693701370935
0.0018859062740814816
0.0009838111473811817
0.0010435256867081968
8.235804274335725e-05
0.0015811089390996341
0.0004772600603752495
0.00023614530029676233
0.0035486157178364645
0.000761354221908692
0.001873636697913266
0.0009651231184794721
0.0005347411253556582
0.0017272900360283052
0.0028233552403536854
0.0013334242657282688
0.0008088276011927007
0.0008228484830094669
0.0016306888844846714
0.000455131632732811
0.000559693332577783
0.0005850525507524316
0.0007904111623899218
0.0001016017723255199
0.00047880483695568856
0.0005762464181742367
0.001097376852748159
0.0014085891157759592
0.0004557895710450537
0.0002338862525367697
0.0006367035754063343
0.0010419136539678033
0.0013307394514509496
0.00120635305372288
0.0002299980576806662
0.001725502082759204
0.0007417105325205204
0.00031369690436071937
0.0008320259390207884
0.0004672022769030844
0.00046303436880743324
0.0012788214736689793
0.0006709483636744628
0.0014742354668066044
0.0007064786244760241
0.00022916359050497389
0.0007327845142873196
0.0011656286875343185
0.0005112472130795238
0.001029724102886599
0.00016356949202882777
0.0006999494905898364
0.0005715125798144595
0.0012690235396375738
0.0008646827162872264
0.0006925177094178199
0.00042998384420734714
0.0008539003254755378
0.0004848279841143818
0.0012481585282091555
0.0010740722082111646
0.00043928429432124177
0.0005007830113381352
0.00013415802167622833
0.0007048378667175031
0.000812080748576054
0.0002134949011822975
0.0003304034684022693
0.00022671007745002385
0.0006354294860701043
0.002013795376750762
0.002721193240306362
0.0006371919270748071
0.0010817214258706908
0.0007003113346230116
0.0005680383339493704
0.001002619617834442
0.000886686233715104
0.000285976638969007
0.0009015309550292972
0.0008090920951353535
0.0002542032505670707
0.0010681181018879298
0.00015323820028801465
0.0004631532649943622
0.0002451233769645247
0.00020836945669207359
0.0009080756421106263
0.0001343398109105534
0.00044897484794644915
0.0009104735551226053
0.00020196986769575783
0.00036077359298741963
0.0006498120679879234
0.001135322654257671
0.0007415560567493454
0.0007627360640758412
0.00013407343425341983
0.0005403499749607469
0.0012451888304492445
0.0012752867174340926
0.00028338893614785
0.0007652976680186965
0.0007997339949480947
0.0004536695946101056
0.0007337070779796765
0.00022991148313940128
0.00025970963296969207
0.00042414896822764737
0.001038784880760522
0.00031465944392048995
0.001248053521866463
0.0003336401722299004
0.0005653342726148377
0.0006045587896498874
0.0011542104040647685
0.000581777854799476
0.001050100208284537
0.001558768561419524
0.0007397514046271405
0.0013555522153991888
0.0005023723742757815
0.00136827838986733
0.0006279901872251269
0.0006253347464936881
0.00030460538582668305
0.00015541808853164243
0.0006352766811723956
0.0005356477126978419
0.0001921144727844862
0.00029785892364124917
0.00033223535428415107
0.0011315499202720386
0.00025466538568234224
0.0006492832786071928
0.0012233109772771488
0.00134852927076485
0.000932479621045807
0.001159370573803669
0.0007188143420292775
0.0017316744720843997
0.0012218235813185366
0.0008642280588166991
0.0005329065307991675
0.0002562973417541888
0.0004943418811715858
3.530391663892126e-05
0.0011108982958725091
0.001207933555030201
0.0007546482051275089
0.000217018768133277
0.0008270600060699693
0.0005357630608787159
0.0014274071486791672
0.0015514190319734131
0.0002959034807710181
0.00012152912178337087
0.00017407455225570257
0.0006164253184607631
0.001397112515454963
0.0005564475729352456
0.0013617605879895343
0.0002937391484567128
0.0002215954337338979
0.00047171106290177427
0.0006619624413204099
0.00016094671824782168
0.00028486589923752795
0.00047683873581784984
0.0006883773052113897
0.0010137110538753443
0.0012964917794062946
0.0004652976587783544
0.0009502686564003598
0.00029659279858868854
0.0009990773999546468
4.8017360554408884e-05
0.0006917757552315696
0.0012874055219478748
0.0007712913803636365
0.00010743880546444473
0.0016775157490733863
0.0007952587790955712
0.0011615625062376938
0.00030728345000979467
0.0006811040246462332
0.00041580984189281556
0.00022773457486692495
0.000250296918008874
0.00011429334159976776
0.00038178894930260873
0.00034738929060084
0.0009562731178067019
0.0003454001344822713
0.00015169354202923213
0.00029425359156412756
0.00045957135474420947
0.0012246913432373899
0.0007964864284866836
0.00045433720230792814
0.0010540219908180889
0.00016173872062183806
0.0009092644282997976
0.0007011813699100864
0.0008425243011679
0.0004209058344388026
0.0008511208460708368
0.0007472422940167778
0.0003869677768738566
0.00020930358662355001
0.0005747494129488232
0.0007030461897245179
0.000522596800558955
0.0008490216389143233
0.00041388569404252713
0.00041630839891406676
0.001328190025567994
0.0001639583226851702
0.00030317588205998157
0.00027588989028001136
0.00034043505941714453
0.0002152867989497944
0.00024693205765747775
0.00036180414738176437
0.0007646621791757139
0.00037976719805027343
8.112776263570113e-05
0.000721436990782247
0.0015208292497126863
0.0004553629443651925
0.00028146602789835
0.0012704635611633054
0.001055264449499234
0.00010721907675856233
0.00030796226236628647
0.00014166660741020672
0.0001523033877555267
0.000449611997399595
0.001374375996721595
0.0018576263907693514
0.00019850559141880954
0.0004339264432708699
0.0009169645797961907
0.0007960097528658126
0.001559911299521331
0.0007790845824829717
0.0002755826211233238
0.0006142751966041726
0.0011471100611598597
0.00017229936869575624
0.0007424980991399694
0.00021864460823846978
0.000498891818861854
0.0013864378511885206
6.987832919726763e-05
0.0017657284061756108
0.00043934776927040555
0.000905256398320261
0.0006017579340361791
0.0007053219019289892
0.0007912691873694632
0.0002489015294083092
0.00039316081702836156
0.0012152539540330194
0.001210940281566215
0.0003930139588269524
0.0009546059012243606
0.00038900653543929615
0.0004092313500887419
0.0008008602108192807
0.0005227942013850277
0.0002522199304910564
0.00018329160727530923
0.0003830704571722097
0.0008064421232833177
4.620494289688324e-05
0.0003267907214204294
0.0005700810636800795
0.0005854522020467095
0.00015374030104152453
0.00038209457541628757
0.0015543345355662958
0.0023300683894642332
0.0015715270463673532
0.0003999207114406881
0.0004299626795790723
0.0006717058349909234
0.0006702530883155808
0.00018426415186847036
0.0003781809458127836
0.0002848680604459435
0.0012483219245361158
0.00045256460774265435
0.00019534574904586722
7.185037139764752e-05
0.0008739482812213358
0.00102384470359828
0.000549123926538152
0.000177287257908036
0.0005980149440974847
0.0006816635479418041
8.797186742689194e-05
0.0005544618309083523
0.0006476123729002604
0.00025881394165854144
0.0002552539730656678
0.0005303749068178048
0.0005717072961258007
0.00027601495777431205
0.00011907657827143727
0.0006500903152709897
8.097530464097265e-05
0.0004983380187621939
6.224345682666607e-05
0.0007455521145339194
0.002209330390861143
0.0002536807380744862
0.0008113174983794192
0.0011180736344726986
0.0003221055792952222
0.0007260120619777015
0.0004605459414673763
0.00043177623787691563
0.00045814117904052185
0.0006604600770135334
0.0008260825687448781
0.0012878100089840315
0.00013536770502440692
0.00024377497262475533
0.0006512199892274777
0.0003811594942803843
0.0005491978482780777
0.00031791931587710806
0.00018669153875437445
0.0001187865641846232
0.001014338950174601
0.0002562931270746241
7.71238472196849e-05
0.0011760298171022252
0.000811010573652761
0.0002281549990741026
9.919080371707384e-05
7.418745386465349e-05
0.0007837194047997158
0.0004723012021477525
0.00013134681450659353
0.0005643871092513125
0.0005129278421997777
0.0002148143515924919
0.00015018399984990065
0.001303314053173825
0.0005114610970843095
0.00015650925484843778
0.0005603149647636226
0.00018374418069779617
0.0005521665218813878
0.0011049377059230436
0.00024084888751526055
0.0002821604066173951
0.001124214916561051
0.0007827211941020685
0.00028137782167823774
0.0004870996945157839
9.867848077564262e-05
0.000835338259362405
0.000805924136025999
0.0005963611939948215
0.00010016064590765107
0.0004649411950796717
0.0002667377776902935
0.000509356285209789
0.00040755278957495597
0.00020911135596185529
0.00036342714729188424
0.00012694800643117188
0.0002466158844009371
0.0005419034277542931
0.0010295898699183648
0.0008192673363101748
0.00012221883400807617
0.0012058209893500511
0.00010732134803500798
0.00015251301765528526
6.604434601782425e-05
0.0004021712832926718
0.0003523096985644246
0.0010558228593344839
0.0005996677215414003
0.000766579465215561
0.0004917134573309168
0.0006452771784417301
0.0002648203806285451
0.0006005416294534107
0.0005062277253849145
0.000512905897881189
0.0002036446883226765
0.000446317871978278
0.00040824529105801206
0.00028999959307871346
0.0006377992905675531
0.00026968928412632174
0.0005317870221232399
0.00019284858705275346
0.0003017774861403942
0.000465939678778762
0.0006062025590805615
0.0009560813566357853
0.0001816815487836236
0.00021671655555362555
0.00029059354876753094
0.00041870489806243604
0.00033112827274787326
0.0012150352563443808
0.000185473989124482
0.0002487827274627868
0.00016201337954346303
0.00013328617445538255
0.0022149529982604253
0.000493301612865616
9.796512477058212e-05
0.0007637970446162358
0.00045843877311422333
0.0012475129576006092
7.527417250726174e-05
0.00013023038942722702
0.0007702755019174162
0.0003155432589159904
0.000938818608652974
0.0008065557019993298
0.00043897050163321864
0.00033929885816093693
0.0006248016563601784
0.0015341995432991344
0.00022750638985349138
0.0007878663581556123
0.0005911746890895936
0.0005909327080756078
0.00023204464758371014
0.0006512890335846688
0.0006715315715209567
0.0014021032169844478
0.00018883580440865472
0.0026651258047313132
0.0004954879523227401
0.00017445939245696416
0.0022211993913398053
0.0003306359402862231
0.0005826727417550363
0.0004230179598064167
0.0005712237658379321
0.0003260349799842855
0.00010918750800501743
0.00021953821303726968
0.00042588493491214663
0.0003095107538549607
0.00024474144576911664
0.0006037728575767051
0.0004897352265708596
0.0006778397280027669
0.00014102740685447627
0.0007968862424238437
0.00043866546231362844
0.0004945610425358234
0.0003584922114090603
0.0003350089523909322
0.0002534016851000086
0.00124243001385932
0.0005348893919600504
0.00031364204306079434
0.000908751100102269
0.00021159746449807623
0.0008498116857423644
0.00170654762530854
0.00024213194743245107
0.00020223973467832601
0.0001671093497698692
0.0006748955556587788
0.00015972536626139317
0.00042447577734538105
0.0006889860336448318
0.0004460733942591998
0.0005149734749539042
0.0003045910947519124
0.0008154328775906605
0.00020705377992006414
0.0001043159824697349
0.000149481571109011
0.0007566454403590983
0.0008078108816197178
0.000694922876335159
0.0003617643548990832
0.0002687022121494703
0.001175161122237692
0.00023633226028249717
0.000876821342904446
0.000388208893827453
0.0005539875525764809
0.0002910743409963162
0.001176160445199689
0.0007695727072074702
0.0005293716256472743
0.00011432828324156881
0.000288554419324749
0.0006214555600017818
0.00014517107930916658
0.00036465343981886725
0.0007456310746272984
0.0003863504236088763
0.0005499521207535903
0.00038931131873070187
0.0001240533026656588
0.0006899670327235252
0.0003038632679107932
0.00031300484337316685
0.0002025870941034981
0.0003178007371989644
0.00019068985901961975
0.00019422881584967938
0.0007973663580562705
0.00020522447037282923
0.00038150520483647236
0.00022661508593728262
0.00016617239993113982
0.00019735922293387197
0.00069700453345827
0.00010564284676508795
0.00014768817523446256
0.0003113588092596861
0.00034044526208868554
0.0006197022529818538
0.0002677171842663699
0.00024540259209765073
0.00019414535216483847
0.0002961906419972751
0.000327379657627908
0.0005184077397157907
0.00046947781411184043
0.00038820583368499834
0.0004994225315610968
0.0003938707779278382
0.00020424879175604064
0.0004913467940043166
0.0004869617926616642
0.0002854700359770094
0.0014565616500958796
0.00027413695744644723
0.00033772700620672926
7.094097923047197e-05
0.0003524944082851627
0.0003567641521272676
0.00046435777732949064
0.0010730357245712218
0.0005552882609295938
0.000216397654989061
0.00021680491130057446
0.00035552632107625315
0.0003811995263859258
0.000545332683208951
0.0007384556023749253
0.001252403804105176
0.0001406659284431404
0.0011485548122910354
0.0012783127330627737
0.0005069448856444811
0.00013153638124372715
0.0007884353708362918
0.0002904459720841223
0.00031333001634620055
0.000910804214505141
0.0005893632414874196
0.0002560500890880684
0.0003017914766304856
0.00016885498960193197
0.00028911134665365255
0.0001253864116448336
0.00012023997788135419
0.00015024299864678717
0.0003609138575455302
0.000689115403289595
0.0006358423382185258
0.00015805766143113227
0.000401406036025758
0.00014195199031205843
8.732597911107384e-05
8.938644233468779e-05
0.00013762167872842951
0.00013794913749914966
0.00021493328392536686
0.0001706503986717947
0.00012028118707549261
0.0003242365397606657
0.0005124506582009431
0.00027419997967263813
0.00016371157280530094
0.0004422914193555243
0.00011928356890611149
0.00018599602729217876
0.0006512761809623274
0.0003374699998337716
0.000532137719273365
0.00031862269919256047
0.00036062446249987914
0.0005496575094768681
0.0006912835701419904
7.901523728155217e-05
0.00025873868367807287
0.0004655685022252384
0.00026160686803950855
0.00027864028782915615
0.0002645289683882207
0.0003346854715896669
7.048088879130076e-05
0.0013494571604434225
0.0008376341425299508
0.0005079786517375348
0.00023252708953271556
0.0002826175152090837
0.00027790868838731996
5.97610540070849e-05
0.00026036279348487827
0.0008517384353240243
0.0003723844232715279
0.00010041034361593324
0.0004296676912521803
5.7528772326488274e-05
0.0001019731838192697
0.001560987998845757
0.0007548061766446223
0.00024741797767683933
0.0002066261939528512
0.00028350693477252343
0.00032772551016273797
0.0001877215813351738
0.00036739087390587886
0.00048057031949697433
0.000198868518335878
0.00042226432066451306
7.249542396531457e-05
0.0005162967457380722
0.00023100029277577154
0.0002614402418619761
0.00030213004573399863
0.0004157327577473383
0.00030566502778259913
0.00028211104707588517
0.0002602495984277942
0.0005799633564495319
0.00027182823682018824
0.00018962708265259765
0.00012870469438001984
0.00026333851723929665
0.0005582940709148406
0.00023966669024368627
0.0002631360170261816
0.00023105270035166916
0.0002882652770164592
0.00029864074772126893
0.0003161646613116867
0.0001455202381706224
0.00020740935735833875
0.00081849046469008
0.0007805408417924888
0.0003194124030122403
0.00043957258570038354
0.00016860203455941727
0.00013694460007030842
6.713111296438148e-05
0.00037121394987412446
0.0003492701243067322
0.00021873614564536182
4.821891210766142e-05
0.00026242468991181754
0.00044045471788501983
7.272599885128046e-05
7.045697712260066e-05
0.00018485805285852643
0.0002999409224169373
0.0008954134308817483
0.00027144872848003187
0.00014900564784332978
0.00011395542971706699
0.00017966118075925507
0.00048811029838802424
0.000291993031042249
0.00026702114622260015
0.0002370641415595685
0.0006370897047858807
0.00018836077645883545
0.00042766759068226125
0.000659497839934921
0.0008848811146285586
0.0002564722807045803
0.00031256259268069045
0.0003904132122626524
0.00023685497220604486
0.00028956779405144283
0.00028978669344273834
5.849077830681056e-05
0.00018427791717589995
0.000673153579913028
0.0005620271359494648
0.0005467952452189852
0.0001010801016008063
0.00037185869113526087
0.0001022830111134187
0.00018610672893218836
0.0003937748611692594
0.0005873485597450683
0.00031406855026542397
0.0001096497154553736
0.00022131472642162128
0.0002581243027227236
0.00011903259748188097
5.497092489554595e-05
0.0012774883369300147
0.000492133557114604
0.00019322585107877638
0.0001137507288476456
0.000276527780430762
0.00010523169299024839
0.00012091887348756607
0.00034190272945192865
0.0003779136332716624
0.00010547323412027956
0.0003819443937218004
0.0006203914149390806
0.00031817849337628505
0.0004782045660206997
0.0002475129088746492
0.0001799869307906652
6.567990589779111e-05
0.0007514914935801604
8.79845761776913e-05
0.00021714919815660932
0.001380392413281666
0.0005194026597953317
0.0005464582935513693
0.00032990482099415537
0.00022170577338133832
0.0004946842169986771
0.00014168179668639372
0.00020087150024791423
0.0004171191491127266
0.0002365669992826617
0.00017080751434394185
0.00011207786231967554
0.00037665940480962587
0.000554061420611693
0.0008229279935629872
7.46290915424591e-05
7.290294737336324e-05
0.000166639755006844
0.000887063434773195
0.000524862940333389
9.565325062017837e-05
5.846651267092901e-05
0.0004896650945566949
0.000704920751638707
0.00045257278647976244
0.00013243999486549815
4.770577262245743e-05
0.0004122441986877134
9.665800048394823e-05
0.0006178180345650096
0.0002809144686709228
0.00037151711599774735
0.0005931673479615099
3.0120172917355293e-05
9.305290891993163e-05
0.00012286167391710077
0.0001657009146899025
0.0003026533205890905
0.0005620392669988014
0.0004679276729529116
8.648558280460064e-05
0.00016173816224346929
0.00015663721708772697
0.0002327987069314921
0.00010207276832768379
0.0006378797556798868
7.505026782747863e-05
5.812132095425389e-05
0.0009439116862162512
0.00031312656955435436
0.0001657139042182132
0.0002132928657544839
0.00013069233049189932
0.00040011207862268594
0.00010155299628931313
5.454985322583325e-05
0.00030346915559091814
0.0002646722544020589
0.0007288467203746254
0.0001630137745320802
0.0001989548266404568
0.00015534303854766705
2.7805066855801198e-05
0.00046475473975745603
0.0007127777793593473
4.9133521085921386e-05
0.00011741869088817975
0.00028252544525983274
8.632160721540563e-05
0.0004178035536497701
0.00011082806683512015
0.0007324899398659593
0.00026602025206955485
8.318253465683372e-05
0.00024055235779819314
0.0002529231933648074
0.0004732664470680708
0.00024052323717901102
4.6037115634163655e-05
7.837676903775784e-05
0.0004791550901667743
0.00015143224400011065
0.001046379599439927
0.0003009472756567466
9.965373508223436e-05
0.00043148430491829536
0.00025162325887765014
0.0002733725051466718
0.0001588150019767855
8.843293283450475e-05
0.0003007220077498234
0.000285536372578457
0.00044288115022977134
0.0002667422736024097
0.00036253732496745715
5.356712461893629e-05
0.000357387944218633
6.566241900892582e-05
0.0003927807224065534
0.000324123920301611
0.0003343013319186589
0.0006847692875556341
0.00015606205416195633
0.0008401746041916495
0.00019039501644247368
0.000825119707479951
0.0006990199839930039
0.0001344784057954584
0.0005602348057980182
0.00016459150286671153
0.000416469973085957
0.00020797902294151507
6.196362308257901e-05
3.241196894981824e-05
0.0001730748840572632
0.0002497671474149588
0.00014930715640364362
0.0003133806927583071
0.0002014414737635636
0.001034670906379832
0.0009967163382910444
0.00033104317664859044
0.00014374261740324505
0.0005151305587478231
0.00019804958068736302
5.483507339654343e-05
0.0003704288518633617
0.00046148630679908385
0.00011253777209186678
0.00011559529980605323
0.0005601363829954918
0.0002877661694919475
0.0007270385021848302
0.000462980490937022
4.9104263001975676e-05
0.0009118680062578294
0.0001029778113868474
0.00035420480248961014
0.00020293374125292441
0.0007871130251500548
0.0013612175674699945
0.00016318243042936253
0.0004934751520713881
0.00011049500137156793
6.545612012537145e-05
0.0005673845801915891
0.00039941771669438624
0.00010172239377557355
0.00018531490177456814
3.472680223765434e-05
3.7725136955436896e-05
9.881134150651172e-05
0.00022804478071906435
0.0003559370388564486
0.0002860279472479786
0.000287668171739773
0.00035218215022065637
0.0012690435927981553
0.00044052329054045683
0.00034581767939527696
0.0002634083333882655
0.00029785233838877087
0.00016239143443833425
0.00017281453887070804
0.00011563938556412293
0.000989497258334169
0.0007656840093055058
0.0003707843975310717
0.0005268272711798636
0.0001820978198089307
0.00016218307516975642
0.0001198163049497746
0.0003648532627433732
0.0003691723381757224
0.00021303720939119396
0.00010424500600852732
0.00045464794998102166
0.00020486234143925674
0.0002081490051194138
0.0003369420119457887
8.788460686593531e-05
0.0004402471271087379
6.438810009429702e-05
0.00029368119379707773
0.00047439416463267414
0.00040978018276161725
0.00019644800658861195
0.0001921884842204308
0.0004886367176581475
0.00020165065495387835
7.50990069282749e-05
8.31309535835859e-05
0.0002766989879103516
0.0001620065312456663
0.00027342834761308983
0.0008035544984043008
0.00015438172858668107
6.949019949065372e-05
0.00034462958965109086
0.0006185118517571564
0.000154805398860871
0.0005762694849012074
8.550751084609197e-05
0.00016952525849280581
0.00033703812555097143
0.00010231608579593171
0.0002018700148234848
0.0004869640477722932
0.00010761714235227923
0.0006367179940084354
0.00022171728476415967
0.00018557136375190782
0.0007845408444555548
0.00013842005666923988
0.00034020715820779054
0.00011752548132219115
0.00023032664674817554
0.00041933551726588297
0.0001358232304170378
0.0005107186327370067
0.0001820295403387111
4.1586163324628444e-05
0.00047271299374099604
0.00011875549635975726
0.00017379739967422845
0.0006563976139699734
0.00023935100437507632
8.115635473337484e-05
0.00010320656823815285
0.0001521527564018372
0.0003113079022018985
0.0003791534906018658
0.00022070314754518025
3.471793755115105e-05
0.0004751044866377406
0.00010795693063103349
0.0004861545428639527
0.0003555824505093067
0.00021024196645927904
7.785698631752561e-05
0.0001455887356646532
9.713009591973552e-05
9.822125099730465e-05
6.419756338186229e-05
7.347771041610431e-05
0.00011117529059544284
8.653878789026042e-05
0.0005316807225505255
2.5259205191443596e-05
0.0002617163864395254
0.0007571628936637107
0.00045525281034483356
0.00022673872468417398
7.990917537469972e-05
0.00030645485015308715
0.0004025877547974037
0.0001695181809704572
0.00066012197375358
0.00019094482077123206
0.00022117577052192838
7.411253858483099e-05
0.0006966127999006736
0.0006320432554602334
0.0002907596711995047
0.00034498908107681944
0.00012653254925339786
0.0007728049360991354
0.000275084731744967
0.0002314162415651748
0.0005076332587347447
0.0003614218991866161
0.00020482110418250734
8.308654755215783e-05
0.00020333307662339517
9.11193289678398e-05
0.00021502712921903143
0.0003177867808920681
0.00037423243770852844
0.00036256354776292084
0.00022968476434152642
3.0290912837996753e-05
0.0007887190560863035
0.00013547025638707835
0.00022634291573388405
0.0011824660388030526
1.7893626369934076e-05
0.0002531958591149522
0.0001125334551298948
0.00036488206444944987
0.0004086055161577695
0.00021294965102423158
0.0004358721641108629
0.00025576554915552306
0.000101068999523095
0.00011139384420745186
8.150616014167417e-05
0.00023094158920318933
6.050293899652669e-05
2.6613603086479523e-05
0.00028629858271082424
0.00036483126566196625
0.0002712353312447666
0.0005091684804263411
0.00010238978903924819
0.0010284666148272198
0.00025142273043302386
0.00032192361482802546
0.0006288620908292739
0.0005003605677367551
0.0006133758638446202
0.0008286709044904507
0.0001298856798249196
0.0001403732935369762
6.378781817826046e-05
0.0001602431497504225
5.307322308529957e-05
0.00040491547978008425
0.0005876900889604115
0.0008932481930854785
0.00021000575730586258
0.0003576736031619468
0.0005394666501018159
0.0001933530950274529
0.0001515106946381315
0.00028607923738297543
0.0004831793635299896
9.148034456685e-05
0.0001048399747188089
0.00016016532301101215
0.0004090999683436245
9.509719623240073e-05
0.00024087563988248103
0.0003150955630044338
0.00020201722292426873
0.00010599272596039982
0.0004985704781566329
0.00016733475785116807
0.00011403562318391279
0.00045368792490227996
7.792571969349841e-05
0.0006593511007714127
5.566405788036827e-05
0.00020263181323989813
6.941853580234422e-05
0.00031670170738615813
0.00035068814207700466
0.0001537561030619576
0.00014856105564857526
6.7345502121779e-05
0.000244447324425844
0.0002824924953103596
0.0001652350469406672
0.00030495288226195424
0.0001062511838332016
0.00013967739762278905
0.00017627294857984227
0.000465184551922407
0.00018503373670004626
0.00028725320288608804
0.00017983534674176612
0.00015174158438988967
0.0001811144935650275
0.0005694235655178426
0.0009045459657462333
0.0002092001342941467
0.0002952417127122157
0.000389162232405878
0.0007214460387195946
0.0004367524232808937
0.00022408336994182918
0.00017414685482402268
0.00014718478134315572
0.0005359828633230454
0.00017491464135521828
8.806254738663421e-05
0.00025975524434799607
5.163130149604639e-05
0.00038030856705256397
0.00010474089328008395
6.701273479474465e-05
6.517277171872215e-05
0.00015755013865300846
0.0003154495289314258
0.00014263733641990272
6.264873449545022e-05
0.00016465786888004364
0.00015308548061054912
3.448452937718135e-05
0.0005585311088448561
0.00021903365554914013
0.0002323996936254564
0.0001021312554591555
0.0002487734603040496
0.00031847680491138406
0.0002752739370921836
0.0001224145493718727
7.406113022792088e-05
5.805834075167135e-05
0.00017503931569483027
6.093631706848248e-05
0.00013974400760068117
0.00026659576327959557
0.0003394418881503243
7.728027684475321e-05
0.00019299550557305733
0.0003111832070829934
5.3717757073704374e-05
0.000393018459997769
0.0001752185174233647
0.00026311494392776153
0.0003014650985166191
0.0005298792772308058
0.0005488520096922526
0.0002348979603683916
0.00038314945518260125
0.0002776617016538942
0.00016377458196849113
0.00034255341676025163
5.345055906891842e-05
0.0006564028411237474
0.0005057998799603218
0.00035718298747027883
6.270846812517722e-05
0.00012791638916457326
0.00034341948145840887
0.000403265544324578
0.00018794843521990396
0.0002647152429479697
0.0003385881581487269
0.00017823327844869287
0.0010800344939440364
0.00014102120024276843
4.8299079119333446e-05
3.058701408714549e-05
0.00015843217131333143
0.00010514007332696132
0.00018394629409439572
0.00028554178340602375
3.464393171608398e-05
0.0002645371706174431
0.00019873782507537444
8.855893972603391e-05
8.687298299975464e-05
0.0005219849096477102
0.0002108511329472411
0.00041563921790356204
0.0006204211721634067
8.950274049167118e-05
5.670729952173333e-05
0.000530895590364417
0.0003016858862736157
9.917600237971345e-05
0.00011161990971034445
8.178880953039336e-05
0.00038650034377017006
0.00021669112390995416
0.0007037184291999967
0.00015014588363625896
0.0003014909870744767
4.4456849743486895e-05
0.00014340747569437733
8.054056376292961e-05
0.00021169524756347138
0.000269095886603767
0.0003585713628499899
0.00029402971827677607
3.0155789285262614e-05
0.00022447821744564785
0.00013405558026209353
0.0001771574027755288
0.0001960765570974854
0.00023216013411818018
0.0001806548421870897
7.092202560141526e-05
0.0005842257043419623
0.00049116193458856
0.00025051558649118443
0.00018511682763739032
2.7029165613391946e-05
0.00046235630836011113
0.00018407125811486556
0.00018720638570378262
0.00023298085808086763
0.00033075759888730606
0.00028101936500353047
0.00010823087550631287
0.00012097883870388833
9.501553508066456e-05
0.00011340777307860145
9.042052311945584e-05
0.00013161636929436381
0.0001972313083268296
0.00012007946561693548
0.0004141387386530275
3.5887700268038086e-05
0.00018025273083074674
0.00035985062429064126
4.0551730146257215e-05
0.00027377049681514285
0.00010371934983109229
0.00010613481876620707
6.637294526467057e-05
0.0001806049892848272
9.241179612794271e-05
0.0002825128432671958
0.00011005954634752405
9.745516813464212e-05
8.670838141419161e-05
0.00021255012875158095
4.120136369893406e-05
3.010516538644976e-05
0.00020394620793126172
0.00047694632429219413
0.00016922843754431973
0.0001285167954879116
0.00019676807215988608
0.0007697576806886507
0.0001919241734993104
0.0003040007123851457
0.0001229699220092737
0.00017572539861817303
0.000168452025922939
0.0001371082020288018
0.00023819732676059858
9.80830780353898e-05
9.671435585202508e-05
0.0003455387415486124
5.860512706903194e-05
0.00043894666224534174
0.00018049749047102854
0.0001661329021946027
0.00017694089271631138
0.0002552865886857586
0.00026303260384517787
0.0004916749059207172
0.0002293375159220776
0.00015441573142052108
4.0917795359113654e-05
3.685045560086322e-05
6.138494597075103e-05
0.0004889167518830968
0.0003967032859389912
5.3782901626522094e-05
8.347415235497217e-05
0.00042033748338349725
0.00011018820622513096
0.00010201293273138193
4.534815659325165e-05
0.00012564758559263983
0.0005705596473998205
0.00026562763033612715
0.00024195610915529346
3.457091184786139e-05
8.894221780731972e-05
0.00010037766879640913
3.3948021668551496e-05
0.0002371360656931139
0.00035598305048548036
4.490181883851086e-05
0.00015370404537473314
0.00013858640301352024
0.0006066409090156407
0.0003521457356424906
6.537275700634526e-05
6.20548207390203e-05
0.00014876831313319667
0.0002904738249451943
6.911540744460355e-05
0.0006823187474353576
0.00020405526847375714
0.00033451223980675494
0.0002189728403845277
0.00010072842633341314
0.00012404922208374667
0.00023667708798268144
0.0001962009938147482
0.0002845942334533084
3.719113221744632e-05
4.920739369664753e-05
0.0001311546328220674
0.00014488710835847926
5.4204818715396034e-05
9.152659972211697e-05
2.787913332652582e-05
0.0002749943367534139
0.000135442776407058
9.491515407157972e-05
0.00016541179381115794
0.00011085006075566974
7.58233282566498e-05
9.98071309336841e-05
6.864686295679967e-05
0.0003924116497524818
0.00038337302731565663
0.000122498792468646
0.00022499326026936557
0.0002692461067045459
0.00013581800373643535
8.483669701725217e-05
0.0003182176376270008
0.0001262970912580344
4.5187059660833375e-05
0.00013264986352028884
0.00010612892861918259
0.00018127768236421036
0.00014765698629770654
0.00041415730577571536
6.028540713645413e-05
0.0006685885139561271
0.00047506531737868105
0.00012270030504432888
0.00029912636926121685
0.0004969009545779271
0.00032992832630086025
0.00011402865031699231
0.0001478096826868985
0.00045178345173111083
6.43794924208286e-05
0.00010698288265980985
4.0924820663318385e-05
0.0006824133794871291
0.0001504181957896028
0.0004340195864406421
8.448802231102374e-05
4.2626277723359475e-05
0.0001655227084081084
9.808709656697784e-05
0.00010986424262139544
0.00033193696622344957
0.00020911139554548593
0.0003806949998592439
0.00034694608770117726
3.5762080720841646e-05
0.0002122874605563986
0.0019015664678384955
0.00022762450487959928
0.0004220808392373023
9.949060529975988e-05
6.65292411458116e-05
0.0001207761946839783
0.00010607201067474063
0.00010845384133508245
0.00019704351046938198
0.00027791671874986075
0.00011788746783847211
3.429106008777328e-05
0.00029528417748155684
0.0005315073849436032
0.00012287860655999286
3.08410094872886e-05
8.442723557653833e-05
0.00035858449769791544
4.4824053531497374e-05
0.00016651276062991323
0.00010034312955330402
0.00030001931164308607
3.489929725345542e-05
0.0003100680542426601
0.00015823606175864152
0.00014018282892296508
0.00014609865541456417
0.00039013090113051865
0.0007163800805527452
0.00014246830341264265
0.00011197401667430042
7.688370268182481e-05
7.780432728197042e-05
0.00011616274400631186
3.772457262538833e-05
4.538969691500068e-05
0.00020110518408403847
6.944834519856438e-05
0.00010197547107554294
0.00017759620047978877
0.00048355849574958004
0.00041608723519414876
0.00019198501681625768
5.347489777183897e-05
0.0006459675226384187
9.663359059374055e-05
0.0001980058356915543
0.0003103603085788582
8.283275123310121e-05
0.00017674007845366432
0.0007408616324274563
0.0001293893951979588
0.0001438282970688527
0.0005784052737744859
6.860553193846014e-05
0.0001889591125280572
0.00022272126124431698
0.00010668295234439694
0.0003477141346175197
0.0007043887014918467
0.0004805462590394211
0.00011223322265686206
0.0006227114799708343
6.781306227219242e-05
0.0005503420149022368
0.0002132142140453611
0.00014311066106176712
0.0003852736517988108
0.00032397330197921466
0.00012746036181897395
0.00011488570121354531
0.00015956874139702823
0.0002710895885836528
0.0002300958779813006
0.00017619917888721964
0.00030301027829324445
0.0002200928266876996
5.6526415847497666e-05
0.00014176868909864982
0.00020029283654853473
0.00013929987272546965
0.0001756513136131399
5.261371356723718e-05
8.732182162674575e-05
2.7274876175652668e-05
0.00013962604287607748
0.0002647549862915495
0.00011868683863844894
0.00021294968336214065
0.00040354321711469907
0.0005141619124252365
0.00019164513498665437
0.00012597979284945728
0.0002688187501625922
0.0002940445365271923
0.00028887640006365574
0.00010293026550164181
0.00025962134184960773
0.00023318276972419987
0.00012723372361654752
0.0002154850590556026
3.100458567216521e-05
0.00022511209634577144
0.00013145539047236
1.7973772213583417e-05
0.0001187976586209589
6.027543153429185e-05
0.00015874918847131805
0.000320091229376869
0.00021948209628524113
7.807133633912104e-05
2.8190959540462233e-05
0.0001810830160652885
0.00014188927208047376
0.00030473733139196657
0.00014792553856780296
9.511606736506073e-05
0.00037536537863035223
0.00013036001988797554
7.465718196863729e-05
0.00011391130229396002
0.00027390925141365576
0.00037223172617325103
0.00063764232794182
6.286744619422657e-05
0.00013412949451356028
9.20758816400821e-05
0.00022444237043723014
9.565321745040448e-05
0.00022755634619228427
0.0001150279655361079
0.0002450210110707629
0.0001622533908852382
4.125026360207504e-05
7.051901485161476e-05
0.00013000300993809135
0.00010376458651549836
0.00012715967490578038
0.0002787373312338293
0.00028683992192686547
9.571738371393411e-05
0.0004176897401889122
0.0001042597425801674
0.00024879849878227926
0.00019732191593088195
6.890601203307539e-05
0.00015818315550972383
9.244533700461016e-05
8.062934148551873e-05
0.00017104873989263428
0.0001265114863586548
8.325073319326636e-05
0.000257050533928186
5.885320590823991e-05
0.00025746490096853003
2.9297668457242325e-05
7.594304555502331e-05
5.534860369393647e-05
3.82781388618775e-05
0.00018171195890641823
0.0002507950498241425
0.00010068776395117624
6.820901927785958e-05
0.00018766827679800237
0.00010504189123449461
4.8813610897327545e-05
8.64645826741667e-05
0.00010033902492057562
0.00012544805173369167
0.00013525167199951598
0.0004016141182154003
0.0002830171633158061
9.656239388039949e-05
0.0001321712691668508
0.00031229961993300254
2.939805245528072e-05
3.058848875862679e-05
0.00021758137532133106
0.0008573857867635574
4.12754795562661e-05
0.0001191989370780836
0.0002792809898501378
7.294226921479932e-05
0.00020254355195825768
0.00025931394987602116
0.0001330589990667842
0.00034548958879902834
0.00017195792544097565
3.8745924845943734e-05
0.0001397451960488758
0.00019428957751284117
0.00031397806133037716
0.0001333220636355703
0.0001410864880593248
9.627531741710521e-05
0.0006193807364030741
0.0004612353279364047
0.0002447644478217623
0.00010643933749143709
0.00013393677669404366
3.341851563960746e-05
0.00023304671592195314
0.00023722282722295996
0.00014294267394299686
0.0002022155688520209
0.0003166693934847723
8.829625054406445e-05
0.00010435932848678018
8.066116523321798e-05
0.0003724986132297478
9.653836236288429e-05
0.00016173332930414063
0.0003008055270325402
0.00015823363952641154
0.000273996139035215
0.00021472306865206846
0.00029475279423832085
0.00026927273444789273
0.0009735609313943309
0.00010542482092897474
0.0001013950558113141
0.00014481636725318091
0.00010061799493237466
0.00011268831222003393
5.8825867898895153e-05
0.00013240467694025459
6.114881124677942e-05
9.510609049865777e-05
0.0003163626306862024
0.00018850584982239185
0.00011903076018099917
0.00011152371965471655
0.00010486672845998857
5.640847435280443e-05
0.00013980230766031288
0.00014706484119999234
0.00022528569712121748
0.0003185266228815329
0.00013247719896168335
0.00013882176895521872
0.00010568189241658183
0.0001899937935440348
0.00022276470444288876
0.000115107830369928
0.00012795033432599917
0.00031379606982983774
9.454705510982618e-05
7.484763574124209e-05
4.803400110623559e-05
0.0002936022073479889
0.00011531285309028667
0.00010137332390934731
0.00022637911610490824
0.0002869740582428127
0.0005060949658592708
6.679963757714984e-05
0.00023245243707198802
0.00032952457831327036
0.0003439473933395107
5.671612084014633e-05
0.0006228626990065956
0.00011785829514142146
0.00015009112161611966
0.0002108186923769396
6.244725577072709e-05
0.0006129184392459499
7.016621760379935e-05
0.0002486527857680218
0.00046950082711569004
9.319273837858984e-05
0.0002664633878869257
0.0001347624389346679
3.108038971020605e-05
0.00019109343925306083
0.00015174887865828857
6.643356098687809e-05
0.0003739726275965187
7.189791501858596e-05
0.00012664073815294376
0.000276859831827322
0.00011099431873320994
5.538021644216542e-05
0.00011776794632211774
5.210190214050749e-05
7.532551978537857e-05
7.835445100487599e-05
0.00031991759605839266
0.00011983483629094365
0.00014431015751854102
7.142313874713802e-05
4.435438997688004e-05
8.598592334385836e-05
5.642322591080173e-05
0.0004594120752540201
0.0001388164263758908
0.00023538466837752403
0.00033218168781045103
0.0001813357726541202
0.0003252258040452347
0.00024315953463031437
0.00016055320025563043
3.992638332599208e-05
0.00037391862920417714
5.172376081975804e-05
0.0001778809852687085
2.938006990555636e-05
0.00012678325526449844
7.992800345222959e-05
7.315437364714918e-05
5.821381545434462e-05
0.00013895063621127606
9.393764464643633e-05
0.00032813718048133354
6.910145454684988e-05
0.00019537618616345806
0.0004572860213889669
0.00029361810843613474
5.5634203704939096e-05
0.00035300068284216775
0.0002866413142170127
0.0003039257427807751
4.1977291269502395e-05
3.627673435339624e-05
0.00011350648796678885
0.00013138295347738422
3.1961965757825525e-05
5.5758640531002455e-05
0.00014100634808072055
0.0003360659833158403
0.0007661908333865922
5.359939571563643e-05
0.00010153350436683613
0.0005076651125995838
5.412394980716757e-05
2.2152439638941982e-05
3.43370676927836e-05
6.326472235824406e-05
0.00022785245599767556
0.00016993586519690765
7.856337927798966e-05
6.977821217996615e-05
0.00017464915101156252
7.768298824152333e-05
7.283367238842713e-05
0.00028284317037187895
0.00010221962495630297
0.00016107588817435248
9.827824223947556e-05
0.0002716108147293629
0.00019863193411055784
6.552911162259494e-05
0.0006067758751561981
2.2092168022422708e-05
3.01707817902714e-05
5.8969640920588694e-05
0.00010535713081657594
6.418396780130351e-05
0.00021815891447990874
4.150830967457757e-05
3.686179231513419e-05
7.64754407235839e-05
5.1557276380972214e-05
0.00012796850099440027
0.00011270515011521876
0.00018966287283034788
0.00048387495142359347
5.921658629384007e-05
8.93078906815981e-05
7.93931491853611e-05
7.306465630174532e-05
4.0740512537976924e-05
0.0001713964712274086
0.00017638897517966532
0.0001414393744143266
0.0002459488181667455
0.0001485533735328348
0.0003307798833641905
0.0001696910695481492
0.00034513105336575516
0.00012026988741959137
3.1949003500543105e-05
0.00045938853259660324
0.0002964741752646344
7.866111421458204e-05
0.0002830086968430116
2.521317564838127e-05
0.00030463646832257777
4.50140230925787e-05
2.4306428326922952e-05
0.000149374323149538
0.00013540857786229803
0.00010573501138825365
5.988767147615308e-05
0.000129457686029066
0.00012560844111457695
9.185044019986153e-05
4.676326750180729e-05
4.5977909867160405e-05
0.00011325871239264309
0.0002441787422167273
0.00014915934723273394
4.690774801872434e-05
3.838025082242146e-05
7.432463840150937e-05
0.00014093850727718544
0.00046693379409665296
0.00011664267711752043
1.754390764683622e-05
0.00024547977240074216
0.00017596653781136852
0.0002709763171906795
0.00038659349224637714
0.000341945972453676
0.00039755456781361416
0.00014981285870961688
0.0001700140169493227
0.0005719624638371406
3.5519031500321574e-05
6.428763457556485e-05
9.713267041944135e-05
0.0002680299019463366
5.789317344788045e-05
0.00010553455001254917
0.00018833017673383024
3.644794104876707e-05
0.0001489852037612246
6.320939444978074e-05
9.801029882143444e-05
0.0001645730563317194
0.00016537858808491392
0.00011616298954436529
9.634061476316319e-05
0.00020871371161258084
0.00013000678530128198
2.8687700595750987e-05
0.00018604000414754564
0.00017337252727508636
4.046717484486369e-05
3.564924578822335e-05
0.00016585488020628346
0.0006217506627663635
2.9730800797943027e-05
0.00039511715602667753
5.716014265888727e-05
0.0003247869904241165
0.0004007284103612152
0.0004451280557657242
0.00034373247954938145
0.00013840375516932602
2.2545849619946112e-05
0.00017577435169019768
4.28294653737307e-05
8.91879611169542e-05
9.87936406631227e-05
0.00016602546199540977
0.00042462701745058336
0.00015961579458801796
7.981721003825587e-05
0.00018001188940616145
0.00044829131921421335
0.0006623415421432137
9.368173953859502e-05
0.0001496810504580692
4.493564831400817e-05
0.000705995605291972
7.597396079185077e-05
0.0001410358819886389
0.00012288797186469014
6.373659819646045e-05
6.89922440933032e-05
2.0622839303050233e-05
5.677761427529203e-05
0.00022692854299039374
0.00010597798179924912
9.501025137180758e-05
0.00017066398463898261
0.00014638256408054646
0.000207604509716396
8.718096456386493e-05
8.697694775285249e-05
9.434983959005572e-05
6.083251459995252e-05
0.00016434268572445185
0.00017148109462924045
0.0004667372720923084
0.00012097771606118378
4.59886121927795e-05
8.31807178626135e-05
7.160541915509593e-05
0.00019881761784860063
0.00018306451522348669
0.0005042772990568438
3.5157288790121485e-05
0.00015546007972634638
8.250028829856093e-05
0.00025740397961205864
0.00017506220142176363
9.197444108654169e-05
0.0003482280342679481
6.288926111391624e-05
8.182953337776816e-05
3.468684155299364e-05
0.000136063999135315
0.0004561658113291639
0.00028805618011027323
0.0002404688306272862
2.23210340303175e-05
7.243686256576741e-05
0.0004143876946001368
0.00016377726925902717
8.775382565264696e-05
4.987274764479217e-05
6.287115333443281e-05
0.00015470717787438392
0.0002301530533368726
8.172038561006536e-05
0.00017554062944019253
0.00015002801600739126
9.243589662481559e-05
0.0002030409032173114
0.00020123653629380047
0.00022871223754450243
4.730992379566834e-05
9.905378126826916e-05
0.00023173556260565334
0.00010597646887510987
3.0513798538251457e-05
3.709078395704252e-05
6.931948292789145e-05
0.0001106676310792878
5.505692152783475e-05
0.0003927723278993281
0.00010426015805591869
0.00019528788791646346
0.00019447297104277717
0.0002828286887061427
8.978943603916851e-05
0.00018552145804410472
0.0005214210458253513
5.06908369578074e-05
0.0001357229364622845
6.048005011582598e-05
0.0003009846968928584
5.485765573482599e-05
0.00020581226999333958
3.2742594685438316e-05
4.900368393099706e-05
0.00028732012602288796
0.00033443184681676444
4.062146419275943e-05
8.846262166629075e-05
7.758289380292527e-05
9.824190743568037e-05
0.0001993935037158896
0.00017722603060792258
0.0003744663555088934
0.00018480867449918086
0.0003078578908092923
4.857786360041853e-05
0.0002652726932296929
0.00022167132678548192
7.791288640130471e-05
0.00017625758427203167
0.00011960533754868957
0.0001678982473131282
0.00018389721002806593
0.00011175090053795556
4.434676422623805e-05
0.0001356165542267853
9.421898029616603e-05
0.0003453636855369782
0.00020874602785368743
3.973428400354531e-05
0.00024142970191305874
0.0001104242888371149
6.933949821952113e-05
0.00014304426350196357
7.997631530068811e-05
0.00042128954334832384
7.20697190133855e-05
4.6950720756790944e-05
8.287007872238001e-05
0.0003017730209417823
7.412665554742452e-05
0.0003207927220333537
2.7774529565071396e-05
6.373054839241191e-05
0.00026448829614517767
8.915397503460415e-05
0.00015077790367466477
7.215671553669613e-05
9.394939652245374e-05
9.292882813975386e-05
3.4357609930520176e-05
9.125785011470275e-05
0.0001540634437097608
8.056914886936721e-05
9.307863185869226e-05
0.0005027210167942232
0.00011283678120192906
0.00022051660249303346
7.392061702213367e-05
0.0003177451659923075
0.00021024915155932677
0.00017148410418943905
5.548710016555662e-05
9.462919765731489e-05
2.4952477549067318e-05
7.540678637272807e-05
0.0002875116428135624
3.4391642137692334e-05
0.0002694062353903202
9.367646894055624e-05
0.00014489885193993352
0.00010486065281606806
6.119759774416394e-05
3.196698416787932e-05
0.00012241397646097708
0.00016833892080209568
0.00021687657770953712
0.0002794418425104399
0.00011124885878408516
6.609036001819986e-05
7.560438553499976e-05
0.00012780613777179904
0.0001690050213700269
0.0001846393769962883
0.0002411899587805491
0.00011406407361009642
7.55328378046477e-05
3.882586699371629e-05
0.00033343660105840796
0.00012504098773652488
9.419493792977237e-05
0.0003191496300925283
9.939865658473496e-05
7.976538245557099e-05
0.00012188310262034122
0.0007029661810971872
0.00011027482111783838
0.00013876177376759285
0.0002850834634269017
0.00016173104491029838
4.0230844590027615e-05
7.539314876694538e-05
0.0001593382173090841
0.00019108324890650263
0.00012762886451819463
0.00019028112982613293
2.2760830039503238e-05
9.403949307890389e-05
0.00021415247600069256
0.00012327272776676282
5.782961503957461e-05
0.0001979609316973843
0.00014973111694447025
0.00018406033874591917
0.00020344286052827195
3.1275139631856073e-05
8.177361861415229e-05
0.00010342167733884007
0.00010202924043521611
7.480472352374032e-05
4.7760043177903205e-05
0.00047290049203476564
0.00010747717860702129
0.00012515440879276392
0.00011492751812102045
0.00029231368973988586
0.0001100082609006396
2.831168132345158e-05
9.879192038875055e-05
0.0003610207482639869
0.0001579173375072881
6.648831922543224e-05
5.582669149906679e-05
4.355028725200441e-05
8.091885874956573e-05
4.756855640521712e-05
0.00019864714050643785
0.0002511517182393256
7.192665897075538e-05
0.00011476496941929897
0.00014411896786483422
0.00021161122719098738
0.00024772855147844045
5.826083506555663e-05
0.00027403603766236364
0.0002820477189994793
0.0001855466357347594
0.00013157561247264447
0.00011644948290458655
5.494850590654313e-05
0.00016718154483668312
0.00014578717164545531
3.706425501810966e-05
0.0002172840607210328
0.00012919744021388857
6.95353240236093e-05
7.683753777165136e-05
0.00011274792796727045
3.546170235406759e-05
0.00016538178443265184
6.557960498715829e-05
7.053660392125424e-05
3.719226612507744e-05
4.198623031482018e-05
3.460636896175569e-05
7.868507833015926e-05
8.652380273219536e-05
1.7586718651599273e-05
0.00010350316551275201
0.00022506580526832022
5.7361271768076686e-05
0.00034398740372338743
7.10506144738343e-05
6.963483126393702e-05
0.0002806558280888381
0.00038924346498901393
0.00010536984940676145
4.428685993356036e-05
6.007555845370301e-05
0.00015990017444061618
3.8470878309920795e-05
0.00012944690952888823
0.00012830153106266147
0.0002407328298077414
6.402750465235925e-05
3.497658390315473e-05
0.00048793292103780506
0.00016382804820478563
0.00029647236636791256
8.733262576550755e-05
1.3366280666877193e-05
0.0001797779467561928
6.304550457748178e-05
0.00023837417425466584
0.00014002070592726703
6.328123706017088e-05
0.00016231558113113587
0.0001260970093071827
9.510511305247681e-05
0.0002124142824141565
0.0001604745477882746
0.0002484435463300679
4.985663457598296e-05
5.090341015557712e-05
0.00013537146827600582
0.00018039921458023648
0.00013608903034012328
9.994298591920881e-05
6.604154282022564e-05
5.711883606410012e-05
0.00011981568636442487
6.266670193108541e-05
5.5827080656135714e-05
0.00011604330608850021
7.376345575429158e-05
0.00011043827594820018
0.0006133995503688171
0.0008263114667412003
0.00016476577472967441
0.0001428194450511113
5.3879467143672334e-05
0.00010854397687805434
8.105282176181693e-05
7.922455799154499e-05
9.197326313974046e-05
0.00011073838368754046
1.7983941488659302e-05
5.171963038093829e-05
0.0002323667967361299
9.206411689636008e-05
4.273202815817664e-05
8.032313304825463e-05
0.00043912001498378243
6.426051427172237e-05
0.00012944479692446112
0.00019758719017039835
7.577575673586475e-05
5.073951961747079e-05
6.239590417991155e-05
4.448906237084097e-05
5.504691733669541e-05
7.052068423363478e-05
0.00028828406150925134
8.752287656139448e-05
0.00010210645948261286
0.00010630909727120083
8.48554375152655e-05
0.00010640357561800418
0.00020161801940435104
0.0001295357566443262
5.7657482923637366e-05
6.0810833960260043e-05
4.1538375713571116e-05
0.00016290955703491882
0.00014216187839220204
3.363645714895958e-05
5.1320809385412706e-05
0.00018642167378333683
8.06348322619175e-05
5.188767781087801e-05
6.618721813674664e-05
0.00010401736579289622
0.00010400102552730069
7.650853506993028e-05
4.8225412991785125e-05
4.7042655111747904e-05
8.798774532159083e-05
0.0001662412216063803
9.004991365737394e-05
0.0001020039200443421
3.5372404910615534e-05
9.27202598515846e-05
0.00010942479329740304
0.00021762793524242644
0.0001633913322584806
8.818799065185463e-05
6.628594828043298e-05
0.000768827095577391
0.00010133429078917979
0.0001955292883713024
6.552275214301908e-05
0.00018297520468893671
4.143341757107246e-05
0.0001752629077218664
0.00011381125244767519
6.319527552821538e-05
0.00010760269129851624
4.420048360860202e-05
5.342297569610484e-05
0.00010235282126431328
3.778897993298144e-05
6.661358751796678e-05
0.00013121544303403045
0.00010981366558946282
0.00022861861327215502
8.367407520078394e-05
4.48920264384745e-05
6.298280753225911e-05
0.0002920145264797902
3.5617923070160545e-05
0.00017734022160059766
0.00019464365910339815
9.87093517544002e-05
0.0001111775858806186
7.824133152280477e-05
5.151379240707999e-05
8.326513961702376e-05
5.27760189977741e-05
0.00017908212299608478
4.3929073197381776e-05
0.00010558069674042344
0.00011937935446133252
0.0004246512327227424
0.0002401400111600908
4.6117475969646576e-05
4.770287737766068e-05
0.00019935995098853163
3.761422396425918e-05
0.00021504984577596048
4.817255108334179e-05
5.904788762144157e-05
0.00016733828803346598
9.164613783595396e-05
0.00013220062555609243
2.23943051350679e-05
3.329936752241189e-05
0.00031795588951927256
0.0002095566657333477
0.00010196960574050971
2.8425772719127792e-05
3.210600083972663e-05
5.4415517195129754e-05
6.402483735785482e-05
0.00016388582234385518
6.18977681996982e-05
0.00015443219746677438
2.971642356861841e-05
0.00011114692945547199
9.092853174924274e-05
8.100218408600189e-05
0.00030999695599140425
0.00036953760257256993
5.6859318377741114e-05
7.461018895518226e-05
0.00012069644782713941
0.00013375774358915165
0.00016170559724337246
0.0002603286008390577
0.00010500671541258597
5.20498824977619e-05
0.0001651535220574416
0.00017335929864216443
0.0001343119546253526
4.2783727556735046e-05
0.00022614945079488382
0.00010975042451244802
0.0002859737465648088
0.00018467942514176333
0.00012836396619279446
3.652396364301674e-05
5.7163324829129904e-05
2.812422105829398e-05
0.00046924373347768586
3.746418973694705e-05
5.2674535755110466e-05
6.152877769316194e-05
0.0002189246966994561
0.0001252801183217906
0.00019644447770953295
4.4340720329888245e-05
2.805500871220437e-05
1.659578433266716e-05
5.355221695896377e-05
0.00020419244641717077
6.665419753824958e-05
0.0003474453919665275
9.777973409522825e-05
0.00034727384265111576
0.0002389721264254106
5.962505334392409e-05
0.000283682122930791
2.09776499300171e-05
0.00010968527354429472
0.00035386844933346363
8.841724275076982e-05
0.0004119063541204934
0.00016497795412842806
4.374016975519731e-05
0.0005121474796367704
4.768414818551351e-05
0.00014948317944686267
0.0002404906566463984
2.274847234686072e-05
0.00012382123520947823
0.00029504419806484627
5.853052557079793e-05
0.00013060642849964057
3.237680122442261e-05
2.76337016698037e-05
3.888166881673661e-05
3.458243314449807e-05
0.0003455992331128035
0.00014766187901991165
0.00014163798135754185
0.0005853193459845688
9.602186233933848e-05
3.27923035273636e-05
0.0002148773441053803
6.783706813173358e-05
0.00010195755631618978
4.7907059742099404e-05
6.613781387640061e-05
8.432582323113462e-05
0.00011251702728209085
8.354351616948604e-05
8.061335503645025e-05
0.00012076349290905912
5.919478577726374e-05
4.333581963193217e-05
9.665219530727649e-05
0.00014429112476760592
2.3553893384349767e-05
0.0003508004396576696
0.00019676795958611525
0.00019480664290502818
7.233397542303695e-05
6.828717955585176e-05
4.597510541722773e-05
0.0002231728970066635
0.00012225062948479395
0.00020271458569864792
0.00032971007874121584
0.00012870699427861416
0.00021249268548708335
0.00019822109201338497
5.67303083179132e-05
0.0007625063704802289
4.39049160986396e-05
9.796640964802072e-05
6.053259938305677e-05
3.2282425057752566e-05
4.119449690349946e-05
0.00018453982158386198
3.221544527539379e-05
8.218919777222507e-05
9.383021652110853e-05
0.00012785604452203336
6.466138059688666e-05
8.909988004940742e-05
6.59349338975449e-05
3.089472568541432e-05
4.101632449866916e-05
5.841768425682045e-05
9.296941210291051e-05
3.6983865762578986e-05
5.697740472575401e-05
4.7034215779914435e-05
1.8812093423909344e-05
9.57616897643021e-05
9.855558821485895e-05
0.00033894574115121847
0.0004730850776951183
6.443825439975946e-05
9.910173186739355e-05
9.918558486259269e-05
6.400730369681505e-05
0.00029422185615346545
4.983053390106742e-05
2.8614164324498765e-05
4.8571664431309356e-05
0.00033794885989101915
6.444472875568107e-05
0.00013911812994877928
9.174936540570238e-05
0.0001007627170104789
0.00025736435253267845
0.0001390636398518907
0.00013030706597456557
3.18826959804947e-05
0.00029472570028534373
0.00011872969404987189
0.00016025323300446225
3.861256285683784e-05
8.718194174656356e-05
0.00025723287818244254
8.402837383323488e-05
0.0002971497263180454
6.13389095182772e-05
0.00017360016063539438
0.00014544170584239707
2.4525251117688868e-05
0.0002485014934617201
0.0003781755614785887
3.6948599610496575e-05
0.0001635927486361335
8.962949288951618e-05
5.318239033517994e-05
0.0001185358811427272
4.4006982401083915e-05
6.618251314109885e-05
3.880389356429813e-05
0.0002471353966919483
0.00010020863598739159
0.00028143736501609883
3.134321063725138e-05
0.00015098342673553971
0.000245566001463952
4.5569860278397866e-05
0.0001655494845497818
2.368769420046734e-05
9.461420672909618e-05
0.00046482581312836833
0.00016321268932690118
0.000319922577630882
0.000125696350402995
3.979278771470914e-05
9.455518346926958e-05
9.72113617054673e-05
0.00024465765631111154
0.0003011763467992564
0.00010124288835938484
0.00011821001242655919
4.4569315139384646e-05
0.00014034177869170253
8.27377717512342e-05
0.00047358273770558765
6.637377948946262e-05
0.00013601316357810634
0.0001325300347301243
0.0005773090426623046
4.057854761374655e-05
0.00010563559630741266
7.27018476212988e-05
0.00016352487766015998
0.00012900080375265085
5.672630164647426e-05
0.00039405862620353176
0.00011601808476321526
4.0639960216906186e-05
5.3285540067235726e-05
0.00015962466855943004
5.4362584510270025e-05
0.00010429438380725039
5.04459119411161e-05
4.3145021919589686e-05
5.3316372092590554e-05
4.927356036117358e-05
0.00017487187076787978
3.0433984344875715e-05
3.443694749365016e-05
4.226837686769689e-05
2.0702364034455608e-05
0.00019716823810393228
4.972190996524877e-05
7.654632813461546e-05
8.696724110830491e-05
0.00018103046909574575
0.0001571096734693464
6.762074322689349e-05
4.1309443425418495e-05
2.0409560327856515e-05
0.00015242368205431795
7.142091851758497e-05
0.00012681854066172302
4.2923647581167085e-05
9.77966969202899e-05
0.000163386536866902
5.3247229593927604e-05
0.0002346968500731757
0.0002172338394023542
4.870244792439223e-05
6.725889991309882e-05
0.00011832393531543383
7.021639909188247e-05
0.00017790564827325773
4.471441331655915e-05
8.230225299618833e-05
3.9240473208385905e-05
7.063813890036012e-05
4.4223291243681285e-05
6.0880753686228634e-05
7.694980308034758e-05
3.3670991627391584e-05
9.892651463040647e-05
0.00019201559133011356
2.1109362721279984e-05
0.00047743186821300307
3.105883236786428e-05
0.00010128484146920661
4.093583363494759e-05
0.00010012103330031163
3.66874500647438e-05
7.921118762543847e-05
2.832862539103437e-05
0.00015078297651508098
2.8463717939373182e-05
2.946017682976142e-05
0.00037209087922547655
5.882673101579083e-05
0.00010572759497060014
6.575019096604343e-05
0.00010582385624266215
0.000115524944577952
2.7331504726753115e-05
4.932875890161409e-05
2.332312707444804e-05
4.896717489004561e-05
0.0001287971731928458
4.2426383697545155e-05
9.094190486687875e-05
0.00022282871990889658
9.881087301858905e-05
2.1543992564341563e-05
0.00015044850545205588
0.00012772269596423138
7.654763574694262e-05
2.2194752490193635e-05
4.161166043294864e-05
0.00023866796882003708
4.653145600970463e-05
0.00020377498684114736
0.00010103271824363505
2.7029300537932534e-05
4.554350748071474e-05
7.963303295069644e-05
6.384890616034168e-05
7.388723365809348e-05
3.694467774992497e-05
0.0010623569163933538
5.899497769064686e-05
0.00015647165254544383
0.00010724676020232254
6.464527141815111e-05
0.00010071495488540119
0.00010376568955855729
0.00021393918955490718
6.3427211620915e-05
7.220634683341085e-05
5.0168539687317315e-05
0.00013778572527546585
6.181772737585977e-05
3.174079262236679e-05
0.00024240134435475193
2.5689845392816353e-05
0.00014101907135122748
0.00020062596362779657
4.464814082227758e-05
0.0001345154120448707
7.903785792559897e-05
0.0002814128358118929
0.00017398359586776467
0.0001552284739926387
0.0003147011975153738
9.384219865414547e-05
3.157726035234431e-05
4.015088058276948e-05
8.602275240491505e-05
0.00022222617438725126
3.627737350096336e-05
4.338253319119175e-05
0.00018234564080415742
9.915590163677431e-05
7.22336048785896e-05
0.00013129880883976886
0.00011635951832517312
0.0001096831132523539
2.1311072568921693e-05
2.2407337807129573e-05
0.0001881383756760945
7.118051571353495e-05
0.0001080540612908251
0.00010839752103357246
0.00032154705184494944
2.0067456171752525e-05
7.83230901573949e-05
0.00023808365197076036
0.00020494705567672712
0.00010923583139470954
0.0003607038760960505
4.895364602746926e-05
5.371781708779382e-05
0.00010036266163864318
0.0001777673530923577
2.649009896686747e-05
2.4673076974219393e-05
0.00017451601701987677
4.043274627060798e-05
0.00010289048439156013
1.712423376825613e-05
0.00015910893711085588
4.0959807909714e-05
4.7619696509309774e-05
8.199327392753796e-05
8.005650296723776e-05
0.00035226383180557083
0.00013229052338671794
0.00010076146248495573
8.554516521729341e-05
0.00015199903147820998
3.761795903374859e-05
5.799675180954549e-05
8.903189313621717e-05
0.000104290633244164
8.842574614120424e-05
5.8247524202744634e-05
0.00038712149591515723
4.8957238123241054e-05
0.00012144869534620369
7.548742340121234e-05
5.609229409478862e-05
2.0134635219761476e-05
0.00013127010081017212
5.2018119752497715e-05
0.00011403758623272692
3.2237252107224856e-05
4.786935448620714e-05
4.951595227485252e-05
0.000222855576501343
0.00012802368579979104
4.167085066674744e-05
7.920268337414127e-05
7.281812208530409e-05
8.79993184176046e-05
0.00015896086257413425
2.2928425933559518e-05
0.00034879867129525077
0.0003359006693020954
7.552116265131585e-05
7.15833052725908e-05
4.169580193480767e-05
3.770438680382138e-05
0.0001440700507231623
3.868716816293093e-05
1.950143373998854e-05
0.0001422050897536874
3.997692796095492e-05
5.94922812303142e-05
7.331253296353422e-05
0.0001051897783175015
0.00014112324597207712
0.0002602937877669904
9.169665523771761e-05
5.835933131352534e-05
0.000240563690465561
0.00016580251668173857
5.282584943751055e-05
0.00010663795484821538
0.0004769214572557963
0.0001143720240636667
0.00030409670649434367
0.00016369167053366948
0.00011969265877591218
0.00022248210203992707
9.539889902378292e-05
0.0003698725072942489
4.82953089334854e-05
5.774805758026806e-05
0.00010271174929269118
3.9497329091546e-05
2.2678500662526854e-05
0.0001395374403590836
3.250452288559615e-05
0.00039784339073226023
0.0001800697185676393
0.00010725617063781714
4.726078323513545e-05
0.00019679473072532077
0.00030256385541736514
0.0001174277183768565
3.420307315915233e-05
3.924240420867165e-05
0.00012107571273205055
5.5044260856878074e-05
0.00031552589378867663
7.017935971870246e-05
3.655391606093595e-05
5.9607516032822186e-05
0.0001727042903359053
4.6729074200554615e-05
6.78383522391929e-05
0.00011464895336267699
7.693224493566974e-05
0.00031906180568576337
7.564200273947471e-05
6.602127643408799e-05
9.402318881812271e-05
0.00015622322219450882
6.774445193573324e-05
8.113504550218331e-05
3.5923811621792914e-05
0.00011112163109966096
0.00017789404996883314
9.338951839000067e-05
0.00019953909506641754
3.720027392025336e-05
0.0002084898352801515
3.356362726901451e-05
4.056290328039774e-05
0.00012184544603229436
0.00013168510089371752
5.30528920531734e-05
0.00010459204550875664
3.478640422260194e-05
0.00014799164924108343
0.00018996926281290304
0.000260753789764173
8.678171697152244e-05
3.889843605021814e-05
8.135908644664e-05
4.875230337308018e-05
2.6867756271612546e-05
2.265305270376807e-05
0.000194289431262771
8.48980861374414e-05
2.652036467429842e-05
0.00010560519540265012
6.45658409666047e-05
6.37595717467295e-05
6.619307308745439e-05
3.782735269851291e-05
7.247979860010682e-05
0.00011396249498582267
4.4252690460879954e-05
6.106232435684239e-05
6.773190370659388e-05
8.960698853992672e-05
0.00013099038593483898
0.00010576031543605483
7.056545104042415e-05
7.04747351792771e-05
0.00011006887771669474
0.00012714593569844977
5.54795024045386e-05
3.2691603476893256e-05
0.00013308648115472962
0.00017304225623579936
4.995162139417522e-05
9.556260381072458e-05
4.620887003125275e-05
0.00011696974403166577
4.393772454629772e-05
0.00018755998382558083
9.810596635169893e-05
2.951188410919978e-05
0.00013229608410673358
6.82529677736082e-05
3.651907457720395e-05
5.529882411254204e-05
0.0001475285826959956
4.1119902692977866e-05
0.00016782011376965898
0.00011083733837827311
5.1480130444500045e-05
0.0001328828707063093
4.7693001916746986e-05
0.00023005714212047133
4.3381907182390146e-05
2.8443995423687314e-05
7.755569893760026e-05
6.656890119729309e-05
3.36404750451151e-05
0.00014948334585631275
0.00020546322103600102
3.128513824911395e-05
3.747365612054207e-05
4.168437292939422e-05
0.00014914364628880526
0.0004333792785407089
6.928600954478062e-05
9.166743824400908e-05
0.00015334138090520222
5.65479599895663e-05
0.00011149671804168521
0.00010635144440115372
5.305008688239668e-05
2.168224170594838e-05
6.226379995013463e-05
6.02640321781486e-05
8.525123403723603e-05
3.4781260222252896e-05
3.315290977971879e-05
1.5525025765172732e-05
2.8753373848441432e-05
7.047140874283169e-05
0.00013433045579479944
3.127469315342684e-05
1.925463364946062e-05
7.821033962837096e-05
0.00018344234528222542
0.00013371233405584426
0.00018838670734681355
2.7291450369214673e-05
7.425939325577984e-05
0.00021051973158430653
5.77914225930886e-05
3.56350547825265e-05
9.721380303608021e-05
0.0001965781756839409
3.642610828153297e-05
0.00023367493164394546
7.072155384423462e-05
6.371899126830326e-05
6.251526044477448e-05
0.00011438176434024568
3.960063085268182e-05
5.591986589758109e-05
0.00012232548159284585
0.00011134918967269932
0.00026022124881595594
5.696439488655465e-05
9.360269776974281e-05
0.00012742048454646244
7.587517968317338e-05
3.9044253333488824e-05
4.51101640261306e-05
7.216920938625233e-05
4.2942154615579444e-05
7.388738085064503e-05
6.15536618336304e-05
6.265830005793303e-05
0.00011955695322376341
0.00014883108824563623
6.800567930124947e-05
3.8849865503808664e-05
4.308519762280675e-05
8.31352169268267e-05
7.85429751965244e-05
3.042901416706057e-05
8.336405694702981e-05
7.989516253139338e-05
7.558286850302226e-05
3.4492333523651996e-05
5.460278378441134e-05
4.029477853982123e-05
0.0002119155338560856
0.00016302067225061926
5.4989988729312885e-05
2.4921531974497172e-05
9.030389837401084e-05
3.079409347103559e-05
0.0001398433053836017
4.239142987072775e-05
7.538191613285476e-05
0.0001264832179113966
9.170200092304964e-05
6.280287000696678e-05
8.428657698992249e-05
0.00017796882232317616
1.9044185988148855e-05
9.697550418548393e-05
2.4195366987091182e-05
3.477891292144721e-05
0.0001949429481376534
9.83162683203242e-05
4.385508125841715e-05
8.447321785799826e-05
0.00019166620491768214
4.1321344376962886e-05
4.6445372153218405e-05
0.00011846424065984257
0.00017948695903430715
0.00010139285323465492
0.0002155957266362085
0.00013924757193057468
5.035146797760389e-05
3.981394570136615e-05
5.179296853479246e-05
9.865552371134595e-05
0.00014382978788757503
8.284919338385292e-05
8.857209104305289e-05
7.111828106939376e-05
0.00019160719652789798
7.511966356959231e-05
5.897813481637783e-05
0.0001365800582166054
6.680641177294418e-05
3.712398835606483e-05
4.396030587306748e-05
0.00016530842354281445
5.074600825669505e-05
5.204925933061715e-05
3.8987590897690375e-05
0.0001378784842949597
0.00012388301208231614
0.00013547768451882054
0.0002799610041611139
3.165865146578213e-05
0.00016808934364626936
9.696528825279962e-05
4.9102846038136045e-05
0.00010974911043532235
4.290772362147468e-05
3.718061604891624e-05
4.1040845430126866e-05
4.3815785579520895e-05
8.240407611239135e-05
4.015568725805483e-05
3.7949492404418664e-05
5.5494322663546734e-05
9.744540044905678e-05
0.00010511524176605768
6.807267416710236e-05
0.0001733893522185247
6.172834280417859e-05
6.300605932646383e-05
0.0002625371828056142
2.6137288019347457e-05
3.0679567435080445e-05
5.532792850912669e-05
7.471594654037821e-05
8.563805262911158e-05
0.00012062327879349445
8.841749711413842e-05
9.722231868371336e-05
6.002433081287112e-05
0.00013587735446633973
0.00013377149052744
7.030382942332848e-05
3.528620164382694e-05
5.190647745795454e-05
4.5092345143107495e-05
0.00013463131541570334
0.0002002788141789493
0.00022857557794316233
0.00019184026973102772
6.355632662318458e-05
3.160432274931199e-05
0.00020220719536212888
0.00016014007529602736
8.050624144405757e-05
0.00014263400366048708
0.0001471179743095757
0.00019063249661133136
4.0714244436590343e-05
3.182748063339206e-05
4.189877076697513e-05
0.00015335617750753273
5.56467163574158e-05
2.2331090828892564e-05
0.0002626300959786628
0.00015761374218004802
3.1656396149608454e-05
4.3614511593448234e-05
0.00010884334205442339
7.252376537824693e-05
3.443589529552312e-05
3.6547746143826847e-05
0.00021841142096412465
0.00011470927532085303
6.288848972997989e-05
0.00042652343507509194
0.00015375639087194585
0.0001754867133255982
0.0001068110807901224
1.9674434081712464e-05
2.722352505311864e-05
7.0498379932331e-05
0.0002569240824354171
0.00010649264559100917
6.249135413330377e-05
0.0001869376230902986
0.00013254757420468326
6.410043112203159e-05
9.105954975046332e-05
0.00021593192950703885
4.206773957432243e-05
0.00011542716360683757
3.147711428701474e-05
0.00012328103351075
4.3906903638143516e-05
8.907512795997936e-05
0.0002637291143637597
3.786360636536736e-05
0.00010480473361528893
9.416535720681455e-05
6.551788523764846e-05
5.226805005322793e-05
0.00010751117080084253
9.973120513400353e-05
0.00013825277059197326
0.00015612350195521102
0.00012057355110049485
4.648570631417189e-05
8.585460147095767e-05
0.00014992844312040042
0.0001134711109244123
0.00010650820498861375
2.593360984557087e-05
4.647348052289269e-05
6.511699344487742e-05
0.00015126166623144065
8.090148292940521e-05
0.00011724294499943661
0.00017751911942246018
3.515981336792815e-05
9.644620153328605e-05
8.820245574761867e-05
6.345558332957375e-05
4.387722818415809e-05
5.8231133807439066e-05
3.931556673385479e-05
5.638229507818146e-05
7.522578554495576e-05
7.726724394634441e-05
8.504063154785556e-05
5.695493650584744e-05
5.639013614255532e-05
5.670862059683506e-05
4.091470673121559e-05
0.00015460001426814034
6.625210785686129e-05
3.0047498611901305e-05
0.00012002246298966651
8.270240677334761e-05
5.4860137086829335e-05
5.9852160157486633e-05
7.23908212810226e-05
7.983900470079556e-05
0.00017634123962509515
0.00016577731628890393
3.126505511168062e-05
5.7464655978157296e-05
6.0892004263002954e-05
8.780072116821361e-05
0.0001715563918340419
7.318951638796355e-05
6.154065097288464e-05
0.00014434511196854274
0.000148293095749691
2.664043099006941e-05
5.403136408091527e-05
8.418482438158755e-05
0.00017182276138174874
7.078831653801538e-05
4.7899425876519505e-05
2.7490673885354534e-05
2.1168804870196968e-05
0.00011887257952014686
0.00020843300135173372
6.505780744751972e-05
8.012742383506015e-05
0.00016838941092939
0.00010845313381354315
8.668480149262406e-05
8.667471100519986e-05
2.7637591243218494e-05
0.00018764226291634269
2.9371438302554455e-05
8.916714051378113e-05
3.0377797629322563e-05
3.0266223732701227e-05
3.769783274599907e-05
6.312012714797554e-05
5.380427030652687e-05
0.00035152533390342606
3.009202679414783e-05
0.0001313573543604014
5.741219002275625e-05
3.735109403041917e-05
0.00018538682996280172
0.00019647895669202176
0.00013139119724373338
5.329036932124598e-05
3.369974892729166e-05
4.2838967027860944e-05
3.3414634828620325e-05
7.057650459482167e-05
9.024253105665951e-05
5.1244158849974196e-05
3.120640300971714e-05
3.142562862070723e-05
0.00018330397025882923
5.518078906957704e-05
7.016147866077659e-05
0.0002086207880374008
9.230762428271234e-05
8.543729922636175e-05
0.00010332710663586547
0.00018321851588075954
0.00012306265525479008
8.820154921933767e-05
0.00010941357830244664
0.0001437734314544305
2.2019750379252323e-05
7.169258254645e-05
3.28845217507356e-05
5.696633733626402e-05
7.369642750692107e-05
4.2080679894629397e-05
6.056304365718788e-05
2.89996754075739e-05
2.836237020212501e-05
3.27118566913887e-05
6.247025390713637e-05
8.582819153367886e-05
0.00019814530917272965
3.638786754191841e-05
7.514495554797761e-05
4.861559823290439e-05
9.300222757543545e-05
4.928233557349205e-05
4.111016877352635e-05
0.00023671402984181208
0.0001488106919905061
0.00019777716659093704
4.575135424916815e-05
3.9483176340141905e-05
9.09166515516712e-05
0.0002489406724414038
1.4403682725039659e-05
6.997358616397696e-05
8.30700588399894e-05
0.00018847414372023124
3.649883872500077e-05
7.857457453919194e-05
7.185885960853715e-05
0.00010644703649109097
7.388504217520124e-05
3.7360633188905335e-05
0.0001666582647865859
5.661429874326183e-05
7.122656396385763e-05
0.00012090300708155515
0.00011994635494763501
7.600228397187891e-05
0.0001901562730796069
4.3865394337092e-05
9.112293393416146e-05
4.6486541925159175e-05
3.236977372506348e-05
9.911215175820023e-05
3.729238195394375e-05
0.0001415671850395206
5.884352059052165e-05
0.00021496159165942488
9.587124388575216e-05
6.756717505535605e-05
0.00011298694691570454
0.00027748507660848535
4.017403182510792e-05
8.37258057912624e-05
0.00012218218477469728
0.00034135779049659996
3.9801876988984485e-05
8.87751612991341e-05
3.5894954819588526e-05
9.229539714522813e-05
0.0001304166281321201
4.7525126496737316e-05
6.34907764565996e-05
6.730691363874723e-05
0.00011037623858232148
9.333080110672018e-05
4.8118350921733745e-05
3.994475222575569e-05
4.354986531033257e-05
0.0002469364353585602
0.0001391694670370294
4.506149723697896e-05
0.00012170754878898755
6.582942649404579e-05
3.772497199290223e-05
0.00012298485692305674
4.783083454877386e-05
8.969117674859118e-05
1.8906071434156047e-05
5.131198394875939e-05
3.62732225338283e-05
6.263241709004298e-05
8.881883942203457e-05
5.3626251621894833e-05
0.00026951868178562384
4.319088107735038e-05
3.855868086393673e-05
0.00019270027969098838
3.245267000216086e-05
9.828188825628575e-05
8.353698494255074e-05
5.225862373666156e-05
4.322759871506498e-05
0.00020063111423951235
4.5446266609957844e-05
0.0001404552590249951
5.367678903892549e-05
3.8960498193324545e-05
7.075826280603186e-05
0.00019165025642685438
9.41531960594514e-05
0.00016595202766286812
7.277566009619073e-05
4.499119498245747e-05
2.2603269022194096e-05
4.078612286323173e-05
4.155435546665923e-05
5.41736422775787e-05
9.751943650857505e-05
2.9281358154143915e-05
0.0007092419223319256
0.00013625038203295435
0.00012412203451294025
4.3844871734752745e-05
0.0001587423434237041
5.823028416089619e-05
2.2798355370713655e-05
3.741710649356907e-05
0.0001195736899856668
4.3464104485139036e-05
3.0945641283087006e-05
4.393785881810303e-05
3.554771028994445e-05
3.19213438741776e-05
7.896204699322277e-05
2.57723785984122e-05
8.77509779140438e-05
3.9988291880226705e-05
2.5120233865520977e-05
0.0003356171245115449
0.00017022709267507913
9.834442796760486e-05
7.982316715668663e-05
3.5926053468979496e-05
3.07887965063193e-05
6.867748545074988e-05
0.00017098185085781862
4.273378363444566e-05
2.7120607617753998e-05
0.00010659335195077576
2.6080429437932772e-05
9.661731485050671e-05
8.549409956855536e-05
2.4014949908259352e-05
0.00011790803498760996
5.7345921946537485e-05
4.1033899844127994e-05
3.9028264027414786e-05
0.00013169318664608528
2.8363207543089186e-05
2.2300235118561475e-05
1.757610551261091e-05
8.518309406727941e-05
9.83022780280211e-05
3.9055970530152777e-05
5.521829558851492e-05
6.315746995363264e-05
4.552958883231124e-05
0.00020038973135259227
1.986903680467491e-05
4.341119566348015e-05
5.7270597286234475e-05
4.1834831054883764e-05
0.00011022015738594195
4.095259144746243e-05
9.723886417485951e-05
3.4471015171996e-05
7.955290816619203e-05
0.00011132660794396416
8.924747677431046e-05
5.578466426755424e-05
3.171202527356774e-05
0.0001003461019002769
0.0001658898041896255
3.7631181069850905e-05
7.161422675068116e-05
5.357630434453853e-05
0.00015824694257493552
4.1531627216200336e-05
0.00010455420298076534
3.790373435577902e-05
0.0001110887249954576
4.0138010897181474e-05
3.495463849959397e-05
5.139445638196271e-05
9.529003747007876e-05
6.121096983343923e-05
3.33757855083764e-05
0.00030307157884822556
4.587161504362347e-05
0.00014993749300110074
4.962911995470685e-05
4.877071908109744e-05
3.8147719333692234e-05
3.4783231168858634e-05
0.00012636237122155977
0.00028356044569883627
0.00010801517615761275
4.074392010120428e-05
0.00015479800311669786
4.983283548358221e-05
8.184397961816413e-05
3.998934380023696e-05
3.691461463342527e-05
0.00030039629865596235
4.173604148977779e-05
1.8853944301284767e-05
4.5403154526248526e-05
0.0001072220881903168
3.9214010857933355e-05
0.00010008776114957272
3.4935705245634613e-05
0.00011474592909335931
0.00017875041458290106
5.7167933755177675e-05
0.0003601685325876152
3.971442876193476e-05
7.436495385447804e-05
5.216802282213873e-05
0.0001143149993421013
3.6688804555710274e-05
5.342388807337689e-05
4.111137016375334e-05
9.920641342307865e-05
0.00021501287949938095
5.1315039057889544e-05
3.4356662458296275e-05
6.375206142181644e-05
7.988162880561081e-05
0.0002700525079236439
0.00011862636019683201
0.00015557217786186885
3.3030636583795186e-05
4.5343523706491066e-05
5.0580893374658566e-05
4.113519503243631e-05
3.946162884734477e-05
0.0001388077479315853
7.7134424644631e-05
0.0001647244949523585
3.237636364563634e-05
7.449763614424742e-05
0.00012433667107040414
3.294468887341327e-05
7.931471444581863e-05
4.182829361700254e-05
0.00014641261523211315
0.00011676849651545315
5.609072525451717e-05
0.00013954784443940188
4.531168417646507e-05
3.322447966655483e-05
5.395228352859377e-05
7.894218645522676e-05
1.954426087973205e-05
3.8184816337853055e-05
9.017939399127356e-05
0.00011270747887806093
4.2614625986826274e-05
0.00016694541935450844
3.936113137919065e-05
2.807293701334878e-05
9.216656505937041e-05
0.0001529262123650014
4.9266456830022655e-05
0.0003609696370093003
3.668909237381025e-05
3.775122551422676e-05
3.394864008645981e-05
7.732627574424756e-05
6.773823033438422e-05
4.01465360273085e-05
2.8368043207138842e-05
1.857021780104501e-05
3.512759933630995e-05
3.5494911653021875e-05
5.928816981208024e-05
6.59387352918878e-05
9.915360347280508e-05
0.00015462222121720217
7.459765802216501e-05
1.9381958890840092e-05
4.6151617969101095e-05
2.4556056542649198e-05
3.400155442296116e-05
4.274149714689825e-05
4.467184019601994e-05
0.00013629273176968588
0.00017774175654200185
0.0001653647611184152
4.4196447121859165e-05
2.93185594340659e-05
4.319753423038835e-05
4.166593937115517e-05
6.836789571777245e-05
6.396781975198684e-05
6.734667013086142e-05
3.391044459117186e-05
5.7494224719379636e-05
0.0003837804358414167
3.659550380778945e-05
5.360873731235519e-05
0.00013857646754447594
9.869266051903214e-05
6.3935947631197e-05
0.0001889560535398197
5.773889946007334e-05
7.968613975032062e-05
5.960606139430421e-05
4.412738781636402e-05
7.025221618988879e-05
3.8326457810626084e-05
2.827682334044924e-05
3.8687244950173505e-05
4.0087378161155206e-05
4.285063796388855e-05
0.00017088767647538823
0.00012516980573014442
5.043824074833416e-05
2.3306674923951918e-05
4.2830982378700646e-05
3.1237593658760794e-05
0.00010511100375453883
7.787826902139619e-05
0.00012607109081809047
5.4395938441414825e-05
1.9211111477234368e-05
9.620755004106193e-05
6.716972896627014e-05
3.8593158815523254e-05
7.368888952858881e-05
6.940174771015798e-05
2.1692436481889083e-05
0.00011795762480814112
4.3390159698399297e-05
5.2184845404602016e-05
2.4368916885161065e-05
8.108879418983691e-05
0.00015260595844835542
7.281245250194525e-05
2.6138648975193266e-05
3.815194610930583e-05
2.4476748800896445e-05
3.401683609276077e-05
6.093672840996442e-05
0.00013524771762211507
3.3593890088279715e-05
8.317510575650004e-05
0.0003866685385167072
0.00015784296738455424
1.7295875347131764e-05
6.242651773917708e-05
5.46511738371352e-05
0.0001508318314005288
6.704401766249921e-05
4.147119466562544e-05
2.815982897116598e-05
2.8635066930500567e-05
6.430885636564678e-05
5.684888076853927e-05
5.3655461773263806e-05
5.8190584344495226e-05
1.913793547117402e-05
2.862992651955691e-05
2.8612911465034588e-05
9.877634502092602e-05
0.00013576992816900394
1.9175799488270466e-05
7.528025206255026e-05
4.992061226001217e-05
0.00016131082038559945
0.00013214061726978725
6.437600158651787e-05
6.604125737532009e-05
4.849575494740219e-05
4.0183542726512336e-05
6.732705671155596e-05
8.028961205207549e-05
3.277640091106763e-05
4.855543053678361e-05
4.926428226808385e-05
4.473902117387177e-05
2.782584844705132e-05
9.353264752117428e-05
2.7726053331781423e-05
0.0002133246965443931
2.1354381646155494e-05
2.2621603290017886e-05
0.00011919166187054351
4.201577663887999e-05
7.906201422245586e-05
7.038527499168793e-05
4.1204043228568315e-05
0.00013201561741954724
0.00010360817066059433
2.760185956356817e-05
3.401480282561329e-05
8.175385488943966e-05
2.7395342050158293e-05
4.2164937512011353e-05
0.00010246053358075639
3.315976592382144e-05
7.428150350087802e-05
5.79571257639345e-05
4.132397730277779e-05
8.024042536113004e-05
9.60438666844781e-05
4.153298489067642e-05
4.9622961513108506e-05
5.233467387799014e-05
6.241270120041935e-05
7.796086791090667e-05
7.656964855762269e-05
5.025306118192821e-05
4.708034170242789e-05
3.513145117846983e-05
0.00012155399156848659
8.056587693759251e-05
0.00011712346336441786
6.282492048310366e-05
4.779972473862459e-05
4.564839181013391e-05
4.7456790226759436e-05
3.879232943997356e-05
3.664552483594205e-05
3.9728600711365074e-05
5.38952611340698e-05
5.169803377212118e-05
0.00013693047683311767
0.00017105231547684472
5.629618375373548e-05
8.201538530137173e-05
2.6209062242125116e-05
3.6166489040567176e-05
5.326864258335151e-05
2.098517845121903e-05
5.171250470388685e-05
0.00012547223154100374
4.716718860712418e-05
0.00015302196324320654
2.2516048056054086e-05
5.264898612601826e-05
4.654962793683117e-05
7.97399461866187e-05
0.00013511366419251362
5.759681869226807e-05
0.00019491421744767835
4.281823738320359e-05
0.00010743412610281053
3.697499047139786e-05
0.0001968601955190044
5.820698248888408e-05
5.0895816730185455e-05
2.7100742458307174e-05
2.559262625246822e-05
7.815643582553e-05
6.0486342964584565e-05
2.6419779440612505e-05
3.79445988151839e-05
2.1580788181120688e-05
5.225542496114604e-05
0.00010481709896036948
0.0001859326925505064
8.730257271415953e-05
6.239658310404888e-05
4.9147604983834014e-05
8.605302497370423e-05
0.00012097738708043235
3.323775709712872e-05
5.618090062399855e-05
2.5554665978940113e-05