0.09110024644001478
0.03842276567573678
0.019424491341985758
0.0038683484126654536
0.036161073914902496
0.07733965736895264
0.05392059758797273
0.046467658178391276
0.048945547646221194
0.056153600528965314
0.042988482658038146
0.01994091023995712
0.01953851507869108
0.03049664306232564
0.003284373066999163
0.04358981793294314
0.011357812903658681
0.013122978397818072
0.011847283308071437
0.01826205357384364
0.022788658272253952
0.014618193894850202
0.0067478938132190525
0.002110098627564569
0.01984852889232809
0.011928786127269999
0.05553755509798115
0.011493091112417983
0.004672004509803298
0.004533407143888937
0.005247533110277147
0.011389000208563893
0.005735091989765781
0.01332749663918884
0.003692115890862281
0.015557662131181411
0.003034179032956243
0.004101921421022952
0.0014588319301024302
0.013528154452215758
0.002154676154980072
0.002248287448058594
0.007782907572841468
0.019722376575063368
0.0029564132147308604
0.004365739492174714
0.0061717744513391775
0.00375877991948576
0.005086676835752119
0.0014461896054883095
0.018167293521495386
0.011591647975367152
0.008611273113188246
0.00841461134554907
0.006462574422622242
0.0031876401523711086
0.005557861822135729
0.0015393513202941469
0.0040362462642769235
0.006246696537356553
0.0022305602628664035
0.007278095714976527
0.011445946472225393
0.0005797869224678222
0.0019286367995284466
0.006181180565657879
0.01657565583075805
0.006383909872121873
0.008669435819150107
0.0042349406309309685
0.015545358803947718
0.0022791254777665745
0.0028791071253177064
0.007253659496282191
0.002231981941077741
0.003120895878026904
0.007805725691869716
0.0036908226732961973
0.004223470610689518
0.00523418867781061
0.0014140471635714375
0.007545822820180646
0.0024266185955117993
0.0041407257478010065
0.0012960977557619636
0.008267360077647237
0.006936755468377612
0.0008329646177426482
0.007702866198134083
0.0022742192915396527
0.0017238156290739761
0.0027229943232127546
0.008339569286019744
0.001337489615475551
0.001408016349274395
0.003283397765709787
0.0018418275574758277
0.006259356038909272
0.0008035997790253654
0.003618088382931236
0.0019929350069341064
0.003319561012507152
0.005182405714067004
0.001475000921800479
0.008119017549899386
0.003073773092072385
0.000997354850124509
0.0041852583278675646
0.0037590966183032545
0.0030208176597935578
0.00211494138950316
0.0036199850427002583
0.004442585510467064
0.0019513451333765528
0.006616937317033999
0.0029964287903637378
0.0011399219911373245
0.006674581693283126
0.0014415607313700764
0.004575949016954578
0.0012971632004880216
0.005454741873056545
0.0007218880172739082
0.0033006946324681966
0.0008885139967411917
0.0033948602497409224
0.0015901974870065002
0.0019445785368401476
0.002783205185975927
0.0038197378830827494
0.006968550443932462
0.00272701397084517
0.002416944524923338
0.004491056925138567
0.004264278454153636
0.001821647281457393
0.002944690848322987
0.001543764040771026
0.0048046467444744275
0.0035422164451294927
0.0007955043379480692
0.0052468989716878784
0.0044648927103365715
0.001171960058643346
0.0023637652973498486
0.0035276435859861737
0.0034826397502741723
0.0018736544412393205
0.006913721012557408
0.005318675732994633
0.006202922044873368
0.00022395442350224884
0.0026180066717289264
0.0023620253568710286
0.0016164326799361019
0.0004891510237788564
0.0038783937223267236
0.0017189298253771862
0.0022742910647366426
0.0013850990022396252
0.001137489119822374
0.005353933842891747
0.002928270820996165
0.0008911033842850851
0.0015912807990535384
0.0030012433565123763
0.00036443297068649417
0.002197163596801383
0.0015701496193826065
0.0035680007531938983
0.0012902301049791023
0.0020624539923392773
0.0027830357806428135
0.0012635973322927614
0.0006725609814995933
0.0011142020707577045
0.0013971087271277872
0.0039885806286137524
0.00345556947703203
0.0003850590843873079
0.000743528943733336
0.0026963452162491386
0.0006093264810314368
0.0007815630928253949
0.0010341692693312168
0.0018805011096535342
0.0015981234278164393
0.000815518080846874
0.0014586568375853926
0.001972602335868603
0.0009091126850665734
0.0013653991639182748
0.0018822809154238596
0.002219934661652165
0.0007827325401717223
0.0011267823840927789
0.0019488646388180898
0.0012429354112042284
0.0011482075039654343
0.0005131305175829206
0.0020787725193511836
0.0030465873683254204
0.0028850410041641925
0.0008316894137231484
0.0036791824006914557
0.0005860425739690286
0.0013296698531109683
0.0009775091499293741
0.0010061424518014066
0.000756608671543452
0.0023703429278494875
0.0016936782827712109
0.0008645340984265481
0.0011300301283594723
0.0005573477307333293
0.0013018347489637569
0.0010608594562053493
0.00110597383369308
0.002575825747952241
0.0009924360013594568
0.0023111852687067473
0.0009107494767230627
0.0016953739623091308
0.0005143336593179265
0.0004650307953456679
0.006386717649034863
0.0012547431172727273
0.0012507893260393504
0.008551639273382785
0.0014065590584337378
0.002732106258784891
0.0009401182340109559
0.003150869769056478
0.001072500107428692
0.0011444884066380294
0.0004843350930241827
0.0005220488980120911
0.0014341715469448522
0.004835532301032753
0.0015289897100682307
0.0011186912502287947
0.0012153243657534746
0.0009742213255192898
0.00033996600730136885
0.001047474552345617
0.0014993992814864654
0.0037912700626494666
0.0010752727306916753
0.0023235315004664463
0.0008318030050203993
0.0014189073095255337
0.003029202965409028
0.0005241533132409922
0.001868291447312095
0.0007988910125540765
0.00033228346231876807
0.0012734805155801504
0.0008300146206118447
0.0007377712966685628
0.002441795988958079
0.0007930442306556247
0.0018211448016491924
0.0018546643295388747
0.0006884833065503641
0.0014312529698818671
0.0001892500285749141
0.0016111985391644061
0.0006468157619216456
0.002419066907695854
0.0010399933809985649
0.0011493025287741413
0.0009029030746658362
0.0004038514847752549
0.0006157526414998473
0.0005472822151052704
0.0011843461114735031
0.0010505763928595302
0.0014940599860657723
0.00025605057356081464
0.0007772876271467296
0.0017824087803910765
0.0011069419593587057
0.0009310906044493311
0.0014217215963686688
0.0008224791906731585
0.0018437572896601315
0.003026526749327495
0.0028155456730231897
0.001244375256972373
0.0024106596705847365
0.0008890563841278302
0.0010459322462370731
0.0017337255740265504
0.002133491428411157
0.0005606504877940932
0.002778169562026848
0.005678010996948362
0.0018380012337443376
0.0021815620868464052
0.0010992848585234564
0.0017843475938241731
0.0019445691615071383
0.0016336171664695298
0.0004165975345300601
0.0013326314640876437
0.002954580195833956
0.0004555804561570714
0.0010925509429424445
0.00016615542709365802
0.001910322908724302
0.0006480443616854137
0.0011836813535317087
0.002795775324411073
0.0016650772786189348
0.0027051169832371384
0.002148568119350667
0.0009939571519135511
0.001817914398403737
0.0004929664535290476
0.000532487244760693
0.0008639755821668513
0.0015042288944518674
0.001116279084096283
0.0011428061247490775
0.0010457780068927024
0.00047628149269459677
0.0017328150999776635
0.0014517293846429155
0.0034258639186386846
0.0009582405491437548
0.00032907168502467073
0.0017795574408207171
0.0017815165082778746
0.0008791644042916817
0.00036815080040067887
0.0016741682900916802
0.0002503588865459201
0.002446547595177723
0.0009545171873608415
0.0016255033522333817
0.00024645573602193895
0.0006338016757135065
0.0010235669412497134
0.00108760149472441
0.0007116157622408322
0.0010772763021442441
0.0008845997016159117
0.0003247702532158015
0.0007656168153459961
0.0006905740607710513
0.0015770476504644217
0.0016856039169365635
0.0020406698380011855
0.003367710528469426
0.0011436607883913458
0.00015308366429945638
0.000670735374392441
0.00030115441463779007
0.0027900524414732576
0.000516225822326584
0.0002504176203278021
0.0010560182935975273
0.0005356391757363029
0.000661489608031598
0.00048755543799613397
0.00278734772362451
0.00010720704758980611
0.0031426776899152052
0.000598877102356715
0.0011272595843875815
0.0010244740244991723
0.0026026049193636036
0.0006932869508515344
0.000512710680232665
0.0008899969589685325
0.0014067451994720427
0.0004937231413580004
0.0019064769356536213
0.0008542510834141405
0.0012306726613743315
0.0020890044047968594
0.001013494234436662
0.0008106410436757781
0.0005638843691697248
0.001015032602742894
0.0013931892604949238
0.0007176834989615486
0.0001590917053529702
0.0004960436109537237
0.0012871674258049222
0.002298678929781981
0.0027985127455315215
0.00043603713158998924
0.0015341641714805565
0.002482723410634758
0.0004370915959036052
0.0004454430991024198
0.0008562166494138687
0.0010602838916760299
0.0003026352050798668
0.0004847351980696755
0.001256758615311038
0.0007536004756531488
0.0007454400798989988
0.00017046385558859196
0.0023441421124628103
0.001483796548599079
0.0007045632335711938
0.0008463148436785761
0.000613443770944156
0.0021334331566424058
0.0010152699827841796
0.0009047396266540201
0.000456837950078104
0.0014268804042636138
0.0004405575538073881
0.00022117300558258368
0.0024158865137290015
0.0015187888266064685
0.0009448647451555734
0.0006469123104953485
0.0009310987420058754
0.0022466919628966924
0.0004901566836659783
0.0005204248622270418
0.0004999209664602917
0.00018380038866045652
0.0010009543357104621
0.0011768142044117481
0.00036477912920278115
0.0015031912444393191
0.0009171152187972182
0.0013695953470604571
0.0008235739771113354
0.0006699361357326011
0.0006924170781612486
0.0009548015147735915
0.0003988288791476816
0.0014312205464123012
0.0009918438457031473
0.0005507962338986349
0.0007106966128334806
0.0008763363699292927
0.0010846041759069998
5.216545553870139e-05
0.0007961035710912817
0.0011784565510805681
0.0014609274572943618
9.362127061010018e-05
0.0015224620006726573
0.0005191744786153958
0.0017925536236838406
0.001587298026727984
0.0006444568383106591
0.0014665140771563884
0.0001159350983162495
0.0001222284387958973
0.00035044653573646536
0.0009031503037861033
0.0007233646492184201
0.0008688918361441077
0.0005295768347626944
0.0005180835648873167
0.0006698497664851985
0.0006110198879087318
0.0019815638181213033
0.003396186780423569
0.000376717859269847
0.0018461395421680486
0.00041607733962272057
0.00042897186601208886
0.0014231229683833106
0.0015065543142675345
0.000651503072370431
0.0018255712379378912
0.0015685843803176453
0.0005534645796244496
0.0007605720795030881
0.0014644292034323599
0.000618040144048351
0.0009774231558927092
0.0007877852077179897
0.0005926870424428302
0.0002962883132834741
0.0008968415536811001
0.004796324948274886
0.0013528298953518199
0.0003473291534798684
0.0008259579231306004
0.0010843374472420165
0.0004915407395413099
0.00047871157886647753
0.0008418919315100602
0.0013138610604028916
0.0008917998646333926
0.0006518894455982389
0.002296605151868232
0.0007589518820759168
0.0019425529976010963
0.00023410166913119909
0.0009200461841959181
0.0011521620642135205
0.0006376266859462121
7.924552773988192e-05
0.0007909152801224688
0.0005898994904718382
0.0010469855440894853
0.0002429867051011628
0.00028994604385355546
0.0009319712041027389
0.0011587373245634035
0.0004079626934577236
0.002063386975970238
0.00022773256482221894
0.0013288209817337287
0.00207495285831901
0.000596385293941124
0.000508718487153395
0.0003458098218888677
0.00032445942740285766
0.000669181345056717
0.0006437123534408554
0.0005333635168538294
0.0009964863083695573
0.0005193744182573387
0.001384001476311291
0.00030590123581123395
0.0004121286987294087
0.0003051769435105975
0.0011456599693452755
0.0005478877578383158
0.0012206380733996416
0.0007005325279871155
0.0005723593462023891
0.0008247223065623705
0.00039308804752054375
0.0011846892382203222
0.0021790470166463873
0.00333382962448168
0.000809821104062303
0.0014220351095717777
0.00032660932783452066
0.0002124353754944051
0.00033741529010430926
0.0008541029062224444
0.0009417373243614525
0.0010951048475333807
0.0005201983224239017
0.0010242460044832657
0.0021268620254501847
0.0002489603264850944
0.0009017431992751146
0.0003513881582419405
0.00032441645106104117
0.0001326753617372595
0.0016473889573516206
0.0014062124359885617
0.0006523455880092637
0.0007818767183918006
0.00020776412978752013
0.00032587315116190945
0.0007752797508503829
0.00013610851964452247
0.0004432921950660781
0.002157899761750293
0.0005721757799267683
0.0003666907711807742
0.00016095056756576452
0.00033328160617392274
0.00020045401454360978
0.0023337615262154347
0.0012123039433472318
0.00172930154132109
0.00015229802006300398
0.000164810305534734
0.00036430364563240123
0.0012687575040714512
0.00026930685163750805
0.0004884389905075678
0.0009834273965699772
8.560895956851766e-05
0.001074827002367796
0.00016439727141621965
0.0005559822629623108
0.00010901360634894139
0.00044580944087047736
0.0007277928036184488
0.00154340113283355
0.0005312651808938499
0.0002136419145805106
7.577992384311131e-05
0.00027477213795644055
0.00010681518719665458
0.0005936007036592845
0.0014714746059197208
0.00010186295540321995
0.002391904780794441
0.0009996657122139582
0.001008402706486766
0.0002310315662668558
0.00043147599764957717
0.0003765607053288442
0.00033834786231217156
0.0007796517055234625
0.00047288341136483754
0.0016755213618079583
0.00045209644530561056
0.0014988434860372611
0.0011870189928013647
0.0002864012429827451
0.000899306513817397
0.00014112683131447173
0.0008282997982504431
0.0005152329674109501
0.0010536377178873993
0.0002046197297328862
0.0002464263731250362
0.0002176117013524926
0.0016953676924715104
0.0002229787329921639
0.0003194706380957352
0.0009994968920628748
0.0011781302529473663
0.0004362869273985863
0.00035999717572757906
0.0007673618527040185
0.0003989574690997734
0.0004321251405972662
0.0009525426816302537
0.001325956997963569
0.0014051562492600727
0.0005790123374108354
0.0009601066099945081
0.0010570121504101585
0.0007230416402481623
0.00032384044213179433
0.0018885148674300807
0.0003325455490870512
0.00046895795026863395
0.000777436959382845
0.00026329095611708634
0.0010249630565774715
0.00024414902406478216
0.0003743816714586394
0.0024058965860784642
0.0003048501986643676
0.0005454013053114306
0.0006806420324993493
0.0013244074538511909
0.00030717337896287984
0.0017339838934679864
0.000400137622249023
0.0010342664269245437
0.00032435991439236757
0.0007951334985338315
0.00016321990501860548
0.0004916457422986635
0.0004935849905869777
0.0002339386965836416
6.694073643557775e-05
0.0004325413896340237
0.0002059693418964854
0.0006069389324023847
0.000649073072004415
0.0008029046255009993
0.00036911678320099224
0.00038502940788971354
0.00014257471223558
0.0007527925823640511
0.002260141853587085
0.0010145509515057192
0.00021886106417946745
0.0003192739883154809
0.00025804992701481994
0.0007171008095274958
0.0002620973716308561
0.0006580275222325689
0.0005535152134468173
0.0005232951247496029
6.215997917066759e-05
0.0003810660563939851
0.0010186495961332176
0.0010164621212739291
0.0002545345753389647
0.00045920160888243
0.0013192907698645355
0.00017991059218996656
0.00050544551714457
0.000569592954553928
0.00019529570063699453
0.0006269113917929168
0.0005700639462676468
0.0005537556246255791
0.0005424480119539486
0.00022662613567967822
0.0004828189381656798
0.0010429354059901354
0.0005170687790904551
0.0013030551720826608
0.0008783244835701866
0.0004192534611134778
0.0012988127565801073
0.0006333378712718076
0.000395744258504561
0.00028346813470980103
0.0006843079080317223
8.266085400274302e-05
5.8488363358920426e-05
0.0004603352425352175
0.002381953093711265
0.000662274217455579
0.00015208416225449142
0.0009279063010806725
0.0012997094193629702
0.0007306158562340566
0.0011479539487365673
0.0006490245345784684
0.0003313915666582548
0.0005034205733656694
0.0008749032449134422
0.0002015977631154304
0.0009583241907135923
0.0007532658755426834
0.0013596747245076897
0.0007701055737135343
0.0004508135228367041
0.00034337129697432423
0.0008679533033198963
0.0002478455215523412
0.0003924703981130423
0.00023293393876704102
0.0003972621647253908
0.0004027306988762097
0.00047935474676247004
0.0005837017516608548
0.0009030920089863074
0.0003549316924203789
0.0009442046002355499
0.00044450200723745515
0.0002752804097533439
0.00018895379900029624
0.0007062653855086152
0.00019638261075785945
6.571507111644984e-05
0.0012385373811095901
0.0013211076460514007
0.0004009304773389061
0.0004218035683551118
0.0007345789179001117
0.0008576253782660302
0.0009400475109627168
0.00023102645221663242
0.0003194835169520743
0.0010849567282351206
0.0004025809711486064
0.00022101046421663364
0.0005589872493220148
0.0016153413660815613
0.0005627933959229081
0.0003606025262810905
0.0011818599154218886
0.0005589707383683146
0.000402102827286128
0.0003234232128116314
0.00047526691685168963
0.000299034685683931
0.0001335216273395624
0.0006815932973328367
0.0004744044728006537
0.0004075783791704679
0.00041151848882799684
8.606808024532844e-05
0.0007881274953363578
0.00021075445482319179
0.00013830001168156107
4.955738599834512e-05
0.0006617786182279504
0.000376419887114767
0.0006455196136553611
0.0005550077978945686
0.0001366070757412822
0.0007777818709368357
0.0008875543493689258
0.000951664137869795
0.00025467756252279064
0.0008481352449736542
0.00031831506310341925
0.0006121106200110242
0.0007676502830193982
0.0007100573854395311
0.00020201875818682774
0.0003417026624351412
0.00018201045774960477
0.00021624585709758965
0.00011454077827123572
0.00021505670669325132
0.0005169890219168257
0.00012167329111074553
0.00011349435191486869
0.0014795006215085446
0.00029404543941645135
0.0007163832012261039
0.00035130158067271357
0.00013060577235529967
0.00019711455125276755
0.0009604046354556496
0.0003571340814747486
0.0009775706986677722
6.462235205873067e-05
0.0004531746892926972
0.00034076346026579515
0.00025916307349316216
0.0002331849993796431
0.0006156095761494562
0.0003609743916140824
0.0002510217024784653
0.00020648243480460862
0.0001792695048733867
0.00046981826202805924
0.0005087770241737321
0.0005533839042497635
0.0003399600018092309
0.00013764938279157271
0.0005127011321809828
0.0015151159750777907
0.00042845190135869845
0.0008621573364566883
0.0009138254485533478
0.00020204006035445148
0.0008106171439858423
0.0007578846363696154
0.00029173377808175334
9.68298558903978e-05
0.0002133484477672002
0.00010617170680299817
0.0010459015660262763
0.0003885852521567268
0.00011959295119637128
0.0006213064962093073
0.00012170696210764867
4.21138566869662e-05
0.000791662159843668
0.00030976910896714845
0.00021250948231863818
0.0007517765446690234
0.00024805893432030326
0.0005466586100177672
0.00014162116962918985
0.0007207716465395718
0.00032159850557263983
0.0001336210153553088
0.00026098148836332425
0.00039176012063908607
0.00023336552258050534
8.505634929369692e-05
0.0003380115466346322
0.0001656031583626079
6.704363487200046e-05
0.00014702583036768377
0.0006403032926528356
0.00040941201269190737
0.00041500770301082203
0.0016672568723838958
0.0002969941721432311
0.0001929223927035882
0.0005122142250298073
0.00037100983805276694
0.0009435621493468583
0.00020419831435436787
0.0006013381223811508
0.00015331807996918782
0.00014811432378010055
0.0006829506332604463
0.0007264889414174447
0.000631190335564809
0.0005184893625667669
0.0004625237926542476
0.001199269804557106
0.00023618339554567778
0.00019440109264238367
7.144555169020352e-05
0.000346921050334567
0.0006121993264213882
0.00010664316411316211
0.0013153441988849816
0.0004303143751079542
9.909066066659214e-05
0.00021333825801644071
0.00026881520236880243
0.0002787285927350098
0.00019837893465233353
0.000554713246576725
0.00044204528847716746
0.0003625909605956806
0.0002621064774046866
0.0001853987228317418
0.0005825883515967893
0.00025461034609231854
0.00011771435991591583
0.00031952672130499386
0.000793884334008893
0.00010213561667732579
0.00018860192588771404
0.00036781639346304153
0.0005041639339996588
0.00021657988221128195
3.179829504246815e-05
0.00011467532766336685
2.9235492655304532e-05
0.00024212928184975553
9.18196751709652e-05
0.0003250788822501803
0.00011003858372800112
0.00010358758038702872
3.883608930590006e-05
0.00016819859076677436
0.0002671434579888676
7.470078753917898e-05
0.0006364134985171797
0.0005484306421048895
0.00038652857252103755
0.0006717367649728887
0.00017310783734899682
0.0004249121662843112
0.0006560691029874939
0.00038417905281749523
0.0001306939800075348
0.0005384664469366207
0.0006104060058484189
0.0010453550449070765
0.001505823837700031
0.0007607425919215266
0.00016384100284122413
0.00046123512241243153
0.0002598094240344988
9.965467628366406e-05
0.00024162805506394431
0.00047736496631139953
0.0006875084283816646
0.00017132639980002606
6.541261161840955e-05
0.0003984475316277078
7.08188843812312e-05
0.00022237139466896257
0.0007881053241502127
0.00024291293335770698
0.00013832228318892963
0.0002976875801697555
0.0003171483372686592
0.00016635331212201787
0.0002349950446192916
0.0004489389111371764
0.0003612062709289891
0.00021107306831022257
0.00046688461229410847
0.00012013953321737104
0.00015207827417062014
0.0001217079606515942
0.00010289887399362644
0.0004193723174727175
0.00011602315672927607
0.0004911629013542926
0.0002232002409506813
0.00017195741093675083
0.00015537428188906364
9.19469734773718e-05
0.0014392589494692633
0.0002818365066904867
0.00015892090256056847
0.00047074993682949377
0.00014029010136209675
7.516387101370384e-05
0.0002582265304962243
0.0005026894684412754
0.0006931347378883468
0.00024755663255423394
0.0005921408648585135
0.000727828382027797
0.0003759685575815542
0.00034181196210831074
0.0012163519880897357
0.00019216612902425096
0.00018772751116054976
0.0002220223233380925
0.00018250846122166102
0.00016269444999791264
0.00014528207342318257
0.00023735008457117742
0.00036645220881658606
0.00029893704573950554
0.0002555529010404468
0.00017285106641255491
0.0003193550449087235
0.00023875726065425713
0.00027226713225760924
0.00035885143880714604
0.00030352780605220295
0.0005726869189659821
8.31569944824566e-05
5.6722608817749493e-05
0.0001593558233703471
0.0005807214593875174
0.0002434780874216919
0.00022362888675174375
0.0011984258622686455
0.001308546651998203
0.00016612280868429414
0.00048579157021658517
9.923872486005668e-05
0.000265016361105343
0.0004232031059133073
0.00039253034104029446
0.00018339723458618806
0.00011098716099647902
0.0010347059711626418
8.351490124516006e-05
0.00011082872796786054
0.0008281947680989055
0.0007545006123409568
0.00028853626977813255
0.0003695831044464274
0.0005365090875443659
0.00027184554125565835
0.0005262985050938279
7.679055700709744e-05
0.00014902722331350642
9.382483122634953e-05
0.0006647819024801376
0.0007694837827520278
0.0001871630441567167
0.000605067784386204
0.000131846453220519
0.00010537033515679116
0.00016394019102060442
0.0010228294849119405
0.0008731839712717323
9.728774255984427e-05
0.0007539818640634126
0.0003556718143800988
9.908626789285652e-05
0.000528624849277302
0.00023023980003443372
0.0003605266154789599
0.00046888118939978463
0.00013386630740867258
0.0008501354527272178
9.53857092748027e-05
9.958108415583881e-05
6.563706627410543e-05
0.0010937340305342844
0.0001916494821600399
0.00028653299832071325
0.00029898417350678676
0.00014492373058943252
0.0002566239062636691
9.559978063860008e-05
0.0007186964256879162
0.00038624457136455506
0.0004440119285407839
0.0004080802777151338
0.0007474626883793303
0.00047942872841784433
3.960138920021308e-05
4.5522526629594075e-05
3.170530032116396e-05
0.00014647141501671987
0.00038177739186510317
0.00041763041058131656
7.749871274732697e-05
0.00018207186780792408
0.0020072933513583593
0.00017659208378658487
0.00022217798439462682
0.0003245221204374718
0.0012305642952920239
0.0007800325056404832
0.000186219943459119
0.0007339860089542716
5.402917171664729e-05
0.00010308505163462371
0.00032522191031402413
0.0002357054796278829
0.0002519260850634514
0.00017764952859476157
0.0002838493399586956
0.00011795085659805707
0.00012170420192470131
0.0002170360759095887
0.0003993569699919659
0.0004102284305966416
0.00019691212425951743
0.00034827683767998474
0.00026090244910002456
0.00029425252175824295
0.0004920982289924454
0.00031984842895769165
0.00019997311148919382
0.0003009692493108666
0.0008950392296670454
0.0003952895126090122
0.00016046178360941456
0.00011325634365143649
0.0001482966212214834
0.00023842883208123727
0.0002663300392570315
0.0007545022308378137
0.0008232424474710817
0.000295287575391322
0.0003382140132279562
0.00026339519558885786
0.0001749159943937033
0.0006583403960049986
0.00026534468805106224
9.903683067648934e-05
0.0006341828796001242
0.0002802966905753646
0.00016986474379444957
0.0005153960539545149
9.000002213193377e-05
0.00017761887407488324
0.0003731385531679666
0.0002189746013663099
0.0003934862818044913
0.0004640910483363138
0.00011087836241829128
0.00018889431888853607
0.0003915183453535671
0.0002797806588489896
9.45177115706961e-05
9.196771488085659e-05
0.0003348510696217529
0.00037298832620412023
0.00042189799756365317
0.001272725969058444
9.544413012034603e-05
0.0001253978877045735
0.00010018364595813187
0.0001892399222448304
0.0007104168209300239
0.00037965958336215873
0.0003028373386981156
0.00024109270686607857
0.0001613485548034129
0.0001853855607925619
8.532823672595975e-05
0.00017886781931595168
0.0009392771189238205
0.0005444026818387012
0.00017182317793102862
0.0004351702265655681
0.00026671078677227827
0.00013064798570307977
0.0001355268395477428
0.00021951742442945978
0.00011832985752002072
0.0002729938520169745
0.00026295961092494025
5.9102849985180274e-05
0.0004823660554090527
0.0005086339322017253
9.727667990104529e-05
0.0004851856055786124
3.435743486225137e-05
0.0003751391353680985
0.0005056879675941848
0.0004077562198113919
0.00016272629343231038
0.00012160681366720975
0.00028516494785664156
0.0005968414103737426
0.0007443195472543932
3.913652314748263e-05
6.0956265916977535e-05
0.000214164283320067
0.0006392350157034414
0.00039514223519298555
0.0005100729474787947
0.000360529463614767
7.988335051587592e-05
0.0003241517216243003
0.00013468193671416752
0.0004062703864953203
0.0003058624359723796
0.0005360976761417221
0.00014171600214284987
0.00011642863612748328
0.00032421205226186296
0.00011076762791461072
0.0005317664350396314
0.00012659129441126016
0.0009071404454475715
0.0004726725427979302
8.840777716265195e-05
0.0017578024119123254
0.0001472066288523137
0.0006861024367035117
0.00012662003500857815
0.0001191538316889099
0.00029262811540460115
7.346993413391413e-05
0.0004080762441781812
0.0003103034887556025
0.000250064181094674
0.0009124999139315816
0.00041400895719724003
0.00025886747058134047
0.00037005684480327064
0.00036795089193651545
0.000301154040358567
0.0003226187227438887
0.0002522217829477336
4.569131585425655e-05
9.003581604297061e-05
9.505824636450646e-05
0.00032391521285694635
0.0002750374788119508
0.000483887557167665
0.00022427735965137142
0.00039022235738978315
0.00013182830081989193
0.00020816116459977188
5.9516973674263074e-05
0.00039639783387310223
0.00021569508029401662
0.00020593567620299974
0.00012918089658483015
0.001055087642713197
0.0003968958618972708
0.0005899921025200646
0.000256545230444289
0.0002170193238583062
0.0002951818761750508
0.00015664951227978776
0.0003562214471268129
0.0005586357712713995
0.0004326738497095887
0.00013278972040804265
0.0003329006673361058
0.000268739956801489
0.0013545964967180955
0.0005371460047557887
0.0004776566250116405
0.00015342961846754902
0.00016215476490068917
0.0004423513125630342
0.00048360552128020944
0.00023428392545507676
0.00014771873573789208
0.00012754839527425073
0.0001130584055627478
0.0002262529624214989
0.00025812291788958
0.00018464983813066567
0.00015612415580236686
9.615828155821209e-05
0.0001664708149526127
0.0001825271313832626
0.0003774857953198334
0.0004540584532804068
0.0009623612698918186
7.846225878765524e-05
2.5399331579723783e-05
0.0003835806855904655
5.6457070794936365e-05
0.00011579010334844679
0.0002705893548392877
3.620337864434303e-05
0.0004319085497531087
0.00015051765994011956
0.00022431529311702823
0.0001527044304939444
0.0004863118170178967
0.00031257883433574355
8.671481400751982e-05
0.0002435531869267687
4.2669247099403995e-05
4.349547063278639e-05
0.00042439662348769263
6.405564028384264e-05
0.0002447693315633732
0.00017739131055701207
0.00032341747805198466
6.23457113914589e-05
6.472387104580421e-05
0.00021570135193631727
0.00019103995783453524
0.00040216547010998686
0.00015146017733236176
0.00023317647388412213
5.4150963493238286e-05
0.000255940884140998
3.7929241489830786e-05
0.00022805373583064734
0.00029430310576089217
0.0004934382352226823
0.00021735006138250932
0.0003639791694872739
0.000817592972081617
9.198127613657059e-05
6.747205977949878e-05
0.00040848432144276935
0.0002738177425057797
0.0005840098909414331
0.000213643872613752
0.00025478613591962447
0.0004392087986044685
0.0001620286896207023
0.00013064340486890373
7.741676019804262e-05
0.0005471187477273303
0.00013621791775008754
0.0003591439634605797
0.0004831701963397868
0.00020184354318248624
0.0005592982246071697
0.00012705355278687494
0.00019593337527021648
0.0006376456243921482
0.0005598348225693972
0.00037998691541683946
0.0008625624705947792
0.00017640356120553866
4.90615868276454e-05
0.0010282797433814668
0.0004902304972316237
0.00015002149047424864
0.00020919496684066987
0.0010810179575371083
0.0005962027225986383
0.00030707981212960535
0.000411318250542419
0.00013070102495412852
0.0006148824192066215
0.000481160748538319
0.00045946154576438056
0.000327458440022421
4.125512237052085e-05
0.0001081581546159858
4.522594578695931e-05
2.816932237021023e-05
0.0004291054975350508
0.0004985708637016148
0.0004963980105373613
5.6506951534044596e-05
5.0799773898886875e-05
0.0005622531624028711
0.00010844857258453422
7.576880249018746e-05
0.0008143602565301617
0.00017316178396018186
0.000150349952395052
0.0001205349681049253
0.000787364783579904
0.00019079792126459172
0.0003500989946365102
0.0001871785560284652
0.00012311724977774355
0.00012906866391176221
0.00021650660592204926
0.00015758179211520823
0.00017679242797642857
0.00045489435361518456
0.0005014224103770122
0.0004036197649297572
0.00012050230896599483
0.0002668471901676279
0.00019097014035349984
0.00014202096720034613
8.225763810751657e-05
0.0001621883186122878
0.0007070814639378775
0.00033281804672282355
0.0007424219999486562
0.000113592199164151
0.00015825408974913
5.662309277733838e-05
0.0003489013468981719
9.657946676829358e-05
0.0003742299633191754
0.0010665516464571977
0.00017620857580644977
0.00012768905827066483
0.00019347938824081055
0.0008996562880576608
0.00028269727075215664
0.0004410872286725427
0.0004992983629637916
0.00014237485868826472
0.00019460049614495272
0.00022873581412871202
7.579825327099774e-05
2.9716872230578482e-05
0.0005569000256568532
0.00021088130551026086
0.0003677802063575746
0.000347796791211666
0.0001624533685959356
0.0006045297879988927
0.00024804049172948514
7.525950517668124e-05
0.00022460002736281203
0.00016306303433623976
4.0208643426435306e-05
0.00023850987211189548
0.00026672294165989595
0.00014675834997224862
0.00012060445395921896
0.0003305505451436099
6.325029618548535e-05
0.00015586736352171419
0.00019044159631401644
0.0003131727345347544
0.00017784544244919655
0.00018002498041313608
0.00022849548361826734
0.00032297063659255434
0.00018169632372611513
0.00013276812285822678
0.00010114207476035038
4.617790240421863e-05
4.935776879576416e-05
0.00015452723540294584
8.379162403952833e-05
0.00010788245648809234
3.836657871745091e-05
9.267586010382187e-05
0.00032553538031002556
0.00015090428541769533
0.00011266915559404308
0.0001458163233970067
9.079369963328671e-05
8.768545577881494e-05
5.517476661596301e-05
0.0008274090057789604
0.00012198223188488415
9.930588712799068e-05
0.00014661685671791614
9.158885849634388e-05
0.001013476636073509
0.000653311966761471
0.00041657413261197003
6.893043569747358e-05
0.00024511454284053885
8.925968537935683e-05
0.0005875350888464656
0.0001255524247111254
3.421604981568447e-05
0.00014695886223223107
0.00023021462684039658
0.0006073799955777034
0.0003610425442420293
8.508385271750503e-05
0.00012407286747649168
6.197710488483674e-05
6.88755959480828e-05
0.00036703240884859446
0.0007466949531906485
0.00015585537462575283
6.682715740357515e-05
0.00015462866691197006
0.00038058602437489216
8.4017251674145e-05
0.0004869103839496343
0.0002544451931340734
0.0003050276311869777
7.162472351443741e-05
0.0006716057069166153
0.00013093962534804855
0.000565193176138196
8.061905447691196e-05
0.0001404945269528364
0.0002712676523490774
0.0006801107701712019
0.00021519283579414929
0.0003141595976056335
0.00011925867086578902
0.0002793872592315867
0.0002737736971183027
2.7996331125655826e-05
0.0001306847238500856
0.00021175934054085675
0.00023874827006134555
7.74737036372403e-05
0.0002379870779283251
0.0001951292143743303
0.00041939274508884705
0.000219245608515995
0.00015853920516888784
6.874571533639866e-05
0.0004886606809540066
0.00010975128288080015
0.000233004294996728
6.1134914050006e-05
0.00021923926301289996
0.0001506946708031086
0.00018136942542367127
6.526022816976197e-05
0.0007007386690811652
0.0006240580523932428
0.00010510366246259005
0.00020586311063010637
0.00022322257715228584
0.0001428686554692374
0.0001011339165000924
2.637626683480735e-05
0.0008510472478123737
0.00017192719706332567
0.00027034833624789244
0.00037487886321471237
0.00027716919572336104
0.0002342421933344412
0.00021218006767259685
0.00012128120757179364
0.00015122805054787887
0.00039028425501641534
6.909691906039942e-05
9.90034915991189e-05
0.0002554364964347217
0.0006711306202203947
5.918453843901844e-05
4.7706445645743954e-05
0.0005149053404176967
0.00041993828544836396
0.0005171388665925262
0.0005027813120191973
9.87721368344577e-05
9.164352226682398e-05
0.00016933438004984293
0.00019616290276553973
0.0004958225713442891
0.00029120183011210426
0.00011675367668749855
0.0002090989220227849
9.652894993349694e-05
0.0001606739458429155
0.0002554282115177667
0.00020427624172103382
8.534707847832292e-05
0.00011548876408392306
6.828292824174086e-05
0.00014720611270493123
0.00011742677160034568
0.0006192259692257126
0.0007081149329152561
0.0003292944039274677
0.00034610693168175594
0.0001843183585998142
0.00013949126602969954
0.0008689352025788266
0.00018124196147015407
0.00023287001063783638
0.00024110229321713607
9.279586206356621e-05
8.347404467015335e-05
0.00014191578716921596
0.00017312534391747416
0.0001508142780168008
0.0004232787934763284
7.104530897189827e-05
0.0006740247423196439
0.00027907893443145933
0.0004882948397326719
0.0005646455432664317
0.0008152432304823753
0.0003331961330204621
0.00015856676070162665
0.00019525969343586755
0.00010770485744627389
5.077064373746866e-05
9.227342985759128e-05
0.00016663206428089379
3.331806124986505e-05
0.00034492340806834785
0.000292294356720944
7.440625407503199e-05
0.0001736391002726404
0.00029191598621478525
0.0006070619901756673
0.00010526510828658717
9.727634837106889e-05
0.0005402778554308397
0.0002579500579614829
8.142274434254819e-05
0.0001204853596901025
0.00016945520361117197
0.0002625816743806891
0.00026906009654548515
0.00034071759779578394
0.00015015184573119466
0.0001451263862960972
4.328067702247849e-05
0.00013955687221047498
8.960965389844733e-05
0.00020989463004183627
5.1623221529633345e-05
8.955355797627491e-05
0.00011010315765523765
0.00011227278741932302
0.00011240478193626892
9.709812942810168e-05
0.0003764046661280093
0.00040249736752758576
8.414237652197135e-05
0.0005286937511764005
0.0002175304909616796
0.00012673329832250387
9.96205475305145e-05
0.00017323615223144816
0.000251399606976857
5.103821235233526e-05
0.00011100152054625405
0.00012566294776966865
0.0005826015765770873
0.00015431846775984526
0.0001039090356499366
8.564953702221942e-05
0.00023690365268569684
0.00019049966666004182
7.81426026895308e-05
0.00026039535027789855
0.0002922241836527814
0.0008591154439632347
0.0002699062892606252
0.0003611203893043476
0.00019505079048458678
0.0001367341255259524
9.279665897783492e-05
0.0001960113729377704
0.00040882409414802435
3.948465261726419e-05
0.0002565340862381409
0.0005311028796464598
0.0003179055010989113
0.00024599310744620006
0.0001564940829974764
0.00012764460778919034
0.00039541747256765944
0.00020132090657614483
0.00010319810376969216
0.00011343648676101076
0.000933101585678466
0.00031233374558049457
1.8631565987461432e-05
4.507196607904943e-05
0.00017860033277416275
0.0001568100786511781
0.00030162176573928
0.00016596892452332948
4.27541297279853e-05
0.00010698397936957486
0.00015717281581670056
8.712568121899924e-05
0.0002446294929129105
9.479642185361686e-05
0.00016890695317295975
0.00012412757021612174
0.000105833247908149
9.43385933772172e-05
0.0001652321968987801
0.00012521119539492546
0.00041685961792654056
0.00010708412847183169
5.6788950679862855e-05
0.00014951707651283323
0.00025689692280646335
9.258892067114104e-05
0.00013559411562598248
0.0002893212350058624
0.00022602464820266943
0.00010579815947755561
0.00034976149939825796
0.0006886406164656234
0.0001635957961636154
0.00010344633075544438
0.0005675216263134212
0.0003867992956263969
0.00012911185627381705
0.0005773236584353884
5.475944296460669e-05
0.0003632722342772354
0.00010097850525524142
0.0002923576137912495
7.743426806147584e-05
0.00030595232998488026
0.00010136692343115837
0.00018315322143234953
0.0005535182620459314
0.00032540947475855395
0.00048522324085702916
0.00019280232904820503
0.00014740386961794148
9.281727921901622e-05
0.00030952457930787797
0.0002707598469632507
9.082377954918281e-05
3.485501324085701e-05
3.8920230019814495e-05
0.000155957045908025
0.0001364186162510824
0.00022103111802114516
7.979552425435312e-05
8.488730794555098e-05
0.0004828677681156192
0.00017458518072047973
0.00011869326803132127
0.00051194622997741
0.00022711910452337825
0.0001559816859944462
7.940635596098189e-05
8.628737178082692e-05
6.753240439076357e-05
0.0001975693930713958
0.00022194818144098078
0.00021454183059598547
0.00024416432446061083
6.063765697551048e-05
0.0003347362417079373
5.124339882302851e-05
0.0003126672092877448
0.00020191827732058264
0.00024129920526282236
0.0001727151668454199
5.784552351467134e-05
0.00031623733155667575
7.882039791202663e-05
3.616532404190955e-05
0.0003189904840221097
0.0001265101167826652
0.00018191840761892358
0.00016761814718107548
0.0007377292863835356
0.0006042917205126763
0.00018092831207870095
8.220011048151403e-05
0.0001662371629907416
7.483411293426485e-05
0.00013743991660161397
7.80539000254161e-05
0.0001401585910778768
0.0005440296012259216
0.00016190468083014033
6.545683798604273e-05
0.00010503695491019438
0.00011243359089311544
0.00032466184289944383
0.0003136184662608804
0.0006339522103793669
0.0001402255693543189
4.7327380067968636e-05
0.00029976387906833
0.00016146050070620107
3.3319753699642056e-05
0.0002866509540024073
0.0001230635394145295
0.0010112882237236932
0.0004519833219790174
0.0002829122420286709
6.43014810109653e-05
0.00021888008772628185
0.0001110859561414941
0.00021080368755666264
0.00033242025126849244
0.0001426776000979746
8.375510626180974e-05
7.213745397110865e-05
0.0005817593706117144
0.00019077321443860079
4.815139709216315e-05
0.0006970690153101979
0.0008940475051680169
0.000559386514933016
0.0002762156108392058
7.029217485877172e-05
0.00035010115059016085
0.0001340176722103442
0.00023732853542208053
0.00016230345413739396
9.34052802058912e-05
6.611485348798872e-05
0.0001505062663179904
0.000374778504299465
0.00014357511542318377
3.5417196950127725e-05
0.0001473211254587596
4.218665350235712e-05
0.0005959848180595983
4.861134887957155e-05
0.0007445437023922262
9.851666518979501e-05
0.00011954891586605032
9.229601417669572e-05
9.803619195570174e-05
6.207138570082383e-05
0.00018165245940224642
7.192982880679936e-05
4.3052674251834426e-05
0.0002087790468730513
0.0002442634790485039
5.426976063085556e-05
5.600914308916852e-05
0.00011043780237757885
0.00020111342728015326
0.00013278687914835123
0.00017904944487490246
0.00014051577467134012
0.0007910727742371871
7.651339479367116e-05
3.974106281483868e-05
0.00010386494147645935
0.00010413052592021796
0.00013702762721130973
0.00021066785722295903
4.4646724881644034e-05
3.687058349500492e-05
0.00032121975204213335
6.678735661088344e-05
7.482199264772565e-05
0.00012262053411379355
9.073506597590405e-05
0.00011676656703852693
0.0001650502863997999
0.0005644537384217353
0.00010084374964864538
2.863694697453547e-05
0.00037113076253432144
0.0001433729015554591
0.00028850456800395363
0.00018536421755178858
0.00023155868969272338
0.00020681872554319995
0.00017578084560269523
0.0002672640475594643
0.00020285847451571973
0.00018132062816256377
6.018685637307278e-05
0.000164799896348562
0.00020460616044559108
0.00012736311805814992
9.458013207940697e-05
0.0001516708226353415
0.0002611866389556656
8.114483989333828e-05
0.00020712458396248987
0.00013375061017246613
3.591660514912667e-05
0.0010594104359572482
5.681651011991035e-05
0.00021408441033364024
0.0002474180810430834
0.0002960643936977914
0.0003498032462159016
9.296085827286481e-05
5.645970877835686e-05
9.394530238852535e-05
0.0004584493064937145
0.000382678522047322
7.409387695235142e-05
0.0002382084963445792
7.373085347770703e-05
0.0001560620471683254
7.158924285153234e-05
0.00037092225940742315
2.179682214130165e-05
9.497064770059665e-05
0.00014202974284201206
5.1437739412075685e-05
0.00017055937194942214
0.0002937409677702115
0.00033602342828386954
0.0002677811459886803
0.0001286959314461768
0.00045838618797615523
0.0001463422007268001
0.00014222594771314876
0.00010004456698536055
0.00022398777062209924
0.0002796422662722469
7.400267230142215e-05
7.725822135115211e-05
0.00018202513620978143
0.00035241317616989127
0.00017411095635718417
0.0002759883614492549
0.00026512920588581796
0.0003548335057866713
0.0006529048931689063
0.00010178995542600724
0.00013897807301496365
0.00013034169108180608
0.0001410830685594626
0.00014212481805900968
2.8621846215966286e-05
9.972307385735759e-05
0.0002096996718513108
0.0001889272837279675
0.00029745046290459854
0.00018035650927826345
9.317567123438795e-05
0.00017288311741276032
0.00016826920322123937
0.0004393089184714292
7.802715851696532e-05
0.00035328718139659364
0.0002143072788448237
5.558625142277397e-05
0.00015986152237370285
0.000311506879346123
0.00012015358054348874
0.0001562994139461875
0.00020758757658399741
0.00015390616494564074
0.0002592693626857576
0.00031778996497086864
0.00016625615573896357
0.00014094618034298095
0.00029122085136118226
0.0001786671202758938
0.00030277994752145207
6.994661548288494e-05
0.00034134921646955535
0.00010593669450848589
0.0001264317806114003
5.819692145351923e-05
0.00013677505573880602
0.00019308799218231045
0.000293453059887346
0.00012146488402898085
7.63210274153754e-05
5.065585671263886e-05
0.00010821309610870017
5.438470218302256e-05
8.336710582847175e-05
0.00012412338203266634
8.695784466064202e-05
0.00016729189120193467
0.0003149890690286338
0.00022908683782250222
0.00020805061672130482
9.991427676808112e-05
4.968350002461552e-05
4.473161677398234e-05
0.00028822935548459384
6.081364036517484e-05
6.854089619471337e-05
0.0001269987941678662
0.00012103705297550808
0.00020795319919575807
0.00010004577564104024
6.538639770155539e-05
0.00020103220377464112
0.00035047310184632387
4.266241631855861e-05
0.0002637293597837178
0.0002809240568558107
0.00011545010041060855
0.00015749424387055512
3.974945613594608e-05
0.00026187761725030505
6.006385145467913e-05
6.882958162437765e-05
0.00016019497548354122
0.00037837548876110334
0.00023008840619073557
0.0001098008118274372
0.00024345903518784042
6.145349440832343e-05
0.0002772201011444981
0.00012045587293177578
4.5337597991953e-05
0.0001743944528060412
4.587324898005014e-05
0.0004290384646747412
0.00021197554302264992
5.362161966914924e-05
0.0002877547224425156
5.5288880502912494e-05
7.505718841358009e-05
0.0002401515723176986
0.000919110350122692
0.00024745747534064285
2.6603548160635585e-05
9.128024654345936e-05
4.887022936332895e-05
0.00019494777402987774
5.89087508070669e-05
0.0001908563620840979
0.00031982647511179365
0.0001519667502289258
0.00011880925329289464
0.00039318202535604024
5.495545653202469e-05
4.742916011934404e-05
0.00010088375300492244
0.0004653059454343653
0.00025069037495282327
0.00010466156492261618
0.0002838131910094984
0.00024561549596584226
0.00012690432166185143
0.00021595435023863977
0.00041453400526640367
0.00011373338499547528
0.0003240943788735817
0.00022520663858452967
6.128644709514264e-05
0.00013919522916907486
0.00013022785821318312
6.794126085609953e-05
6.331488261928263e-05
8.330200997398836e-05
7.284093830304e-05
0.00014005084896189995
4.718928621632117e-05
4.5022013203474525e-05
0.00017099669286892277
8.084186142291066e-05
6.892594303578936e-05
0.00027817158793275225
0.00011274480718687367
5.170101714705035e-05
0.00048211674174934005
9.014890844183692e-05
0.00013902489938133808
3.685474468348509e-05
0.0009085499631430755
0.00016731130091101002
0.00024191913028481074
0.00036312325205587045
0.0002549621359712339
0.00024754836918800286
0.0002051288173755731
0.00024353728227443443
4.9570758288501504e-05
5.552153181276498e-05
0.00023703547571740644
0.00017910069484936673
0.0001470187153029283
0.00020893511110152115
3.6581909807474226e-05
0.0001997113437659644
0.0003036819783574702
6.86779948029338e-05
0.00020184607473234067
0.000577660316382633
0.0002858341508627608
0.00016720392660271642
0.00010548325161395433
0.00025941927546854006
0.00010152590059173036
0.0010570069075867235
7.664767484728923e-05
9.021896917777532e-05
0.0001728987077453705
5.118753393651251e-05
0.00016064473416979027
0.0001560024099389952
0.00010794065161283707
0.0001463441747016513
0.0004945913948716794
0.00039716665269015633
0.00014634379785582658
0.0002848990720884141
8.65780051316921e-05
0.00010627828929187235
3.3135329497493384e-05
0.0001533114589800083
6.786307245606843e-05
0.00018348691628220924
0.00011300485075156936
9.79941670087046e-05
0.0004179316048606825
5.3193288127385575e-05
9.561882853524893e-05
0.00013895010911647756
0.00017343058666700659
9.781564738598603e-05
0.00012413290250732473
3.9835274633528735e-05
0.00021279808200214793
5.344384691357465e-05
7.298120950751614e-05
0.0003660356741614283
8.883912179784967e-05
0.00016312969845890126
0.00026801856461518265
0.0002657285755559325
9.469022532650466e-05
2.316072368405966e-05
0.00012874945049398705
0.00014418087629565655
7.297285601661712e-05
0.000131231522707855
0.0001984081052858469
0.00028663856244187105
4.030491130983907e-05
0.0003866948841049414
0.0005321976600407927
0.00018935729480500657
0.0002992472087417744
0.00034556868159589304
0.0001042379905502341
0.00038214442616114826
0.0002455030428511391
0.0002425637031978397
0.00013595361180721065
2.9456263030745056e-05
8.933128357122517e-05
7.071192625825591e-05
0.00025014255769019407
0.00010335677059454991
0.0003433704078061931
0.00025698658506692656
0.00013823477771675712
0.00020204745044203806
0.0006102907201161479
0.0006575301052911674
5.6792964734962694e-05
0.0003396411159599192
0.00026511492848535197
5.427350562457837e-05
0.00032977137522412534
9.760488757946694e-05
0.00011003704001048499
0.00026016156020761073
0.00023437667892831315
7.158774354114527e-05
0.0002465378184677124
0.00016499917664917154
8.180731908123445e-05
4.2536224798654505e-05
0.00011512708804089178
0.00016271400988895072
0.0002736135405078561
0.00024833016566757395
0.00019484598625938197
0.0001317109702780342
6.46494892126541e-05
7.259912276011527e-05
0.0001314536275289941
8.429199353302703e-05
0.00031402540979204345
0.00019850834727988686
0.0001763168752115732
6.406834723052871e-05
4.5391525350694573e-05
0.00025476733889625116
8.682726770805681e-05
0.00024073471135059883
0.00021526982390760016
0.0004429203263059859
0.0002203431251890983
6.349496307281532e-05
0.00015177523316718276
0.00011088746246943663
0.00025317863706355887
6.359946702009938e-05
0.00030951336465365946
6.0917926621053535e-05
8.630545106468722e-05
1.1834796278370403e-05
5.172806242040989e-05
0.001065842700564314
8.885299116187754e-05
3.708742931298287e-05
0.00010111495236269478
0.0002569623257964504
3.311742915538116e-05
0.00022554172297417795
0.00014796934828149047
0.0005400413616305342
0.0005439372815857911
0.00012418558090420537
4.4934544909946464e-05
0.0005749078397925617
0.00042095449343974595
0.000137852146754712
6.582607289942252e-05
0.000673057466348114
5.3717650124135334e-05
0.00011601090321747538
8.446939842870474e-05
0.00010198098649255015
8.891651970007806e-05
3.8321882910380136e-05
0.00015053211807209587
4.4674728318440326e-05
0.00018116398803629956
0.00036941512365340555
0.00011858175999039147
8.502740551412798e-05
0.0011893384682725055
8.838040385916465e-05
0.00012364334617694905
0.00019247668343545189
0.00011549400104187243
0.00010055406131653246
0.00010886725018249263
0.00013382836288917865
4.517185983914721e-05
0.0001373726465946574
0.00013274681595036835
0.0001096790280695726
0.00011131053069865875
0.0001474352714730455
0.0001961866731777251
0.0001388659339640505
4.5190947438894306e-05
9.229725260835519e-05
0.0002243969078248995
8.756949823564666e-05
4.684358164694705e-05
0.00016023646598842617
0.00019334720869425393
5.6723543185279056e-05
3.034070540288482e-05
7.377867598047468e-05
9.054998087396033e-05
4.0535192372368954e-05
0.0004056627042410424
6.261646948370537e-05
0.00015146619560602763
0.0002366662063294106
2.8550775013567112e-05
7.457267154350692e-05
0.00010497897835874182
0.00035483466887868405
0.00014901303228683751
0.00015405609870554777
0.00011652521635736319
0.00010979199721438894
0.00010083572585006229
0.00025304597795775067
4.278127856298647e-05
6.914487337929139e-05
0.00016535455389719047
0.0005075638041334384
0.0001499370780033804
0.000613162761423991
9.453539732457893e-05
0.0001522205024682377
9.917810731965192e-05
0.0003879845094072002
2.389364282792091e-05
7.04481484117932e-05
5.336061817438144e-05
0.00011458950699813153
5.4666890889088244e-05
6.670244883252236e-05
9.213667394306267e-05
7.8212861749755e-05
5.0146961133538484e-05
0.0005819128531647353
9.730454260946169e-05
8.345005488723027e-05
0.00010959634012159258
7.692218709241213e-05
0.0003367190588976225
0.00010125474738592514
0.0002495357316469156
4.631936763406363e-05
0.00019763364637574027
0.00018145842896520592
5.42500148658904e-05
6.373339630326173e-05
0.00017819381221593418
6.269670487097127e-05
0.0003935536787376889
0.00019941817925523065
0.00017941758920600817
4.755033786957655e-05
0.00010237459315778078
0.00012238306899057968
6.0085802312828063e-05
0.00016571727965184542
9.711230126396045e-05
0.00018526642730443582
0.0004031112674654335
0.00012710827598534102
3.2723713635236244e-05
9.983478336759225e-05
4.223328245906679e-05
1.564632223571263e-05
4.184348346621458e-05
0.00023731428883451764
1.2865352509472585e-05
7.910053633807493e-05
0.00025890869295754066
7.839577163445795e-05
0.00037191326145588464
0.00013294293974102137
4.379437652748482e-05
0.00013324818605173165
0.00010198050091865036
0.00012534413901242491
0.00010862952523589802
8.216495223411127e-05
5.3738408581048436e-05
4.3045586215609765e-05
5.4817829241721954e-05
4.464919884221872e-05
5.824774212063094e-05
0.00019754212923466996
7.312122475674575e-05
0.00022236010536458867
0.00011235170806120037
6.91355013002617e-05
0.0002990962953621523
0.0001783578368273229
0.00021656090576563657
8.13763281110134e-05
0.00039846795236900436
0.00036952367187434817
0.00028404862941325043
0.00010831350334436892
0.0003181684813107203
0.00039475057183672427
8.776286207081293e-05
3.979129428438549e-05
6.204374282138007e-05
7.517842158586609e-05
0.0003363299157101079
0.00014543268085156377
7.115102928627257e-05
0.00025538777777515134
0.0001587675875764363
7.252331214276726e-05
0.0001948480237009535
0.00013312924185644932
5.1831191144086635e-05
0.00018597664449346548
5.9831894821657665e-05
6.33791751283848e-05
0.00021103589019337053
0.00024146015409893704
7.39474816668265e-05
0.0003935194459200278
3.630811154061803e-05
0.0002430224589564197
0.0001424488947962541
0.0002762565741542223
4.1262900983370904e-05
0.00013998113079704172
5.4581535370399744e-05
0.00021921408020783844
5.0699626752585924e-05
0.0001261317030729242
0.00016115119218504867
4.335587927408744e-05
0.0002633918923076427
9.319663407726223e-05
0.00012427266132681924
3.9324078552751765e-05
0.00016121929681129206
0.0001257440018075604
0.00039506378727129516
0.00016215006449196373
3.492385280513929e-05
8.064780356315734e-05
0.00012266448686968216
0.00011726920955453271
8.622238679791268e-05
0.00011441890952035965
4.765109788247274e-05
7.600012056070614e-05
0.0002081324013102627
2.5878234875377165e-05
0.00022348486336368125
0.00035907434178807595
0.00014867186760924444
0.0002472674297156177
6.281843068031579e-05
0.00013160809376163934
0.000234371644952228
0.00020441632473147103
0.00021618057896609157
0.00010284809282277934
9.361668249593933e-05
4.5148126889866726e-05
8.584123868199524e-05
0.00014661687624032901
0.00017882046133836272
6.27528351739192e-05
4.5675701268555574e-05
8.206403718872843e-05
6.660462971759209e-05
9.33716382495313e-05
0.0001144552549149906
5.761236356653377e-05
4.304667249132607e-05
0.00012076910135644378
2.363868288982169e-05
4.115744107371695e-05
0.0004489555050108935
0.00012569785664901553
0.00018146698134051373
0.0002949287259068431
0.00020464361803900223
9.406119381124699e-05
0.00046195286686709494
6.451099898736147e-05
0.00016455971711546843
0.00022128422789707196
5.926235871960424e-05
0.0001482022943749661
8.116439371982092e-05
0.0006462310475705335
0.0004492275516298863
5.617702374115679e-05
0.0001427109142845071
0.00022482929865634693
0.00012564091151516982
8.061302708250655e-05
0.0001524231111408539
0.00018757537738530147
0.00016718400105597556
0.0005075635058772027
0.00013769139410751028
5.5618956467766515e-05
0.0001458649749465863
5.9998663116387454e-05
9.861880530836522e-05
0.0002766571555251044
0.00026984936411926985
0.0002970866492920681
2.8728206929222774e-05
0.00010255276408669915
6.961068186005032e-05
4.9310149432478226e-05
0.00016458429177494468
0.00012295328325520713
0.0003056401646066484
3.436235725351893e-05
4.028287161066323e-05
0.00010291227005163593
5.8383734927604925e-05
0.00011370380836610813
8.349272769547586e-05
3.4678569201869444e-05
4.4996180663153255e-05
3.967757647190802e-05
0.00017659226421362767
0.0010131769218599993
0.00012236688193888957
0.00020463838518421494
6.759019429871436e-05
0.00010751845883698282
4.809497520469151e-05
8.533662356643948e-05
0.0001509412125726753
8.99001965272292e-05
0.00012651933115992892
0.0003619857528151652
4.1973103618959224e-05
0.00021432718161644855
4.570101211205095e-05
0.00014233607236764832
0.0004141452871812994
4.550305194451703e-05
7.851132443003941e-05
8.03546536181949e-05
0.0001039215519470222
0.00010351180503359991
0.0005631246920938208
3.66660372508635e-05
0.0002236570420178719
3.142363945385978e-05
7.666919708929892e-05
3.8686431497145376e-05
0.00022765261019968547
4.795572021790589e-05
0.00014335692721815818
9.38429665412944e-05
0.0001361404878556133
8.469424239810299e-05
0.00015856706733000778
0.00019117753537037312
0.00019281565517240227
7.447029786640049e-05
0.00030503013239052153
0.00041352565320177043
7.060736730948518e-05
3.466002585855592e-05
4.7774522445029404e-05
0.00013383112693461795
0.00035688440579590016
3.2143240005932494e-05
2.157162634417861e-05
0.0003584131267083864
7.040365494068038e-05
0.00016383852602059118
0.0001336664785297491
9.37451146062209e-05
6.122964524526483e-05
2.512624381968846e-05
0.00013923757751191674
0.0001605179756119857
4.168868976789479e-05
0.00012977240663880366
0.00014131784059931622
6.0538846055508776e-05
0.00010041354414977057
6.825198385613328e-05
0.000302692373592841
2.3227935262399627e-05
0.0003059224449180702
0.0002759133445837886
7.830452279495281e-05
6.75724387247431e-05
2.7960440917096067e-05
3.5312023576472666e-05
5.127336997524041e-05
3.205983982712042e-05
0.00010089127407346395
0.0001438173669004448
3.2611066687737916e-05
0.00011286032877329745
0.0002040730412112202
0.0001138839249359315
0.0004804063303588994
0.0001213825813153442
0.0001513870191850288
6.602912502524626e-05
0.00019327957827167735
9.226498588515304e-05
8.460457955345376e-05
3.5820378205904e-05
5.53726547627541e-05
3.1419943639974095e-05
7.076500369070156e-05
4.276909745217892e-05
0.0003281975706827852
5.3202604024728926e-05
5.276514838672364e-05
0.00011045718434909738
0.0002996312029850037
4.607551497385829e-05
0.0004194349902041409
0.00011899918576935204
0.00010622824820343725
0.0002082305530777957
3.9397893992164886e-05
0.00019805828720491527
0.00010725137929449621
4.6495979754957246e-05
7.587599094375408e-05
5.789990898539135e-05
9.312279666999865e-05
7.800835539071003e-05
5.4936643339877374e-05
0.00017906012443072802
5.58315978095141e-05
0.0001024867818285502
6.0129325214831566e-05
6.316948176638029e-05
0.00011498398742621694
7.548920599253411e-05
7.246491214550746e-05
0.0002030338717746689
0.00014168206325420525
7.820838844480283e-05
7.585552583938081e-05
7.342580128862647e-05
5.770390857530582e-05
9.969828713450022e-05
0.00013236617527339608
4.298909057979469e-05
8.422812164363856e-05
0.0002511810171564422
0.00010316374796814413
9.870142808954796e-05
5.055385958455364e-05
0.0001244436210658413
0.00016676077050747668
0.00019199438517854836
0.00018287259533670064
5.715187942624782e-05
4.2916356915427925e-05
0.00013966738431739464
0.00011015897748464394
0.00012617353523989284
7.291940440871078e-05
9.710817706551117e-05
0.00014331308092566745
2.8964000001731968e-05
0.00019445255528937794
0.0001835090924039953
0.00011570465672560603
5.2297127698115385e-05
3.144222263716654e-05
4.045301886974141e-05
0.0002940186437659447
9.708743618693385e-05
0.0002550001620399936
0.0002692570186054951
7.655771519232414e-05
0.00011925657512482247
6.338168593159266e-05
0.00026798173142401053
0.00034989217737819387
0.00011586305095745887
0.00017123070649248005
7.880379732824958e-05
9.39280620201363e-05
5.685530148733455e-05
3.266708595511379e-05
0.0002562794402864497
8.318782938894727e-05
3.906898950554072e-05
3.286621856552234e-05
9.00454144907435e-05
0.0001915689125388238
0.00011309153519657719
0.0001285823542114733
8.931971719297164e-05
6.276594604621546e-05
7.894345745871635e-05
0.00027427736873793804
6.217680658538035e-05
0.00011711181351362299
0.00018040589076529827
5.910251697445067e-05
2.623841080807363e-05
0.0001537731530286058
3.331720149271339e-05
4.859558583896983e-05
0.00020572787595912566
0.0003469627479740251
5.010034539098707e-05
3.2060340532475056e-05
6.11186574915812e-05
0.0001554782792311329
6.899601481185065e-05
0.00010908031276141729
5.9813603649768285e-05
3.1911242423643774e-05
0.00019321570643734655
0.00026344305902730304
9.371106318120847e-05
6.112837389031776e-05
9.307288023183736e-05
8.749641925944058e-05
0.00014105377712049838
7.083917871982285e-05
0.00014995821549798762
0.00013946058935733387
0.00019737148074715157
0.00030534669774500713
9.954925875632247e-05
0.00012555107512129686
0.00027298183704870893
7.676636052446667e-05
2.537043257857791e-05
0.00015546340343281523
0.00011997398601818553
8.473989499467698e-05
0.00023067835318676434
3.848023975520555e-05
0.0001402800732139252
5.9336042389051554e-05
0.00012528140094007943
8.645997557369119e-05
6.690554470926649e-05
0.0002438093928311857
6.240043447677353e-05
9.501447590611073e-05
8.57192183337936e-05
0.00012487178151119498
0.00010089632354619902
0.00013184488503230235
9.231591467673942e-05
6.891543251383963e-05
9.124199958543282e-05
0.00037067906309099294
9.284023203638411e-05
2.7430903738720405e-05
3.788332809328169e-05
0.0001893347063975151
9.031496160978743e-05
4.7116391439887646e-05
6.124865879624159e-05
5.631148445195828e-05
0.00010367863803976995
6.917821971863771e-05
2.783244382689642e-05
0.0002558940822541077
0.0006124527892399256
6.735074992622927e-05
3.97731557074028e-05
7.294133957005253e-05
5.135435797058004e-05
0.00024138088694099046
0.00037703075592152664
0.00011363312302270274
0.00031526794209235805
8.256291837267439e-05
0.0001042683493957337
9.80306519236685e-05
0.00011426132120981349
0.00035409982559365163
0.00023567872099692345
6.552680617283935e-05
7.725399331067721e-05
0.00011567346249291062
2.5483000835557514e-05
7.741526323194074e-05
0.00010292289316914318
0.0004207427268182552
8.023502184301777e-05
7.151377700194039e-05
0.0001570261680565737
8.365907671830182e-05
0.0001011392486222746
3.2391647901450835e-05
0.0003211720871505313
0.0004272637148860018
0.00021031671669048522
4.874439766989796e-05
0.00016379142735778714
7.95415467966829e-05
4.199522497129512e-05
0.00023655990561563637
9.422244396376901e-05
8.23800797038517e-05
4.1271529398614476e-05
7.368230601507136e-05
5.146415719602739e-05
0.00011080644317160753
3.4945803610560134e-05
5.3535749615313936e-05
9.72149425178e-05
6.281976565932976e-05
0.00018523739941706782
0.0001348504662429059
0.00015483433125212855
4.2073370042377554e-05
0.0001253379799739636
9.842724314303031e-05
9.97166368873386e-05
0.00017857653347186594
6.443110064152462e-05
0.00010442935943845307
0.00016037456913781765
0.0002423273344407119
5.560840383592044e-05
9.213740720331182e-05
7.299426431725818e-05
2.828984955983108e-05
8.256558600184515e-05
5.142364375408204e-05
0.00012371934624793996
0.0001780955497149447
5.195708109304435e-05
5.1570670204558106e-05
0.000302907926448882
2.9970920434726846e-05
0.0001917758684254671
5.437979755207051e-05
0.00017612236743811015
5.834762188698778e-05
8.295989610085409e-05
0.0001401226093786569
0.00017769498034699222
6.603420675150175e-05
9.191586359787457e-05
7.06748560285753e-05
0.00020838914008254698
6.078144675897107e-05
0.0001006110889719803
7.840532791865757e-05
4.537090692779466e-05
0.00013601304731093795
2.0837742783519788e-05
8.781304939772901e-05
2.696243952341251e-05
2.360180360274159e-05
0.00013677802490578883
0.00011435832062794748
3.297230640096786e-05
0.00013401060095647184
0.0001959452324543571
5.142853156229896e-05
9.188463522605042e-05
4.7286222143950866e-05
5.446747948729773e-05
0.00022897121946742423
0.0001174993679343162
0.00021733983364505076
8.383806792815599e-05
4.92525440929282e-05
6.424187016697181e-05
4.826352168808746e-05
0.00013425854973518102
4.64698513250702e-05
7.60704493639905e-05
3.929813807269369e-05
9.187643488129265e-05
8.123093447720412e-05
6.844168007305454e-05
0.00019046285064932208
0.00011207297175458168
4.3904517026000855e-05
9.019117444544147e-05
9.087072551830861e-05
6.62241556277518e-05
4.680302993006754e-05
0.00017041884173136997
3.714064951984552e-05
0.0003041706898473355
9.810732545728108e-05
3.359045269992974e-05
0.00014707116341387887
5.88933553040819e-05
3.734257209861181e-05
0.0002010176160671961
0.0001242872170762983
9.403880658614957e-05
6.858322297847809e-05
0.00012325342300589497
0.00013206036605429086
0.00017257253988544382
0.0001314373184057207
0.00013949456181469512
0.00011366209381556978
9.50084954004367e-05
0.00018847572340135158
0.00016503868365301376
0.0001292568114787437
0.0001829796076895806
0.00010433097543423143
6.0158509834648846e-05
6.452562100428274e-05
4.777672764374078e-05
9.59409274266945e-05
3.994810195373628e-05
6.505262309378904e-05
9.27907313075203e-05
0.0002597319620913625
7.079246043690614e-05
0.00012754882482291692
3.4070593981087295e-05
5.135017242150095e-05
0.0001698947128477031
0.00011664758966089641
5.901689579548468e-05
3.79860581526598e-05
0.0002139603706210519
0.00041735862625963497
0.00010033707727036464
0.00012557009058455218
5.9749093194447195e-05
3.889117619864722e-05
6.956733914626712e-05
0.00011213998670093156
0.0001326042321469225
2.624043022891937e-05
3.950672802982052e-05
0.000161666872666296
3.2350856558716995e-05
0.000247234210762729
0.00012214345186994122
6.183596688899008e-05
0.00023373394923640594
0.00012559360552528447
6.337013660891737e-05
6.155982853151751e-05
8.903374235171653e-05
0.00012471673236819254
0.00016590458777198945
0.0001625378938957896
0.00013150109631849147
0.00010032928025945987
0.00013735785654361377
4.150768809591339e-05
2.6263299185954056e-05
6.228006310455428e-05
0.00016817052965775256
0.00035847652479691604
7.184337272710872e-05
5.996504440195576e-05
3.27226082436352e-05
0.00015505728274342367
7.380017279452262e-05
2.6746315295837132e-05
6.393327996359843e-05
8.505056528492962e-05
0.0002249071838533378
6.476820676482908e-05
7.902884909981873e-05
0.00014079450061875822
7.123062252949218e-05
7.170944545612968e-05
0.0001197858770772363
6.360186793439297e-05
7.025706892961235e-05
0.00014533404993693908
3.864568265475216e-05
7.523679997525006e-05
8.040378757061319e-05
0.00011818210254375521
0.00011706042599311071
7.49708166642233e-05
0.0003839129898138406
4.049087012914082e-05
0.00014418236230422156
4.405798640387245e-05
6.513720316886168e-05
5.14642907095286e-05
6.613735552053343e-05
6.496562936985959e-05
0.00011912075456738016
4.117955569738864e-05
5.1238264471035356e-05
3.639170061409307e-05
0.00017105786255844815
4.273411721626918e-05
8.166869905686725e-05
7.703186072928258e-05
0.00020198243869514582
0.00012807098894252548
0.00010389158531980516
5.807346468077732e-05
7.301056314877981e-05
0.00010446077584518645
0.0004002775999047802
7.542009908814035e-05
2.885245931629517e-05
0.00012957321812389122
4.950725107065514e-05
3.902442968001441e-05
6.978810088282945e-05
9.352569249118372e-05
2.92091210828203e-05
0.00031718867199824913
0.0003757779685869921
8.976241808320126e-05
4.8539984593778786e-05
0.00012254248784614709
0.0002296169388719536
4.00634011006043e-05
7.591981862090358e-05
0.00025389673015566524
0.00014223579300969821
2.9044383459745177e-05
1.6188619440231793e-05
2.6744474669570563e-05
4.860885675037758e-05
0.0002588103798532098
8.923912604978678e-05
6.10420181287441e-05
0.00022847169146693157
0.00017151881653199152
9.288836653626106e-05
0.00014314724071999221
4.318484989036586e-05
0.00012138925328222984
9.304443713679894e-05
4.913034185848128e-05
0.0002053641644978358
4.1547481510333024e-05
5.8729285247111446e-05
0.00013820345017382708
7.346967963035164e-05
3.372454481529236e-05
0.0001476011707899561
7.198447242001608e-05
0.00013674160793077832
0.0002460136503092221
4.910510655139188e-05
3.0073602307337995e-05
4.12822305276779e-05
6.867749790841108e-05
4.3968816521519163e-05
0.00011054176999312723
4.653255966157416e-05
0.00011897266506987065
7.619363892451439e-05
7.542671184511396e-05
5.698143854535778e-05
5.26073614081649e-05
0.0001079705514813261
0.00013048388113806052
4.880617374925967e-05
0.00012335684951296974
5.264091408460905e-05
0.00019867886711832556
4.1176551898454157e-05
7.453364827412112e-05
4.606295610221841e-05
9.155210572064317e-05
0.00014995663123284822
0.00012458035304518088
7.97981107481605e-05
0.0001531220142691085
9.204154013156455e-05
6.108554009988577e-05
4.279414629305435e-05
9.126545550022024e-05
2.9555790054858707e-05
5.5406846324482356e-05
0.00014558333007707675
9.05094137610025e-05
2.3381329165096847e-05
5.648289359680627e-05
0.0002910673782183328
0.00013176625526253118
0.00012156028846104824
3.469352218882973e-05
2.1234540962231316e-05
0.00013380604170108837
8.752642499856085e-05
7.328132275340666e-05
5.200986312301103e-05
0.00013538921798323585
7.466605076814868e-05
8.234994581683262e-05
0.00016903647925365
0.00012607086497389464
3.187309568833787e-05
9.743691226783851e-05
3.545296925002537e-05
5.4924535323060245e-05
0.00010517589900974154
8.438878920409726e-05
0.00014779185990580152
0.00010462361335224806
2.6241632819724297e-05
0.00018369056517743008
0.00010056726285149831
0.00014474395705492296
3.838355474917703e-05
0.00010706540909208056
3.60037040100926e-05
0.00010760171150759033
4.183043049022323e-05
0.00010547254855243427
0.00010110904842283213
3.875086986926998e-05
9.968211963062588e-05
2.6685588951904708e-05
5.139010412052766e-05
0.00016815484418578264
0.00015900803565902427
4.225733063743869e-05
9.833303338075342e-05
2.2736720579464384e-05
0.00012631999493460116
4.7608751268771194e-05
2.497332974160149e-05
8.156629006092706e-05
0.00024170122378645888
5.839738203986914e-05
0.00018508399728066403
6.70045586876783e-05
0.00012552769769967132
3.0978255665664435e-05
0.00024554989139969463
0.00012989736301611044
4.942886603853683e-05
0.00033100069597616523
7.207917381274752e-05
7.111120600990757e-05
0.00010652311876508086
4.806438987106133e-05
4.7237325244842e-05
0.0003601040398607264
6.524079171396708e-05
0.00024957678993052024
8.01970161322843e-05
6.034046524325034e-05
7.255063845601534e-05
6.593436075456982e-05
5.258108176615422e-05
4.658944004311616e-05
0.00021741556987341603
5.3611237130022024e-05
3.785146473161437e-05
2.548738273459187e-05
0.0001078478904595333
0.00010456639074673755
6.543319879699079e-05
0.00017573825039768614
0.00013598639548604544
4.339879477735176e-05
6.464598922826757e-05
0.00013095492305485582
4.127698558366445e-05
5.633662699183144e-05
0.00033687740200636924
0.00017401513953035168
5.516697398646058e-05
0.00010129360615076049
3.1883662941529234e-05
6.304384640659801e-05
3.8010135713100185e-05
0.0001475172601262313
3.781109117400495e-05
2.153485473021858e-05
6.567203116820112e-05
9.113886838134026e-05
0.00016542842488759303
5.025875695162401e-05
3.0007030837650073e-05
5.3374149504255005e-05
6.488136023265401e-05
7.150282568436742e-05
5.3321054692507535e-05
3.6867568956173574e-05
8.886077614090582e-05
3.6859370475844956e-05
0.00015301918869842348
3.324640651570373e-05
0.00010770053707785031
3.6300707637434606e-05
8.552272188282145e-05
2.6263107243685075e-05
5.332132354475379e-05
3.261348495415508e-05
3.425092341753083e-05
4.814813791902387e-05
6.954699346127877e-05
5.1292697755028855e-05
0.00013635261487316043
6.196349046393883e-05
3.48210450007996e-05
0.00010090739251355107
4.6483803259235625e-05
9.086572806439976e-05
5.800256687876654e-05
0.00011307923778246855
0.00011733104649807039
4.57327058732149e-05
8.398222072363048e-05
0.00011644867201002682
7.154017408374099e-05
2.1611449323516962e-05
3.252090273622913e-05
2.059230632143115e-05
0.00017805238657887264
4.213184531515981e-05
0.00013539005301551555
0.0001410019696548316
0.00010862443219970305
4.273585177864717e-05
6.675263748557984e-05
0.0002467192520925111
3.4668954132511546e-05
5.3797609095064174e-05
4.5449198389842163e-05
7.842058266221017e-05
3.509380623642965e-05
5.001070055708551e-05
2.8977252819883407e-05
3.932695692388425e-05
3.634447628324721e-05
3.8897764833905394e-05
0.00011256763703027604
0.00014576902342744715
0.00011303894336809302
4.92163231549866e-05
0.0001808188501106292
6.002998689271675e-05
4.676342044382256e-05
9.903969172113995e-05
0.0002767591405221553
5.810598358154285e-05
7.886020386680439e-05
0.0002480987790092632
5.0379438036830285e-05
2.5526211076748046e-05
4.5474098811585784e-05
0.0002113803672374733
8.832989473563534e-05
3.824214550657155e-05
6.77579640752996e-05
7.330320168241607e-05
8.62630969375175e-05
6.955941595211543e-05
0.00014160610157767486
0.000401174039112325
4.660231216485794e-05
8.019556778768515e-05
5.5218822739903e-05
9.18107719854589e-05
3.7635003479095485e-05
0.00020036631622712115
9.437680885569204e-05
0.0001259286358261281
7.538610938700092e-05
3.374046889790397e-05
0.0001261200003137606
0.0005635054649465803
0.00025022592542501973
0.00029026800119005364
0.00011910997102561828
0.00010241956801598006
9.119517942692567e-05
4.021397107545913e-05
5.506415158549164e-05
3.728026756134734e-05
6.402425165174332e-05
4.382804806686721e-05
5.997947333568757e-05
5.144062069391842e-05
2.5610340855946035e-05
9.666346474614435e-05
0.00016196082990836428
0.00014734852362235503
0.0001771593299956738
0.00030985304198073775
9.618204602207196e-05
7.082633673522635e-05
6.970828201343218e-05
4.5209089835125545e-05
6.475982972263569e-05
0.00017217728155654653
3.251543652548297e-05
0.00014236200956009877
0.00020865389749816243
2.6510317033792795e-05
2.4914344355607047e-05
5.289919102472368e-05
6.056327116409739e-05
0.0001082824909462107
8.530177741251465e-05
0.00010090881499021082
6.637409950086767e-05
0.00027180011231280277
9.957311620172431e-05
0.00010518758968111071
0.00020230711280861435
4.9685663022399566e-05
0.00020419305651357515
4.736336886833655e-05
4.3033290464524875e-05
0.00021471184925891268
0.00010718260829589313
2.465033286508887e-05
9.252510611188173e-05
6.828623395069751e-05
8.846228427545794e-05
6.55676727176774e-05
2.9225559021433482e-05
0.00017171331987244167
8.303384704119482e-05
0.0001616715709596127
7.762899905643362e-05
3.2380918568290785e-05
6.577972666659454e-05
4.896313218283032e-05
7.112885849488602e-05
9.21138107914239e-05
5.560895044584796e-05
8.692714767412479e-05
3.6304420175068556e-05
5.4059211058843713e-05
5.087157552380593e-05
4.946975060166358e-05
8.722073113330346e-05
5.910151213023728e-05
0.00028105544626693015
5.348619663693005e-05
3.211659579820973e-05
0.00012607177421366234
2.2668377760775942e-05
9.839268963797847e-05
0.00012727577540228046
7.468204515708195e-05
0.00018487713869894988
6.811172735475253e-05
5.878406195259913e-05
4.8379948485827746e-05
3.7685424972018644e-05
6.204117798724819e-05
0.00011100839964357295
5.584245310176121e-05
5.9971511548788205e-05
4.301084272399596e-05
0.0001651693752415614
0.00013376445914303964
3.8430256542528374e-05
5.597561129940764e-05
0.00012168350711181832
0.00010783599276894737
3.299758996197668e-05
3.685386095971832e-05
5.547144270068507e-05
0.0001038032294379536
6.160159827075444e-05
2.888690532752006e-05
5.119098900224689e-05
0.00023831140621003908
3.665569369631396e-05
4.1176766997176004e-05
5.547641272659694e-05
8.906671499256226e-05
2.2533885543129198e-05
4.280787902199267e-05
0.0002494994722761479
1.9393924060143662e-05
6.268731072866386e-05
2.766388556566538e-05
4.1021501298570484e-05
6.02026759889149e-05
0.0001772747513825923
5.6331231780469065e-05
8.884311565193363e-05
5.625166812346431e-05
4.595576701923437e-05
0.0001938295611104922
0.00010116731464212377
3.5503475762377996e-05
5.206447879886726e-05
0.00015170820192288647
6.060598319845908e-05
9.9425959057728e-05
5.6942314108422017e-05
0.00023078253850239249
4.592895464059059e-05
6.229670653797418e-05
9.253749465255391e-05
3.201537999818063e-05
0.00014567049330873802
3.0053491318941984e-05
1.743383089946565e-05
0.0001521102017379485
4.6665264109577003e-05
4.084566559670014e-05
2.2708157560477923e-05
4.3059731738195436e-05
0.00012533914510591426
3.221253100536714e-05
3.112288565986182e-05
0.00011209536454042861
0.000114279104745289
4.060586663075197e-05
0.000162226269689665
0.00018338975183541803
2.807170319604104e-05
7.660504504448986e-05
3.21620894405897e-05
0.00034023320853684063
9.028166494547859e-05
0.0001348549740654968
5.9974706475331766e-05
4.0439316046501765e-05
0.0001376541701671322
4.438699357239147e-05
3.975164843520343e-05
0.00012553540409296208
6.871376572654976e-05
2.7228293930179137e-05
0.00010508798477652426
3.489290451210518e-05
0.00021186769365337014
9.251634293143727e-05
4.277523455365338e-05
0.000164937818575042
6.296908215292459e-05
7.078182687292319e-05
9.013172918508458e-05
3.37156004977539e-05
0.00016775531110507354
0.00019487136226067773
5.9233438548669635e-05
8.184591232919352e-05
9.377577381257293e-05
9.855260633777013e-05
0.00012177939107552304
0.00013394691213570157
8.339728960152129e-05
5.271770833860949e-05
4.976627560062212e-05
3.5328248640032355e-05
8.936729848230082e-05
3.594748380912906e-05
2.9755999475855607e-05
4.110075052254819e-05
3.37276938410535e-05
5.80691006760183e-05
3.358067428384895e-05
0.00010066141020063896
6.849903122771786e-05
3.6165149851759545e-05
5.1262282509801e-05
7.333228576816177e-05
0.0001467197910070447
4.5752321004965846e-05
0.00013595304124132374
8.22293876463777e-05
0.00011892109831778417
1.8265274938530847e-05
0.00013154328423435182
0.00012604479389071563
0.00010016441226759554
6.423995505301208e-05
5.1668419716216495e-05
6.467995628625904e-05
0.00017353925811584983
4.2167901128403665e-05
4.8181450940552773e-05
0.00010349641670774977
4.251953229736269e-05
0.00021839220962154078
3.752929115194091e-05
5.070825336874717e-05
8.306777987261581e-05
5.290413473472129e-05
4.5789750916377844e-05
3.451539042446314e-05
8.897035981971311e-05
5.661507594234244e-05
2.628744081935335e-05
9.831845647684457e-05
0.00014197629509571605
8.97469086725418e-05
0.00012167484507999113
5.332531975719001e-05
9.820833358362184e-05
5.023152386050976e-05
3.247020973611481e-05
3.794176189908182e-05
1.3521283423070625e-05
3.793678095242164e-05
7.263864410084582e-05
6.782720537665535e-05
4.9801315866057776e-05
5.9241994230389916e-05
0.00013427259382802633
5.572094255099503e-05
0.0001586861129826292
5.2747835772774496e-05
3.010504143257736e-05
4.4187428915011996e-05
9.127220610415413e-05
6.656438003724672e-05
3.724100362450474e-05
6.648419204315969e-05
0.00013132480871432778
0.00010572697046615645
6.77102171378012e-05
6.128260379997771e-05
4.7697375708315e-05
2.8907721048010978e-05
6.602004878630226e-05
5.705949371888205e-05
0.00010399360307434016
7.148037563365828e-05
4.9853168795025746e-05
0.0001385519339994491
0.0001418603747799025
3.2232290933037216e-05
5.017711282378502e-05
9.182012338887744e-05
7.523609017756077e-05
4.051911878600593e-05
8.616812449529795e-05
4.07481761308615e-05
8.364917300640048e-05
0.00010282936545559797
7.479649837596466e-05
0.00010088050095738909
6.503274572339265e-05
0.00016427268421456028
3.5909728575244506e-05
8.288832083852199e-05
7.057802532845208e-05
7.272828787239037e-05
0.0002376278985382572
7.673474108291628e-05
0.00011566979549802712
5.4490599585044756e-05
5.382710500618155e-05
7.429022315359517e-05
0.0001125180243552829
5.2095689652544154e-05
6.30956176076204e-05
2.8802235054730786e-05
5.671949498740733e-05
8.557688591085568e-05
2.513286282348137e-05
0.00011401243459909474
0.00010000940525693882
3.706957201772663e-05
4.619291394251233e-05
4.1863209662322757e-05
0.0001265806790985704
0.0001635884502106676
4.1042964029418594e-05
0.00019017272108764604
9.974548112503288e-05
3.270643005099708e-05
0.0001763127356242757
9.775081122248231e-05
6.333991876684934e-05
8.318359597241376e-05
6.312569974434975e-05
2.726093777609354e-05
3.299485483646101e-05
3.0738423342722954e-05
7.868893146724966e-05
5.0396528864686104e-05
9.357884304278672e-05
4.6619467421113034e-05
0.0002466428712208717
0.00015441324060552864
0.00011945203498572431
0.0001320993587989233
5.839534047429174e-05
0.00013826698334706746
3.215208116732745e-05
2.5126067219727543e-05
0.00014685444542202866
2.6373778600365777e-05
6.954738648051284e-05
3.0422077817087495e-05
0.00016347467415559744
4.539963956973466e-05
3.8363550908632114e-05
0.00011952365370270851
0.0001986644353158724
0.00010038625110100717
0.000200606844654998
1.871753162448842e-05
3.778919096313087e-05
4.70619261086763e-05
4.0937598874606296e-05
4.364893842644263e-05
5.99238392828614e-05
3.2919260386403284e-05
2.7779429768686296e-05
6.364523799391832e-05
3.326489873269685e-05
4.1958849477499824e-05
4.31923523226159e-05
0.0001460804563447876
4.1460782100598185e-05
3.091020197461418e-05
0.00012030536199560312
2.8392894340882393e-05
7.98144181995435e-05
5.089977171945938e-05
7.709401175536436e-05
5.533737805025403e-05
3.2147760064792614e-05
2.4905577415624794e-05
0.0002733905148923761
3.6313019134013766e-05
3.969307755398243e-05
8.103350728094985e-05
0.00010494296314764558
0.0002712808795208357
4.464999073171426e-05
8.032990845848941e-05
2.4688098156524085e-05
0.00010303561884081821
4.027729349103467e-05
1.4700829789334221e-05
4.362801125215573e-05
4.6240365391937435e-05
3.180687169378996e-05
9.346727246557796e-05
3.997228553974683e-05
5.518484604333981e-05
7.395471532090582e-05
3.53059539396786e-05
1.8056714737456182e-05
5.0304739725895384e-05
3.639031970402917e-05
5.0540384379287304e-05
2.695774133122478e-05
8.440787077669163e-05
6.500529836634245e-05
6.215940040237636e-05
0.00010355910848878236
2.554777488542453e-05
3.4037114795836146e-05
6.252282157286915e-05
2.455954094109381e-05
2.0850487911286987e-05
7.843350981449574e-05
0.00044115923021193523
7.483431413047071e-05
3.436356962458719e-05
0.00019539313761178018
2.2599003015054286e-05
7.78087493242834e-05
3.789902674613727e-05
3.641531238573138e-05
2.5288038330123783e-05
3.458004454510412e-05
3.739847950355745e-05
1.7529689002143436e-05
5.774207869470126e-05
0.00012137524425185595
6.811330918163912e-05
3.1306168415361634e-05
7.257557978925217e-05
8.655038486704538e-05
5.527145078439413e-05
9.028600495831044e-05
0.00011936979061681736
6.402781262959144e-05
0.00011887101191516335
9.622941118546615e-05
0.00010695335253894279
9.347391547714051e-05
3.353637573517319e-05
9.28005682163366e-05
1.6172926103042842e-05
0.0001173513728983792
5.944816484052493e-05
0.00010704438470288818
7.86017393714011e-05
4.303727207495746e-05
9.490750828893169e-05
0.00013825034269203154
6.939177807444193e-05
3.483137087037401e-05
6.58149013329773e-05
0.0002071925681859932
7.117589786008776e-05
9.702364091867136e-05
0.00012933446043287606
0.00015867257019438897
4.9186639151209355e-05
8.335398912536934e-05
0.00011815623030247812
7.929643649295596e-05
6.054271552302438e-05
6.0068690959849546e-05
3.7974580753483124e-05
0.00016155866574146222
0.00013400319910609104
0.00020272350075638019
4.371298809603608e-05
4.563871347768034e-05
6.23964346633594e-05
5.070531503535183e-05
2.573415416690023e-05
3.598812869573424e-05
0.00010205638995715142
0.0002600583909282324
4.1014498453115545e-05
4.149402389131216e-05
5.535730192162142e-05
5.2942418984903164e-05
4.649253016057305e-05
9.641845266872176e-05
3.210642352972401e-05
3.320543466352577e-05
0.00010037380907821436
0.0001129506577042605
0.00010999514532089856
3.9169309201538224e-05
5.044271754251709e-05
4.3636087808337424e-05
0.0001645171966902739
3.8835981805663994e-05
3.253416735038258e-05
7.383127619057276e-05
8.101920630039275e-05
2.935260499621344e-05
4.6721663116902096e-05
0.00011393547925478851
0.00018297934812181905
0.0003268124501792346
4.9075185937951505e-05
0.000129489426689634
0.0001101648508545908
0.0001656923212898031
3.691649121841046e-05
2.9825540896159175e-05
6.605571740907818e-05
6.1012809806167576e-05
0.00013400671677811114
5.304748668785157e-05
0.0001058930082841225
0.00010629604900107344
3.075292453365973e-05
5.064577265756211e-05
4.2264137450939486e-05
5.378740558557151e-05
9.068736596108343e-05
3.81660838458248e-05
0.00011972897584184216
4.11138546164034e-05
5.34525385747204e-05
0.0002463066016533781
6.910779707633819e-05
0.00013975480002175126
5.2557743424328633e-05
3.569362315532738e-05
6.59791852604226e-05
4.580721668273031e-05
6.31347090862152e-05
0.00015557742586393212
4.028222590189066e-05
0.00014152757207018386
0.00011257136752684189
5.7415158409527335e-05
7.26478526766435e-05