0.014884186568894002
0.03909693246440855
0.037010750569277925
0.0573503395772006
0.08931830351166374
0.08559116849508075
0.016557308258094493
0.026282081046989904
0.05726707817706495
0.08540863479921396
0.033681139392647594
0.052940652122725244
0.022751289712712987
0.011237210958683217
0.0025314029936792516
0.012663003039485166
0.07035803187205339
0.013880062181635433
0.009037526878873287
0.005847979825317952
0.0017523877715414982
0.02298656376778888
0.006626213590070225
0.006835729040169127
0.017936786466031546
0.009842908963268596
0.0140024218340737
0.00754901073041127
0.011423167312648542
0.018194903556830202
0.022742266461528424
0.003081549335741808
0.013586197331548784
0.013276959113482749
0.005334334111872453
0.00657997341103342
0.0034538667841573977
0.009647776545913535
0.005046958974577992
0.0035191513107480383
0.009065655028520664
0.010842550852187997
0.004674528703571113
0.002287195268588912
0.004449950235311502
0.012076824762482995
0.00651152729606153
0.000521522106506285
0.009232348362448682
0.010318318482631173
0.005129288479813058
0.004258046006968401
0.008211954490560353
0.0028606709878806675
0.013869510001966331
0.004530081506269327
0.003998537614165849
0.003734068798701556
0.006117194974249474
0.004772649589280112
0.004249025954836957
0.005608078003448985
0.0009135104764591963
0.0006617308088912807
0.028340198645988846
0.001837505238889252
0.002885861426419793
0.0014252288336166817
0.00355327268578608
0.002821827118555968
0.0026133235082010063
0.0019867327307632587
0.006090091375139218
0.005308668797443896
0.0026093399654041195
0.006674325960765334
0.012910779083893568
0.0006977722487527864
0.004127460541697576
0.0026094410675410137
0.005854524490061303
0.003385031759812326
0.002206257188991289
0.0075642047355228975
0.0022997456874190225
0.0009237208692804917
0.002359658691987969
0.001274201021318689
0.0021613718235055242
0.0160413884646161
0.004632382667437801
0.006101449606772461
0.004345234824929807
0.0030667611411027756
0.0040732250389754225
0.005134124543828518
0.004332390002785674
0.0034141405814482823
0.003012047430190827
0.00187039802834541
0.00355866440678642
0.006618485771887468
0.0015612244680481481
0.005913058093292705
0.0025438173958945206
0.002089322601168323
0.008324058194930279
0.001645264278153749
0.002977873929191764
0.0021409586995090957
0.0049871372504754095
0.0018716443208628057
0.002567583844443907
0.0029741455265671585
0.0026419156885540344
0.002573461778700256
0.0028169335461176574
0.0018692044855879776
0.0022209822463901403
0.004208853502778016
0.0045237081360542915
0.0020012258245657912
0.0022199966353190653
0.0011828104744543118
0.0025552819100848802
0.002436730523126431
0.005998746105545813
0.005222428405620979
0.004417048313574428
0.000625831022630294
0.0010260676095466973
0.001841108056972718
0.003726318276929227
0.0008245772379764748
0.0050150147036414254
0.0012483863559447847
0.0008284527048501117
0.000982402270774002
0.0013680736743796843
0.0057074015022570606
0.005056279164296996
0.002345245155612213
0.0029855052949061384
0.00021807814705245937
0.002500635333914004
0.002787895661624598
0.003205230206513326
0.001175807578279519
0.003243004490620738
0.003677523484560534
0.0030869307243961354
0.003023213291991307
0.0011140087905993504
0.001316894965984271
0.0059639337020584845
0.005179902211857429
0.003029100013973684
0.004776656669081581
0.0011485212014478033
0.001990821940834966
0.0010563013977347726
0.004765889583864001
0.0026465245015379496
0.0022512074171564408
0.0033709919762998793
0.0014907816005254389
0.004266399372960492
0.004320057428107619
0.00242664243724084
0.0018017212138227655
0.0026557495265308283
0.0008616579962876275
0.0009759571524222688
0.0005497444537793603
0.0008054066577210556
0.0020901554798369425
0.0004982804546397341
0.004689003260838092
0.0022500125166442972
0.0018346651287912583
0.0007844817106974764
0.00020423642533455485
0.0017831884507272867
0.001616876168897367
0.0015768783107189118
0.003338975562560502
0.0014267532286956108
0.0017022667136546129
0.0007449517075278408
0.0008899039998775042
0.0048953985300608975
0.0008997699118757233
0.002717050305833811
0.0016333018489468238
0.0015407324553703252
0.0003546813769220094
0.000892593305497495
0.0048607857757893835
0.0021004896511067797
0.0015325393744762392
0.0007354423682851916
0.006220633992371186
0.0029267085293751467
0.0031284264820896014
0.0014565862440885054
0.007314520869049221
0.001842805636861832
0.0008626039441460604
0.001049500897673699
0.0015474761552057555
0.0013539104347075313
0.0003042104647176853
0.0017433282130786215
0.0020176647343746667
0.0002918137097421661
0.0020065184714100253
0.0016669640995268216
0.003482196479180146
0.0030671707487417337
0.001432019004462571
0.0011606905145721993
0.0008791594139119013
0.0017298019674998385
0.0014947399623312812
0.0010549692041465278
0.0023979075326881513
0.00036491945667220977
0.0008095214906728716
0.0014303736605073816
0.0018908200960829637
0.0007421272496742656
0.0024252600278175367
0.0020823239185835604
0.001992589822214214
0.0010677824091106848
0.0019208846586518096
0.0011419438045144935
0.0027503271802371177
0.0013207545612042926
0.0007905608341420865
0.0012531320769723026
0.003316214089947711
0.0009789851297943432
0.0002965499441851089
0.0008317632450848103
0.0008587646588233618
0.0004360471079451504
0.0004525418851901691
0.001983368123155871
0.001955368394320965
0.0010044608292971756
0.000804372148591236
0.001113712326048901
0.0005489404665508569
0.0015277878910479772
0.0012179911878361317
0.0014627751501744336
0.0011959277912001966
0.0003521333443791067
0.002172530055256471
0.0016917964592968768
0.001282703932600775
0.0008184533319113633
0.0010693760358151186
0.000978595573111288
0.00017714754257392178
0.000439553309341143
0.0004485095716549362
0.0009045578308258461
0.000990241412449203
0.0005495473508895533
0.001223587585233848
0.00049163189147692
0.00023861322594917616
0.0006104826586748483
0.00036432999008494625
0.0007970736347967772
0.0009875671030261932
0.0003819373461469906
0.001237186072748844
0.0030946249373151684
0.0013325708638350657
0.0021346125186486003
0.0017003380246935786
0.0019929801690033145
0.0014004883101501834
0.0008518610071461772
0.0006619459365502165
0.00308607515048823
0.00045794049289470275
0.0025520737352335947
0.002252574222634615
0.0009561624165752092
0.0015828335430772712
0.001276899495446082
0.0003342848364723243
0.0014646248701263153
0.0011248189799852384
0.0011589614896532696
0.0016088459068177394
0.00021748452324004815
0.0012525278361221438
0.0008860965053855993
0.0005914900394654193
0.0011276369324679518
0.0023821489400143894
0.0001806736790932976
0.0008592646436516336
0.0027683863218135323
0.000888589530353618
0.0015328209044467795
0.0003473787536416096
0.0037583261804422386
0.0022039769713910833
0.0011326604287804978
0.000912528454085037
0.00029174645275338953
0.000587741098801069
0.0008212498513242496
0.001524720031638282
0.0006264805029202569
0.002039564990378011
0.00029932323922749013
0.0005067871940241455
0.0033134394682765244
0.0011973120190103038
0.0012963281206421699
0.00043430384981157097
0.0020748767307320897
0.000599541750344462
0.00040965282970038645
0.0005650843021773538
0.0022271573753535855
0.0016430444575993412
0.0002835138218205473
0.0007449920498522753
0.0012763043406423965
0.0008434578196928356
0.0010573604652585349
0.0019160264090797984
0.001475342631253295
0.00140875613114162
0.0006411297043478696
0.0013368049753408723
7.918884234960636e-05
0.0005868795161356977
0.0008764391525416745
0.0005268215957410009
0.0025474145719391232
0.0004428990042733606
0.0017066544361774376
0.0025496103923138757
0.000266606592298213
0.002501025279239932
0.0007068988004938188
0.0007363595149621749
0.0012920441633799478
0.0010137982920247171
0.0006675398108075406
0.0009734018081450599
0.001311718603563142
0.001167756334106563
0.0007425821213791288
0.002410672342964363
0.0005367342788801915
0.0023148900999452934
0.000846456237663134
0.00015903204810160175
0.00015782512865155683
0.0012514632097805028
0.0010401466304066102
0.0007687281161474279
0.0007065653379987779
0.002181765847711322
0.0008290931045194228
0.0017980397304532207
0.0014903800710799149
0.0002474154455291673
0.0019225257566961517
0.0006855129524905602
0.001067607572250631
9.447955096813018e-05
0.00012576377485062917
0.0010329072590581922
0.000709785539059769
0.0005551925081010664
0.002266637308791702
0.0005107881355559999
0.0007002986662437343
0.0007583362217428222
0.0007930345586192688
0.000374125508332999
0.0007582534426795901
0.0002737421018689651
0.0011795696603710605
0.0023063718957067945
0.0034915663774711353
0.0004733433176527449
0.00014044113474262604
0.0005859472903105592
0.0002487825461600119
0.0009238189286992606
0.0025974888848208943
0.000889811194750414
0.0006568371241623403
0.0010980317224155637
0.00033488799416320474
0.00017136594167823087
0.0005947052046391072
0.0005061795733575856
0.0005609971590772227
0.0007497683514274353
0.00031923791451170263
0.0003483494365513811
0.0002624124677498776
0.00023589572717793624
0.00016802361197036414
9.436596165787743e-05
0.0004658688147436764
0.000513808345731755
0.0005414114650843686
0.000716410877106272
0.001973397809942402
0.0015351830205347897
0.0018776112731797461
0.0003856461317939858
0.0006783957165442269
0.000846354962282381
0.0009018781046619799
0.00033749958030982044
0.0005090207132960091
0.00031231463564027436
0.0013396166926840033
0.00027523523233131085
0.0020384728729801955
0.000494409265704264
0.00011786599713753243
0.0028474122386557823
0.00036003594557146133
0.001416337485382127
0.00028676493532344853
0.0009478460317405638
0.0007034602976788027
0.0004926779376366415
0.0007267887191616774
0.000299067650851651
0.0006129601093277313
0.0018523838949406177
0.00025741378749800453
0.0004740209223323579
0.0006252486577924214
0.0015339829669375185
0.0008613593448363201
0.0014967980247310717
0.00042095032201995667
0.0009815993420910533
0.0013044229105874329
0.0005441198662848175
0.0010671961643418937
0.00038095509398537047
0.0006864034612688943
0.0004702628521356618
0.00013634621583538656
0.0010686791250448663
0.0019647698686776865
0.0021076929685262843
0.0005158191816166926
0.00048720023443632595
0.0004040018041517285
0.0008878793962283697
0.0010339600829942484
0.0006461282969203115
0.0005815285090518973
0.0022969858122578067
0.0005464843626737902
0.00029508430322918746
0.0006026307646034714
0.0015071628981869567
0.0010247675220687842
0.0006469244136324454
0.0007390667739038267
0.0016262282133369121
0.00030998059803842516
0.00022680915087844943
0.0016874261332177295
0.00010015632330984589
0.0012846392562863899
0.0006049251629490239
0.0004803703503168538
0.000692754041792136
0.00020795199404345064
0.0007400980841593883
0.0010356096065533428
0.0008063268778563063
0.002011775443107954
0.00040696775645324157
0.001164463479931914
0.0005496011267300281
0.001268842758315211
0.0001265875600992755
0.0006276079961912467
0.0019040928060292768
0.00036528855549200116
0.0004347940242179063
0.000444775536060869
0.0011516351545416182
0.0019904778097435995
0.0017495075434471733
0.0014688152812628089
0.0004464428376599852
0.00023398382397767705
0.00021831288810368748
0.0009200965163716267
0.0005516760621452583
0.0012668350785897363
0.00020529156662146437
0.0010275988870051607
0.0009044624159425463
0.0017848693253357207
0.0011320843198035502
0.0016375680074111327
0.0005983153004587745
0.00039792433661449406
0.00017461018451084975
0.0005015798789281652
0.000646194927892062
0.0011102729035481571
0.0005146226781576643
0.0006922647852171377
0.0007391656080445816
0.00044459466096003733
0.0002752107421974156
0.00018095721639594978
0.00017339880984032125
9.794373258243777e-05
0.0009956967371601182
0.00031861550034481675
0.0004706154327027314
0.0007087229921863745
0.0003118105821827114
0.0009399281870767805
0.0011963846712595126
0.0005080225759490563
0.0019208081693165963
8.541696164306407e-05
0.0009260181887684455
0.001831242039629161
0.001388970229194699
0.0003234924124611668
0.0003332439600005934
0.0001528331438672659
0.00037137514555353116
0.0007200917699749109
0.00023453196804137827
0.0015239113565236001
0.0033915233893374325
0.0007812005502095264
0.0009962975978404483
0.0006046842244133557
0.00027573513210899794
0.0009370023069533864
0.0011133832794012822
0.0009502771843296177
0.005332904628953217
0.0003200575113744148
0.000372787721444918
0.0021932569161858925
0.0005203911276112758
0.0012529228773205748
0.0006500759355413372
0.00038263815682525437
0.00033743914678967425
0.0006341942696182551
0.001732239372395088
0.0010733676868674743
0.0010786416376334883
0.00014945889023684663
0.0012402093292861668
0.0003273234280798624
0.0014763059162714845
0.0004149494624271464
0.00046013136235029036
0.0004475324447147338
0.0004087537660833837
0.0003149030563505019
0.00017619107029251307
0.00022462152268671597
0.0005108858153206612
0.0006635705927674066
0.00026011348749563763
0.0006664117528196162
0.0012292480634881332
0.0003780636089817036
0.001777950859259638
0.0003861041435377061
0.001860534645774124
0.00016046190867553592
0.00024390932528289646
0.0003647426757991517
0.00026251505650450805
0.0007535064895533844
0.0015147341718964682
0.00045398281412888054
0.0012638457462081192
0.00044685741006435925
0.0008989673296935364
0.0011772888474803518
0.0013259461480015608
0.001559856441724178
0.0012015544362471578
5.9648486029103664e-05
0.0005386282128545718
0.0004151050956009024
0.0008168181972148885
0.0003471728074255551
0.00023569762637038459
0.00051617415010691
0.0010066014369006224
0.0007657864823798382
0.000252463529521929
0.0005030970437561009
0.0015032683867619466
0.0017479632994011284
0.0013835518954659455
0.00024195324639284907
0.0002264301567830478
0.0004130364136457051
0.0007573872293748414
0.0008373830706163351
0.00010236663350067306
0.00029850712420335403
0.0005409410138659378
0.0009973995989128784
0.0003106196947870777
0.0002763981704916152
0.0008527950341340432
0.00024202866937259642
0.0006407857846486536
0.0001764676580876117
0.0001892837994990896
0.0004764484397164982
0.00071141992499416
0.0008823523448424757
0.00029232564771304766
0.001363621973934366
0.0008827955668974898
0.0005329649463486479
0.0008688414991641958
0.00016549073803315414
0.0014836818696067318
0.0003633769412383639
0.0002298083744405857
0.0008141984261771222
0.0028547362682388227
0.0003881196724506032
0.00034030853631669277
0.0006397086325296744
0.0006543835181303501
0.00046446202253193976
0.0006142856608248871
0.00020325670797790587
0.0010283991901519254
0.0005408764663983855
0.0013013450604115698
0.00012065888944374611
0.0005913101860573349
0.00033976070718605086
0.00038758023914828624
0.0006744580485429539
0.0010088458651210932
0.00023440096183174105
0.00036967944083621463
0.00044270402974053635
0.0003423309143548204
0.0004233172707251114
0.0007167080892430623
0.0017389296572361702
0.0010876287843269634
0.0002335311591143067
0.00019686074519997945
0.0011055614021308047
0.000244486123696584
0.0022055394612403964
0.0006497528932874433
0.0003625861424381319
0.00044065589269506693
0.0001431784104299078
0.0008887376455660431
0.0009699832974155293
0.0012356695363445534
0.0006141495709846861
0.0010874283249761604
0.0003191367882151355
0.0003412460669743856
0.0002125585464737326
6.20265646406047e-05
0.0013274549493093393
0.0009987271924714505
0.00015666585564346632
0.0002032127066779896
0.0001405985084672003
0.0007266918728093086
0.0007930247035605505
0.0018730675029862355
0.0002973096945724339
0.00015265699552188738
0.00047279883191358866
0.00025326208545152913
0.00033516971660765745
0.00047983080603021327
0.0005396883566274662
0.0001940438886623358
0.0009284333976097677
0.0016451909900934475
0.002126164581696368
0.00037018432266201166
0.002719853599093532
0.00017472702909509814
0.0002703106704396668
6.0688111079309697e-05
0.0001909188129585981
0.0006159712201703118
0.000602272568486871
0.0007190771967621029
0.00028337558102330135
0.0006081273339779743
0.0003427033781984332
0.0004612127067075835
0.0009625051140894138
0.0022776038417890786
0.0003082077069249093
0.000531634781075923
0.00034006033542899306
0.0012127457267789017
0.00017194251642543927
0.0006690610116530574
0.0009636615892546673
0.00022502095504594853
0.0003208103568233176
0.00025784836516933767
0.00033808918199175356
0.00033573429116889246
0.00043960016192864346
7.291415022527978e-05
0.000523973574275178
0.0014624107128389861
0.0005461697419240492
0.0005709097319093442
0.0005160560128878859
0.0005063613307846913
0.0005164683509464211
0.0009598863018802982
0.00012102766975232946
0.0007399695630256463
0.0004445159970545547
0.00033917373152242034
0.0004894530872183973
8.713011004345276e-05
0.0006641016978988242
0.0003462869553891438
0.0008341279020411587
0.0004963360581124116
0.0004555124515467562
0.0004951767257129089
0.0005873029570432711
9.57570842052214e-05
0.0001605852854860624
0.00011612574603058489
0.00023490647769963455
0.00082370060923079
0.00026374829185242277
0.0005055331764152119
0.0001603505910164486
0.00021271643670567916
0.0005866071454826226
0.00035925599480547487
0.000469032229153234
5.054425989989145e-05
0.00019481022259676712
0.00024150060138741208
0.00018638658457287212
0.0011957754578273215
0.001414404722047423
0.0008955067981116739
0.00045472758047533597
0.0005806551337021532
0.0019753535550066066
0.00038095972644162826
0.0001151237318665582
0.000135605138235518
0.00033911980088754956
0.0006489012103733838
0.00021016733815536087
0.00016785314106855127
0.0011129328789736953
0.00048363719702289526
0.00019760449503819082
0.00020686299029002984
0.00032383307849056945
0.0005510995468217114
0.00025823046281127864
0.00046034998393993884
0.0002912058586733347
0.00029830954286418033
0.00019954650188865392
0.00035020390966873557
0.00010262676848111184
0.0011318087659712233
8.022394224844413e-05
0.0010187887624221726
0.0007694090354304579
4.108590219896526e-05
0.000401033642946687
0.00020201538470823778
0.0005161551480427846
0.0006592477394707885
0.00027010740241664336
0.0006765368169267676
0.00010504423729000235
0.00015344290937562648
0.0008578591078449267
0.0002822467180917986
0.0003165487975798932
0.00021475892695116468
0.00039757089152256007
0.00027967937559361504
0.0002792635824475722
9.803548776352504e-05
0.0004163935275652205
0.00022440116230516797
0.0007293214295840635
0.0003706820555010197
0.00020695660285098295
0.0004299686893292419
0.00035749091274578815
0.0003212653522724557
0.0007338076186260372
0.0002693853965793789
0.000318969856538817
0.00012863106029658148
0.0003166403538266873
0.0002584527789261886
0.00029346918050378854
0.0004438395987069729
0.00034408172394293716
9.724308150475953e-05
0.00024297876347539337
0.0003873430772475805
0.00036386336746949713
9.867112571995661e-05
0.00044849504942106574
0.000922533915491978
0.00044144652444542325
0.00018492433193304905
0.00037009906251843025
0.0002526596432876137
0.00017933857147542923
0.00034503810670103905
0.0002933523680070443
8.015979662204741e-05
0.0002831041720398803
0.0005370378952076511
4.670431311300792e-05
0.0002781657095807836
0.001303109346689831
0.0005022304110197699
0.000449705155987683
0.0003537410123145995
0.0006704740908554423
0.0006316568547254974
0.00033478993428113515
0.00019745008508118803
0.00015349829629504597
0.0003706465098442193
0.00026057805541404187
0.0005385799378307349
0.00013966335712681957
0.0004576854228273235
0.00021000084889037185
0.0005667043219949345
0.000613455286008771
0.00021678853949700283
0.0006635902695381501
0.00034071553823576337
0.0002471648470231566
0.0006013038327183823
0.0005881040666712913
0.0003073703964062689
0.0004024711612870768
0.0002869496318032451
0.00011880899582160297
0.0008743360736223303
0.00019722425394072763
5.41940297287152e-05
0.0006482536739958373
0.00033471350993560795
0.00017088793897198192
0.00030009866442200645
0.0004024532197264489
0.00018934280084607335
6.568819482757466e-05
0.0006336553336924489
0.0006224167105345741
0.000247500954343684
0.00022799920225930744
0.00010925344525390507
0.0004907737802165937
0.00010912014247487798
0.00034558842337778517
0.0004900921715040638
0.0012729359914662797
0.0002726458082328001
0.0003115826993885361
0.0004435720830256054
0.0002405381941298797
0.0002444704576479511
0.0005603482243889994
0.00030007217062356185
0.00044556579976666086
0.0014985386374035505
0.0019997795206551853
0.00025335590458199625
0.0003606661470796332
0.00019974451936545146
0.0001478101252521989
0.0006566274212675621
0.0005111936949690731
0.00012294055339262945
0.0010712381206760477
0.00031757802520828056
0.0003235789257343764
0.0013639557341545354
0.0011981336079616575
8.942506981755781e-05
0.0001635980065842707
0.00038615574419583777
0.0003302924213307591
0.0006355052055762035
0.00021433267228116245
0.00047024227412677835
0.00026269187953179165
0.00010821214762409882
0.0007483168632434764
0.0007120197466720313
0.0005208178049694391
0.00015327043520669412
0.0003186992667993991
0.00023014063643850724
0.0001600251508076218
0.0004228672236462538
0.0005539773177498917
0.00028844988809185703
6.496718885558417e-05
0.00011278282098358921
0.0012772106259574816
0.0003724632732483875
0.0002618424907579237
9.402267076697037e-05
0.0006950445101792343
0.00048295482279309924
0.00025208147407968813
0.00010947621577807854
0.0001057579986954021
0.00021723524908973877
0.0001634038155069895
0.00013521156422003315
0.00038643823436300916
0.0004948307220730861
0.0008822388273256255
0.0002406222607455492
0.0007702715462505091
4.055178098819466e-05
0.00024678035891599647
0.0017228028596039816
0.00018445454483325319
0.00025418363892000496
0.0008522333863590397
0.0006440115352299497
8.968336666445672e-05
0.0005169319751442414
0.00034704747402904997
0.00021926321144963678
0.0002590518470180369
0.0002510930933229527
0.00023285768089322646
0.00021432413127284698
0.0001347024597349945
0.00018277285631583656
0.0010422077381026594
0.0006563384116645289
0.0007379416169686728
0.0001985338169634553
0.0008524387018935572
0.00019378111288644443
0.00047403896176647454
0.0005038237185456852
3.146150671458505e-05
0.0008069503182617135
0.00019826555282034512
0.00046699452200524744
0.00031172103307979
0.0005760486747026209
0.0003108099634987175
0.0005765920063729189
0.00017652377440521572
0.0009468599914298202
0.00018440865777497338
0.00036760672370027357
0.0001194895972384094
0.00019503496166346993
0.0006337276662146853
0.00013858560285017247
0.0006900325809111832
0.0001978376427074268
0.00013766390154652252
0.0006604388075659516
0.0005858322867781005
0.0012697881022043533
0.0004312814740626471
0.0008011727661292472
0.0009019611029036043
0.0005961116935765543
0.00014719104575430786
0.0003538052547875027
0.00026778448946929433
0.00021432597741473014
0.0005815171749986044
0.00011719426835681763
9.573578129797149e-05
0.0006278199454758736
0.0014084024138301746
0.00029262803954909405
7.977924476250988e-05
0.0006740264240960738
0.0005222730598944799
0.00022485002979665518
0.0002804354693305055
0.00012682037691971447
0.0006341323141793343
0.0002565391636375892
0.00016263812308479049
0.00035463774783230974
0.00018384591747618012
0.0002950596997739632
0.00022529680741805903
0.00037191153080263063
0.0001377759190423212
0.00025608816664952243
3.6864722032034095e-05
0.0006536658878974796
0.00014041142589124077
0.0004918814177646192
0.00021918230660205974
0.00021053296850553807
0.0005657155996827941
0.00038144502810567534
0.0009948185094577995
0.0009771346898460264
0.0005678959633953687
0.0005776992807262665
0.0003296850361216749
0.00019536154156830874
0.0003171630179610453
0.00014796230884980526
0.0006000818981528967
0.00029089430362942595
0.0006827191447087571
0.0005235458032188417
0.0009008645481570227
0.001905400788781304
0.00027609139885145925
5.918230571878517e-05
8.103402276984308e-05
0.00028929432948484143
5.015224354900136e-05
0.00031121042816683
0.000462505933522911
0.0002065114643001985
0.0006984745249460709
0.00011606539171828833
0.0006952259312772989
0.0004890172622798985
0.000202566546939663
0.00024389817565074787
0.00014332445179799738
0.00016906334806220198
0.00043042005547608276
0.00012231234447148643
0.000751089519677214
0.000626164430659184
0.00027606979306478446
0.00027387631902557743
0.00017129878876325356
0.0011500370524929083
0.00023936624427439894
0.00011472068953028171
0.00019961022629456164
0.00014294679239050653
0.000772695596643812
0.00040739161856886757
0.0001619918228608401
5.348923917188075e-05
0.00026874510196774656
0.00017670673842071945
8.514624004943764e-05
0.0010615474135176447
0.0003404063511320837
0.00021766029468559139
0.0006420483570102825
0.0005024003983606732
0.00015551592514954536
7.882464455725993e-05
0.00011167380870236985
0.00029052434249735487
0.00033792085161362783
0.00025572921031518487
0.00013612086196713535
0.0005678333879714683
0.00034648183023339483
0.00021225964163108972
6.850985377231588e-05
0.00024260489365069703
5.649348270176436e-05
0.0006103613881550172
0.0004557366499182146
6.14591471706639e-05
0.000305952847979848
0.00022617153564062167
0.00041090901265045067
0.0004458119424439866
9.141238632477435e-05
0.0001142199278466187
0.0007037580225858632
0.000497643195516164
0.00027007056622310586
0.0005506010368030114
0.0004653124707352505
0.0006629711168157293
0.0004752967258856489
0.00016319043699318755
0.0006015890954947038
0.0001751956142138789
0.0006279276324885609
0.0005082655504532562
0.0002189495375195677
0.0002935452729218836
0.0001983331849889729
4.3133189395759155e-05
0.0002915122891168439
0.00018406935076669057
0.0001599401147401029
0.0003407140764997204
9.313352092772578e-05
0.00023914199983149516
0.0003366965212442659
0.0003534299513682699
8.330806334329501e-05
0.0005893692708323222
0.0004559082301095766
0.00012016040500660599
0.0015953353043578551
0.0002720105378232507
8.728237409682187e-05
0.000277914930957487
0.00026374075983625863
0.0003399810015308476
0.0001242584065395523
8.208127268204365e-05
0.00013768944772242256
4.317603747161081e-05
0.00017519374534810236
0.0005676157246447426
0.00046845918175241944
0.0003772729720056477
0.0007745171695977737
6.620701120143274e-05
0.0002178824503979711
4.7572631464266094e-05
0.00011952057453842597
0.0002895377833190656
0.00031308815183457215
0.0005366139392372591
0.00039562400302269886
0.00017162598652798583
0.00066291198607512
0.0001004591195489644
0.00017198437390446926
0.0001475490699144918
0.0002169675137096321
6.33336813604956e-05
8.192401328923658e-05
7.13086823718308e-05
0.0013041377112059922
0.0004980315757723104
0.0004162032261697454
0.000428900591742684
7.131065380139797e-05
0.00029900100189181024
0.00010123331832622908
0.0006487890908958814
0.00015446397936957646
0.00010918565700897585
8.904273439436767e-05
0.00020555470546810366
0.00017769974655212225
0.0001520701304144787
0.00012080636964930893
0.00039965222346622584
5.487723542392215e-05
0.0005959931085621421
0.00012792474038055397
0.0006273604537884249
0.00016815768781825485
0.0004426629330764203
0.0001984985614738431
0.00029776440572127174
0.0015292632631430396
0.0003093149702926646
0.00011339938826298776
0.00013860023878609724
0.00010864239590236077
0.00016938111069824392
0.00033755100761656776
0.00010155649187456702
0.00017434089349947006
0.00015619177055775386
0.00033137823984765206
0.0004914233723059035
0.00034410083646564167
0.00011541214502704304
0.00020624103391239074
0.0011553889854791929
0.0001976086582323143
0.0003383466536283289
0.0002711332371863575
0.00028815948433838934
0.0002728964722193926
6.741657670755672e-05
0.0003034357689343052
0.0001266734605762692
0.00011977098555739702
0.00010977759778266632
9.675153448906543e-05
0.0002842820147606348
0.0002453062559830321
0.00031402166132179685
0.0003744503343991138
0.00031233476906402714
0.00035782715880133744
0.001047175852217633
0.00029348585586113024
6.844358763264756e-05
0.0002991622823110392
0.00010831892996726048
8.185205461842276e-05
5.670711340083173e-05
0.0002045067469145901
0.0010361430767006096
0.0002732084020021495
0.0003955859725162937
0.0002894044736576773
0.00032219538397076393
5.4194211906547454e-05
0.0003703400555601957
8.993431752821663e-05
0.00016173608996497468
0.00023568624580253203
0.0003284981360077616
8.447097246341261e-05
0.0006130006647213263
0.0001627782877972281
4.0559086129352025e-05
0.0002379948468321726
0.0008803174187449921
0.000240391388473379
0.0001082294229264815
9.557982125622996e-05
0.00019804701471526955
0.00025581505926927813
5.466783104605511e-05
0.00046130100820467496
0.00016899174154786826
0.00019727310432082824
0.00011096634202863039
0.0001274921896747219
0.0003001221143462453
0.00011076233198379363
0.00035384807101550053
0.00014675013762442617
0.00043747057494010347
0.0001361467124115781
0.00033984286769999376
0.0007192487942410169
0.00030200366028141853
0.00010207107066635393
0.0006795220121668214
0.00026567080669766534
0.00013071106708922764
0.0001581942911636046
0.000386955476816253
0.0005415746569422885
0.0005016947152328655
0.00017804365327994003
0.00012151797952789905
8.662192794868806e-05
8.771981481225463e-05
0.0003516536361544264
9.575619696747758e-05
6.997347273486467e-05
8.238827879245237e-05
8.809450254333513e-05
0.0002140811029032855
0.00022985055664003192
2.48662120798472e-05
0.0002762318242125023
0.0007846682756803325
0.00024218085536933826
9.399512238191917e-05
0.00036348885289678594
0.00011586020475214303
0.0002478114497438759
0.0001427272105079529
0.00024397699107975602
7.362293065989331e-05
0.00022433030330836187
0.0003219502598336428
5.520830421470762e-05
0.00020754450399983846
6.399642051278314e-05
0.000822277885640301
0.00018064389101850903
0.000468945230260691
6.579151906153434e-05
0.00040367249068986737
0.0002451518731143336
0.0002553172201036005
0.0006457732804647964
0.0009957171435560385
0.00011349244582137636
0.00029704047961542706
0.0003104173661769876
0.00016637543374522842
0.00026530410283405817
0.0001381099992055681
0.00011589802333528562
0.00017440869776281153
0.0005286730865970067
0.00045331597399366895
0.00016818852041021004
0.0001289257928408616
0.00020345879406159122
0.00030925752143641045
0.0005477298939834977
0.0008561070718016111
0.0002975887147631664
5.271941231791741e-05
0.0002447300111122046
0.00013569277873982263
0.00014483584099525144
0.0003062164125040883
0.00012430544860565185
9.395932254786522e-05
5.351701404859157e-05
8.052272562882746e-05
0.0004038259233335034
6.943972700294937e-05
0.00023885239480666033
0.00013241648490502266
7.156847948707194e-05
0.00033551204251791876
0.00024797362551243413
0.00022622574097643655
0.0007881120904304641
9.623802733068254e-05
0.00034857165275330344
0.0003022346640497944
0.00012187810847756736
0.0004058157809256139
0.0005140351852297073
0.0004929620150062691
0.0005054330011981436
2.3113269673271375e-05
0.0002552467549350294
0.00028726339289292593
0.00021571765819913046
0.0004817655901475905
9.907756974234662e-05
0.00010265558761116585
0.0009888535538570178
0.00015890873706347615
0.00025585857855560325
0.0014134109859071354
0.00015802586402633204
0.00010143845171695553
0.00034117378790743006
0.0004337507031179839
0.00028095246961678096
0.00013615887213703422
0.0001946528981976075
0.0006194464872542914
0.0004106086328034733
0.0002780635718388951
0.0001198235556339336
0.0001704150085502468
0.00010698808415352291
5.814925677192686e-05
8.135810451120964e-05
6.565022511480848e-05
0.00010134311211139528
0.0002246417562474816
0.0001999068664760819
0.00017682265677426145
8.218161723353766e-05
0.00020166233348217066
0.0002903363742043867
7.952288095801197e-05
8.678876946681875e-05
0.0002637685421609954
0.00041590875455948487
7.281341792162059e-05
0.0004989324842858791
8.809666662436464e-05
6.607189077187075e-05
0.00037187793176147343
0.0004397923996179406
0.00027603706018707584
0.0002854451271190467
4.735237291135518e-05
8.637611656642764e-05
0.00011281827855271828
0.00011262415753622582
7.074417477652273e-05
0.0003458421225663516
0.00032881916448397245
0.00018838088121721498
0.00016806493357420755
0.000424159981531773
0.00021250442166202197
0.0006050558760366567
0.00011834545368645412
0.00010884699214568124
0.0001858595306698443
0.00025374519014707646
0.0005686647986996633
0.0003105695390342773
4.228484588451355e-05
0.00012708895487339384
0.0003109741799020405
0.0003371705244046083
0.00042260111045594234
0.00012870082246379118
0.00018853913154069475
0.00013809445439002285
0.0005599915509368503
0.00010356798299924906
0.00014915873864262377
0.000548036791651295
0.00044929410280068256
0.00022946057727868445
0.00013706942271318257
8.137408770677019e-05
0.00022534546304401473
0.00048615404123593403
3.8767617152186495e-05
4.180146005041366e-05
0.00012333094633782318
7.142449624022334e-05
0.00017736386096639875
5.592508250811254e-05
0.00042705927726206317
0.00013764977199321178
0.00013627677206673705
6.766793694022339e-05
0.0001476856820997762
0.0004955759847695154
0.0004904870801972006
8.115249771715461e-05
0.0005314959610902957
0.0002572551816733825
0.00031715493846271893
0.0003400977414635743
8.790174895722805e-05
0.00011076219736528715
4.5918748094477814e-05
0.0002471479066298756
0.00033823919928321796
0.0003758825959657537
5.698805876516661e-05
4.870027675261576e-05
0.0005586527764435441
3.1091725794037654e-05
0.0003099701519487446
7.030232945365706e-05
8.596539678006343e-05
0.00023909512135372426
0.00027780134085875766
0.00025240802804394545
0.0003235143833177575
0.0002656048363412311
8.114653804682293e-05
0.0003660794188111052
0.00035383559744295285
0.0006682591195125085
0.00015461009658417486
0.00040769002470745927
3.184212038594725e-05
0.00013126383982107247
0.00032325483192374846
0.00044973430110975467
0.0003817327905570543
0.0001249797720820775
0.00021531776276282642
4.786125866090341e-05
0.00046552284711572295
0.0007379324471635409
5.655647836416737e-05
0.000278418171903828
0.0002420194631652212
0.00024642877830029984
6.4043152557605e-05
0.0002558864293850348
0.00014800184510010728
0.0002265295318039164
0.00020083234586469123
0.00018175271814780655
7.966307597101298e-05
6.753378091878974e-05
0.00015535232981744724
0.00029894721566227464
0.0001987104656019773
0.0004105155767054281
0.0007477697650818504
0.0006645971669639112
0.00036040482408413653
0.00035807851595608516
0.00010970930358615428
0.00017816866917474085
0.0006982804673960816
0.00011588343415585951
0.00012033717249929921
0.0011378160165707236
0.00012490688114799944
0.0003967465672256207
0.000765445491472064
5.385195111900908e-05
0.00039259683783791015
0.00011451098401217551
4.9348875020331274e-05
0.00021105959038916108
0.00046821886270582367
0.0003625044902150385
0.0002573068466397536
0.0003260188368287675
0.00020536159709264818
0.0006732077472399136
0.00029664848695841115
0.00017066156878022348
0.00021228655740136902
9.460831143858504e-05
0.00011223118893297116
0.00033211589828556037
4.5256901419170124e-05
7.655779635090366e-05
7.701446019245896e-05
0.000822771711420911
8.295214217241067e-05
0.00016813819914020841
0.000315673880718076
0.00021226639139199156
2.792774700795544e-05
0.00030432017932504387
8.37409574119286e-05
6.093033997539051e-05
0.00016146342452764777
0.00015107465274393376
0.00013245840926026187
6.332119477477937e-05
7.273211836853675e-05
0.000139035346584686
0.0001347133569348716
5.3661785800864164e-05
6.44271804538222e-05
0.00011958488753469778
0.00036639977643757125
0.00025508355702212967
8.966078661732238e-05
0.00020397882249190662
0.000335053234851413
6.965505592704907e-05
0.0001586292699252564
8.582348698380838e-05
0.00024466554830007464
0.0004740465884013671
0.00014584232780445047
5.2260913829063125e-05
0.00040663171823140666
0.00014061339673885844
0.0002961049577722623
8.039649860655635e-05
0.0005062625640178981
9.053467679093917e-05
0.0001037170498017368
0.000265819838621535
0.00032046931745865364
6.940699677307427e-05
0.00046396583968595975
0.00012798758903686893
0.00020533443135809334
0.00014101138609608007
0.0001907078394826675
0.00011353433348095201
4.29437103643717e-05
0.0009311758479546523
0.00016971402040456834
0.0003136654122514476
0.00029250729556600625
0.00012763601790921226
0.00012501554868552057
0.0005260265961451212
0.00045474872640498395
0.0006596418166159943
0.00028773386591412825
7.786818471090485e-05
8.126978417592521e-05
9.889257679269988e-05
0.00017551907013959277
0.00010618207900875659
7.892190627862396e-05
0.00014804294507874687
0.0003616273270232731
0.0003624028794822754
0.00014136262599072488
0.0002468570112754222
9.026269924825627e-05
0.00015292416330861124
0.00021370990069431923
0.00013642152552980637
0.00017368254824619406
0.00017969793099892163
5.4803474173893974e-05
0.00035571808586532596
0.0008679845897441492
6.834452021616976e-05
0.0001497973112536528
5.448766693668567e-05
0.00030348815656801515
0.0005411804453330077
0.0003977611013148874
0.00010266414188686466
0.00023531427646116446
0.00036497303952940144
3.02955789308206e-05
0.0005745022728161081
0.0001590913929659934
0.00013550981362882818
0.0001300711805402758
0.0009296763788911766
0.00015977522313318353
5.3552602645997814e-05
0.0003876501613498906
5.322880673165426e-05
0.00015333999145998662
0.00015229401419996697
0.00014590631839662808
0.0001559430414315784
4.7538689041232015e-05
7.886193211156213e-05
3.9394338423751583e-05
0.00013854250726054757
0.00019437922207778452
0.000256902794464037
6.685804808890023e-05
0.0002730478533268937
0.00039221283907660585
0.000259167380108246
0.00035142712104111823
0.00015177310694139477
0.00011568077521652439
0.00012512715430889094
9.837372357742739e-05
5.369561871128429e-05
0.0006084432770873975
0.0001891452319793001
0.00019654232748736846
0.00022723165194142098
0.0005189474997264334
4.321349923340948e-05
0.00018598114657717576
0.0002724747386372553
0.00016945473415551883
9.390417477945626e-05
0.00017218824914934708
0.0002799032315916755
0.0002599872000618378
0.0002497202626747542
0.00019042995303627627
0.00012159403959720234
0.0005751886575869602
0.00020689400071193634
0.00013923548027778434
0.00014428397848648751
0.00010445110521273134
0.00023699153321512907
9.791800927111097e-05
0.00032930050985745696
0.00018425476696151813
0.00023038060637948178
0.0003565605293931526
0.00017045310165354158
6.829068955814031e-05
0.00012977144730862811
0.00016743801156490095
0.0001160223606508739
0.0002667341262260332
6.356895850762266e-05
0.0005574444952578295
0.00012467062549660862
0.00037053037035942856
0.00030121727071698594
7.110568632958567e-05
0.001220253420980578
0.00021198219233486761
0.00010027405377854836
0.00020025114480188316
5.3215763961738845e-05
0.00046357310275028127
0.0002812941166985338
8.40238010887095e-05
0.00024709622006355113
0.00018471670376872214
0.0003298031209856151
9.380820193033327e-05
0.0005206697097133223
3.24722432644741e-05
0.0002652882276761684
6.462207654183326e-05
9.710100008926355e-05
0.0002795294260020523
0.00010822118258423792
0.0004566730217391413
0.0001509806369728268
0.0001294676243830453
7.746061296523034e-05
0.0001361608690247148
9.103645523646711e-05
0.00019937921127186447
0.0001805795538864815
9.030075339255043e-05
0.00019552151084113693
9.093055868425999e-05
0.00014198600025350076
0.0004685704510354818
0.00012734922287924792
0.00014951550024200325
9.15405209999496e-05
6.730790759772119e-05
0.00014420020091486171
6.390086559203707e-05
5.8688963038591416e-05
0.00036358541592563436
0.00014297252828046164
7.964460562561888e-05
0.0001251252762956857
0.0005314596601304512
0.00020399988300824975
7.176714440645898e-05
0.00018116917621390015
0.00021953059727815194
5.118591989374091e-05
0.0005856632607243291
0.0006738639165994857
5.796119844116171e-05
0.00010826814329625049
0.000551851091580993
0.000316553570617526
7.533211096912829e-05
0.00017867999072067065
0.00030368077710895967
0.00023906206088225942
0.0003825947089693141
0.0003348080333886712
9.388860872903558e-05
0.00014683031202352865
0.00015604583018046135
9.664548836588484e-05
0.0007100484103635965
0.00019744259406525823
7.566309502881365e-05
0.0001856512622258527
0.0002166898808304884
4.149742556898326e-05
0.0001304843482559834
8.475394128267022e-05
0.00026440507271496214
3.848122158206576e-05
9.229277211273212e-05
0.0001781242924678885
0.0003284140307350041
0.0001170050072694155
0.00017513872367382155
0.0001691321635448104
0.00017624559870523283
0.000156859577284547
0.0003487631303394014
0.0001270519125760088
0.00012447425782756858
0.0003331084945904208
0.00010811846418087814
0.00018179861138831551
6.236438294249163e-05
7.61491012623998e-05
3.280996754293256e-05
3.48201741455402e-05
0.00014391630895392937
0.00020213207968029236
2.436664343217111e-05
0.00013670584908223235
9.071026801887026e-05
0.00018632317275893003
0.00022411197617720787
0.00016555181381338346
5.1090041384132294e-05
4.815905184393031e-05
0.00020123673842124305
8.07240076121846e-05
0.00017342649223700055
0.00020976624974350106
2.5905649915697858e-05
0.00047490700149757355
0.00020898192066967923
0.00012981637475820983
0.00033642812150553876
0.00013292685570900702
0.00013018365090213194
0.0006450142875197651
0.0003779515842900294
3.4424316821948614e-05
0.00019600202143750078
0.00011089450060606679
0.00037726698070812307
9.464710145452262e-05
0.0001570153461004972
7.192583341580947e-05
8.931683719296289e-05
0.00017093984393461742
0.00016474666369728608
0.00014941045775489258
0.0002290746095974671
0.00035362012246420004
4.1945312057912326e-05
1.712253958291593e-05
0.00020927306974005198
0.0007788161649571743
4.4305105072782686e-05
9.20369778223487e-05
0.0001735515295453254
0.000294263507343022
0.00019592747604291712
6.074773739698916e-05
0.00036995844746789936
0.00031437228382761185
9.04562130532154e-05
0.0002149731745553835
4.744376491965182e-05
6.711118791168174e-05
0.00028075084551678123
0.0002472649876312076
0.00010591115702658776
5.589575592737942e-05
0.0002359545156161561
0.00023808048822298268
0.00012996749092433424
0.0002525930381470551
7.368082853434972e-05
0.0004231755268434876
0.00043129092506594585
0.00020593928574665955
0.00010445155325811564
0.00014314845066232593
0.00016171559611103528
0.00020151744706556473
0.0001708039514362833
0.00010219757868766635
0.000283647433909396
9.678325552566253e-05
0.00023227735784168497
0.00010449400865411431
0.0001883652361639042
0.00026719080097646733
0.0007989997037064221
0.0001671936744830676
0.00020252017241063756
8.159499678422319e-05
4.530284790393141e-05
8.879977829979855e-05
7.553749799813128e-05
0.00012085155660778673
0.00022630932963515997
0.0001410460831072195
0.00015174235004606113
4.07086761966139e-05
0.0001720841209718218
0.00010042637007601168
0.00015046596595799888
0.00011518909289138886
0.0003435117491225223
0.00011587813044088832
9.60837645863107e-05
0.00011434069122271845
0.00015483865592384356
7.973539143408936e-05
7.888886155024356e-05
0.00016876993436654636
8.354237538975165e-05
0.00031227354317407387
8.559881092185851e-05
0.0002585044683822676
5.412239377299944e-05
0.0001264335965534854
0.0003958401173101321
0.00028821599640907626
4.078784959090476e-05
0.0001247582097660751
0.0005183211821788132
0.0002366530249802141
4.8421516175330915e-05
4.446861288680227e-05
7.715617832530632e-05
0.0003086385989593465
0.00010052937660956963
0.0004314726259456367
0.00014548171858101773
0.00010534754466551297
4.696366892375013e-05
7.887968858393643e-05
4.428088106588913e-05
0.00032874878004638146
0.00021347694118003274
0.00020484934985322043
0.00012937362968798379
0.00014151619094345918
9.606544279792789e-05
8.499284448501138e-05
6.446582205198878e-05
0.00011695806003732044
6.925118480445031e-05
9.862674575554623e-05
2.3202078693826445e-05
0.00011202845128208099
0.00013314949300563994
9.591789107321357e-05
0.00040191493537364693
5.48754689042755e-05
0.0006915358886922144
0.00020021482399740144
0.00010335414866793789
5.4983849960137624e-05
8.590366568107078e-05
0.00018906566840270748
0.00024514891390376196
3.3424293791760346e-05
0.00011426061732326634
0.00030147217762934364
9.59520139433966e-05
0.0001418668050640739
0.00011179720018939036
0.0001213968563779496
0.00012815164430132693
0.0001825517591236265
9.496536505310918e-05
0.00010338916160377131
0.00013617139147577447
0.00025030594321181956
0.0006980072326807412
3.075494958539357e-05
0.00023929999948832373
0.00027374412018746835
0.0001860664419999054
0.00010759973302319553
0.00024642772603291637
0.0002139303472575634
0.00017032696053632064
0.00025263522827300995
8.728313086686782e-05
6.181630824345687e-05
0.000477976356271019
0.00011274222577905502
0.00010749237225071384
0.00038493113122834593
0.0001062426047481519
0.0001358535633958826
3.492443574863527e-05
0.0006413247395796461
8.514658389172746e-05
0.00026248151457677714
0.0002931723254194767
0.0001874730920851523
5.2227653726651865e-05
0.0001936429114008829
0.00013776596097477657
0.00012283729756913336
8.960965709477809e-05
9.070232669968071e-05
5.4387553374462694e-05
0.0002079915839137282
0.0002899031442472081
0.00015622358367665425
0.00012508021166271447
0.00020054025850517387
0.0001286791715513985
9.945438918453571e-05
0.0002638275793038031
9.75913446372671e-05
9.607887076325626e-05
2.7268899377173786e-05
1.991110949680601e-05
0.00021814742387308095
0.00013362143190247667
0.0005662945155900663
5.308903900771265e-05
0.00012407823122589088
0.00010547305815608348
6.149410014486423e-05
0.00017113329343196692
0.00045004343661357197
0.00025688510262738927
8.748737817975198e-05
0.0005877552338727771
9.038363299343527e-05
0.0006421874734039031
8.977790487578834e-05
3.903371424885017e-05
6.458886042468313e-05
0.00020833855035013357
6.589890390810522e-05
0.00030204390092967786
0.00018665367393151558
0.0001394616568005302
0.00025419756561661383
0.00015013044547908402
4.227560383260473e-05
6.530236917734963e-05
0.0003937373383926613
0.00022874265558768764
2.0254159154743122e-05
0.00010637600737234899
0.00010035958530267568
0.00022776807276325936
0.00028355408376230405
8.13713678683292e-05
5.827558688777411e-05
0.00011329006494904753
5.8708742623394075e-05
0.00018108112981839752
6.365126887509374e-05
3.14906278727462e-05
0.00010755104450234955
0.00014844204843780513
0.00013084905021921406
0.000457890697864426
0.00012389126363571403
4.541610683071739e-05
8.514444315461004e-05
0.00016422545161876842
0.00026829944031540783
0.00036992627764073725
0.00026029414499619045
0.00016051779276194772
8.021629740158892e-05
8.546055573517564e-05
0.00020835548359971092
0.0002882723440676691
0.0003298832048231563
4.881631978203868e-05
6.881256641925321e-05
0.000712039369327788
4.448349827766991e-05
7.508173081786359e-05
0.00029204107187622637
8.355537276423022e-05
0.00023295989519750153
0.00026483472099607695
0.0001928987910591503
0.0002118095664864852
0.00012406571478628916
4.5170543395078625e-05
0.00031597664836806755
0.00012542240004966303
0.00015889456959235156
0.00014743273902794417
0.00010527066742489463
0.0002078424244247866
0.0002267944793829956
2.652524435483067e-05
6.091269744080204e-05
5.964716924841163e-05
0.0002888281418116644
0.0005075784571523216
0.0001500695434176218
0.00018192166429114348
5.915041119049403e-05
0.00022487314154115285
0.00019761832781095434
0.0002772661421942582
0.00011352698196269084
0.0001358791162739422
0.00021907472885173305
0.0001455478682170895
4.901693323898803e-05
8.944404020986545e-05
5.208772900916557e-05
0.0002154996570074174
4.605227445464375e-05
0.00016311144212638533
0.00027660187281201485
6.274915162780671e-05
0.00015260787820623148
2.837960004333732e-05
5.665243402281979e-05
0.00014091148727357942
0.00010865090355164904
0.0001411861502946895
0.00019285563684302165
3.4149254129626835e-05
3.66163967648899e-05
0.00012443629547731505
0.00010561396144079833
8.047185441391426e-05
0.00014851570768394294
7.013243860228563e-05
5.146568832616095e-05
3.338106495778633e-05
2.3063892269911632e-05
5.587067722990916e-05
0.00015226100067016395
0.00013797396932453056
4.956592383069878e-05
0.00016248503104194262
0.00012901428084806553
0.0001881194613414452
3.615989353868822e-05
0.00019780708773791883
5.3741586793381835e-05
6.0132138587219445e-05
0.0001213382444172032
0.0002026787902971002
0.00013497444617650557
0.0001930619357679308
4.4471415888769856e-05
0.00011052416846309604
0.0002707450918674546
3.6872531336110827e-05
0.00010507273613636499
5.2878114049470576e-05
4.7239259106545586e-05
0.00016032627386891571
4.313527013559428e-05
0.0001455717168376492
0.0005181478509207842
6.29871338716613e-05
2.785100912258608e-05
0.00011893208259674804
0.0002776770856485606
0.00015904480581526448
7.970637990622976e-05
0.00013461359456613266
7.492262534526836e-05
0.00012569370634745938
0.00012722513648944257
8.711500960524539e-05
4.974595625518966e-05
8.73228581926859e-05
0.0002019044858687552
5.076963389130188e-05
7.173790246795686e-05
0.00016605791357159088
5.448004370021759e-05
5.137301230375142e-05
0.0003306298648066644
3.914667815304413e-05
0.00012149459971081828
0.00034671774705556657
0.00013696352985233322
0.00021605815254236026
3.2514007409440134e-05
0.00013750244801291725
0.0005768120409712195
5.516933878727582e-05
6.552013097486394e-05
0.0002005291643178765
8.191752834903241e-05
0.00011965970874996195
0.0003829732079443794
0.00012170006625849164
0.00045686450355134545
0.00015866652775711624
0.0002660178626230915
8.237486545312242e-05
0.0003396201589558089
0.00020015169967280044
0.00022897728753201323
0.00011714717819667372
0.00015399911050654477
6.95902467161976e-05
6.567022639276884e-05
0.00010698951381466181
0.00020083997936868654
0.00018045024074376766
0.0002140669373670365
3.951978451565327e-05
7.033971395404129e-05
0.00016435038837904535
0.0002916771858419272
0.0001401176155055465
0.00012826269818853306
0.00014414548134082973
7.065820258420896e-05
0.00011235782629579888
7.159051202447855e-05
0.0003108926307920456
0.000199715883024687
5.877096520935337e-05
3.302996028457821e-05
0.0001696319573491986
0.00010372720071269018
0.00010865600749936606
4.925579679767108e-05
0.00030046924512738013
8.722081935752032e-05
9.25700679867108e-05
6.107973724579573e-05
6.345611794297897e-05
0.00011686991515908281
4.3283688871431075e-05
2.5589649406352873e-05
6.226779517231662e-05
4.349871002705513e-05
7.372946533534095e-05
4.344546855963804e-05
7.452598328167713e-05
2.5659834980784746e-05
0.0002080084793077904
5.9246633570061617e-05
0.0002656936863082579
0.00018078137973190784
9.091985382567618e-05
2.979392605050957e-05
0.0003003106089448091
0.00011929832492520506
0.00013940747990644973
0.0002852024868293135
0.00014383993099439964
0.0002283081210081101
9.232218470430658e-05
0.00019087903881710198
0.00013772433638239168
4.503655986878312e-05
6.0830933898617915e-05
0.00032369795987850737
0.00011804308903452728
8.420643197697982e-05
0.00015794871207645397
0.00018515086514253747
0.00024003716305952258
0.00023151275726802527
7.73823263500085e-05
3.365076697006396e-05
0.00014421532576895904
9.967485700530827e-05
0.00011061868117716204
0.00046052413215267826
6.125676696851203e-05
4.236404461535095e-05
0.00011421229450309004
9.952470450054624e-05
5.204679183033073e-05
4.873710801520987e-05
0.0002980422015465872
0.00017070023454460344
9.292719066648996e-05
0.00013194608301975193
0.00030495395438798336
5.394285072933853e-05
6.14406346972612e-05
0.0004983246258127587
0.00030389425574952353
0.00014658747878657007
0.0005666702304374029
9.43186300880098e-05
0.00020043869076333056
0.00021563252932129185
0.0006833790755745868
0.00021405981379862533
0.0001984470941407863
0.0001254969800589671
6.872766399792249e-05
8.91118474320267e-05
0.00022028971755272582
6.450654413245071e-05
0.00018226643236130357
0.00013531889181864792
0.0005523264969796834
0.00037535881490203643
0.00014777166347953202
0.0001163221029689545
0.0001975236827957505
0.00013544228724046868
0.0006088953294274397
0.0006142733503837903
0.00012868654688051975
6.096448372161013e-05
0.00029757189054414656
0.00011172721797512918
0.00013374707795004795
0.00012225836254524844
0.00021403481899680995
0.000148632092702815
7.433614698683751e-05
7.059152038588239e-05
5.7407155627403496e-05
8.847892350725646e-05
0.00018825111268241696
7.370275636432217e-05
6.126693362734067e-05
6.807044406640968e-05
0.00012565085343143936
0.0002928788272411623
0.00015670593511805036
0.000405651686227235
8.512063186052461e-05
0.000189687261284332
0.00011130282430009099
8.093388796471306e-05
0.00039926976174495997
0.00014462986746075995
8.71106340363477e-05
0.00022251728563225123
0.0001885491998640168
4.7001856998522785e-05
0.00010028548570023838
3.682042429262199e-05
0.00011298083296079412
0.00013555620698108857
3.038260174305124e-05
0.0003362214075282701
0.00018788481025628725
0.000307961166250393
0.00034238402933697306
0.0003338884594920699
3.4902891988286326e-05
7.12732227498957e-05
0.00021672396643744712
0.00017550693767065726
0.0003117647889283078
0.00014211250120497798
0.00034493039973239683
7.632791298091783e-05
0.00022124204349824623
0.00019748175804089026
3.210566225396099e-05
4.029618222134102e-05
0.00010151339681034064
8.558111787669921e-05
9.920749593341489e-05
0.0002752754002283542
0.00014855743761760086
0.000130730207957472
0.00011620617355301067
7.019134256614069e-05
0.00011426785894538859
8.479271600880938e-05
0.00021550393830057087
7.230906779591175e-05
0.00011605706460668414
0.00010650915717735969
0.00012778732008359982
0.00010264094258373174
0.00021401054917903067
6.710024284825773e-05
0.00011444467843522537
0.00010410834418384085
0.00013213033390084434
0.00025729637613071263
7.897178012984828e-05
9.420540103689064e-05
0.0002311209591570221
0.00017433369084794272
6.438788533476063e-05
0.00011233914444073647
0.0003728149293803258
0.00019325257864556133
3.724053502651646e-05
0.00013354177974764505
4.823255130392858e-05
3.527210105187695e-05
0.00020725219412418797
7.200796511462274e-05
0.00012838406763356292
4.2700903505207155e-05
4.264009164452242e-05
2.7897041643656918e-05
8.941057781394812e-05
7.23619914935121e-05
0.00013856080250203846
6.360507239055305e-05
0.00023236319984827066
8.327813928847684e-05
0.00010203774860760666
8.122958998630892e-05
6.45882205014692e-05
3.543562236112258e-05
0.0002948050182165052
4.42397073203277e-05
7.211373268092638e-05
6.040090456110929e-05
8.404114081423608e-05
9.455349136934109e-05
0.000107904661587127
0.0006678704544150041
6.371193069401064e-05
4.765741868541853e-05
5.173400855964016e-05
5.8528962930229205e-05
9.49798395066059e-05
0.00018597123281411822
4.6278787383510246e-05
7.678120168021545e-05
0.00012705557436120185
0.00024035567490170962
0.00011098084685609081
9.929074700761441e-05
2.4885781015934346e-05
0.00011377282795569398
0.00012005757759998282
0.00015995158164042379
9.2153633048768e-05
5.2288782474765224e-05
4.244256455417698e-05
0.00034139357463954466
0.00010589219610685349
0.00013375608420387438
7.256216548280866e-05
8.384445912845293e-05
5.1601525024122725e-05
0.00016088476188027577
9.242390335588462e-05
8.41668924638143e-05
0.0001779535921923504
4.9631828807139245e-05
0.00025977503539425124
2.0856683747120847e-05
5.7422795726488105e-05
5.14438302329728e-05
0.0003094575001844886
0.00012508154461946766
2.80706618540602e-05
9.790041759140997e-05
0.00010419995042647146
0.00033866167207152005
0.00014945720128293005
4.016503602543977e-05
8.250685320653784e-05
0.00013576727668788134
0.0001231838015845644
5.452945073590694e-05
0.0001753279715771888
2.9591198196696267e-05
7.957011961671422e-05
0.0005217467671895089
0.0001484004881282535
0.00037390018049416723
0.00023209128002841912
0.00010450582211542496
0.00013162539606670603
0.00012511487156634387
6.717621381238415e-05
3.38160558512886e-05
6.320853502754235e-05
0.00013361286506592974
3.29248077832399e-05
6.143997255651952e-05
1.97975049081223e-05
0.00030582445365721683
0.00018695197379860586
7.195668400416783e-05
2.386413779789849e-05
0.00017934175884263154
3.765163509671037e-05
2.2280254269327975e-05
0.000624317563125447
2.9998297869929785e-05
7.463067643996883e-05
0.0002687463384528227
7.192860062886295e-05
2.8754189580886904e-05
0.00014997502906238358
0.00012472293698885493
4.5966466258411465e-05
0.00010100625980691826
4.673172589809752e-05
0.000520760273685243
0.0003159317734281119
6.389003707971504e-05
7.805090869638414e-05
4.2115697019292096e-05
9.297158188176279e-05
5.46368745518853e-05
0.00014191318667139272
0.00047911393335940114
7.134198642465286e-05
8.174314008585034e-05
3.395730887075552e-05
0.00010505880917824888
0.00016305711824454781
7.1905459488669e-05
0.00020110840756592765
8.296937014546873e-05
0.00011185353891457798
0.00013683360100068327
6.0962605547471694e-05
0.0001509522668189783
5.6545557804664744e-05
7.13665537078035e-05
0.0001273308355501596
0.00037203941464634824
0.0002819980167798519
6.493255487605466e-05
6.491100148097774e-05
9.989923117495624e-05
0.0005885605027649322
8.906886937692358e-05
8.446132725126305e-05
3.7196646338854895e-05
5.562682108587569e-05
8.547846455924583e-05
3.581869914552102e-05
2.4204863075593416e-05
8.643911904684774e-05
0.0002821978527929576
9.284963184255892e-05
2.7889445364644798e-05
5.866958623508649e-05
5.4518197929004237e-05
6.094737843857524e-05
7.247062261880306e-05
0.00010543924015423298
6.0988937670539385e-05
0.00012544213895113456
4.0144723098547694e-05
2.2002550379142933e-05
0.0005612853992694894
0.00019280705876148198
6.308672870967069e-05
2.7915321299199675e-05
0.00011318547543491195
0.00012581852548020488
0.00010732321982898156
0.00012957121067411982
0.00013581427689240996
8.590540072922401e-05
0.0003740913743309693
5.965737378694044e-05
0.00011273292948573297
3.0709294389106144e-05
0.00014856926331532712
5.02430993158525e-05
0.00010348079533811108
0.00013612817307536644
0.0006141869791082055
3.528280302084957e-05
7.845450023237116e-05
8.050314068428865e-05
0.00018848305931924608
0.0001333901374678167
0.00016844138958520583
8.244108340648465e-05
0.0001789425969888349
0.0005049071458109655
7.255671297008714e-05
0.0001303173382217824
0.00014399817309338424
6.70669909314752e-05
2.68276139942241e-05
0.0003509383645732894
6.0545198050941157e-05
6.632189350072626e-05
1.9638645832256642e-05
0.00012473980248320617
0.00016010425665205597
8.881918745122053e-05
0.00011072438760685662
0.0005079766520561456
4.846464012156951e-05
5.32085427895975e-05
0.00047068869473259364
2.3898918429596397e-05
5.0482913579763464e-05
2.70795896765579e-05
6.145457363069717e-05
4.600698599066254e-05
6.13811474416562e-05
4.621349908814966e-05
0.0001897478565706426
9.665388776898045e-05
0.0001117661430751199
9.615123015700348e-05
4.3187973098912266e-05
4.3119414031322287e-05
8.920709291681589e-05
2.9259161869480028e-05
0.00018286801756918074
2.3998921833118987e-05
6.491526244309038e-05
3.137954284542209e-05
0.00025094984802944613
0.00013510140966719052
7.686098481781971e-05
6.453066703692264e-05
0.0001093789217422148
6.498126199014398e-05
0.0001560255133522858
6.085861611942309e-05
2.5394738843200096e-05
5.290810759655112e-05
6.259876321834223e-05
3.954893954961966e-05
9.304381835002728e-05
2.480111780214535e-05
3.9063579766213996e-05
0.000302826133256853
9.238770922272148e-05
9.92941586293261e-05
0.00012487267414294095
0.0001566465743184747
0.00011229663926988866
6.960538756110258e-05
1.8147459284336705e-05
0.00017851338867840068
5.6051508874548344e-05
6.774394503991406e-05
0.0001291781244546569
6.701917853906608e-05
3.247417316170235e-05
0.00034818113178454864
7.595644875688653e-05
6.544977739104003e-05
6.82605681114981e-05
8.9299799075409e-05
3.943970651889252e-05
0.00016969280878219293
0.00010131324789010091
0.00014541712768393591
0.00013451642540377983
0.00028124615120709103
4.4996328051386756e-05
6.890285439556446e-05
0.00027955922935085946
0.00012341955817653027
0.00017077716994128202
8.357614973683327e-05
6.503062960708617e-05
3.194457147574558e-05
0.00010555637104687724
5.954918588044939e-05
9.253034189163598e-05
9.989870824280944e-05
0.00021201390949988533
0.00019920700847345733
0.00019382261694975665
3.093039549536558e-05
9.545673123134724e-05
0.00039339579504545135
0.000332930892885622
7.293631536945739e-05
3.53577756329895e-05
4.8023006172681795e-05
7.566019185947287e-05
7.025136804187234e-05
0.00021352474398139476
0.00012446629936705583
6.616513229827646e-05
4.386721117804224e-05
0.0003644345501172406
8.320704626776645e-05
0.00012573453240783425
3.618720721477477e-05
0.00024323502182108765
9.330487788158474e-05
0.00010769157558481353
0.00012242033403202102
0.00011924575343065998
0.00012405927872514608
2.7063210003784753e-05
8.103072698357351e-05
0.00012993740269724908
0.00022645443314915222
9.582341264746217e-05
4.55661623535608e-05
4.174908071633504e-05
9.003259390320836e-05
3.1608222642428006e-05
8.553741491895094e-05
7.143406233329099e-05
0.00011028445918142632
0.00021614447216811394
0.00012556261503141974
4.6022621838675754e-05
0.00032116573774480106
0.00010121570099432242
8.362049049743644e-05
5.15309460543403e-05
3.301788854131265e-05
0.0001375823130760055
6.24443998221279e-05
0.00016785653753419465
1.8904843555679004e-05
4.747555671779826e-05
2.9109719380004627e-05
3.6134793218209524e-05
4.7775209007802076e-05
0.00018410511834467637
7.903619870135521e-05
0.00011768946781180252
0.00015509452046485772
1.4923602275536671e-05
6.318486648412261e-05
4.163450993165349e-05
0.0002578680129402058
0.0002111763758192642
2.0802918804541197e-05
3.8672914853128724e-05
5.18934900952087e-05
2.9391011243605057e-05
7.222729366308868e-05
0.00015055284834231928
0.00017689863943455182
6.0253077545182034e-05
4.4719205878254396e-05
0.0001255179185940331
6.950286243250081e-05
0.00017604463417536775
8.76828545578108e-05
6.28311552268645e-05
0.0001497441363936383
0.00012553419633287065
7.186875108732536e-05
8.150916096622958e-05
0.0001815429041833854
4.097732250933363e-05
3.7399065062116656e-05
0.00016397191423700487
0.0001587315004652461
6.24621151914485e-05
2.83787315126239e-05
0.0003566672482670806
8.43350718235385e-05
9.150823811232568e-05
3.4024973963549905e-05
0.0007676035965190712
7.881412816064865e-05
5.0294139802110586e-05
2.403417800299676e-05
4.235271404802579e-05
0.00011067921580276035
6.812312396316964e-05
5.3129976765066486e-05
3.610688635536611e-05
0.00016591452011070635
0.0002176347835261493
2.375908484719924e-05
5.3730771346217234e-05
3.772923901935886e-05
5.687941378425965e-05
0.00016103780799599072
9.892041771191816e-05
5.807717011905202e-05
0.00019517021078432813
4.64189706087456e-05
3.2675809059423245e-05
0.00015076063981985348
0.000704734854290936
8.724879897251665e-05
0.00016410202197410887
4.446960020880474e-05
5.6760146237201404e-05
0.000376552284341181
3.5155084063383646e-05
0.0001234300658689568
0.00011523668929262735
0.00037086384723034694
9.940824810329493e-05
0.00010134471706458288
0.0001184382490634575
0.00023815831577126635
8.233906787327825e-05
5.2442550008503176e-05
7.464963251788412e-05
7.757681713163317e-05
0.0003253237507350616
0.0003024911490130837
9.311417328834728e-05
3.905579635277186e-05
2.377582357583062e-05
7.635758311921344e-05
0.0002793195051202692
0.0001464251380027307
0.00011703710712781378
5.9791068098090816e-05
0.00016663424618038706
4.586441323962491e-05
0.00011028333966067428
4.0888926929738266e-05
7.109317926980662e-05
5.7585209553902305e-05
4.843166100677871e-05
0.00013940546666566227
4.848623024380186e-05
0.00038297948861132776
0.00025933864853586
0.0003401623283460833
9.229046591797256e-05
6.870398786181374e-05
0.00014449331712226854
5.4522134706081736e-05
0.00015045222565226651
4.010082816057982e-05
4.967176547534052e-05
4.7999420181314356e-05
0.00027064788493437523
5.1614023221259094e-05
4.122321488915118e-05
8.78926665073626e-05
0.00035350102424186426
9.47008176692773e-05
9.357871306680367e-05
7.641736744621027e-05
3.077442392204161e-05
5.895630392378499e-05
0.00015552683457996003
0.0002662984456652139
9.9297846068671e-05
0.0001465629355650125
4.225441163127649e-05
5.05967375297051e-05
0.00021223169465165955
6.025734988672677e-05
4.481965440623416e-05
7.664791762947777e-05
0.00010603029855000426
0.00011285352952066288
8.384356610753767e-05
0.000162363009160017
0.00013164757097404545
3.863728014775078e-05
0.0001853589113057957
8.880399579545304e-05
7.043396143557007e-05
5.651313588660137e-05
8.861245381131626e-05
5.9473546141476815e-05
0.00018951509318498476
9.06730432976641e-05
6.806929249580775e-05
0.0001179491726040888
0.00010395224443184703
3.949868487213217e-05
5.0017766058504485e-05
9.782133001086469e-05
3.77642738919306e-05
0.0001330327224469672
5.4006373015354435e-05
7.95350124537799e-05
9.47363047986966e-05
0.00017042758645035037
9.730768763914763e-05
8.66666127920347e-05
3.2199723599750344e-05
2.2628405629703462e-05
0.0001228309460218593
6.190088067185207e-05
3.8488200088603484e-05
7.774525080929726e-05
1.4301973451435456e-05
3.8371750043689845e-05
0.0003706585809771047
0.00012179469550241885
6.0596558954412005e-05
0.00010046671264174227
5.098147150312578e-05
3.9180375341053825e-05
0.00036608101559186936
7.93725017946177e-05
4.923669608847251e-05
6.550439399889602e-05
0.00012591276547678783
0.00024614863933814933
0.00014458499478776807
0.00016837157719582036
5.529238051745548e-05
0.00023033812465629182
7.06727982479806e-05
0.00013329485408883403
7.397577414009087e-05
0.0001259548594551104
0.00013864818939484245
7.897158866736485e-05
7.982890724114599e-05
2.658856574314284e-05
4.4171446738243025e-05
6.382967232150332e-05
0.00014967704236575698
4.254575691318754e-05
0.00021042361898410806
2.1902548752612166e-05
4.72812092898241e-05
5.502210137049353e-05
0.00014257176570767926
6.914768340207383e-05
4.561278424197584e-05
2.580727508858735e-05
4.491817688769865e-05
2.7986227476267975e-05
6.868095344191574e-05
4.110659712268657e-05
0.00028856882818726487
5.445514566398478e-05
0.00024527426370936714
0.0002576824190325242
7.58236341703354e-05
3.1414874931925156e-05
0.00011336587549168345
0.00015231660279732724
0.0002475022371509781
4.687881241168661e-05
0.00020670799268385925
0.00019294139227161717
0.00012236869552496987
7.159944802400149e-05
4.779301103412113e-05
0.00026486206643388626
0.00010901469344625818
0.00010639004629179379
8.08535201142549e-05
9.441663267127653e-05
0.00011764346384963112
0.00012299415811784853
3.75145518130465e-05
6.242529049522152e-05
0.00024284025493428904
2.712197084732685e-05
5.841756129490872e-05
4.6854112687943153e-05
3.807305757193495e-05
4.5814931629479046e-05
0.00032730799315328714
0.0003540812061131043
0.00026801183641202825
0.00012715430680277365
0.00010098707334760361
7.513612298295667e-05
9.876082192637543e-05
6.400994528163423e-05
8.656586858010698e-05
0.0002901219758212565
0.0004215514848927484
5.6442515946305264e-05
0.00024972717395981605
0.00010285263371228334
4.7024543406091144e-05
0.00010489472049169426
0.00010385603755998116
2.866143605262296e-05
4.185926135070064e-05
0.00018283626747130535
7.34532168517618e-05
0.0001258035230749531
0.0002800455639014539
0.0001722131714035477
4.434620930956162e-05
3.293202668507811e-05
0.00015902329092212656
6.505090843084084e-05
0.0002657338874756171
0.0001145377861499369
4.154823727742478e-05
2.806064229007355e-05
0.00022939869867607624
4.3464998643120234e-05
4.9018512398599344e-05
9.13047101988605e-05
0.00011857201412938377
4.5220677779253136e-05
3.302380163609981e-05
2.2297800025677115e-05
6.456192964353451e-05
0.00010685860511517192
0.00026475542965604645
9.296076028477061e-05
8.026877371788593e-05
0.00010732007923760887
5.225599956906875e-05
5.914598414152903e-05
0.0001788485575073469
4.30451611764668e-05
8.91679418199429e-05
0.00016031239184747032
4.2125939965638616e-05
4.086771378021449e-05
7.911856336559863e-05
0.0002259260417546646
7.739977236365273e-05
8.77913386247116e-05
6.060014971192919e-05
9.542802860916397e-05
0.00021369522096452778
4.301894239013019e-05
3.6168897217002e-05
5.606514036344902e-05
5.371856585819616e-05
5.0291612355792006e-05
4.7148165188910805e-05
0.00017849687125140934
8.148068512025293e-05
4.5490678954033884e-05
0.00028410769483482176
0.00014604090197881453
9.64642211747511e-05
5.0561057147961736e-05
0.00011711873843539066
4.237675089671294e-05
5.170757863285951e-05
5.9741802535152465e-05
4.6175790367244136e-05
7.77762979456561e-05
3.760136577398395e-05
9.929153187786846e-05
0.00015636731585641058
5.8471580502821305e-05
5.248921047854916e-05
3.857584319318246e-05
3.578005346300047e-05
0.00039686642927460616
3.217575651159409e-05
3.273285040688163e-05
0.00013391450540117285
3.78422799415653e-05
8.413653923669227e-05
0.00016688898927886864
3.893134929416371e-05
0.00022915779091031076
6.430083116965053e-05
7.666828446681143e-05
5.4235211602395563e-05
0.00012563990801823914
0.00011567972407333773
0.0001329158788555685
8.258781751864519e-05
0.00019968652917540252
6.371084104773892e-05
0.0001061278215898194
1.939842205630196e-05
0.00012344586971995485
4.938774136128836e-05
9.870270175920232e-05
4.586964028531324e-05
5.169401184613472e-05
9.811118965920935e-05
0.000163694675499293
5.609690675221328e-05
0.00012655155125772483
0.0001265028647200234
5.329326725751911e-05
5.4228100403749974e-05
0.00024013973612691347
0.00011043790260861899
8.076362094666161e-05
3.927201711680738e-05
3.6257871998829117e-05
0.0002213120566491013
0.00012035011620215446
2.511131470012898e-05
6.964119545859798e-05
2.6580613420778118e-05
3.9957830793873716e-05
0.0003187071353768371
0.00010256483794036289
0.00011036287760154455
3.3820843572513625e-05
6.114636082989659e-05
8.991129329882102e-05
5.389617721099976e-05
0.0002188835560422002
3.877985288562704e-05
6.401605775916695e-05
5.5720949304390733e-05
4.381923278525902e-05
8.392004848411978e-05
2.2208508397264864e-05
8.494486590163575e-05
0.0001812128508551423
0.0001029304003257433
0.00011859024473752063
0.00022018360327567805
3.016889618327387e-05
1.6016647836195195e-05
4.273549678723635e-05
4.965114061796089e-05
5.2962015402447085e-05
6.297650999420674e-05
0.0002760337346392919
0.00023217822707892935
8.466801966947216e-05
3.671880708530012e-05
0.00010832714640750356
1.831509901436338e-05
7.157885443832514e-05
7.636449191114955e-05
5.7908367739816085e-05
0.0002003169770121551
8.341336687938525e-05
6.492790118448218e-05
6.230420842021586e-05
0.00011818082619809313
6.545882402534532e-05
6.066808374568187e-05
8.114123036120802e-05
9.27319313640494e-05
5.312774905243656e-05
9.54059833697075e-05
0.0003561490647499029
3.144046101630303e-05
0.00029319985616930647
7.124285000497655e-05
3.871772278053211e-05
6.554363509639375e-05
5.8032947656894e-05
0.00038362269297778016
9.94413955877194e-05
0.0002826329384005364
2.346729118989309e-05
2.2692289831556435e-05
7.267248582140232e-05
4.9876371049273604e-05
0.00019247239678418467
6.801457148492797e-05
2.637295713419898e-05
3.165517275666221e-05
7.313739809939312e-05
6.154837566399281e-05
7.868120176260688e-05
4.947143088670201e-05
0.00017790016366153795
9.00906216593277e-05
0.0001972465651850406
4.88724025734175e-05
3.4013090073019526e-05
0.00010066098352489529
0.0003186914113048786
6.510258385758607e-05
0.00025097018817260954
4.81071170364168e-05
6.830913496481953e-05
0.00015746375588192093
6.211990337400962e-05
0.00011437410892656566
0.00016116245231761634
0.00024173123096030244
0.00010218432259688982
4.6858855549127445e-05
3.745301179672455e-05
9.534719642266567e-05
2.113856540202271e-05
6.86869455862047e-05
8.232030153121998e-05
0.00022478985573137468
5.380692266502507e-05
2.9176861173608457e-05
5.515750409930026e-05
6.850493183296129e-05
6.58312936753443e-05
3.421279073737301e-05
0.00013905298110933686
3.3660207484730887e-05
3.725887750117786e-05
5.567211522574424e-05
0.000322347067384099
8.053997497815876e-05
0.0001831128254157153
0.00017078093692851273
3.1056967711063004e-05
0.00016835621674262698
5.673554242912613e-05
0.00021363237049126866
5.748331616590822e-05
4.630851081987215e-05
4.708437198496427e-05
3.0379792442310473e-05
3.753901451419251e-05
0.00015440288221529896
3.44868962703596e-05
4.544525438987838e-05
0.00015678183330008146
0.00012829648827523531
7.183448573728619e-05
0.00026635303059342443
6.646042843508833e-05
5.130365845365021e-05
3.953341895454057e-05
2.951776524734528e-05
4.6508513447861e-05
0.0002765434533163881
7.278887727988439e-05
4.0048466518878406e-05
0.00013161241602988095
3.9131014769662e-05
3.422548399034782e-05
2.356246720887503e-05
0.0001344242901732782
0.00017361125005240213
6.35781264724659e-05
7.956446439668437e-05
6.577877849939814e-05
6.976717560753975e-05
5.04842449397452e-05
0.00017339324038356525
0.00016370774100477736
7.092922290283906e-05
3.440970366673896e-05
9.321723839415468e-05
8.970644369100205e-05
0.00011259056609067861
7.069716961006115e-05
0.00011255855427623095
2.6035497102276044e-05
6.462033987910193e-05
0.0004711775905278313
0.0003147371370885162
9.315782656694141e-05
9.47375116602513e-05
6.879047352606815e-05
4.5218084486667994e-05
3.535560758654901e-05
7.574188642366877e-05
5.838573521227378e-05
0.000126563181745806
0.0001556676839262356
1.8060787924847217e-05
0.00017435063212604648
0.00010104262860416361
2.5670609669771953e-05
0.00023110390167959964
4.7292599169854615e-05
0.00013676575279873221
0.00012217958430139677
4.721518266555357e-05
0.0001230141537124503
9.565360582307232e-05
8.25871428837441e-05
8.1197146697434e-05
5.69663929835582e-05
3.7975857405456273e-05
0.00021148600682347095
2.2021467769106223e-05
0.00015366351260852516
9.525988904203062e-05
2.2693460798220152e-05
0.00015789012504360415
4.014731475739439e-05
3.8443569901144794e-05
3.913542157721674e-05
0.00011879612468164354
3.6523876306871816e-05
4.648218742990632e-05
3.654581152501707e-05
5.136047344080199e-05
3.143025261434072e-05
9.334588722248029e-05
0.00015495380905971012
0.00013948007472862478
0.00026834703043171265
0.00011001947333236354
5.52620551293376e-05
0.00010353702584029909
0.0001845574511820849
0.00010941750203990414
2.775482652903593e-05
4.623166604636988e-05
5.9423542711422206e-05
3.938340586979859e-05
3.409644298510116e-05
4.5583681796369e-05
0.00019048353060883676
0.00012994181537333
4.38389723295011e-05
0.0001277571286351989
5.6278104444035566e-05
3.23147625786461e-05
6.52852739158242e-05
6.248773909191705e-05
0.00014326861739123798
8.734716173202864e-05
0.000542740446253721
8.983706277844061e-05
4.1957391225120915e-05
0.000216244479725873
2.6222924435735623e-05
0.000137815132272763
2.6127249685175248e-05
2.9103434992386603e-05
4.2830938484831245e-05
7.959980746489265e-05
0.00010992663992854298
9.598583291278838e-05
3.947777523896584e-05
5.794668057670241e-05
0.0002900853184839347
0.00010032575269048383
4.451257198121649e-05
9.789547221808055e-05
5.7881924630407454e-05
2.3021319574359053e-05
4.109786421055603e-05
4.760958308190302e-05
3.794659269392716e-05
0.00010175594111240959
3.58893385401505e-05
5.98837304943881e-05
4.407735963921809e-05
0.000109803482049957
9.005081406805241e-05
0.00021773452279282902
5.686818668383177e-05
5.411852304729498e-05
7.271176844902651e-05
3.6957484857285444e-05
8.9314431346506e-05
7.800868542252253e-05
4.6697124718307707e-05
0.0001252442379513938
0.0002653913977932935
3.662897152370488e-05
3.499423717809146e-05
0.00015931630389071669
6.531693423466966e-05
4.150713133659484e-05
3.5759386543695924e-05
0.00012670274267969364
6.874088678388798e-05
0.00011909387392520556
8.371842829712177e-05
2.5935090993628998e-05
7.737127307979367e-05
9.03502630500741e-05
3.724732096579117e-05
1.7631428349485962e-05
4.18891823384921e-05
0.00014228239156103783
0.0005079093430045475
2.6615235530259926e-05
0.00010831240304920777
4.3779355661107264e-05
0.00015216026543765843
4.182997329995804e-05
5.55329626862738e-05
8.864624877255905e-05
0.0001415566913270575
3.756541254135947e-05
6.0988064501755777e-05
5.420910566244106e-05
6.488211697241988e-05
0.00023731292278016879
0.0001667585626935145
0.00018183180783258455
0.00010558310826417266
0.0001511825616505306
0.0001965498170758576
4.142903055436166e-05
5.2560258929174046e-05
0.00030093613250917954
9.010655184320336e-05
3.949153660374007e-05
7.319300580219827e-05
3.043444610584639e-05
5.318547674895618e-05
0.00010331209208455083
0.00017851456565096772
4.139723617782776e-05
4.719483424734285e-05
7.592701604128406e-05
0.00015845088992926732
0.00013236568636347304
0.00020582959331198638
7.472977731930411e-05
6.866651633195741e-05
3.46107721352514e-05
4.733026916086703e-05
4.116589359638606e-05
5.629495503423028e-05
2.562489872316401e-05
9.35089111049421e-05
5.3816323955159005e-05
3.3072046446266976e-05
6.124576502530683e-05
6.122311179111546e-05
3.080139389373917e-05
0.00012901390183909614
0.00014053860271798197
0.00046594975149395485
5.357933810424916e-05
3.3411370716337865e-05
4.940910094662532e-05
0.00018314779233761467
4.616307903439181e-05
8.332823817916247e-05
6.46512528683996e-05
4.5792268784014744e-05
5.073669155279494e-05
0.00015332586381959322
8.232352971308899e-05
4.550022011119818e-05
5.470285127318357e-05
4.424139754364028e-05
5.665481468202451e-05
0.00012250851797528328
8.334671522215345e-05
0.00013355682793001484
0.000151745283157993
2.70345616362669e-05
0.00019985313545425876
0.00013422591435065283
5.1928113340809247e-05
5.881795656426934e-05
2.4227461183688142e-05
6.817326498177926e-05
0.00021313139817933117
7.093547873862082e-05
0.00011299314957193578
0.00015220197640896814
4.238561665251696e-05
5.0609137005242494e-05
6.382835465931823e-05
6.36081204106311e-05
6.443002092941928e-05
3.946721355297995e-05
2.566338291951258e-05
7.69483678638919e-05
3.3356440908796714e-05
4.4223845555112933e-05
4.4252103510752184e-05
0.00016747107436077544
0.00016592849080456138
0.0004304259286100943
2.803291468545302e-05
0.00017386046949788474
2.2871306211644933e-05
5.779079001668806e-05
2.740098047740488e-05
5.976016107959697e-05
3.1578483438119006e-05
2.6075874106636428e-05
0.00021401045804814303
5.7021472721950046e-05
0.00011239757767108024
7.096436789805312e-05
3.2990634425313995e-05
0.0001615689674373362
0.0001327573963763887
0.00013500574506971597
5.7773994270551156e-05
4.3716885402048865e-05
3.540700300719389e-05
5.129718433766256e-05
0.0001393624293717108
4.127575130889929e-05
2.8831424762582386e-05
0.00015273282943184546
2.9066798100952082e-05
6.490629587717589e-05
0.00015943149973225368
0.00012771532992230934
1.8285431409731616e-05
7.321815854394702e-05
3.3827322742911335e-05
0.00014048530341059155
3.1555517015717055e-05
0.00020939158243745695
0.00025786864907063553
0.00020149347777814923
0.00019206980709586928
7.718863801536998e-05
4.180739879667909e-05
8.572882489480755e-05
3.266020871445561e-05
7.816511652414467e-05
5.6759319626563176e-05
6.698354393555188e-05
0.00013029815118959458
7.897763066509222e-05
2.124934215802e-05
0.00012096824282620033
6.477117378617574e-05
3.793195827616043e-05
9.879343802733597e-05
7.985419229823587e-05
7.891146467735205e-05
4.763071118949932e-05
0.00017507963862564038
6.718472275075741e-05
3.254752814404887e-05
3.305594830409809e-05
0.0001181196732962869
1.304942702114387e-05
5.813467536199405e-05
4.635637287004724e-05
2.8694606907207517e-05
4.0668536459172506e-05
3.7947487812866335e-05
7.737955884570053e-05
4.6003607974727684e-05
7.78463417689268e-05
8.770929840942438e-05
7.748840097695489e-05
9.014602431700383e-05
0.00017308250180416037
2.3727195902104263e-05
0.00011773365186565536
5.11651350971405e-05
2.269002306134209e-05
2.452346395073992e-05
6.770530635103258e-05
6.723713257817811e-05
0.00010855549948404254
0.0001293435418293756
6.525688931158339e-05
0.00012359152945177354
3.1987574482378955e-05
5.790382038072633e-05
5.942835995628701e-05
0.00011117630200331753
5.266698280843281e-05
3.714624259655898e-05
0.00013377316233396518
0.00016691248809020662
0.00011431662507571857
4.687886868199294e-05
4.9109952976977706e-05
5.29938186589574e-05
7.458224896878576e-05
5.752091371787172e-05
9.809140414063794e-05
3.5855560948775536e-05
6.838852326743222e-05
0.00012762350922222756
3.338178062415695e-05
0.00012327039035615062
3.375363413881597e-05
3.1444690398849614e-05
1.291855834266129e-05
0.00010614502322738789
3.524630388417873e-05
0.00011915971213821172
7.737556320941629e-05
0.00013447388833223088
0.0003182271804339558
5.5735271175430385e-05
4.613511669574562e-05
0.00027679006559602976
0.0001069474678965395
3.0184833274772585e-05
7.784823996000085e-05
6.756897511825544e-05
0.00015948194163163418
2.5842055389252867e-05
3.515407327165652e-05
5.3497685121762565e-05
4.273320427108798e-05
5.4929590969400995e-05
2.771875547326351e-05
5.669148842483627e-05
6.018275601404884e-05
0.00023669917979539658
0.00017165647645612915
2.944655375161751e-05
5.638796031770555e-05
4.807591570295421e-05
2.440790474916048e-05
4.2276507780548254e-05
4.5541130909870465e-05
5.4248002371130906e-05
3.5884588230265885e-05
0.00012868808029639137
4.376726871440867e-05
2.8949281833740743e-05
0.00010342433807182481
5.3811641283520823e-05
5.3570713958616454e-05
6.939817581525828e-05
0.00019920479141985752
4.356138555166618e-05
2.5492826606792383e-05
3.7089193172374455e-05
8.395814428784803e-05
2.6499610428179614e-05
4.521450824608527e-05
5.201593883174615e-05
0.00011904454251093171
7.777164123572179e-05
2.7536323328865728e-05
0.0002592342059369894
2.669888431336734e-05
4.2031014163652474e-05
0.00012812250331925906
0.0001318511541195286
4.4723627285117985e-05
5.7046818611131866e-05
5.310755029882519e-05
2.9129936175643993e-05
4.889020352624652e-05
5.48695834120888e-05
0.00010163914543130363
4.018872480839073e-05
2.6366748307356907e-05
2.4433171510338315e-05
8.466146896716276e-05
3.098221917565832e-05
7.040155710305022e-05
8.598890465982694e-05
0.0001909036712767129
2.6139415276611504e-05
3.6897827385576646e-05
5.738476982392722e-05
8.367183379580889e-05
8.645841866677144e-05
0.0001103122509364389
0.000268401675213163
7.021029811265774e-05
0.00030251586568037753
5.3535930592883834e-05
4.9191828889006535e-05
0.00013240989359408845
3.9713965922348024e-05
7.7294584162133e-05
5.6399652846998466e-05
6.0753494053093025e-05
8.221669268919287e-05
4.7207746383848665e-05
0.00016765955252833636
0.00019430963700802482
4.258321043879966e-05
0.00024943080988337534
5.428489924866057e-05
6.2813061894816e-05
2.1946260115402195e-05
7.573741806541959e-05
7.973303546737204e-05
4.5814939234674206e-05
0.0001349210255437507
0.00021934671721092144
4.982374402242499e-05
0.00023659624820694309
3.154575585757481e-05
0.00014192397469015876
4.1929587486616075e-05
8.078408607179322e-05
1.6711482076270656e-05
2.8584196414972038e-05
1.9108324071445342e-05
7.780328051345532e-05
2.605422985827225e-05
0.00014548041076867938
0.00017164118660218625
0.0002085296375536507
0.00013954924576477397
5.922926636850138e-05
5.376259564933372e-05
1.6950810304389917e-05
3.285183980119254e-05
4.193053907403693e-05
4.5042231533284055e-05
5.5200202308158866e-05
4.595361350175508e-05
3.8819874263809746e-05
7.168897331825737e-05
5.459301903020697e-05
4.6039371389982174e-05
3.0255906925982062e-05
0.0001443755734469029
3.959075500342628e-05
7.028960450160961e-05
4.373956270688693e-05
0.00016663195480484642
7.935115406409761e-05
9.58244803785707e-05
0.00010593162786387078
3.9832062269801336e-05
1.880344434871714e-05
0.0002300700139505848
0.00010354371426195071
2.312779254580222e-05
0.00010805241944200053
4.2192512877216464e-05
0.0001601565512511046
0.00011181981459289771
4.714077814318936e-05
5.732838545080586e-05
0.00022434755363444838
0.00010233447222005296
2.9864518690250318e-05
0.00015599487615138607
0.0002723259139778028
4.263971290123581e-05
0.0003552773669588037
0.0002077115992123535
5.7788276894749855e-05
3.3341340628004425e-05
4.6158461411822644e-05
5.067912989507689e-05
3.165740448690971e-05
1.9462906487564307e-05
3.3751506476950375e-05
3.698748573625787e-05
6.331301094325369e-05
9.288774365398723e-05
7.792652877008916e-05
2.243752381775376e-05
4.938129376539363e-05
7.402488148125964e-05
4.172791793311329e-05
0.0003312968547443091
0.0001574015912032301
3.9877712142490036e-05
0.00012268377719235548
4.0565255374948465e-05
4.3830934255050776e-05
5.0133260882533494e-05
7.075198424618824e-05
8.376575099688275e-05
2.4163038641390054e-05
9.122518354095291e-05
0.00011412268177253281
7.5587649497882e-05
0.0001314731317931779
4.1477661576978106e-05
7.063620977597471e-05
6.494948675056125e-05
1.9398070108974103e-05
4.901644193656781e-05
2.9740952933739428e-05
9.437120459194043e-05
0.00023575417058805894
0.0001041032990293084
0.00012395506489646898
6.163706302573056e-05
2.6555273296786063e-05
0.0001897138938458775
6.44241912206476e-05
5.453567984664864e-05
3.5849836092934756e-05
6.409794376088339e-05
0.00014403539336668706
2.2572209117055368e-05
4.78217027892709e-05
8.555971547239297e-05
8.806354678131253e-05
0.0002509916408273227
2.3872443402706995e-05
7.190855675800018e-05
3.961942794799888e-05
3.528281184570596e-05
0.00014771829618337196
4.26696146984249e-05
5.69554731201324e-05
6.408115322931315e-05
1.9504146357311756e-05
0.00011382479462692256
3.4710247689083434e-05
7.569826950355285e-05
8.559067941841432e-05
3.027802278303128e-05
4.071270090105502e-05
0.0001781732861632129
3.1658371548738344e-05
2.2426440606176813e-05
2.7114346667971986e-05
7.561085756055833e-05
1.9306140409483442e-05