0.029330063007007877
0.022749022803121636
0.10283649527101758
0.03123850900169885
0.11090740104754165
0.05803046508904592
0.05359807579739894
0.008483082778212858
0.04372150207239886
0.01577380850922934
0.010065697848473023
0.031584684370516175
0.0232794933003544
0.0342205229038256
0.014893608882961264
0.029756017874032623
0.007321431221976546
0.014459995527502673
0.024262527740115482
0.027978434064956103
0.007601069878910469
0.02204656821517378
0.007026336838323634
0.010326970849051723
0.008308169675878076
0.011753271032650578
0.016876067751143545
0.01058259584537085
0.022015822421914057
0.004930161739674077
0.011183167711110872
0.005980436528769511
0.00919480520755404
0.028705922916331086
0.013038768423256412
0.0049362465408373515
0.02048716049684404
0.0027988027426757356
0.009233075907251127
0.0040112455324821245
0.00691090543866306
0.0214080162251122
0.007646698545758183
0.01030544194367693
0.004880156567594735
0.010594412218869741
0.008145982055319153
0.00958355947797327
0.008283564836523705
0.00505412343087416
0.007907051751978075
0.006372157632251431
0.01272848546211217
0.007534100286905544
0.005606027346535225
0.0026615081926847513
0.002356193702450902
0.00645985290973542
0.0028508513895500534
0.0024024582323830057
0.010190997196603211
0.005921849126702664
0.001856168609895148
0.005090479425282759
0.006459465769406885
0.005093414588965798
0.0031944471595057155
0.024266661712250052
0.0029236304451765696
0.003226250882234526
0.004002992887095136
0.0006143750340652593
0.0022158645048202274
0.004160470151594354
0.005459428332186717
0.0029904585029885823
0.004421310402270466
0.0019024911468663276
0.0038525965069526385
0.0021814195089972428
0.002164817337797399
0.004421212463569153
0.0014433955048044067
0.007392953629907003
0.002461160289718125
0.0044259804983422125
0.004749265705353496
0.003188364625934463
0.003458352360973749
0.003806669864132192
0.010249384250306444
0.0032936812785283086
0.0018626940924152873
0.004080432647488009
0.0007210664715813372
0.0013779165846582845
0.002637756795462321
0.00908368182482789
0.007490658773444183
0.002819887626352859
0.0013994333125915694
0.002663114173893625
0.00016033896306149977
0.0025069460057987217
0.0097512717273036
0.0035556068584154474
0.0041528745758415715
0.0008103596224703145
0.0020336314160345355
0.0039039341955720216
0.004461664129476786
0.0025269846493734495
0.0050274919062195675
0.00244583027323982
0.0019378047390076689
0.006331855608190872
0.00136726735431384
0.0024573010981877915
0.0012193611926823178
0.0038605862956876563
0.0073122363162856285
0.002769930850342382
0.0036615529970371805
0.0050733199127507116
0.003926428665308545
0.0028897227152284493
0.0016275145261906718
0.0015138762981481237
0.0024900246235354446
0.0021181589552943117
0.0031729632892549225
0.001992671098157485
0.0016226484820152968
0.005929593371199168
0.00319971119857178
0.01489831975428868
0.0014775741411943862
0.007688885224291179
0.00349686243459697
0.005295131073423139
0.0014221829348160728
0.00012193603014816709
0.000591515698598368
0.001557437234417177
0.0009699388175395698
0.003989460226327457
0.004988727498742539
0.0014585556050516425
0.0007406955712927381
0.002720859759390312
0.0037428727023278356
0.002590254766266225
0.005193733413693871
0.0008395628230808603
0.001456107295701591
0.0017136000482439995
0.00251995967571538
0.0033107021983790254
0.0010562729526952142
0.0015410806519236659
0.0021357472121134313
0.003141898829387345
0.002100329378924414
0.001389768881626237
0.0031182103569851564
0.0012686848585336126
0.0007507066303207064
0.0020496758325454544
0.002655537398677694
0.0019091328051864859
0.0020007619483066105
0.0049070287019015
0.0015333481489005266
0.003501839438001533
0.0005780438908747915
0.0015238477865140237
0.00041069157374574826
0.0013902058056187514
0.004101668443533595
0.0032454173576989954
0.0011969255831292057
0.0030714407483544903
0.0013283255553052872
0.0023552294977321453
0.002668630843107846
0.00170657247747655
0.002024596217799434
0.0015197833619692224
0.0018634947542295291
0.003600003906183091
0.0017161631552637718
0.00046737878675000847
0.0016558244607126175
0.001503502709739609
0.0014286218934538048
0.0028145887045441654
0.002538388283721873
0.003365524995378086
0.0007452747321631736
0.0015983471929646473
0.0013709689557730267
0.0009203681369686184
0.00041437421693807575
0.0009936834530538219
0.00319542365365751
0.0040670515371117
0.00087247500120924
0.00017744670283462952
0.0015039475620481101
0.0012923329179640557
0.0006486584389663011
0.0020666981577178
0.002577883715300858
0.0008725159101531449
0.0017229994308251035
0.000499174108348441
0.0007149612444914391
0.0008819006069561736
0.0013043809545406691
0.001318178112808824
0.0011149811057917967
0.0015029648856751498
0.0014459532014538235
0.0009638567935571998
0.001575870010403698
0.002777864438678529
0.0019346506733038855
0.0024613270214570208
0.003331768107180034
0.0011370651730149741
0.0016798384580771165
0.001789449098823214
0.0009989982395830247
0.0012858713406081106
0.0014031749931921634
0.0017455909271770194
0.0012145920426815426
0.001947498792780181
0.000585045081505477
0.0010568169927131514
0.0006799583120426518
0.0006162180251193878
0.002217455559291092
0.002164826556072083
0.00443603505196803
0.00313190152063321
0.0009093533423024529
0.0005713079054628249
0.0008192111216318082
0.0003339765499950158
0.001374686028716526
0.0013173555653697437
0.003453227219620056
0.0012259672111837188
0.0010714230595026519
0.0011950371428583113
0.0003315293141810663
0.0010001498731934454
0.00044395483121169375
0.0008153312381450267
0.0032702573330241004
0.0013926533451152918
0.0002455617106760028
0.0011067040516562195
0.002628787276763153
0.0018802231624680395
0.000940891013570141
0.0029773912396808136
0.0005000069911760733
0.0010461369836677083
0.0016559196029376465
0.0005925531417571762
0.0005848084823039637
0.0005261054137924297
0.001601367242537025
0.0022952344706482575
0.00047678769531211566
0.002278170697280465
0.0010276505643842212
0.0009917223135217149
0.0034896338123612375
0.0003007753785013547
0.0006163329975759895
0.0009441688031699427
0.001021059835466603
0.0006818021546029918
0.0006666378315914647
0.000883640388868365
0.0042568938342192695
0.0008279825861752378
0.00041606591323958234
0.0017955900336778777
0.0018289896381271336
0.0011909815678657926
0.001622246982828034
0.0028015881231000135
0.0008527313648938792
0.00025573333500750157
0.0006005849955923612
0.0010346106798266987
0.0012173966306811739
0.0014726092302188671
0.0017692101574748294
0.0007033276914819478
0.001765303440888751
0.0008809291035840601
0.0019459243783819255
0.001036322280294314
0.0017859347411303445
0.001503750680857361
0.00044132734274400677
0.0016096386993782361
0.0014626406144072886
0.00037815928411460953
0.0007297398370895253
0.000657243941163614
0.00056489129932876
0.0002023293550409099
0.0012567105210863749
0.0006030175347490576
0.0008221703901717367
0.00014902991746677867
0.0003424795025982547
0.0006079142464347327
0.001349541606046195
0.0019367963155472398
0.0012343875231358228
0.0005091034530045597
0.002093268610370973
0.002475216920323267
0.0006141369699717114
0.000497918040475615
0.00045994739334592364
0.0014816002013622511
0.0014071177206662793
0.0014163953185428867
0.0005381001797610576
0.0019669672808419786
0.0002176964529738048
0.0012734108371804454
0.0004020599673541598
0.0004190082140796795
0.0006484007034286492
0.0021544321565202967
0.0010330619047329464
0.0019586807098393396
6.536988424466253e-05
0.0019973398793079462
0.0012842217338378864
0.0011310930961091624
0.00022991112544734057
0.00015753015983661345
0.0011331853506849768
0.00017611866334880312
0.0007629232523052287
0.0019412459777394158
0.0031118791154909264
0.0012937020947848539
0.001984120313868966
0.00015940365545726235
0.0013681796372213002
0.0007271657842620638
0.00038311599302885045
0.00042554192435185557
0.002035407969187628
0.000623169204003113
0.00020175935802930185
8.450243419817183e-05
0.0006025174738899091
0.0007309931751045516
0.0004489490581815223
0.0020863441139032744
0.00037274735943662916
0.0002062280230460272
4.6766851741982316e-05
0.0005935936033798182
0.0008356910927561328
0.0011144764686824434
0.0018120996025978045
0.0009203834928640974
0.0012562197814208291
0.005665882661341667
0.00034654605846822254
0.0006015806994971776
0.0011518409563609625
0.001292854370510389
0.0007416353930926849
0.00026003502321964614
0.00012805847910598615
0.0002308969114730396
0.0001918422545680264
5.327298783930554e-05
0.0019339877314597106
0.002045954397287774
0.0014939248674893345
0.00030309052005221787
0.0006094341945310697
0.0012053091978231818
0.00028526303733855527
0.00016724866438993342
0.0003871248496457601
0.00013502128273208352
0.0006157576476565533
0.0003513164081236586
0.0018408883889837351
0.0022824178468576284
0.00027987141064545373
0.0001973419268788609
0.00101346981723261
0.0006392868379504354
0.0007420578678990723
0.00028775188252613956
0.0019292031091445532
0.0013270169986112413
0.0007269987770044582
0.0007836983053444753
0.00028296164112392454
0.001840741197886349
0.004694667891256256
0.0025167835278872845
0.0010232229786806576
0.0005053430494830856
0.000508389551057135
0.0010261952225748031
0.0004542270918162294
0.0014453642215461965
7.779596112978894e-05
0.0003038401096940652
0.00014083492817752377
0.0011701786531583
0.0005108338902130284
0.0006239246805351607
0.0008890456759670167
0.0007128414206145383
0.0023267002582780306
7.395056937977466e-05
0.0007641396011064005
0.0005610951911905885
0.00028933303038796235
0.0008966894126127197
0.0012942609248216264
0.000609481300631458
0.0015266605999723494
0.0018478544157858932
0.0005044629270653198
0.0004247252476681455
0.000732452062789925
0.000901855332161612
0.0003155898938898536
0.0006348040194318055
0.0002835501050384747
6.730289013889853e-05
0.002336769200080062
0.0002455708238834147
0.0006799942713854894
0.001212851645250459
0.0004362878093577906
0.0003822214550097945
0.0008928606621408144
0.00038670260279979483
0.0005690637278127083
0.0006681593653228345
0.0006554946771232577
0.00025267495352865186
0.001449254261692928
0.002279586917424461
0.0014144950924264354
0.0008771337762023059
0.002155762927547251
0.00023358185810974948
0.000326052425875955
0.0005094681971945484
0.000674240695822555
0.0008181716722687357
0.0012786186922473216
0.00015378848343900373
0.0005384647094305526
0.0007854761964224569
0.00023698060445186895
0.00039238178188937884
0.0010434293345170961
0.0002675944732905077
0.0006532605246529039
0.00015610916127176006
0.0007526244888427997
0.0005979038965104166
0.002499103389812486
0.000643590017285521
0.0005694863721546026
0.0007524879301508853
0.0003498418805433191
0.00034766220680584447
0.00041700634547185673
0.00022875318412504046
0.00019413843410151085
0.00011673255488250696
0.0019292540638073394
0.002831890028748386
0.0007346764322527313
0.0001571503844286065
0.0007589155567023267
0.00036849572392911955
0.0006825463285207364
0.0007721129182371094
0.00226518469990078
0.0004224290350628289
0.0001531281247318388
0.0002732989704202884
0.0004351512046668722
0.0012796263683775072
0.00033608406289347683
0.0013949320107647578
0.0014803038801636092
0.002580109841347839
0.0009080047141517023
0.0010009801661370254
7.886529148408887e-05
4.820462260305907e-05
0.0003083409255386258
0.0003944645250263123
0.00018071560466706337
0.0018063453905352743
0.0008295392011373086
0.00023781464668930512
0.002579466430110417
0.0001553697061697561
0.0003365945488711597
0.00037194902902623774
0.0011688412422597317
0.0008037024258378442
0.00031796000321951905
0.0022491312229963
0.0006053291337690669
0.0005351388868711621
0.00028117759366148084
0.00043131349114125344
0.00023497054013616115
0.0017629568967719193
0.00031929097277903513
0.0016026222419223072
0.0007581539903545001
0.000286476474747237
0.0012722987655616911
0.0004681486884080812
0.0004391859134831598
0.0007231743305226438
0.00038513718403916853
0.0007255453518227407
0.001978647795070042
0.00018816228228002503
0.00022842342823949454
0.0005226812397575955
0.0010186187089497984
0.0002977432964129973
0.0005604065060234216
0.0006669695328042636
0.0005763604752508829
0.0012044251573279999
5.569615418339495e-05
0.0003604182754188027
0.0005026542952664649
0.0009225768553430449
0.0005861351744905767
0.0005168752683299432
0.0021861043055511186
0.0010784026079340317
0.00017196014931775087
0.0005956270450964484
0.0003134915652325498
0.0006205648106454084
0.00030255108106075107
0.001205515222651288
0.0018678601064664978
0.0007029355918607216
0.00024013150464543856
0.0005637393736688596
0.0008898163284192744
0.0010827047693359533
0.0010613738651824715
0.0008340887442659889
0.0016113878027793544
0.0011516179083341758
0.0005964311878605113
0.0001964668588744585
0.0008338143469816166
0.0020253593464073455
0.0006345890185280172
0.0006631770637896381
0.002155990359396317
0.0001246149389214238
0.0005836876273228946
0.0001631488527923605
0.0013739765869115964
0.0007333205081677215
0.0009936720278308812
0.00024571154776773007
0.0005945820247290538
0.0012791042705447653
0.00030944539643086187
0.0018057974155453731
0.00020015890170544073
0.0005989041891265386
0.0005180975792678101
0.0009720341829278529
0.00039446413937663856
0.00016147290253679933
0.000507939567843259
0.0003352185401100208
0.0005615547692964153
0.002279041745916036
0.0008093801590773179
0.0006090134632699704
5.4374939594189106e-05
0.0007021191637475671
0.0015550938097501396
0.0002616505685256568
0.00027946847526336865
0.0003590658783786192
0.0007483158646893017
0.00031786929838521235
0.0009779770689955017
0.000104258621143096
0.000572303072908737
0.0004735712546084297
0.0002051004449323454
0.0018780452808702657
0.0003854144518845897
0.0006736043296201045
0.0013622153116447531
0.001284176308031574
0.00017261780318180084
0.00029589232463511774
0.00020319589895589137
2.4931215513343945e-05
0.0012041784581288994
0.003218944583753212
3.611262141566032e-05
0.0007601046449387448
0.0006940578016767428
0.0010431428945618794
0.00026969221236808566
0.00045791522216471803
0.0005300517391800291
0.0001225556449225257
0.0003908764473447552
0.0001362199190806853
0.00014900751656589097
0.00010179557545609293
0.0006121053623232052
0.000667265402932806
0.0002456320300150625
0.0006182100304204767
0.0005042007727516924
0.000352623532101209
0.0004290057704697798
0.00021566970018930845
0.00041927995636209124
0.00029127065052108003
0.00031998080899252004
0.00038073769891783726
0.00036495240147368805
0.0003463440281140076
0.00040142682958930044
0.00025355130382092537
0.0003068627280741163
0.001044140156135703
0.0006778815868187157
0.0011988195188061643
0.0004877824417195954
0.0020869961475645663
0.000720839593849807
0.0002095749121343126
0.0003942639781603249
0.0005788332057240129
0.001170218755571605
0.0009059900854029251
0.0006586032334615254
0.0005809787940353873
0.00026610767257503486
0.0010148323118581342
0.00029709448223319616
0.00019975164710688088
0.0004012418959125265
0.00015159404144051694
0.0006909869725667351
0.0003721720325482842
0.0003596380593375729
0.000509019896285577
0.0011268248824135
0.0006967898092846858
0.0010680488308861405
0.0004436486773244424
0.0005078069994553587
0.00043065365408861777
6.551182760958075e-05
8.529105286686266e-05
0.000815239085626167
0.00044493303320618065
0.0006520994728468375
0.0001262388365741956
0.0004580314378022327
0.001539199387188154
0.0010424481665708253
0.0007458206064410356
0.0008397498847425666
0.000758118319971671
0.0001732788702744273
7.081391881098633e-05
0.0002892159794829615
0.00014144004759228087
0.0007326377909391613
0.0008156765125377704
0.0011452766454937598
0.0005050871926340345
0.0002319808227726691
0.00027571441966730756
0.0002082954955552685
0.00144230862083873
0.000623188659957066
0.00069541057385645
0.00035425284668049085
0.0004996920083330956
0.0017811035735848953
0.00036684703392915664
0.0005530993486683871
8.217108378603103e-05
0.00034277576200943507
0.0007599918152776746
0.0006908783513350149
8.257429137549089e-05
0.0012078788372802784
0.0002937097052515636
0.0002903660030596229
0.0003969759998880145
0.0003474915057797871
0.0003382817203510126
0.001200951744755262
0.00039495500456840723
0.00045128884650384244
0.0011828928732162296
0.0005269250158681433
0.00024314806236736355
0.00032904001087634156
0.000158392436225325
0.0005027757294748719
0.0009964142596320807
0.001069697626732997
0.00027013834055334584
0.0001449573765664907
0.00025825849989980686
0.00041817998403156345
0.0004557701193332048
9.624056784754687e-05
0.0008212174567010683
0.001774164973392226
0.0007837306665329091
0.0005197791644942706
7.146404857483456e-05
0.000679676884508496
0.0007392388195147804
0.0005552058643293217
0.00021524043123830253
0.0004888529652997026
0.0004249812510841352
7.385511414624965e-05
0.0004689982045134887
0.0006799123147232028
0.0005192458605800612
0.0013871322102699138
0.00011506871358000265
0.00011795231984058484
0.00046106889231218933
0.0002998767079603091
0.0004451873377333142
0.0001856993016352451
0.00015310862258569402
0.0002489370103582459
0.00040719300185523404
0.00039359565569941946
0.0005170305678447999
0.00027971965673501126
0.0002841867897422624
0.0006120044527341043
0.00047133851063173125
0.000448266333853627
0.0013122106220105107
0.0001981600617666276
0.00034540605286312965
0.0006933146366067054
0.00043753858256200705
0.00047733764581563165
0.00026543367013261843
0.00044377146926462746
0.00019514396852810423
0.0001400933951356232
0.0006789828154927948
0.00012479428125419833
7.713758412724068e-05
0.0004920116473412413
0.0005131181167221623
0.00035902996347113335
0.0005428275352740394
0.00033310946238641166
0.0008470791955078848
0.001450403595550312
0.0005982079494179865
0.00033342568673548585
0.0005387106926021545
0.0002683910159986848
0.0007747882781905692
0.0006090376852346583
0.0008845748984341021
0.00022688706351714987
0.001356301145702668
9.135744596814418e-05
0.0005036879620365207
0.00040750261269246845
0.0003472700310596688
0.0005021552812824029
6.609949511415493e-05
0.0009924137127133128
0.0007471008985079824
0.0008096084098252567
0.00040103997880199655
0.0016489306631101896
0.0003862276841988533
0.0008478157834220063
7.853754507865238e-05
0.0003786070053471061
0.0003227789092126951
0.0002459033760042853
0.00039279572121900936
0.0003004061256712
0.0009306914081243452
0.00017768185806619566
8.624077167411335e-05
0.000668305966917535
0.00041873161273467754
0.0005375195066257946
0.00010399977344414303
0.00030537704619317696
0.00025646039877444046
0.0001601893000970842
0.0003360090785114348
0.0009053554063214497
0.00032592914320523747
0.00016559587998438757
0.0005523943701921339
0.00020134760703606515
0.0019437816791309274
0.0005530253956320758
0.00038225361585751135
0.0009100004828767338
0.00040135785478176867
0.0007278039617706558
4.13464708996494e-05
0.0004874901708713418
0.00012616563997755968
0.00040897717449111533
0.00011797269264385236
0.00016585700370582853
0.0002781711907665073
0.0008059445745906903
0.0005116306870196238
7.13726810576136e-05
9.815503345068309e-05
0.0004823913323572853
0.00021218690226032622
0.0006346762340861273
0.00044790829658516426
0.0013938347420310363
0.0002380897613805755
0.0002987368326938283
0.0009880864015379576
0.00039441866265262613
7.316953062424066e-05
0.0008631556417140433
0.0007006759300050412
0.0003187115594974123
0.0003192025484934752
0.0015367302454367788
3.6674417562812284e-05
0.0008076285147861241
0.000443628314901538
0.0005765820936603087
0.00024600808625122636
0.0002648162710865364
0.00019718252605601904
0.0011820599892676505
0.00019849230243046607
0.0005167156175356785
0.00016230688984107753
0.0013882888125680815
0.00032617014569388895
0.00029132059892471784
0.00018055996836724894
0.0007730302630369464
0.0002109682630308239
0.001122958680155378
0.0008458664930875304
0.000475264820115457
0.0003544855647697786
0.0002611046935412268
0.0005698846463247642
0.0004922764593654301
0.0008777730861012691
0.0006405946403276496
0.0006186407734973255
0.0001576380334772934
0.0004257934623580787
0.00018581899132546326
0.0003292105113133346
0.0008051242814484241
0.00017421169115284894
0.0009167387130890964
0.00022897261041036847
0.00013484437967056887
0.0006172150367213455
7.493436877658738e-05
0.00019640843929466623
0.0004695511757790455
0.0003868637149939787
0.00041437131799774795
0.00029439592042232855
0.0005590682550388028
0.00030859471032798445
0.0004724891460289864
0.00012526041937739488
0.00024969304075808267
0.0004712498825487297
0.0007106709007114498
9.94027400334924e-05
0.00032567731644998445
0.000454379190012323
0.0002457766137379614
0.0003036877233574163
0.0005905176722646102
0.0001708259164509895
0.00031488125637684053
0.000346433909491124
0.0004873495632508372
0.0004027973123033274
0.0001495022845803651
0.0003409865045290571
0.0006108067255368141
0.00011267107855055355
0.0010272249554264018
0.00042329848945047696
0.00047020524409729437
0.0001434247949497949
0.0006128825475417931
0.00013280452088479207
0.0017954001211442955
6.861074337067609e-05
0.0003458405239374823
0.001034893148887377
0.0002916498021022762
0.0007324986576708554
0.0003878345076209331
0.00011223652960377625
0.00040429681259730206
0.00035336181099577526
0.00012060535071500318
9.150508765668619e-05
0.0005756989330873216
0.000642365483143168
0.00039178726356308005
0.0002846419233887973
0.00021789869524835675
0.0004401381980753985
0.0003574777732441063
0.00035728879154572636
0.000197722598202397
0.00035606610385823233
0.0005258842497174345
0.000563288254675691
0.000349971988837778
0.0004072291819694305
0.0002767087436272978
0.0015756155146539627
0.0007711523339950834
0.0002698696375716816
0.00031613026930577454
0.0002301267592828349
0.00016513433509348805
0.00044015563145416995
0.00015746376822186963
0.00033173296261588734
0.00010602609201051447
0.0004131174474550375
0.0006285292689595459
0.00042434046785919317
0.0001821340636134328
0.0009765718177590162
0.0005597558101513477
0.00030704040411995214
0.0006547539238323214
0.0002724978189615443
0.0007887977122219555
0.00028335250360815144
0.0008702807510265565
9.402168305714996e-05
0.000519282855024582
0.0012346404770206699
0.0003046738016134841
0.0004565213971805506
0.0005162733671143077
0.0001384173211825025
0.00016739344010126517
0.000529309469545823
0.0005331181917973569
0.000181912297139531
5.275018910523702e-05
0.00030543490492740747
3.61702236008625e-05
0.00041011257854735815
0.0011802534705096642
0.0003005242981192625
9.01160335688161e-05
0.001201289045270259
0.0005349699992416997
0.0002015116738598742
0.00014736394276836223
0.0002183817227733359
0.00016243957119535768
0.00023754036118864345
0.00018301478746519435
0.0002615005647925796
0.0004757489875162415
0.00013418811029453892
0.00015917038838853147
0.0005023219156082472
0.00018864579363690354
0.0001913074769648468
0.00024026349362167126
0.0003098963955275392
0.00037316569602439346
5.130983344770243e-05
0.0006283897973207132
0.0010195321953586462
0.0008334331110102827
0.00018336856095090096
0.0005234506107726663
0.0004388576417329764
0.00011600568618329361
0.00033167157098942053
0.0002785830411489236
0.0003074672182100038
0.00020737058473972868
0.0002519552935705848
0.0010919923708184389
7.77079047995348e-05
0.0005337317236938825
0.0002276590021835163
0.0004653690679508161
0.0003884431181289354
0.0011822523820266748
0.0003459495017203639
0.00014694346629611638
0.0008657168588867999
0.00019273071144915128
0.00037380736906269136
0.001771786988934227
0.0003268156612139853
0.0006089234943409092
7.231985637270605e-05
0.00039982154981068056
0.0008479927548552633
7.87710101947848e-05
6.138812878265643e-05
0.00021046914292895382
0.0003402868854847696
0.0005485314537476487
0.0005031640996556542
0.0004000513265970447
0.0004527443396678465
0.00017124950111509517
0.0005638426136874499
0.0003915270367880676
4.949871486155599e-05
0.000279020557070189
0.00027013264379617405
0.00017819692969984598
0.0005941971364008495
0.0002842715399763844
0.0002555945930542451
0.0006922978911029405
0.0003980622921107639
0.0004272049321148701
0.0003770981749092673
0.0004528853862648504
0.0003509733729901894
8.554825711288865e-05
0.0005038074168091525
0.00038552021181650025
0.0005169017767853658
0.00036687168286244926
0.0002443458413500182
0.00015684691044698162
0.0001683271747888322
0.000210481941059386
0.0002915302346439638
0.00037846248793462633
0.0004231448406608439
0.0006071993097419456
0.0004977783639483765
0.0007787825602312554
0.000858573179160744
0.00036191684341115786
0.00029197213104747695
9.243626484491926e-05
0.0002815149145369274
0.0004948871793145015
0.0002996403321040069
0.00022284196999838355
0.0005301451864435313
0.00013271120940578387
0.00024239506846482754
0.0002502144672729298
0.0003423744329864831
0.00015918970868434424
0.0002517348648250404
0.00028557799874205165
0.0006501086287665868
0.0005468432653890499
0.0006807878412688773
0.00023894133058532358
0.0002357242843486826
0.00014942827354885976
0.00018224069159626113
0.00026029719895205583
0.0002793983217718456
0.0003087275323724842
0.0005036515740793012
0.00034985835173027835
0.00018967930377902963
0.00026708338183489984
0.0004433589617912217
0.0003061014215152921
0.0001094810462005658
0.00013241627291109054
0.00027220347005759836
0.00019847124100903522
0.0002502861441757502
0.00035281335165072416
0.00018943513651937315
9.056624354516572e-05
0.00016612554216699
0.0007663473628279175
0.00013579416495912335
0.0004650616758754716
0.000284436943737267
0.0010444809024404709
0.00017206697157382
7.427890295018538e-05
8.219717172710992e-05
0.00010236603167737493
9.304772288189642e-05
0.00047148002353298766
0.00011187596542423456
4.3585176868093295e-05
0.00026778949932033594
9.43844228244931e-05
0.00039743946554157624
0.00017228534246758583
3.7401035420468916e-05
0.00030712198497006226
0.00014553934114656489
0.00016066816631832875
0.0005878476468766079
0.0004446788762065801
0.00038916437511728446
0.00020124521984464378
2.79199726462053e-05
0.00012246029221576053
9.888434565179004e-05
0.00017449227189305258
5.256508041430375e-05
0.00014541295379705944
0.0012181695150501372
0.0006546213422360736
0.0005309357721951732
0.00016995599351825747
0.00011594028011840088
0.00022465353726227233
0.00011890869670112447
0.0008597548653965513
0.0007003734301793347
0.0004448185633028407
4.89624699774594e-05
0.0002030478164019597
0.0003150826371846194
0.0002384393756892639
0.0003868983942573616
5.428388304839124e-05
0.00019988869848275363
0.00020462102030470067
0.00017123088484628568
0.00015714724432420277
0.0001258848001707039
0.0009925927763568814
0.00027626767453861677
0.0003317192188751609
0.00021905969047828175
7.659977470067041e-05
0.0004411407943372121
0.00011105357987873265
0.00013864851844406546
0.0004144490713868455
0.00018037084996650225
6.961446168578024e-05
0.0005788550763261538
0.00023747094490955087
0.0009621177063303517
0.0001590864564481389
0.0002172884844055199
0.0008383272278329302
0.0003503668746986017
0.0005418699074901845
0.00014397761388789857
0.0001261149593116834
0.0007179764565083411
4.900608611563159e-05
0.00025277181114471666
0.00011525173906545666
0.0003236623652314916
0.0004382179000915296
0.00023340260344396636
0.00034892819735041756
0.00030369178109135715
8.849005171437645e-05
0.0001853664673352307
0.00036630484000924155
0.000474530454747309
0.000636039740893063
0.00017341366778085506
0.0003138497527382624
0.0003376507880169425
0.00028456538903084744
0.0002825280408277483
0.00038363779882401576
0.0010093555674920162
0.0005909396186721131
6.844544516848522e-05
0.0002478429580751547
0.0003838393284529578
0.000528732860926477
0.0004806700663384969
0.0007369569763842595
0.00010207561193307683
0.00014862855469191562
0.0001461234211008514
0.0005270784280457675
0.00025184960492372223
0.0003318003746585056
0.00011494444403875615
9.885106126081365e-05
0.00011525121037972964
0.0006289172212473565
0.00012559461432179515
0.0004478254771140336
0.0001920631862162258
0.00022453618952226017
0.00015932660255288543
0.000898919600429933
0.00025463033085671956
0.0001831542237514006
0.00035638313157412366
0.0002205290011436287
0.0002591247009594708
0.00024277709102590422
6.28505016945991e-05
0.00024341013450963225
0.00043132405152576637
0.00024584710559706673
0.00046008054900994333
0.0007009589660650169
0.00041017294043020126
0.00027539190178996263
0.00011511660172487625
0.00020761619097547517
0.00020358442752035406
0.00014061135385294238
0.0008651088918744125
0.00016410061556086428
0.0009684590230233871
6.420963686190133e-05
0.00016475551305191152
0.0008104628351332001
3.0453109048073683e-05
9.675711507033334e-05
0.00010773033337961744
0.0005660407452066967
0.0005736811267121493
0.00013044488643496472
0.00035851618829716635
0.0004984714424792938
0.00021875661688362927
0.00012894737776133187
0.00020555575716050523
0.00013185303909011916
0.00017358631662215917
0.00043404863198904815
0.00039042693805849257
0.0005208585737932602
0.00011441635379723615
0.00012817478436308435
0.0007621192284828677
0.0003104961530589981
0.0007442751474040716
0.00010697561382496633
0.00025041057289648997
0.0001221986563298641
0.00010783867703956376
0.0011607857546858356
0.00016199289866046033
9.253598137434744e-05
0.000581724088091141
0.0002631900981943638
6.117664575477543e-05
0.0001658451250195669
0.0001581889716634253
0.00030013630450170017
0.000241959373362017
0.00020881308232240345
0.0001251129758991562
0.00017105551453540518
0.0003096013060432982
0.0007346157484933609
9.436228537133254e-05
0.00028509859622632055
0.0005129815520550905
0.0001750221781728154
0.00047050732736906626
8.301573241953141e-05
0.00015450532089209776
0.00019817083576393032
0.00014653017516081388
0.0001238754090171876
5.3659726376152704e-05
0.0005084577486508999
9.371880137139986e-05
7.734403100640885e-05
0.0001260318849392145
0.00017895333899106778
0.0012386961110121529
0.00026316249107708297
0.0003432550302383204
0.0005831515030169723
5.728876245625982e-05
8.365228500645975e-05
0.00014445363473605474
0.0002462708642995364
0.0006416538754066194
0.0003538834189847157
0.0003330015367370752
0.0007942039980591202
0.0004666506148997218
0.00011044084066533908
0.0003043870599000146
7.856466203504751e-05
0.000334850554616061
0.0005180949584590186
0.00019930341200212674
0.00022723158300470456
0.0005606594964874527
0.00012423154190661673
9.149229094651591e-05
0.00011776877607776084
8.208045995894981e-05
0.00023387880674082586
0.00038892062297271216
0.0002134211961120475
0.00016733133244938746
0.00026342638289746545
5.237195583506448e-05
0.0002503939711192561
0.000295826473960217
0.0002667215080762864
0.0003370841979065042
0.0006649648377841501
0.000319408154130831
5.955013347648016e-05
0.00011601695483940998
0.00015279294623067594
0.000500516416778423
0.000391370130313795
0.000448616547280344
0.0011156972215414448
0.0001357285312932225
0.00028115241487357653
6.223938416437178e-05
0.00041034115418989495
8.222690145622097e-05
0.00018307544002112
0.0004141894522245152
0.00018924120861685937
0.00021183121523796623
0.00047821145876224014
0.00037619269683106124
0.0005298590435661313
9.173845587144416e-05
0.00016972020845008306
0.0003168786779952443
0.0003370492316161561
0.00034352417702637235
5.7148704473279024e-05
0.0006082452973830192
0.0012841321476050906
4.6796235435548326e-05
0.00012962832077255109
0.00010785861825046591
0.0001421675629875291
0.00028938185173091113
3.7771714015761516e-05
0.0006845456003829638
0.0002877214243088191
0.00016727142479894548
0.00021514235070294212
0.0001209543767224366
5.1150000553490105e-05
0.001277129572816134
0.000203506799576312
0.0005018544572090201
5.265264259641424e-05
8.677674634689857e-05
9.438189020344167e-05
0.00021849611316653077
0.00025907639396268074
0.00016788908951240175
0.00020127652385724465
0.00014812158717728658
0.00010232597913973056
0.00038577515084915867
4.167069989223667e-05
0.00020316194804653113
0.00018308649591611815
0.00030330451792753583
6.160015529799589e-05
0.0002985712619632059
0.0010794769316735348
0.000423301489645202
0.0007789918774596463
0.00026940820866509183
3.745108102322787e-05
0.00014673298685207811
0.000409951010930988
4.392712502459225e-05
0.00013997857348289298
0.00010104917762511218
0.00012945311923400995
5.016604934877085e-05
0.0002748234930691673
0.00019222933112163673
0.00035737677521526163
0.0005086823631831372
0.0007956663963873413
0.000323466100451656
0.0001514253116901456
4.648505886310573e-05
0.0002916774477142146
0.00018745055872731312
0.0002663183961855481
0.0002478436105621348
4.50544083079671e-05
0.0005671855331852365
0.0002314948152050077
0.0006064450291476832
0.00038046632914156723
0.0005107805921560413
5.906441546322809e-05
0.00029396533118408833
0.0002828857617598533
0.0005487343425808946
9.401563862886499e-05
0.0002518154038923084
0.00034253081374881834
0.00041182396656265523
0.00031025198976582826
0.0004245007928165641
0.0002591284183489882
0.0003048777669947183
1.27478835557438e-05
0.0001611927712043093
0.0003103378863372604
1.9151593521881833e-05
0.0002507215069869009
4.651608200712348e-05
0.00020288722468939183
0.00033636467611389037
0.00036553696983108807
4.489806863622201e-05
0.0004370487593195716
0.0002775704998894872
0.00010447544055635478
2.7061262775733052e-05
0.00010365994329265702
0.00025248573181678143
8.01415477004095e-05
0.000211554417717784
0.00019670925013564084
0.00023776464902308558
0.0001526190906868406
0.0001237541896292972
0.00019841581090276395
0.0005651347538899715
0.0002079327280341649
0.0004087759149816316
0.0004883463592381831
0.0005937935786152315
0.0005668449987930705
0.00012896049820388758
7.897145196203289e-05
0.0003530455149722191
0.00030448370479041204
0.0004995871053896094
0.00015020699663048645
7.374510201596172e-05
6.254715696336162e-05
8.831551016982073e-05
0.00031849470617162617
8.22904622791801e-05
0.000131789501262333
0.00026761681684246203
0.00038464146650000694
0.0009744996497427646
0.0002958306202050439
0.00022467491897480032
0.00026696035909441166
0.00012887628615350618
0.00026079641950422854
9.293356599732092e-05
0.0004510259288662959
0.0002206450456459946
0.00015578072379346063
0.0003057857984684292
8.596953733481109e-05
0.00010039217085314216
0.0003353489545446376
0.0011565775595986268
0.00038612755239020356
7.729193946515484e-05
0.00017109431229325367
0.00020141796374782562
0.0005482334577974193
0.0003260025679852519
0.0004920386896582409
0.0007480412659076634
0.0004661225721737215
0.0009295971800523136
0.00017752378341939152
0.0004705788325402189
0.00010065736971319286
0.0001789905278749742
0.00036367685812718195
0.0006249508275745862
0.0002450577817859142
9.762958487349781e-05
0.0002469412401811519
0.0001448271223557948
0.00011208605302199685
0.0004678051657761248
9.699256572724536e-05
7.696447296910831e-05
0.00019822496798086099
9.425636740278364e-05
0.00022966729371034285
8.058470980165116e-05
0.00022671408644293027
0.00041038473567766925
6.0302869623740856e-05
8.722576581902918e-05
0.0003343933122458415
0.00011856826820579692
0.0004245172879253653
6.72638493449471e-05
4.433358639069063e-05
9.341913179424546e-05
0.00017420398004484392
0.00010074965719096668
0.0004093853073157345
8.02091309517965e-05
2.6375142677421937e-05
0.00037728669561442783
0.00018495686619269028
0.0002454658482919077
0.0001970201202177846
0.0008181995028290701
9.748960833797472e-05
0.0003870721254165239
0.00027451436891104967
0.00030656437449554455
0.0002582811935426042
0.00014061710985800512
0.00034831774770051864
0.00024219710113570264
0.00015209120810376407
0.00017771938390838852
0.00033198019773434697
0.00019124923703062356
9.480481167555525e-05
0.0003242096200783824
0.00040705004301331806
7.221809933474825e-05
9.791953189991507e-05
0.00028094245453468025
9.350538471849897e-05
0.0004830342425451822
3.2382143140136824e-05
0.0005046998190286476
6.35821811772928e-05
0.00027604981419108315
0.00021270706805044407
3.5838748439984486e-05
0.00043935239079129706
0.00028623798822070297
0.00036074074418721654
0.00015838008102288454
0.0001099838240013863
8.204146676452121e-05
0.00010482580733562026
9.69946970474416e-05
5.4914278634640185e-05
0.00032830944020893586
5.597181404056891e-05
2.8770401717570474e-05
0.0010206725120830698
0.0008289118377520203
0.00010326432853260487
0.0002595629479562338
6.210671526853986e-05
0.0001223023632773565
8.169262467726787e-05
0.0001171764761479118
0.00020205359157089787
4.376427743688294e-05
0.00011201092799134626
9.752711019910578e-05
5.5762317219301044e-05
0.00011652761461352596
0.00013539246683621914
6.197892631970236e-05
9.478152234598932e-05
0.0003923109779940133
0.0002788576455660471
0.0003339828490929798
0.00015122259280226716
5.135725391488903e-05
0.00020486433908317606
0.00016759080971954132
2.988588956815721e-05
0.000540548929427144
6.891754326728759e-05
0.00012798455060863007
0.0003060222255300018
0.00033630626371564776
8.620459606372544e-05
0.00024950853196036563
6.35311784823992e-05
0.00019016692254414288
0.0001618623231118287
3.7747883780984664e-05
0.0004592406928598564
0.00012993744838159748
0.00011143730762284552
0.00020253005104603207
6.382085071774558e-05
0.00027130773850733697
0.00023725966444779762
0.00010722840256343133
0.00024072140423207162
0.00019029987575103
8.664474307272933e-05
0.00010894144399638274
0.00025410945230989747
0.00013778651651967386
0.0007367711048051705
0.00013514766004882466
0.0006891868811648336
0.00013391310526754803
0.00011775264908044507
0.0002965124659420649
7.373078641792762e-05
0.00038608056407002123
0.0002991600952824151
5.5233204337182785e-05
0.00022664491157148574
6.282454404838938e-05
0.0004792570848027118
0.00023167629002656637
0.00020236921148443848
0.00028985255040126195
4.7842598089390324e-05
0.0008668515598196975
6.172213635344605e-05
0.00010881425593980931
0.00011025353187016709
2.7245913524736496e-05
0.00016587267447679154
0.00022013643849700472
0.00012181743274874201
0.0001529092584237228
7.507977911278922e-05
0.00010388993291844378
0.0001471956807099077
0.00016569514321358302
9.118342712059917e-05
0.0001434364358272628
0.00012076363498954906
0.00016923468355257035
9.631621226540628e-05
0.0005053554759622395
0.00020164285792631173
0.00010668762640967595
0.00013332622883721103
0.00021507544777066073
0.00016891731282035508
0.0004920003876473967
0.00019125464622017676
0.00017570886905403883
5.387052124792439e-05
5.844622387652687e-05
6.672717042026442e-05
0.00018531016899811504
0.00029095607729725403
0.00016889887076913297
0.00015557381911004273
0.00019775444474902726
0.0006408672568287568
9.865542040655261e-05
0.0001371710605582676
0.0004065874532039287
0.000401455850309205
0.00010546867519303343
0.00024179118748267158
6.71747323889864e-05
0.0001032542487572848
0.00018460390363684808
9.06271165100971e-05
3.526145576289392e-05
0.0001495878098547592
6.411285867241392e-05
7.131139193752091e-05
0.00015835718621096126
0.00011897885041415436
0.0003609216134686411
0.00031535716918937155
5.8070196586735366e-05
0.00019118523278033225
0.00024005973239905233
0.00014472140218513207
5.0409273334818536e-05
0.00022498543059274443
0.00045129513285007214
0.00013008547394674163
0.00018215924052821154
0.00013328995043609322
0.00023760600642309387
0.00038951956755497904
0.0007931554292546712
0.0002547422355844727
9.047608738752578e-05
0.000480225654857526
0.0005740986472262066
0.00020718210706628342
0.0002468503165797273
0.00018869444029833977
4.7002058353364995e-05
0.0002569805864336653
3.7276084864890174e-05
0.00010140489301279372
0.00018957025843813958
0.00011070762958144356
0.00015623088452826605
0.0002297712020577486
0.00018488041961635447
0.00010473994325449682
0.00014611337445112708
3.3275978192163266e-05
0.00012411039892437346
4.362473948004708e-05
0.0004865556548223366
9.445664851041156e-05
0.0001418442288884177
0.0001450720560266244
1.678563558267737e-05
0.00010433965295052846
0.00017735298591905574
0.0001581928298311481
0.00026225749303657766
4.11580736115974e-05
3.688700048678991e-05
7.032627183638506e-05
0.00017281959466357416
0.00012142448719408943
0.0001259387814051897
9.697002515662489e-05
8.294464115312291e-05
0.00022703118305901355
0.0001183016151793763
6.0949317808648995e-05
0.0008686940439167107
3.588514122484978e-05
0.0003450391694320366
0.000675278092220498
7.907502263152896e-05
0.00011567807723474777
0.00011041106743571086
0.000522460311534876
3.044440981234684e-05
0.00010724702779045678
0.0002341731946226256
0.00021983339224421067
5.190364623175243e-05
0.00014550303681168554
0.00014398026878405628
0.0001163114166457092
3.6060993184440584e-05
0.0001589131322149051
0.00021336402177804702
2.7963978151750643e-05
7.04012428350206e-05
0.00013172369539633
0.0001872265634750337
0.00015586079707849537
0.00038441224743691394
0.00021833914794665318
0.00010981419873151587
0.00032538815174077004
8.399244713157985e-05
0.0004287368634327311
0.00018228376563985917
0.0001019190760718353
0.0003955940948215108
0.00015415513877062369
0.0005624563546025982
0.000275197193723649
0.00029369093785014784
0.00010151451543415683
0.00021886164437360853
0.0003510977106511377
0.00010572759472190008
0.00013820868980531052
0.00016337274390101618
0.0004492838838128559
0.00014278010410949195
0.00016198335617587323
4.868033859041627e-05
7.257222909770902e-05
6.220694224064378e-05
8.959599895117869e-05
0.0002739627024541692
0.00021076681189037032
9.793376681703965e-05
0.00010275520861222648
9.081528018436757e-05
0.0005701058401115902
9.646854053663512e-05
0.00016878700362942794
4.24274150030967e-05
0.00011836272164686679
6.251341012596885e-05
9.87053041033615e-05
2.001536274485969e-05
2.700971217808756e-05
0.0003384979837516075
4.114130890790814e-05
0.00019557982995244694
8.265853014942796e-05
3.890968541224934e-05
0.0003223093169885034
0.0001968928362877306
0.00026281826785337723
8.948134561445443e-05
0.00010092480475089313
2.6171096591775598e-05
0.00031974639693936
5.595621639755639e-05
0.0002478196935985071
5.581845754575715e-05
0.00021339376444433922
0.0003909835584785173
0.00024107024041819918
0.00014559145906500604
0.00026218520090910403
0.00028654578910985263
0.0001259230536562915
0.00014251761501028564
0.00019392986903490607
6.529961799773393e-05
4.2077923609613267e-05
0.00014340262704243297
0.00024044315162575472
0.00010052656614139839
0.00011932254349466867
0.00010187757448217114
7.210096859262373e-05
0.000461856677595632
0.0002532022651902109
4.9023599724710744e-05
0.00028216907773113357
4.2957979401384757e-05
0.00025593251692284063
8.044171567837874e-05
8.683942273733999e-05
0.0002061921060087986
0.00012038628643363129
9.302135584001609e-05
0.00011809211543298841
0.00024271431126342735
0.00012806773195908014
0.00017879924521226525
0.0004464334705699306
0.00020176656071473076
0.00014813957679440728
0.0003248530945931714
8.185389425168955e-05
9.760384532943542e-05
0.0002877055364238755
0.00019410804013897612
0.00019619487877829925
0.00010328194254221141
0.00032392865397006123
3.604461089299668e-05
0.00023504236120425488
5.0229565985184396e-05
0.00027810598299120016
0.00045500021391116336
0.00010912684184577108
0.00017766753104969812
0.00014752882069155932
0.00013136551598350144
6.183259237519722e-05
3.927150905925797e-05
0.00017985250262668716
5.843017119652827e-05
5.6321594173187185e-05
0.00010939932346975847
9.016097205734471e-05
0.00011459548501283664
3.76834322507451e-05
2.2551773947531613e-05
6.613927524348294e-05
0.0001773263891384019
0.0008286555561662452
0.00026942999818757373
5.735285947995328e-05
0.00044193288818067085
0.000320832606174798
0.00039735820713748127
4.834844422074851e-05
0.00018240837550394053
4.5075732147461836e-05
9.449111290020293e-05
0.00013807107839953448
0.0002586097622305077
0.0002970429234719814
0.00012887907074107748
4.829966266640862e-05
9.94986752802444e-05
0.00012149904304475893
9.861626047842527e-05
0.0003348479163482328
0.0001205738213043038
0.00024181824153479502
0.0002817859419280392
0.00014697131194852002
0.0003603737714143331
5.006192186253631e-05
0.0001422497490257393
8.652416157282988e-05
6.900882947039805e-05
0.00011331853071514514
4.225790722968494e-05
4.653680238913783e-05
0.00028302031562962827
0.00019213830468623337
6.378905592449314e-05
5.952961415843554e-05
0.0001265696533912385
0.0004849206876791184
0.00021147813514422358
0.00018578710325478035
4.6436238965796296e-05
0.00038730311740554815
3.5171342946852725e-05
0.00013810732647960978
5.8632796503689614e-05
0.00018560043986907819
0.00024382642219162044
0.00029660234346540106
0.0002749290611124331
7.751486185202791e-05
6.928356111632485e-05
0.0004340735541740619
3.390358676366755e-05
0.0002539048030060777
8.989397340313784e-05
0.00013863186289824787
0.00019017176376850365
2.7141514659594123e-05
0.00010963445223288856
0.0001883455584164979
0.00016881928265670299
0.0002305355705395956
0.0003612654668856262
8.00008950464966e-05
0.00023874581093987466
0.0001353557844677569
0.00013763731895148664
7.832521322046555e-05
0.0003588223520854551
0.00011630736142320859
0.0001206828701161853
0.0005571947348415227
0.0003696951793876536
0.00024522425743438517
0.00011715217853482618
0.00019883178123082475
3.388097905730998e-05
3.959329008354944e-05
0.00013442589187846282
0.00031572708155561135
0.00024091384413055724
8.4124764336595e-05
0.0004814718171979745
0.00032000804344160637
0.00025539559809606085
0.00019095217527733183
0.00015434270559295545
9.950445772871287e-05
0.0003044135507221635
0.0005745778827957381
3.5680896514607354e-05
0.0005318386711831656
5.5631775396023055e-05
0.00027321428402820767
0.0003199025847232464
0.00019746097094915438
5.515206505458986e-05
0.00018899509898345258
0.00021537299656657148
5.273449263782333e-05
0.0001431186756389102
4.8033236594354316e-05
0.00011328919845569908
0.00028388769881094474
0.00018613118933802881
5.773377632101041e-05
8.208100740837681e-05
7.479625265438257e-05
4.142514098903343e-05
0.0002350840979470357
0.00017000073523108542
0.00016212972464177948
2.943023379649976e-05
9.074635925997451e-05
0.0001386791040766514
0.0011013540217012132
0.00030624394392275516
8.03523428966664e-05
3.670124574192769e-05
0.000635010514776028
3.508015332787319e-05
4.582715712056456e-05
4.432863168901518e-05
0.00011423590588465091
6.37174571940685e-05
0.00025728116272851197
0.00014199038515662102
4.513865080640258e-05
0.00010840290244608184
0.0002086217219646906
4.3158222438442214e-05
0.00010096278459576771
0.0003065868432566505
0.00012445224202288507
0.0001787176256365802
0.0003815863908399662
7.354966339022522e-05
5.872747599091218e-05
0.00018068161688111956
0.00035126924015868897
0.00024561112185440527
4.6999428173373556e-05
8.073045703209154e-05
0.00012487080095614553
0.00011357446223169797
0.00015083536979455258
0.00012332314973512027
3.934510221810791e-05
0.0002395095341379486
0.00048196422577515935
5.968107036212511e-05
0.00014096487505103146
0.00034623403901090703
0.00016753713823570909
0.0001377465569244791
0.0001980100361222494
3.2418982967677456e-05
0.0006033917435715719
7.978385293624299e-05
7.404606171583821e-05
3.5351151970007265e-05
0.0004341469368454584
0.00013659863834136768
4.3895516319806854e-05
0.00025497285935346644
6.730670839021221e-05
6.504920940876207e-05
0.00017553230648746271
0.00014027450783522268
7.670250017928055e-05
0.0003097215480151668
5.303153032347337e-05
0.00031772378376559253
0.00012504625707725038
0.00010105057634269658
8.716218227902815e-05
8.867765558526039e-05
0.0001125539446445924
0.00033383831041484756
0.0004058040373798551
7.00567910717193e-05
0.0003935488621167522
0.00010312898505377914
0.00023348042626346283
8.196525486342815e-05
0.00010979276477355892
0.00025414101099803787
0.0001255116184451032
0.00012814765796144073
0.00019060690165981572
0.000251398201997975
9.524472235996661e-05
0.00018392856942448188
7.560313275378706e-05
6.573298028989014e-05
0.0001590423852312026
5.6951705946183974e-05
0.00022608545177619832
0.00011109066457239976
9.057197255971725e-05
5.666666102129426e-05
0.00046833182470220366
0.00033579546484900196
0.0001279376642536917
0.00011352462616671033
0.0003006579825377206
5.807029178976867e-05
0.0003669089639390913
8.309145492397748e-05
8.520409595730209e-05
0.00013268855994905124
0.0005362257244153443
8.118275883771422e-05
0.00016152139741107448
0.0001883038189581962
8.27014030402095e-05
0.00021269273628044745
0.0002510817583318245
0.000129225470926748
0.00024060531258969522
0.00012128421287625825
0.00018452887543516123
0.00023402239237825303
7.859313935064943e-05
4.710935274681642e-05
0.0002339201014595772
0.00017366371425608912
4.5862534576155785e-05
5.000084258892264e-05
6.920483648237335e-05
0.0001034973180896995
0.0001092259954444906
4.6397940239646425e-05
0.0003393745642854525
6.826930350803589e-05
0.00011369500852612057
7.263850581371748e-05
0.0007916755560377907
8.374808348668375e-05
0.00020203062566920225
0.000151753503373934
7.191712639561398e-05
0.0003064939083531244
8.947503854717077e-05
5.656942077176114e-05
0.00011856843782149041
0.00033691544179886563
0.00011499559043670999
7.764382481187853e-05
0.00022107059120739475
0.0003888432588363209
0.00012820664179939798
0.00034272304631598573
7.724254013797837e-05
0.0002587393654719421
3.215722493013538e-05
4.3926101679123684e-05
7.045919581752787e-05
5.508735740631203e-05
0.00023548326123391502
8.824747751613317e-05
0.00018664452764449529
0.00027274003468911914
0.00020860952769323303
0.00011134985843324469
5.823145247387002e-05
4.0116199419416087e-05
6.218634710046465e-05
0.0002869418283335602
0.00011485072118185016
1.8927696711629947e-05
7.278842996793109e-05
9.728075521036663e-05
3.933222913296046e-05
0.00014062482392114697
0.00019069586963303993
0.00015684486712203377
0.00031327677053655543
0.00035103774712522075
0.00015480655770352836
0.00012331551366675579
8.122095070203294e-05
0.00027186582502980715
9.81694570932102e-05
0.000317531434544248
0.00039461472490679404
0.0001235595739427109
0.0002176782724509316
0.00017590329307833985
0.00010496336802861095
0.0003170425683396342
0.00013440885483947002
0.00011371608546484185
7.395489070496004e-05
0.0001544862472692239
0.0001389957110593875
0.0005969786758563739
0.00023137916570879327
4.607725869478558e-05
0.00015138968853649698
0.00016870023656957579
4.400116596450814e-05
0.00018347633590712264
6.315570105628792e-05
0.00044344929147042506
6.316730529781288e-05
8.705325209517493e-05
8.94985107819007e-05
0.00013490810919903733
3.668132855605913e-05
0.0004574863156840396
2.9514870887416255e-05
0.00013363693147686989
7.964429807718438e-05
7.08773238159035e-05
0.0001974133580231606
9.097117324797337e-05
5.131537895092241e-05
0.00019676284429561902
0.00011857850833374073
0.00014398813280701696
0.00016186722012865817
0.0003530191861719143
0.00017274322781426636
9.38107126541789e-05
0.00010089700863064154
0.0001247116254616224
0.0002614426573790508
4.892620941381414e-05
6.593083223122035e-05
4.9300616841726046e-05
3.8375843027277026e-05
0.00043300593563225964
9.321053414695083e-05
0.00018451652893323073
0.0001459441710354144
2.8178272236304917e-05
0.00025376279883250073
0.00019649537625623394
9.491512145947611e-05
1.8658816031101375e-05
0.00021727239202208143
8.669872453572478e-05
0.0003517709121878922
0.00024123782363881567
6.55819179475132e-05
0.00011154798800878405
0.00011207095090027962
0.00035453094585131853
8.443834080246823e-05
3.1795061210708136e-05
0.0001115877568981985
4.6093676844352335e-05
0.00021192049863370612
6.0198328910984754e-05
0.00021999445129567116
3.9944620773453694e-05
0.0001014385003940742
0.00016318914017942476
0.0001133460897067288
0.00021934943536449863
0.0001681679808494849
7.628603793313909e-05
0.0007316056233060108
0.00011803394751372162
0.00013879340283790917
0.00010330003042371742
0.00031567050243890184
0.00017496333471771414
0.00010961746157749421
0.00023530353936185923
0.00033523012809963957
3.726793348208951e-05
0.0001294373660597827
0.00037164661271554746
0.0005991346355836793
0.00026242308270919514
0.0001259058832409186
0.0002456535741465479
0.0003147003670110917
0.00023225370508314717
6.441125669681858e-05
0.00010888455511860695
0.00043613687344455345
4.435872089089428e-05
0.000398367888303759
4.080759530619277e-05
7.593973213983981e-05
7.12798030717921e-05
0.0002829012915922626
9.077608839705872e-05
7.805592836669836e-05
7.9462050118879e-05
0.0001322345258735024
5.257172708272679e-05
0.00012339925650969
8.225201826996209e-05
9.803134450693e-05
4.402623331282036e-05
2.3965110266203813e-05
9.754361261882607e-05
0.00017058211292696296
0.00025681561916324875
3.4593795988504573e-05
0.00011066786443719522
0.00010330236894834908
3.826067108458766e-05
6.882889696886748e-05
0.0005219314333712922
0.00012216705897091963
0.0002561046500632829
0.000457526162471963
0.00011401558347983456
7.938789249106772e-05
0.00011648457419358879
0.00024800938997118993
4.110789625635403e-05
5.273304167140961e-05
4.560285086477783e-05
8.562517321488922e-05
6.281653835843576e-05
9.758723297187858e-05
6.547330248414175e-05
0.0001591002473848865
0.0002705541428552012
4.936628903531195e-05
5.7516379654242224e-05
0.00011931383785226493
7.248034225994486e-05
5.958811636637857e-05
0.00012082244588246198
0.00016169566927208554
0.0001001528295248323
0.00012920372820532898
0.00016478737018548427
0.00024290352410725062
0.00011829251484416941
0.00010596414852436054
0.0004465121206814576
3.301903645355761e-05
8.211170899571396e-05
9.73894264217668e-05
0.0003912128962517539
4.3871666010821357e-05
0.00011303428495304921
0.00017237552102086678
5.591435453324523e-05
0.00013608992925137834
0.000387927627847004
7.253327385270464e-05
0.00012206866970936855
4.970909059900516e-05
0.00011754280729238854
0.00010822287267639051
7.781623984460162e-05
0.00013251104484684003
0.00010916217012308331
0.00038995325689095264
0.0001893633257107162
0.00019152075915526725
7.363413769497362e-05
0.0002343245278186634
0.00015001864320334166
0.0003057124396547802
0.0001804180651792765
0.0002516485929408197
5.300707314822386e-05
0.000372586690103578
0.00016964951469669525
0.00042375838390494244
0.00027160539214374224
0.00015478187226746298
4.176492229064287e-05
0.00017226921158082316
0.0004619410792565485
0.00017475924407443568
2.5252122965670478e-05
7.25989520998526e-05
0.00011796620787026256
7.84585357911111e-05
0.0003116559670407269
0.0005555837374418834
4.553063683149746e-05
9.622860925155204e-05
0.00019725714181278905
0.0002788836508774735
4.0979365920826275e-05
7.896177220923132e-05
0.00021031817812467183
9.320715185815988e-05
0.00043338338031881645
8.855038178267119e-05
4.767815786608302e-05
0.00018259797425462847
9.217679562531072e-05
0.00016445416938396228
0.0008464005375846451
0.00025756484850979026
0.0002487721099910169
0.00012159885394645357
7.4256819454335e-05
5.896856013363322e-05
0.0001095663631755418
0.00010196466576098379
6.650778652771387e-05
0.00012957278946025514
0.00014797151518162988
0.00018879858257719797
0.00013261807667760015
0.00016374867977108384
0.00018083197046033452
0.0002613297095387751
0.00011730964533486749
0.0001251655997092066
9.406331588660086e-05
0.00014137809934636628
4.730639936267698e-05
3.308293083875888e-05
0.00024517739713425063
7.116639802866644e-05
3.8587493716939024e-05
0.0006459465218784094
6.235698760920217e-05
3.3599377910985486e-05
7.520765261776387e-05
0.0001610302250815879
6.158956375755334e-05
8.852881273726795e-05
0.0001512875154107107
4.883107014310863e-05
0.00013263070136530772
5.7544436526792195e-05
4.7664487015161695e-05
0.0003430764774784638
3.833232647267376e-05
2.970578472141022e-05
5.855483015470007e-05
0.0001645224119648273
0.00013290221306443194
0.00023792839231976553
9.933025477719496e-05
0.00011937703696336384
5.223438740319223e-05
8.514971255715268e-05
9.761393610977287e-05
0.0004500503652937646
8.029275432097089e-05
0.00033125974156224144
0.00032170658719652404
0.00023990361442869607
6.51109644518571e-05
7.043340385190119e-05
0.00013392356134979262
4.8750239037438564e-05
4.040862263253481e-05
0.0003642208870214805
3.426362391230843e-05
0.00025027996754645
0.00018677973916967123
0.00010081232048124873
0.0003668230406041804
0.0001561051144682155
7.029363450590918e-05
5.201299226564684e-05
0.00010318843858685656
9.655168926931033e-05
0.00012463751663157376
0.0005242986241397943
6.405827920284368e-05
0.00021066878576651922
2.5116469013158126e-05
0.00047522054905067634
3.8021152496647174e-05
5.462610234940197e-05
5.1299507008983616e-05
0.0002077106524912457
0.0001025168398307684
2.8391695987645598e-05
0.00012898667982355806
5.154766137594589e-05
9.678730721758227e-05
5.155555046658837e-05
4.892054771987766e-05
5.796976149776523e-05
0.00034440746326293596
0.0001559278637916185
7.84533104005218e-05
0.00010624056773316235
5.676856703216614e-05
0.0002038797728800537
4.036486330067744e-05
7.38025121310313e-05
7.097466711173058e-05
0.000107688560422399
4.926607517934838e-05
0.00013507008593747168
5.008408988236861e-05
4.855549961111248e-05
3.646563392277322e-05
2.096932573893056e-05
0.0001360694326828639
0.00010170137590339552
5.201409810890814e-05
7.478580975078361e-05
2.5094662952627888e-05
0.00030114127226992264
6.589181514317319e-05
0.00013418001476333361
0.00010607619799403701
0.00011584374340174776
3.107363928605225e-05
4.238243316367075e-05
5.747693319894786e-05
0.00011369202686125767
9.871727954899104e-05
0.00044877162486674265
8.623888435753258e-05
5.5802194334064674e-05
7.375122791297998e-05
6.114272058189815e-05
0.00032391172102377597
0.00013209263954687932
0.00020859370829846992
0.0002964633616911348
0.00016984891780165114
0.00010492492738824598
8.713653873486076e-05
0.0001510430205709232
2.672939132358157e-05
0.0001115932588267758
9.82885639510741e-05
7.81419590896407e-05
2.823995739195304e-05
5.33524758833884e-05
4.192903263103443e-05
0.00016080196787382302
0.00017575293282204508
4.410138420759493e-05
8.864964705629713e-05
0.00016383411181457246
4.407268058734591e-05
0.0005057669905849473
8.859540154301654e-05
0.00014719273180274526
0.00017714125195731782
5.5042333479081195e-05
5.6390656129284375e-05
0.0004689411013353525
0.00010254324775581956
4.075864481739717e-05
8.253762062380526e-05
7.754557471264533e-05
0.00012426698396511335
9.484792002589148e-05
0.00012435853756528233
0.0001302166677536759
0.00029975812288712887
2.6346954455823392e-05
2.590118249978147e-05
6.505957459176104e-05
5.936449152318443e-05
0.00011402254678496439
0.00016467062472591697
4.3529896641217535e-05
0.00030058973418699785
0.00035626341706364935
5.9539322810672006e-05
0.00014341659602051286
3.030681458637926e-05
7.094819369965901e-05
6.269245918837995e-05
0.00012150434898425314
5.407444802866457e-05
7.857017987684743e-05
0.00011044144495116502
6.344607225456614e-05
7.186746060531075e-05
0.00020511396717774445
6.146447339992529e-05
2.9716723875836038e-05
0.0001281553243546934
3.376569422667956e-05
0.00015225081827765097
0.0001164621102302782
3.92899888365879e-05
0.00033840577212995054
9.392500899406682e-05
0.0004507952116428844
8.75483526879495e-05
8.961080136849088e-05
0.00012927809452940598
0.00025680670823277364
0.00010038715454015755
0.00017147832787977452
0.00031950610411196715
9.329654881627743e-05
7.095849980871901e-05
0.00025149692930883223
0.00020991162204790693
0.0003056987510235045
0.00010725773545960295
0.00027838916021341543
0.0002735323449640773
6.641884723107441e-05
0.00026088430203569004
0.00011924125391293513
0.0001695166572842289
0.00022039328061888044
9.926054947904258e-05
0.00021317850865864085
9.268271605921753e-05
0.00016194616261416183
0.00010203706664165035
0.00018234396228971876
0.00012999342813496733
7.945702884449172e-05
0.00014164594149909074
4.912521389318814e-05
0.00022430382846368483
0.00022506897873632325
0.00011802573080077762
9.224442652723955e-05
0.0002740727995980954
9.00159252180236e-05
0.0004053676275662439
6.159056906098061e-05
3.8877641316357814e-05
7.834540799666387e-05
0.00014372202031947873
0.00017611025873529924
4.352738749286475e-05
5.039567015949037e-05
0.0002869926539167463
3.09162527063782e-05
6.286479104999635e-05
0.0001574209733567874
0.0001224587197227715
0.0001026956867564203
0.0001307175824635441
6.0055597636851134e-05
0.00029011642319089724
0.000270814971140797
5.411548100932019e-05
5.6489005145052015e-05
0.00013044302968937376
3.993920984976203e-05
9.593103186568511e-05
0.0002048842393422726
2.763204627090687e-05
9.418254819346938e-05
8.419002994804035e-05
4.5571047963867715e-05
3.455988252644753e-05
0.00016369372214671446
6.883210103069525e-05
0.00028242621689578715
0.00012493436260178003
0.00016953406850904964
0.0006654585448754407
2.8842220824081835e-05
3.963880980118268e-05
6.110583175982705e-05
6.719643404918047e-05
0.00012409147631361288
0.0001599305551621631
8.267181681343904e-05
4.492501487508813e-05
0.00019834503977318835
0.00013523295922517295
0.00018616788291122107
3.334302211545692e-05
8.331220107027269e-05
5.19437826168516e-05
4.338780817189541e-05
0.00025162787235985415
0.0001196446931661351
6.562050950814303e-05
0.000293603114711291
0.00011854308304516851
4.702785439669615e-05
0.00014371997121419004
2.8619541354840687e-05
0.0004523510709453854
0.00015538273094332984
0.00014664832702546
0.0001147147831562693
6.379129512177612e-05
0.00024432086980801285
8.893958333426216e-05
6.83840019861126e-05
0.00018375486877642466
5.9297938356381365e-05
7.048127238540552e-05
9.303699018980925e-05
0.00011333414796680146
2.3921720062235075e-05
8.163131365551831e-05
0.00012719711062000966
0.00010548987268536469
6.21903175499408e-05
5.477413886485289e-05
0.00014890345355632773
0.00018634859033778796
0.00018048714289107547
5.2348199227915165e-05
0.0001160720271881681
8.186831010786991e-05
7.141955806026212e-05
0.00012736065654482816
3.0851251704100806e-05
0.00019486013869922259
4.40246048644909e-05
0.00011644205444892765
6.921421437541239e-05
6.775410837072699e-05
7.028479095735303e-05
3.4252485890121205e-05
3.035172770755664e-05
0.0004847396576267176
0.0002942939494011884
0.00014122772810004432
5.894212452624624e-05
0.00020651466077569535
7.92362714807869e-05
9.11109994891832e-05
9.25903236014217e-05
9.005110479366938e-05
7.155032834117587e-05
0.00010699400426005447
0.00012949413659929854
0.00013993678927162918
0.00020115791465028199
0.000122353606835434
0.00012669671957064142
7.496156638843358e-05
0.00011473154684640949
0.0002274061056066268
0.00026562424630623854
8.015779171202063e-05
5.034465401149128e-05
0.00013557674645477258
3.170918486155357e-05
3.589161850524505e-05
9.717575620790279e-05
7.067421329777142e-05
9.999731990368123e-05
0.00014100407009727008
2.5847907056841924e-05
0.001072347773532753
7.828258841073652e-05
0.00013407750400378486
5.35932221024589e-05
5.910293086281461e-05
0.00018640769859598443
7.80652697752187e-05
0.00011798480250725695
3.340732262307602e-05
0.0002911587512568559
2.1918501738550747e-05
4.305702726230419e-05
0.00010878306432058674
3.031996418711623e-05
3.454796818020155e-05
0.00026685325653658695
6.872660563665201e-05
0.0004511653523719186
4.389534598339145e-05
0.00019707875171173005
0.00042880634885027413
7.95708791350117e-05
5.2456688490666226e-05
6.356502036476321e-05
8.515931521723852e-05
0.00029463914439276085
0.0002096549121114848
5.741832422542304e-05
8.268152332254168e-05
0.00014776322936770221
4.221060501740017e-05
5.295048269239834e-05
3.151315566664858e-05
0.00018257213301747484
0.0001439370938451318
0.0001013857924854668
9.523225502078515e-05
4.030525835109413e-05
0.00015451391279840582
2.9795868185700108e-05
0.00011464376866173759
8.758467369172596e-05
0.00019514265094450623
0.0001447610080684073
7.921191060154924e-05
0.00020144893715641103
7.419240552271042e-05
3.1125554774620534e-05
0.00014186535346426827
0.00010041034209909198
5.458650235396667e-05
0.00013695773318303308
4.817614374634807e-05
4.980303438168597e-05
6.064062211536944e-05
3.424301270123092e-05
0.00011457592659772446
0.0001548228598505562
0.0001070941654713275
0.00012055900473063756
0.00019728720869954081
4.981651684198915e-05
5.566988471969208e-05
0.0001012355472714214
0.00012478405013485549
0.00010456029402490436
8.677091381684221e-05
5.6531998830024954e-05
0.0001326355440095006
7.387913507150403e-05
2.4978860423707164e-05
0.00010603506195829286
3.7965965263011306e-05
0.00015524911348845606
0.00010818591319449245
3.308914246743816e-05
9.82257018505197e-05
0.0001127936761464417
7.26179598533555e-05
3.251555233886904e-05
3.701668251881982e-05
4.162089338724435e-05
0.00017506204472458956
0.00018448433045435169
0.0002219894437277563
0.00010066794089166146
3.259379005889052e-05
3.645637847960807e-05
8.886817902433568e-05
3.411770876332046e-05
4.520807176328586e-05
0.00011607970212550037
9.191982424194683e-05
0.00029214611703908005
6.915398506341893e-05
5.8402967647973286e-05
5.284567528223455e-05
0.00017094184398456523
6.843765282410168e-05
3.322420168702759e-05
0.00016729708418084506
4.551821189997795e-05
6.362662949028178e-05
0.00010086251238825838
0.00012564257551424997
8.038238702769889e-05
5.3885172853567556e-05
0.00011831354523982782
3.037386957673691e-05
0.00015367787016135734
0.0002610525563458179
5.291280786904875e-05
5.400059947676445e-05
0.00017887589273726215
0.0005592109676537596
0.00020596836501721904
0.00026704623091622435
0.00013576579228084554
5.6078335458222955e-05
6.119230605085906e-05
0.00022184641910786803
0.00018075483262856742
9.841707510576971e-05
0.00035354303688600857
5.46800893816123e-05
0.00010201545585975988
0.00015294726742876664
9.32826217611264e-05
6.393043975045757e-05
4.694303506844045e-05
0.00010761649087309619
0.00010887710374855881
7.579264735548525e-05
3.600656964380146e-05
0.00016027249937078107
2.7978807762270604e-05
0.0003643997277529022
7.654180660402053e-05
2.7869233387668716e-05
4.0181708526242865e-05
9.362278828415376e-05
0.00020746460283465085
9.11750620605345e-05
6.096212772899877e-05
4.1022852514991795e-05
3.9163057043043206e-05
0.00015435608072058736
6.629211096191718e-05
8.300674864525414e-05
0.000112465492956383
3.909371926526906e-05
0.00024316055813497595
9.508532176554149e-05
0.0003001549417321753
4.8733638299296836e-05
8.502410813624675e-05
0.00015398396412241643
0.00019036053044413722
4.774440580070716e-05
0.000155725409859512
8.80652401087254e-05
5.094061182970469e-05
2.8363863269125715e-05
8.570183246587442e-05
5.269260372250894e-05
0.00014567556077422705
9.16194316360015e-05
0.00022052101224264215
3.534595376990873e-05
0.00011988445476101108
5.058993151605693e-05
3.187670135739811e-05
0.0001623624470866291
0.0002484431014028865
7.289755440680993e-05
4.403290861523293e-05
0.00023722744017226307
6.856171732062741e-05
6.0940046131083975e-05
0.00010586201764046314
4.5814567253076636e-05
5.449861609436081e-05
0.00018326497013350598
8.631405376494858e-05
0.00017866743614757688
0.00012610485327421312
0.00021385964835727596
2.797423546410105e-05
7.52798335932137e-05
2.3875267338176306e-05
0.00014025646077486003
0.00013588405843250503
0.00017920733374654848
0.00034321817404843935
0.00014337456267662357
0.0001659174543654533
8.249060701337979e-05
5.408386848533956e-05
0.0002609491246575077
0.00010379981679787168
0.00026583272891855797
0.00011792742293227325
9.346086154313565e-05
5.8835590264243125e-05
7.439104294484255e-05
3.183016106795726e-05
9.167572987661935e-05
3.5023295334731104e-05
6.207744552289713e-05
0.00014827992165661222
0.0001215671034307814
7.75982236365882e-05
3.8541524818661154e-05
8.597512069145739e-05
0.00011320070933412884
9.288343450936843e-05
0.00031171815037523185
0.0004473146124276077
0.00010046615256500254
5.9565510442600714e-05
5.0728089850643215e-05
7.502071392757481e-05
0.0004323973884308462
0.00017189670038683855
0.00010844115956669203
0.00015768072314694472
0.00021391648956919422
0.0001833074428888495
0.0002373809709487687
4.349453538073599e-05
0.00017344834404167995
8.47657885127984e-05
2.460286739436263e-05
0.000156420987300748
0.00015691845733288804
4.431172041164464e-05
0.00035933593613188557
8.859311855056423e-05
6.152386272779492e-05
8.325780246559642e-05
5.53084155894125e-05
0.000768651852881028
8.388957148478038e-05
5.4020585641461386e-05
8.016618869113304e-05
6.554337634667135e-05
0.0001101873261003703
0.0003317313979968902
0.00012609903640063282
0.00018846088012854683
9.06535788863921e-05
0.00012939939450708584
0.00011990704674087921
2.9074725005983196e-05
0.00010532774023583769
5.443618352389656e-05
3.026484414705594e-05
0.00018069967917894297
0.00017709467498944442
4.3993996979399336e-05
5.805555596273442e-05
7.081699252419466e-05
0.00034342583834014666
4.897095138184409e-05
9.413057981660466e-05
0.0003884621843676994
6.114035425006876e-05
8.01194747048089e-05
4.2519372348705794e-05
6.859240297210189e-05
4.155209043298306e-05
0.00015253444118210638
6.395516614481096e-05
7.942701986618232e-05
5.42432572377426e-05
8.046423357387713e-05
6.123918695979518e-05
3.877434336824661e-05
0.0001534043210106603
0.00017353354105280983
6.417632132554144e-05
0.00010009540354038361
9.008924704080696e-05
2.988309569446297e-05
7.798561390709997e-05
9.04481151097958e-05
0.0001303088498038984
0.0001268436255928086
5.844187692670798e-05
5.174672848641128e-05
6.56754042129297e-05
5.053523785154306e-05
3.301972322570359e-05
0.00013191288383207156
3.0237414402293485e-05
9.963484545011755e-05
0.00039480367272736876
0.00010289815140793128
1.8588886165659237e-05
4.913986293931263e-05
5.7526543851396e-05
7.472574276665286e-05
6.501503703325807e-05
5.887972964855614e-05
5.7520029296649665e-05
4.025854756806982e-05
2.8678477580531175e-05
0.00020627521671824118
0.00014776384682214388
6.413922592658394e-05
0.00013676507713446414
3.67831268343043e-05
4.249791895824836e-05
5.423006512533874e-05
0.00018751187577008673
0.00014944519783522919
0.00011048322708123876
9.214285118514484e-05
8.676299610162372e-05
9.12063507206293e-05
0.00016757418133283834
7.209711007459425e-05
9.78573980245371e-05
7.642935702875642e-05
8.909643138021152e-05
2.9692880594492073e-05
5.1280416690816275e-05
7.284915421938998e-05
9.815105456829947e-05
0.000235469663925919
0.00011321545689065052
2.732316401548148e-05
2.3777117076574936e-05
0.0001678788778667238
7.984753808579723e-05
5.141805115298905e-05
0.00021787787322338068
6.901129855972121e-05
5.527375771869672e-05
7.560404192686292e-05
7.025678777937004e-05
3.867423390758907e-05
0.00013770280945202615
6.115006392387629e-05
3.489980389343422e-05
7.332793664469313e-05
0.0003197340417156114
0.00016543872250119061
4.946245115735989e-05
0.00012907802821980835
3.8433502266277386e-05
7.760921832252836e-05
2.6829296897042297e-05
0.0001176202335124485
0.00018611675566015736
8.875125158012317e-05
5.470542258756623e-05
0.00011970600574178463
7.612878539889905e-05
0.0003546176407172584
5.2476225111481434e-05
2.3064531958550897e-05
4.207164042327048e-05
0.0001366765240808073
0.00014971129288817423
2.6806594833053318e-05
5.3285458498277995e-05
6.49460205124795e-05
6.585111284291114e-05
0.00017329803842315334
0.00012648209218085282
5.112288270339975e-05
2.75544981486783e-05
0.00020997365774774786
9.229362908474043e-05
0.0001471458398386753
5.894397505604853e-05
2.7004440353859165e-05
0.00015632876676229405
3.2373758196912524e-05
3.0368174254016416e-05
5.760475008222502e-05
8.956579764045582e-05
2.8154055621752614e-05
6.327853671101358e-05
9.667816642326079e-05
9.830240702302705e-05
0.0001650050850786058
7.828350236638381e-05
9.238748955372287e-05
3.628414886472777e-05
0.0001003554081236952
0.0001343768169854954
4.198986420713621e-05
3.547995492645733e-05
0.00017221045436554425
0.00014532428084556702
0.00013436294497574337
0.00029629249580618666
0.00012678499923831575
4.827544831920782e-05
0.00012169955451180365
0.0001770907850480967
6.627517248334024e-05
4.6603667252472975e-05
2.6829076408800795e-05
0.00020670001739823724
0.00019310183257063217
6.331032063557162e-05
0.00015831646836812942
0.00011688211606886438
1.5325038946511834e-05
3.913677069548639e-05
0.00010691058416761278
0.0001100457587806329
0.00010039152522968465
0.00019866117957472669
5.414996014383026e-05
5.563539046724967e-05
2.05057850145976e-05
4.39384064373359e-05
3.1641904643665273e-05
6.346510287992813e-05
0.00011080428778108586
0.00017745237749471478
0.00011679808552254064
7.211748459040169e-05
6.294353437847311e-05
6.961823171500273e-05
5.333884808837316e-05
2.516328160796976e-05
0.00018267043959274492
5.91795456696112e-05
2.1401571456251596e-05
0.00015084396843676603
0.00011762064760676258
5.071837864609272e-05
5.338179572475671e-05
4.119941202085973e-05
3.082724386713589e-05
0.00010110828986858571
2.5206606787319544e-05
2.829418273378161e-05
0.00010317908596676669
6.528091974818079e-05
4.7379521330531053e-05
4.508653659221293e-05
0.0001300856373392127
3.290338842937358e-05
9.112343680098533e-05
6.146658141111761e-05
9.301218656863529e-05
3.348546394084536e-05
0.00035440878445211976
4.670751691834953e-05
9.479182641722156e-05
0.0002431120472798209
2.35041084247286e-05
0.00023149164583117642
6.858331879633742e-05
0.00023726391254348217
9.604414682233603e-05
5.699859136067923e-05
2.962036955712591e-05
3.915986506610368e-05
7.007678437020209e-05
3.077601882796473e-05
0.00014047731869940906
0.0001400499921900231
8.806356185474052e-05
3.745155595342608e-05
0.0004389005066123423
2.722296412402523e-05
2.5251111107193672e-05
2.4436780848064354e-05
0.00012305549970438535
6.192339682351564e-05
4.220527548230461e-05
4.9672489019561425e-05
0.0002825919258095655
0.00015838833344701382
5.4102707830628195e-05
0.00010180806388105958
0.00012956424039190913
0.00035417815724954067
0.00015047144614214444
7.085352346837324e-05
6.484786347980481e-05
2.8247125688176896e-05
3.536717418874576e-05
2.6589332592045077e-05
9.40421369643896e-05
8.437151076171479e-05
7.442975278901635e-05
3.784137024545504e-05
3.7556763114123464e-05
7.673431069092744e-05
4.539934830651329e-05
6.9377869431188e-05
0.00014956818208381917
3.929044724176298e-05
0.00011284840938511987
8.853788072229998e-05
0.00011994200515249163
0.0001322003348705457
0.00024802998879149295
3.291721177779746e-05
3.6519746321905705e-05
3.0173372541237182e-05
5.3260931847650057e-05
7.637229372767186e-05
9.438656138998185e-05
0.0001514923951528961
9.043383629193008e-05
1.4650000445726342e-05
0.0001432866543649584
0.00011447945169578126
6.638158556243834e-05
0.00013310179207507903
0.0001109398386876494
9.203024032869955e-05
8.757171882194467e-05
3.807449355236532e-05
9.179436217255851e-05
7.2190524699867e-05
6.983755668652304e-05
2.8302023905312592e-05
5.727305448414923e-05
0.000282854550903187
7.487485791543145e-05
3.770016981706542e-05
2.9320635014670998e-05
9.909200837997021e-05
4.720190752682569e-05
3.323671540183418e-05
8.326537398885854e-05
2.6306371976786777e-05
2.6475632792283433e-05
0.00019278476890176047
0.00011346554837596784
0.00012151194981914437
0.00010221627056932783
0.0002947155942516826
3.978699788254946e-05
0.0001209954345192858
0.00020376687178792318
7.509055063773246e-05
5.1012788073324946e-05
5.8024690191377357e-05
0.00010568367935144094
2.627479212796947e-05
6.955404512231847e-05
7.557504190073242e-05
7.776900947649476e-05
4.1591756762435386e-05
3.032214025987257e-05
0.00023467666967596612
4.9768530350879805e-05
0.0004024982996799573
9.905423834054071e-05
8.261542996421089e-05
7.991529166173839e-05
8.749004730409019e-05
4.594007015920817e-05
6.480262182658826e-05
7.867609138118844e-05
0.00010302334818285907
4.951271261305274e-05
5.844713104629312e-05
2.133482316734714e-05
7.260985220905248e-05
6.51405953608057e-05
0.00013011906677928983
3.33463178370072e-05
0.0001211931205996586
5.167697639008249e-05
0.00024638348666761065
6.851121983009874e-05
3.243675948581903e-05
2.8469779943465174e-05
3.3316738051694614e-05
0.00016541385901953912
8.549950483274098e-05
6.039728083205422e-05
0.0002495678485670355
7.024904424131266e-05
0.00012394841847934588
2.605343802373008e-05
5.8960579324662574e-05
1.929080561905546e-05
3.255140155441732e-05
7.812125787357112e-05
4.394188002895458e-05
5.0438371222633214e-05
7.230691291917723e-05
2.6652996722077342e-05
5.235910246859222e-05
9.11175172110696e-05
3.556782613952427e-05
0.00013574906221459437
0.00022645982284080987
0.00010615726400726837
3.7866119919398006e-05
3.550196522951915e-05
5.044126229610923e-05
7.339412049083813e-05
8.204723465644992e-05
9.735154662058431e-05
3.515540722468863e-05
0.00016256991875007127
0.00014524091697039343
0.00013060196561682098
5.3245725421342065e-05
0.00012674417015274292
5.2292461213020134e-05
0.00012552585856822002
0.00023921134089581084
3.6680463668844375e-05
5.983152751108775e-05
9.532136244100287e-05
4.9221114984824276e-05
4.9612233161262425e-05
7.212253160070333e-05
4.782864677954799e-05
0.00014274128902959764
0.00011236464832618582
5.490622088237977e-05
0.00028253762085796364
2.3643391811280666e-05
6.122713146492964e-05
8.454214019740889e-05
0.000108870848715688
5.2626931484227954e-05
3.988774131321436e-05
0.00011996323910711391
4.7659005139773216e-05
5.036684395045991e-05
4.2297901337796194e-05
4.717605280272904e-05
5.465970608056279e-05
5.6794267532761344e-05
8.259000670321428e-05
0.0001079270997468505
5.0298456106273544e-05
2.6567541438240113e-05
3.9202781301799606e-05
6.487501958000192e-05
7.184296229184104e-05
0.00010921483397580649
8.556075519325179e-05
0.00013882911903314422
0.00010646874628151956
2.6405058509366018e-05
4.881212399529486e-05
0.00019961832684811147
9.003937629293863e-05
0.0003749898756964824
5.955927702457003e-05
7.125694861147446e-05
4.656611143999553e-05
3.419276834523184e-05
4.1398380782072864e-05
8.228069945266308e-05
0.00024006363852427742
3.0474363245858777e-05
0.00020623003907704727
0.00011583042340519893
6.050275213061908e-05
6.396031518774157e-05
2.296295126628728e-05
0.00013824811157753776
8.481076651851668e-05
5.575320507201215e-05
9.324797820621133e-05
9.296014644903418e-05
8.646961319755345e-05
4.504196666698083e-05
0.0001527471637719605
0.00019106794997308474
6.034566988265836e-05
0.00011256664690343656
5.894055195634936e-05
3.609587877494827e-05
6.651113450108203e-05
0.00010936377499668747
0.00011219553842117997
3.676956579498106e-05
0.00011183563350714038
5.0680775398659895e-05
4.5545700152536045e-05
0.0002388404360169855
7.225656765209835e-05
1.7897734968129483e-05
1.9598882737560956e-05
3.907582660239425e-05
7.854110951262498e-05
5.7037823439607234e-05
2.9904931194533605e-05
0.00010593979024578135
6.0808099910742234e-05
0.00020797663664718396
5.171581701107063e-05
8.090843009726387e-05
6.808218212238221e-05
0.0001090341859135521
7.338638300494721e-05
4.2430652236656535e-05
3.3161214993242145e-05
5.232182575223374e-05
3.4358997313407435e-05
0.0001385865615883037
8.725348564512822e-05
0.00015359063665329155
9.231846195426265e-05
5.888326386276717e-05
0.00010921907586835214
0.00023943773559764622
0.0004190357718892135
3.176098189285153e-05
5.820393199271803e-05
0.00014236499433801768
0.00018942952247593726
5.446708874015147e-05
0.00017014819507717033
8.420079376934492e-05
1.6418866758414148e-05
0.00010948154047804133
0.00012656792890958907
0.00011507843182484566
6.127309971774366e-05
0.00015919034086381796
0.0001528633097554872
4.1650901956948714e-05
5.494998420725607e-05
0.00011503448880869167
7.965321014017004e-05
4.324875369635696e-05
2.8189234875521668e-05
0.0001271739801617837
7.22763682592394e-05
7.569464945810395e-05
5.2175129198556606e-05
3.080304129860624e-05
0.0001416465305987279
0.0002542293512942853
0.00011399448867272383
4.919149037815409e-05
3.8151386471095965e-05
2.9720452621187072e-05
6.277841772489028e-05
0.0001602269639943175
7.557412240642479e-05
6.095342672277404e-05
3.993429007884502e-05
3.269891348444087e-05
5.510802002020637e-05
0.0001146757686397117
2.609152083031008e-05
6.735980470166162e-05
0.0002165387614376811
6.50148125237712e-05
6.189906368558648e-05
0.00010497622953710684
0.00017074786363896303
7.101255584253963e-05
0.0001878670596913675
7.187784110443269e-05
2.6496857475995575e-05
7.24668764842534e-05
8.963981794266689e-05
6.662910013910617e-05
4.5266981109016054e-05
0.0001172358714299442
9.948453382208195e-05
0.00016032154938690736
2.4076480222331686e-05
9.055885851779393e-05
4.147182038705929e-05
3.086099116084095e-05
7.521005074037652e-05
7.552478905483478e-05
2.6998653490202914e-05
0.0001258801243541663
7.606210618284785e-05
9.948816961757833e-05
4.092683777962103e-05
4.126313821195527e-05
4.922570156772228e-05
4.938039311445034e-05
0.00011968213374822807
5.0654160750779e-05
0.00034272328620514017
0.00015701512746110817
8.774791875159202e-05
0.00010038854048475191
4.831034365414562e-05
4.357935700146521e-05
5.246797088662273e-05
2.907539277289367e-05
6.640319752072282e-05
3.645956901895079e-05
0.00017711120321458302
3.60321482692392e-05
3.431105380352869e-05
8.273754519257185e-05
8.609958948631027e-05
3.439396601720635e-05
5.162707162582351e-05
5.9770268335727145e-05
0.00010961148745148348
4.920777963118529e-05
3.830064111666193e-05
7.168444696508894e-05
4.8142650416882944e-05
2.5581405034790122e-05
0.00012321330082983492
5.843068350310934e-05
3.6619706908180846e-05
6.804717526224324e-05
0.0001311915538873368
5.7895998637845154e-05
3.577674645313825e-05
2.924675187735134e-05
0.00029424890748433
5.409548987133231e-05
0.0002271700001123475
7.261144968815569e-05
0.00012657142765651498
6.926184397237381e-05
0.00010497505174768527
5.055841827712109e-05
3.158304058209704e-05
3.6428401473862256e-05
4.0116908123859884e-05
7.023865800433059e-05
5.871033322537768e-05
7.332618865403716e-05
3.98515513682038e-05
8.812429346952953e-05
3.355421882924995e-05
4.246872844671238e-05
0.0001460026596963223
0.00011198227052915192
3.706168039469083e-05
4.1364780300936575e-05
5.023403709954315e-05
5.417473947485538e-05
9.54131435979647e-05
4.64392741936259e-05
8.407555130738803e-05
4.815998132053999e-05
0.00010980000451207824
0.00012291618535380003
3.467431327624044e-05
3.1869439155873676e-05
0.0001113394303282645
0.00010450434317725311
0.00011117905886109361
2.494372831555195e-05
0.00010665015391857041
0.00044923499866777566
5.306952693810168e-05
4.039198536834572e-05
4.982116430594452e-05
1.7964330066443408e-05
0.0001848884356409921
4.049518742176153e-05
3.995354409985996e-05
9.440504406290263e-05
0.00011192733230947784
3.7153648104001356e-05
8.759036080761768e-05
4.705245944722673e-05
4.020794392165354e-05
3.7393666260529866e-05
5.830381457911335e-05
5.69392845741029e-05
0.00010625606828306173
5.016446813241981e-05
7.090517333485013e-05
0.00026706928609676866
9.115381746127578e-05
4.04181144738914e-05
6.0546696820966725e-05
6.131284730310842e-05
4.8612207416716027e-05
0.00012150388026247435
6.799208668591597e-05
0.0001567285333571969
0.0001373742854990345
7.655244885226174e-05
5.425692911717073e-05
4.8213427327802376e-05
7.486591253230666e-05
4.833493502331502e-05
0.00011258642327338654
0.0001343229464282038
6.142441702535587e-05
3.2274577001397e-05
3.227857421884481e-05
0.0001285505562695971
3.296965663094926e-05
3.803184822547539e-05
5.0450864906200255e-05
2.9701756308405235e-05
4.155718353284483e-05
0.00012865301210732862
5.4259864020871705e-05
0.00018932908016587534
0.00029497253449179203
3.007907847152848e-05
8.071688100410117e-05
4.632201011796231e-05
2.759504960623786e-05
8.889551715420593e-05
3.535822644828336e-05
3.260737521977206e-05
8.202605956240017e-05
6.222483912624998e-05
3.129282423008787e-05
7.14077561908842e-05
7.390469526334348e-05
3.071636332567404e-05
5.613617700109706e-05
4.814632704035328e-05
2.290393583640396e-05
4.626373631299384e-05
4.7386276298900524e-05
0.00016648022951890122
8.911957199352358e-05
0.00012319705826149542
4.72481052323911e-05
6.73003284656737e-05
4.672479763148529e-05
4.867875158845747e-05
3.3566927867686686e-05
2.0713715126599193e-05
8.368007780337415e-05
0.00018290187524138812
9.203949200904974e-05
0.00016087368656017518
3.473682842481084e-05
3.248220108072334e-05
3.986319967800623e-05
0.00011423421478872469
4.8742810368937476e-05
5.7263059805903824e-05
0.00012381186962591851
9.346362405080732e-05
4.2418389642371115e-05
0.00011854449925133336
5.8320483264209124e-05
6.395656734640306e-05
0.000251247592992228
5.065886530625975e-05
4.4766438202285884e-05
0.00010582633293811496
0.00019672123303751985
4.4698331167998573e-05
4.2955764433503705e-05
7.451790659448166e-05
0.00018128737458009765
9.142397863220888e-05
4.590847195232939e-05
3.708631974854942e-05
7.142623181446971e-05
7.255087524039432e-05
3.437290332074546e-05
0.00023278662778533236
3.795751165836547e-05
0.00011209060077313033
0.00020894179381862501
7.451099432548287e-05
0.00021865905706299583
0.00010984987335727327
7.559088926716257e-05
4.926201816119888e-05
4.552457098164157e-05
3.527455576609079e-05
0.00011336859686520203
0.00018054936237401392
7.04967768052365e-05
4.7582334317327605e-05
3.327066548739952e-05
8.76690299966839e-05
4.478245196625119e-05
8.898932093910178e-05
3.963349172318398e-05
7.161727263708919e-05
4.807614245602419e-05
0.0001003099451116167
4.406523058180183e-05
0.00025685777922478147
3.416904729316788e-05
3.144795051924223e-05
5.694948265870122e-05
4.251801669999148e-05
0.00012263451520527926
5.0259451440741846e-05
0.00013861336350891456
3.71102599095469e-05
7.711866442211986e-05
3.5091238498350375e-05
0.00012599589560938586
4.094947271666759e-05
4.891949859417107e-05
0.00011413916740308002
0.00017142164555657762
0.00011685807080375012
4.2416210669349975e-05
4.84231729576341e-05
3.4356572873979944e-05
8.514693699411412e-05
5.091150367096838e-05
3.453666950327659e-05
3.460238810252282e-05
3.0612507680236315e-05
9.461666514158983e-05
0.00022379510363022907
9.937857292555248e-05
3.790407288650481e-05
3.523959344040763e-05
4.730540566897247e-05
6.771228919610088e-05
4.200314226589729e-05
2.9855799487528658e-05
4.725476306025053e-05
2.2380510250262916e-05
4.240370252155964e-05
4.091376339562446e-05
0.00015211692990517288
8.100880759469413e-05
0.00011580031322791673
5.675345418276398e-05
6.111444414715533e-05
4.433383335633974e-05
7.798349934911197e-05
1.9405418703532682e-05
4.351544898271852e-05
0.0001260281989651714
6.53283506039818e-05
5.5463613159789714e-05
0.00011214193667923231
5.8039704498330615e-05
5.153717134851199e-05
9.74730139872865e-05
3.7177557270987534e-05
5.4427924535787215e-05
2.849861909156176e-05
7.559806045509855e-05
5.364665141642128e-05
9.825138289798993e-05
3.616495815721637e-05
6.734906269045142e-05
8.359063949782936e-05
5.980906739651519e-05
5.3019418214519285e-05
3.6384140193117094e-05
3.513485004844852e-05
9.865300512574937e-05
5.1996024337266e-05
3.6925894261411534e-05
7.60943754196721e-05
0.00011056731920419591
7.372591826832643e-05
2.4828828421168778e-05
7.900044257273166e-05
4.0444034713651944e-05
8.406038390514241e-05
8.103042199491083e-05
2.5531733714663746e-05
3.892849319681471e-05
3.255834639175618e-05
5.8407439828435776e-05
6.831954829461218e-05
4.610008673197653e-05
6.348919889465586e-05
5.939089733035015e-05
8.984124892175575e-05
4.263634652835192e-05
3.199002336172573e-05
3.811884448587768e-05
1.3655971790728551e-05
4.1835128668579983e-05
6.0421320333609684e-05
3.058952368174528e-05
8.205258024897809e-05
1.8908513594638585e-05
2.856151487930325e-05
0.00011455389857483909
0.00011770228859381765
5.091925745226482e-05
2.6117831146506905e-05
0.00025868340589311556
4.48508944282778e-05
0.00023314991513585115
0.0001140579111268101
5.369959838228225e-05
2.966681779272516e-05
0.00016399591537110832
9.222666281012515e-05
2.801016862633842e-05
3.326934407313157e-05
5.9194671761135124e-05
4.29215020837956e-05
7.629889095503866e-05
9.057004524235322e-05
0.00039143413788229013
3.1586753430062987e-05
0.00014500378799068116
0.00013341985521442374
6.0349493091366594e-05
3.891798413643933e-05
0.0001235251039441886
0.0001249354689079977
0.00014386057282795683
3.6928020182828996e-05
4.9321466885212726e-05
4.072150722334864e-05
0.00014385934747174407
3.0593047945165e-05
4.665914007715641e-05
6.444665863298923e-05
5.214366893960773e-05
4.548037999529026e-05
3.375042736042267e-05
3.4861372490226235e-05
3.698726598592434e-05
3.5808963015024034e-05
9.820755681513198e-05
0.00011686931757552536
0.00010418393639055502
3.259962694655733e-05
0.00021124670554682588
9.282669938633545e-05
3.931990428416318e-05
0.00015867360665596883
5.4803751624050926e-05
9.566917326930463e-05
6.879742560084044e-05
5.117214756496817e-05
2.2091669648678823e-05
9.916292074284733e-05
0.00015909592914240572
8.222254198298953e-05
0.0002489841558632759