0.08246227210382819
0.030702719496801596
0.04738088783815215
0.12145667684859657
0.017764770125769682
0.04402033281140806
0.03320005040979366
0.011859789600150692
0.027324333942931957
0.017964239369802775
0.024299113197475335
0.01922117899592218
0.03454852961828958
0.07238395563412156
0.01416580139286968
0.01982201966893308
0.01848402467841006
0.011953887066388318
0.015103096010280046
0.009120702612048864
0.02105186114385597
0.01770744153570428
0.010436459704786613
0.005742921862738653
0.0587295311644709
0.011064449179243634
0.019189625542206185
0.026875344188093987
0.011354346070156144
0.006718987777247295
0.00927711997376517
0.007299518176189784
0.010346028295945255
0.012472892339610084
0.0038530811276840903
0.00923645741641989
0.007509310317150241
0.00942061175797259
0.01932772617954615
0.010224690522331678
0.008515497607670324
0.00826803275225083
0.002562494446550107
0.0031773706457896033
0.005453092500881693
0.011724352153281785
0.009279382385567012
0.004913991548521348
0.00713971128763753
0.006999967966386233
0.005172001827860467
0.012238604490231375
0.007888967722577488
0.003625267610128119
0.005149981296781025
0.001310535246148642
0.0024951028705652877
0.006306425177976083
0.00308593699667288
0.011554370300884046
0.009500340553238212
0.0072447704124681015
0.005806708791054696
0.0039680359117701845
0.006662095999598748
0.004116258034086408
0.003789581381627549
0.009782835983159566
0.005165637278166815
0.004319980110820814
0.0018996154689340063
0.00269116305689441
0.0014116677010053342
0.009186837930046527
0.009657272167945713
0.0016831833904940217
0.002368230245972742
0.0024826950530671813
0.004148421688531004
0.0040962512027222266
0.003750114544956966
0.0026569420557316426
0.005685348345381474
0.0022654034769405912
0.00983190473756038
0.005191057545772221
0.0022337998295039684
0.002467260941719434
0.005233275743599653
0.0034142821523991877
0.0031667324409221736
0.005416408477280957
0.0015651366480206675
0.004129447867370384
0.0046112571996925885
0.0028543402038949113
0.002417040487853424
0.0014478618333188134
0.002860926416041792
0.006288231982800636
0.001582617855796646
0.0007888209213757874
0.0021913048429303026
0.005175171257176734
0.010651606956823215
0.00436027508056348
0.0033415266449519313
0.004089205513079842
0.00181327408752722
0.0023763497844301287
0.0025738869064051524
0.0015589869062663086
0.007202163522295202
0.0017656081328990701
0.02413324810985189
0.00035535809012290947
0.0013506761604799918
0.002357546192775339
0.0011606313841533442
0.0013916831406205461
0.005976140415987014
0.002970231825015443
0.0018428213390975306
0.0008989471858587122
0.0006483114256607017
0.0013172698454705783
0.005389935543469944
0.00039292902732990074
0.0034541517304081215
0.0019765497712021726
0.005915886405584878
0.0009505922875631261
0.0017511332386017466
0.001623947160804124
0.0002785237062811507
0.0010555399570755747
0.005793733862246495
0.0025362678588406696
0.0019741857111574153
0.0019951058384076515
0.005391449839579862
0.0012503466831865285
0.0007913454814229887
0.0010054126615919505
0.006319861887929236
0.001173385603323018
0.0017335860036915586
0.003046070206475996
0.007453272541796615
0.0018633542694331986
0.0017596237743977075
0.0021248549357343522
0.0011538447673417665
0.002150842197234484
0.0017418491860432199
0.0007597061317000563
0.0031969077145382312
0.0031077463366532567
0.00271725070990151
0.002513545632547686
8.475783013212388e-05
0.004729909588146323
0.0037536553537530415
0.0008577172947160298
0.003118826334273135
0.0031115503013823867
0.004079845102725043
0.0006385611393603726
0.005439322906431939
0.004842554092010042
0.0030579903404247643
0.00033732309810081344
0.0007184813549082333
0.0017118844651953238
0.0009875514266860365
0.0020572097677537325
0.0030889382044311927
0.0016910764295313295
0.0008886176614723292
0.003724132684645368
0.0011965608738964135
0.0020539467227528715
0.000844237794263114
0.0025279926168737914
0.0015244758060596385
0.0024514483236358704
0.0009729291377987791
0.0013163261837767831
0.00017995987762419553
0.0019495584689695655
0.0014380174172017896
0.0017851495729390018
0.006446697946401651
0.0007984853126799766
0.0019055901515099918
0.0013921496281414079
0.003705118104930772
0.0010867445995187074
0.003362027940617505
0.00024813600241794696
0.0004019773183169509
0.0006039509458334619
0.0006141256729949325
0.0006123105935284233
0.0037317444879303554
0.0022150249130319763
0.0022374077823482646
0.001984693601589539
0.0026418859369967134
0.0018019908113801775
0.001165834323121075
0.00035226125519953114
0.0019154616633232958
0.000982492634155645
0.0027960397955619507
0.0031625264920665526
0.0027595804022181596
0.002247028256684335
0.001507252796329243
0.001948753681566253
0.0011188074259927845
0.0014294902117776536
0.0006801015191354574
0.0010045966047788771
0.0021616505921798384
0.0007799861619600907
0.0004784492864648504
0.0017121787309277963
0.0040205520142272055
0.0003593126717561577
0.0015758059095772432
0.0012197724798592264
0.0008200461221909076
0.0005868118101169146
0.0013041453640405584
0.0003171884827604827
0.0014258941367368307
0.000725884154043649
0.0018078175214007424
0.0022880963104182843
0.0009048838638026463
0.0015571783208779195
0.0010522351030057193
0.0013989157770642612
0.0025912745601440797
0.002554779554405617
0.0002759211919708137
0.0008032141836809757
0.0018354550113430861
0.002178242128631899
0.0011385810421410336
0.00021311845225900015
0.0013445226943560298
0.001418704747430343
0.0014847312756534382
0.0009637188548338524
0.0007133152475969919
0.0002629500221279014
0.0015332811611829358
0.0015290138092075353
0.0013278041413519019
0.0006873008316419444
0.0007270308954701177
0.000759754785583843
0.0007863491796756709
0.0002549885542383191
0.00033741911202400074
0.0007362001898713789
0.0003568528082961066
0.0016981105194792954
0.0007737663651631331
0.00047931279968427834
0.0006335859227333357
0.0013611225297733508
0.0008459578666441925
0.002019716540537944
0.0013664539567349373
0.0034463502046069624
0.0012720440694290172
0.0003557406378305245
0.000672033091796298
0.00297299295543968
0.0009365982059550756
0.000787658452920602
0.0017274708935276569
0.000701749475112785
0.0011930877178407443
0.00024493516127603484
0.0014627961003897984
0.0011078351627132957
0.001115441004847931
0.004152110690010003
0.001198848573347939
0.0015660505311105668
0.0009191829368064687
0.00022159835378735397
0.0017899056747418586
0.0021721265072595568
0.0004916849660575687
0.0013495437822502864
0.0015031505813164938
0.0002932463387416221
0.00014862705032234362
0.0012635409532954509
0.0006043660837773124
4.1116980850922724e-05
0.005136273876373967
0.002308565465144748
0.004640934087142249
0.0005689006657090932
0.0017529582113862245
0.0002316111794200959
0.0049511713551552115
0.003128005992631845
0.0010339978874169204
0.0011539777666460613
0.0025599931631164244
0.0005168932838475952
0.001911871438952928
0.001212612998138059
0.002757228377096702
0.00367996922545107
0.0008306211383091192
0.0004702209544615635
0.0003485483870549042
0.0007815589289721073
0.0007988138018904463
0.00040230619974251306
0.0008137105514520894
6.604949902346538e-05
0.0009346696427642904
0.002148020090875592
0.0009698806971143915
0.0010701679994731242
0.00031128902944745215
0.0010434130429781932
0.0008115338604165322
0.0013616397512841605
0.002221164924361924
0.0024265521978016034
0.001585421856195257
0.0005054769200295606
0.00019570177052308075
0.002269793156062789
0.00133788172851931
0.0008892414875819846
0.0013626522308486445
0.0007939120357866182
0.0008888239609530332
0.0025692566256547075
0.002610122730698264
0.00183002533568756
0.0003753230008184894
0.0012342527716451353
0.0011355727037381529
0.0007960132140995581
0.0019093649522792327
0.0014875972337527138
0.001125000908816735
0.0007931518983262026
0.0019064980448157119
0.0022958831337293846
0.0008491201439921296
0.00045452726197466053
0.001530531146253583
0.00010732217704232123
0.002864324080257457
0.0016246946084139487
0.0006102933545123663
0.0003033164031374066
0.0013137703153805178
0.0006946155179876313
0.0010421029904219652
0.0012659098628558384
0.0006645465689644934
0.0013361405859921452
0.0002959409634124506
0.002121577291247771
0.0017401732980135125
0.0011729103317726995
0.0005840112788748424
0.001698065236412039
0.0014734399408072067
0.0018471736875820372
0.0005225390830494381
0.0003054609892205168
0.00010867092713384962
0.00016508734890818797
0.0018253628661263495
0.0015758179757757924
0.0019979297752617453
0.0004380422286415422
0.001177014211943119
0.0005457799947016556
0.000999987588744862
0.0008883080575448831
0.001096271178296474
0.0015827370533381714
0.0006752594784957356
0.0021372966844475827
0.0007274280782680422
0.00028933303262054333
0.001013824002527041
0.0006381381156237604
0.00030637897488987396
0.001167518319232569
0.0012241738443568688
0.00018848109092550508
0.0015893975655931368
0.0005830601333551203
0.0007392174324354326
0.0008355619621688562
0.0012646441301011598
0.0012924565229904274
0.000725728735919079
0.0004408872753615078
0.0004852452324479173
0.0004120175012714614
0.0005658603121784398
0.0014173127972554008
0.0006701853033606261
0.0012906250911452278
0.0004123394741214253
0.0005460177590689001
0.0007633848745657823
0.0010910392115889064
0.002235164067580088
0.0011136686335656723
0.0015178674941023118
0.00014773318830072843
0.00030597658396010885
0.0011736792739647933
0.00033729525125413446
0.0002335575273199546
0.001098182848289352
0.001688175957150018
0.0014889565290778647
0.00031905667002548834
0.00040407761694701217
0.00042968872078412413
0.00034686679130568356
0.0003892412812755988
0.0011391006220002802
0.00010703488345675519
0.0013044786949837851
0.001042416582771892
0.00017398294504941992
0.0006112189796415647
5.926545595823052e-05
0.0006115880194203963
0.0008256675948603051
0.0012638504642430324
0.0006809677788140069
0.0013841234298928502
0.0007440901755797804
0.0003102691552817021
0.001060112067916904
0.0006872552773595721
0.0014090555714640477
0.0008352539572512083
0.0007507973784753061
0.00047305879639625916
0.001235026238852738
0.00044989991988309745
0.003420208000958533
0.0006710416385055486
0.00036571062616348336
0.0011930677423897568
0.0002660066424015236
0.00015666029477698706
0.0006460530340719188
0.0006546789853122681
0.00021831554567807354
0.0013958789015090921
0.00022631633474585534
5.077957445358954e-05
0.00016343979513064221
0.0007544267428148046
0.0006674698581230172
0.0001197538464126218
0.000312435069541903
0.002346337186316917
0.0008551608823933681
0.0005842169411944723
0.0008423593381090229
0.00061196804484789
0.0006487434397374072
0.00036007381246505084
0.0006524164435486283
0.0011901689033780572
0.0007315777289858316
0.0002731698477628244
0.0012602492917087589
0.00018183620542889506
0.001548595648735584
0.0009119815877986617
0.0007311976498391137
0.0011632870620912588
0.0005332362112078221
0.0003090208541135513
0.0012343553541880764
0.0025116906283602814
0.0003668182694889785
0.0002091933635562369
0.0008114238587534292
0.0011130574107906322
0.00040533524469648085
0.0004755023055659137
0.0019240459282410835
0.0009621067424865562
0.0012500687514615072
0.0007095333839083163
0.00107970418698646
0.0008066696486135882
0.0037196185938122763
0.0003058920639847904
0.0001662373869536717
0.000456969484664922
0.0008052994803232437
0.0005558654088114555
0.0010201677623566177
0.0008393076749782893
0.00031910319061173776
0.0006385507377367441
0.0010517868485810577
0.0010704366070044748
0.00023144652467691954
0.000443671307533847
0.00014299197213406617
0.000686416779757937
0.0021274178152477794
0.0005271248005726441
0.0009148615044053917
0.0006624365784708741
0.00018168797559068805
0.0001563868288085219
0.0004553557457663685
0.00017951202462691222
0.0010045406639674227
6.76567820295973e-05
0.0008655764522903224
0.0007624628353003783
0.0005991201351025867
0.0014416405260903422
0.001573162496878332
0.0011888002995199705
0.0007320284360425842
0.00029293623383591763
0.0009744329569020329
0.0009224393242251825
0.00033849627595119205
0.0003251726627465521
0.0007616805211735527
0.00022993488337598664
0.0011500702426606498
0.00034628942309356805
0.00017061500157364913
0.00016928680885129323
0.0004204486396734458
0.00088868326649909
0.00103384853358489
0.001193116518702676
0.0004130262430603319
0.0006610382197141341
0.0009191196946017133
0.0010097590397980633
0.0005670999057390805
0.0004442032974517746
0.0005589363882683913
0.00010730080433041303
0.0008311393814263156
0.0003319263855026082
0.0004907465008548489
0.0005487065761995701
0.0005623783629212855
0.0003871510048519544
0.0016608683235025282
0.00032954374824140786
0.0002445606557693923
0.0003964093084090943
0.0002801235943071913
0.0005307011782938056
0.00026375341060391315
0.0003993431188284283
0.000460067589285123
0.0007016117166048736
0.0003687892116167338
0.0007649812377403168
0.0008801397025953765
0.0003884781043566344
0.0013106804899618723
0.0004886414547584504
0.0005415298705807101
0.00018767380113420324
0.0013464333200625895
0.00014130796669906245
0.0006728058959311633
0.0001468665908664809
0.0010335946217377354
0.0010481159962997047
0.0009550696142535665
0.0005200523512554595
0.0009658738644730189
0.0016382367846973578
0.0013394081367976715
0.00045882303375290365
0.0003747195378429918
0.0009585775603931703
0.001608284363567306
0.0018093842950752171
0.0005513281515326111
0.00040261829878679987
0.0012914233214428648
0.0005680033489829442
0.0004048898411425353
0.00015664690511776338
0.00023493692232003842
0.000734933067899926
0.0008415138804520506
0.0009568950322035744
0.00042025030756757145
0.0006227730514040827
0.0005328209520390961
0.00031360826811081707
0.000979941195057074
0.0012331324513539619
0.00027520688165395254
0.0011064926271848134
0.00023249606447648291
0.0008371588459187255
0.00041453024162889563
0.002219106915168488
0.0008156041297479771
0.0007739109395710789
0.00018669994668974805
0.0003401644053898066
0.0007672009907293
0.00010744509528658429
0.0003037122714170993
0.0007060007022984394
0.0003248645044275476
0.0007061809523348291
0.00038601056268174153
0.0007224876910998724
0.0004242559718911781
0.0016125006662908018
0.0003062382163779138
0.0011622558071763872
0.00025854079211460847
0.001490027987253613
0.00015672905070113536
8.520863240404778e-05
0.0014652009965898643
0.0005269092320147337
0.0004941413395772567
0.001212021643869093
0.0003537128796453974
0.0009839186737613647
0.0008548601642040449
0.0006060001175165681
0.00030138297701325025
0.00048891452457334
0.0003038975688484927
0.0005253929952385432
0.0016457115103695728
0.00021958704572638468
0.0010678520355406169
0.0002142383601468208
0.000725053297936317
0.0009405280264976632
0.0008270593538273201
0.0005307865092886085
0.0002642168978036303
0.00032248107605346903
0.0005825038694810122
0.000589920491125678
0.0016701843503575172
0.0007648753480819083
0.0005502216804453192
0.0008028332113143872
0.0010021643282748511
0.00019843480975602836
0.0013279304897723713
0.000279666899505003
0.00023327878399300925
0.00029347401259773866
0.0006866907148573218
0.00026529473161881394
0.0012528770047755136
0.0011635411340969772
0.0002239664724551433
0.0008688195612567997
0.00012478794350917832
0.00037216954513748175
0.0005050913118583961
0.0002682835383912505
0.00021304965891910609
0.00019511845949430042
0.0005304499206059794
0.0006394441113123003
0.00039939277590494504
0.0001226404875820985
0.0010873820411576082
0.0004594479386111019
0.0002628644847895638
0.0003188347283547415
0.0009741059691920772
0.0007267599443262324
0.0012155038779952483
3.623268004027413e-05
0.00034332549122242695
0.0007754800398598542
0.00034085963623951224
0.00025480354429341476
0.0002550060468304888
0.0012297275507143553
0.0006123839441138841
0.0011923179282082581
0.00021624286186063
0.0003413164936774931
0.00038009178841385334
0.0003763288233368735
0.0008813696904834535
0.0003404389147476361
0.00031500453120676723
0.0004884523127266522
0.00030185230426832833
0.0004826685410897941
0.0005537196386808453
0.0015989642502235743
0.0008713537415513871
7.238333399522586e-05
0.00044087940031523753
0.0002888667897454597
0.0001678798543010005
4.573713466287137e-05
0.0015952361572656186
0.0001818095212472407
0.0008205522612076714
0.0003420339202529574
0.0005566085806852304
0.000517846675492695
0.00042475739970365716
0.0006739796074067591
0.0003835108273274649
0.0002546579794937131
0.0005975921241947189
0.00039631096440173504
0.0005981538181165911
0.0002941089756977937
0.0011479422903244863
0.0003363254238638963
0.0010071597751341458
0.00026594684490498157
5.23019393943138e-05
0.0005804019210645867
0.000292854548202746
0.00042303789516482315
0.0005134122839692169
3.341455204594611e-05
4.468481916917821e-05
0.00038898028349487306
0.0004305621770878336
3.412484600243525e-05
0.00032888448705034286
0.0003194495969282421
0.0002201354803813337
0.0010917527527365845
0.0001904944752970394
0.00035729460343210276
0.00013880299886410313
0.00039080797230210576
0.000632545045654787
0.0009680068504515549
8.797551326493364e-05
0.0007298415748942702
0.0005403837992192734
0.00045502125867348476
0.0002927092535963165
0.0016128996475649523
0.0007359027202622
0.00022386935504141672
0.00019966043548231047
0.0001452529631505757
4.452423710410405e-05
0.0004976152826632009
0.00036602102291239465
0.0003919009276005603
0.0010344024954797057
5.0812199797660825e-05
3.952301974988677e-05
8.719567483742191e-05
0.0008752344534951859
0.00018102196708274192
0.0019943468134813657
0.00038605934416645923
0.00012781907806710542
5.174985081074705e-05
0.0005617268196361338
0.0007677795071585698
0.0003584703200253265
8.883314059945686e-05
0.0002648313306055162
0.0009109663910171017
7.370833805380844e-05
0.0008697590838572682
0.00011660951627862851
0.00027276449569889024
0.0002131606404574271
0.00023320942139187288
0.0007448338578293506
0.0003269916243028912
0.00016059392669238223
9.068206414108097e-05
0.0002309037598500828
0.0007224609702719652
0.0012602016157871752
0.00045072465762577236
0.00041706911759622215
0.0002738345878626423
0.0002587370469144724
0.00018979640989911421
0.00015181410651457907
0.0002519545833524577
3.496114313028699e-05
0.00020549357952032743
0.0003317871618147359
0.0003843375380020933
0.0002755222399213775
0.001813273141332599
0.0002216028172314916
0.0004153076266186613
7.327945803137352e-05
0.00010203180493218529
7.462265578290757e-05
0.0007243554405694709
0.0001907254527250266
0.00011619147782353737
0.00033556858729300807
0.0002040213706805533
0.00034281548299508306
0.0001867672438536854
0.0005146824744477479
0.0005750431703566488
0.0006819574667576645
0.00030115358185069617
0.0003335313720535499
0.0005645384884648812
0.0003312107954912936
0.0009151774506387335
0.0001439730403404062
0.00035765556764797335
0.00036785510372157597
0.0010865192666561381
0.0010362412889082667
0.00011981322926511842
0.0005153844575052702
0.0006377044521717469
0.00041770802301761194
0.0002858894572943645
0.0002605267436751036
6.565458567330783e-05
0.0001565325701954417
0.0004574994395204583
0.00024085946183362856
0.0003578412903302073
0.0003627116315475645
0.00014917646621182503
0.0007415323022867852
0.00035803218663691354
0.0013510412578633547
0.00040521576619778334
0.00031730430910009553
0.00047065093469616707
0.00025601076790968987
0.0003174906447435721
0.0009647760084138026
0.0003537621870406711
0.00025899848830239334
0.000758675235253922
0.0002341617880123634
0.00028334455978391745
0.0005094211897181053
0.00048311790401866524
0.0005991184259658939
0.00031360134445282216
6.349423949196231e-05
0.0006422168611547128
0.0002668994008093737
0.00026846275150121116
0.0010807855038870882
0.0001740919819772448
0.00013786671505962045
6.760141444664799e-05
0.00042327612007787477
0.0005454914376686246
0.0007918773978935437
0.00040395989647431634
0.0003618392366952741
0.0002214758038790108
0.0005356565920530148
0.000604754873356149
0.00029400449430739455
0.00010182992517842298
0.000352931954285951
0.00021434249358990887
0.0004074633942513275
7.752902275742993e-05
0.00032459800942690413
0.00016525201157711254
0.000682265765412632
0.0006201340801799146
0.0014396241105504668
0.00010598891550933799
8.889495065501309e-05
0.00012473579679583797
0.00013920372979615194
0.00010154196940742
0.0003409791696041156
0.00040349411299564903
0.0008945353820420404
0.0007457930325279047
0.0017068785943187596
0.0002467616482686958
0.0003586276083143763
0.001043758173959841
0.00032647684560634994
0.00015747753494773557
8.341857511113041e-05
0.0009338429108393786
0.00036334036213078914
0.0006611035874318923
0.0001301617028722125
0.00021214542264666182
0.000504905753956943
0.00029524933648656065
0.0002586643747768054
0.0006336370618553079
8.047422173899566e-05
0.0020119707263091327
0.00025018617917668576
0.0007021239650066733
0.0003114832825703855
6.611342797193397e-05
8.694000333902851e-05
0.0006344154485895072
6.721351409477354e-05
0.0004937865361528859
0.0005485286348741661
0.0005294324623871521
0.0005214879189597886
0.0003878764304404377
0.00015303618077932353
7.805287986416538e-05
0.0002928739258410345
7.268512262300828e-05
0.00021191335264777872
0.00032992491968263234
0.0002932128213844685
0.0009310888134817807
0.00014607918625373948
0.0008314022832164382
0.0003780726632829852
0.0005451878394167902
8.858596217517481e-05
0.0006476621030989535
0.00045702378884453394
9.866800366851945e-05
4.2422776808852596e-05
0.00016201166452319837
0.0010989111061839123
0.0003133975469208609
8.829463164019531e-05
9.5575513766859e-05
0.00029367908209808135
0.0002921344288385457
5.855661844086369e-05
0.0007928558477031122
6.227232951944178e-05
0.0004347197904220305
0.0002315271140111208
0.0005721319021812849
0.00017792900523804444
0.00029077034746101985
0.0006091287646759544
0.00027347830857575567
0.0001741501167487808
0.00032963094649195054
0.00042060369787121337
0.0005729570392099352
0.00019262450760746427
0.0005172178379638672
0.0003788929537876284
0.00019270733721677232
0.00016175138447253824
0.0001288261043891002
0.0006590628836623168
0.0001693692232159624
0.0005562619595338803
0.0007359629934883854
0.000671593046092046
0.0003875505925917874
0.0001423742722449224
7.903199649658025e-05
0.001176492064540175
0.000581056984259748
0.00016005576478261903
0.0007886779013809933
0.00010328976747041676
0.00024050893537900194
0.0010268094672707222
0.0007330110121609025
0.00017771783736504466
7.320004558345531e-05
0.00020297835556023792
6.722297982372543e-05
0.000566572391464887
0.0004396296311361215
3.702454321488875e-05
6.787741373101223e-05
0.0006885716583969687
0.000783944179727679
0.0009759228984990416
0.00012273932088766623
0.001262676499213596
0.0005357335692186686
0.0006467871132159434
0.000132467088481423
9.608054220580527e-05
0.0013770598842550278
8.632660341251708e-05
0.0011165185780926425
0.0002829369806812713
0.00021378629694891963
0.00037261495270055317
0.00034878077300241645
0.0004725560864647966
0.000839971884570496
0.00012952366001578344
0.0004247983627437641
0.0006443492953450613
7.967229439103652e-05
0.0004422751660352904
0.0004327758299408557
0.0006043245439160872
0.00023099860345926184
0.000861399502550146
0.00027061056345417856
0.00015266588103847166
3.1223230139535456e-05
0.00014225314932984136
0.0003110375049095634
0.00020516209055039154
0.0004985225917721156
0.00029533449461376863
0.0001589247517286825
0.0002547814269219976
0.0006769124527624542
0.0005143662602642738
0.0001447436586430147
0.00019716473112709948
0.00022098840860973172
0.0005251759540426063
0.0004761244731016703
0.0006426961291911684
0.00023767823460503297
0.00017800072281714472
0.0003894375885695662
0.0003972724474861722
0.00030267287484280847
0.0003273618279666034
6.39643766901216e-05
0.0005200523507263785
8.730717772655988e-05
0.0006688861923043496
0.0008977239583019704
0.00019713777021977596
6.0589627847758327e-05
5.0322878352682055e-05
0.0008224925889094159
0.0004421075790310108
0.0005511120941050605
0.00019837359247483558
0.0005766295139937432
0.00035091849950474874
0.00010514412531984929
0.0002404380237875981
0.0006437365580274549
0.00033144754976254946
0.0008427893238914199
0.0007119926935733415
0.0009739953334642794
0.001001182966643448
0.0002421293599709823
0.0005410273955717531
0.0005570887179179073
7.891434847982613e-05
0.0003277957800485991
0.0006975601646494142
4.296052798250357e-05
0.00034763970228112785
0.0003296038904585242
8.891196658947615e-05
0.00030590832780465595
0.0002977043793807217
0.0005737491649200545
0.0001541991028535344
0.00013687815636494787
0.0007494037517263153
0.0003430849917313226
0.00017427912294742443
0.00015849799817034928
0.00023131625169298762
0.00037517181933213435
0.00033065250566258214
0.000561765086429954
0.0009063312266708709
0.0001765358950730084
0.000130751271921972
0.00018926939251610777
0.0003796262132892633
0.0005717628664427267
0.0002009321585537666
0.0001963478022902554
0.0004237441256909878
0.00011515373568714009
0.000210401768550452
0.0003588366837859765
0.00014387965649716733
0.00043356662770538444
0.0005330190531030053
9.890825478022077e-05
0.00022455335565400796
6.664070846664765e-05
0.00037355122843209417
0.00015889608629089907
0.00018031181915782336
0.00025607961880871037
0.00013722372375951918
0.00029261989647866234
0.00027727326886819325
0.0003951623725172066
0.0004680031697238129
0.00020054086479149642
0.0005355271742189502
0.001341437931018186
0.000596670979845904
0.00011295803808882627
0.00020143993713258104
0.00022989367963155294
6.111765514333836e-05
0.00012343124264406797
0.00011450611712999924
0.0006039533710605031
0.00019057844384024974
0.0006492978005071718
7.508563314376576e-05
0.0004607921712705899
0.00011096578316596461
0.0006051912192682221
0.0002025013845079119
7.127338718936681e-05
0.000221079631309586
0.00026231976913605704
0.0003595958343761556
0.00015696789299748492
0.0009110619228724744
0.0002757355243019513
0.00012614410074717844
0.00015994185793711963
0.0003367724416467942
0.0007034059626397834
6.6543508191446e-05
0.0004349349881597274
0.00011733420900235169
0.0005727940612505159
6.120579603084891e-05
0.0012926568893952962
0.00015031743272063072
0.0005000348570360165
0.0007925016327047691
0.0002539966329773197
0.00010730594073722993
6.151924428294881e-05
7.918360807405136e-05
0.00011659923582531698
0.00030239916902683134
0.0002479790527410899
0.00046925873292315496
0.0009853764608534028
0.0007098882949092007
0.00044655232477637064
5.243565955631642e-05
0.0003911879811554349
0.00019360961819362473
0.00014304327410942272
0.0004972323150305769
0.0002994811705589465
0.0002937976365208663
0.0005062728051241672
0.00016906265105257962
0.0004850589798757625
0.00013289278991401296
0.00016927238575225752
7.015090465758942e-05
4.642941126586452e-05
0.0002629139440916925
0.0006188204568552242
0.00010786074979339104
0.00015224734934300292
0.0006763518602858885
6.994874968918538e-05
6.831051689536228e-05
0.0006945302379253813
0.0001753975892840405
0.0015864423082115125
0.0007400923549438713
9.259084782746585e-05
0.0003300620779958454
0.00026594674819398266
0.00039230943038054476
8.16247851389381e-05
0.00021032210837868464
0.0002731981568344737
0.0003224462792490982
4.882496049380881e-05
0.00035209877062416286
7.742233947731913e-05
0.0001784341948698344
0.00017033339039039297
0.0010649488834024654
0.00023457609474271754
0.00031061900603286175
0.00010469709388460615
6.863486943428168e-05
0.0008443478949076971
0.00018203881734200404
0.0001831424813450907
0.0005377800816182616
0.00020032537807843637
0.00020954246338925666
0.0004269761635177156
0.0002957052338422754
0.0007060864253788987
0.00019812510578378584
0.00013870522119945283
0.00047551104789256597
0.0008710576837135083
0.0005356867768165865
0.0005265412846720829
3.119871113954484e-05
9.75023106724195e-05
0.0012753472002945043
0.0011743498860272259
0.00042034242492993405
0.00028428133229120106
9.340253035776396e-05
0.00032953154470627985
0.0001818228199128442
0.0003768586354631828
0.001306305861286326
0.00028456174294070095
0.0002080997850035552
0.0004158273317891165
0.00029844575255969695
0.00012320088724186286
0.00022139837470146203
7.838189785802666e-05
0.00017028130450375784
0.00028487998166528084
0.0005208497037338612
5.617416275507809e-05
0.00022904583434403997
0.0003124780271626398
0.0006289433984279925
0.00022310458546735402
5.8734934149186475e-05
0.0001146047743433806
0.00018887629325270772
0.00021786888490426892
7.039385063713505e-05
6.535903636601385e-05
0.00031044615132756894
0.00033442003387955795
0.0004241254511699571
0.0003346489662730969
8.771411018904217e-05
3.3841600454803016e-05
0.0004060061688942068
0.0005809723634412455
0.00042022285262754413
0.00021643749982079891
0.00011372488300293887
0.0002437515290269966
0.00019190316165667822
0.00024893455341673965
0.00020145886172452082
0.00030709069885200273
9.33351837959277e-05
0.0003823845965869714
0.0003178030354354703
8.907771822544437e-05
0.00017062122429553292
0.0001227601744068009
0.0004672805681733573
0.00024073572890490538
0.00017032591087842174
0.0004222662280865026
6.525101487931034e-05
0.00013070071307026197
0.00018066909909145943
2.945489564054892e-05
0.00028147871507619394
0.00024112973474231988
0.0016940436168877552
0.0005555130252473935
0.0012502013395477352
0.00010560185670693779
0.0006183029417210249
0.00035666613047246844
0.0004935697960735181
0.0007007223622477038
5.896937081686772e-05
0.00019205672059373043
7.897092984294044e-05
0.0011658458773218003
0.0006487508028924952
0.00016834614975572794
0.00023595740612294112
0.00025438167541945206
0.0003463994957385062
0.00012820809724604083
0.00021823283128295765
0.00037828613376399535
0.0011827285836750099
5.076743851147548e-05
0.0002353265592942873
0.00029420439385098444
0.0003101903567176614
0.0004336218571132408
0.00037804409185262914
0.0001364339885189784
0.0003439762000920091
0.0003151313968531464
0.00021747055186379762
0.0002401649013069059
0.0002366269578631073
0.00026019575213055907
0.0002498495450371631
0.0008871296816344527
0.0001918201920825271
0.0002844489283222011
0.0002074768261833951
5.7910865160090866e-05
0.00020920056383723343
0.00023551040912533843
8.998390790146917e-05
0.00014413979001212898
0.00015021419101803559
0.0004204554515874523
0.00023982886789878562
0.00034459858814551
0.0002541337018261678
3.350259540107798e-05
0.0004936592891432851
0.000426478365217423
0.00012785239415817184
0.00032316774712113245
9.546208109351591e-05
0.00029090455725313153
0.00013346754452463696
0.00033206082932546937
0.00023800860101830641
0.00023938149506596873
0.0003227294357525404
6.610265452422314e-05
9.535875837103077e-05
0.000345468172886953
0.00029110535463408013
0.0005027571268095495
0.0004012126638708666
0.0001471077892441718
0.0008218199161197765
0.0005622174211701278
0.0010262668487745804
0.00020222738578347496
6.241509221326905e-05
8.008236537100028e-05
0.0001085051156107307
0.00010111606490596215
6.767617118139438e-05
8.358750261295143e-05
0.00014731116702807018
0.0002167682156939078
0.00011230839500479666
0.00021422266730195333
0.0001745436604856032
8.447802049835213e-05
0.00024028465924050263
0.00014250039474972878
0.00014754158699729924
0.000821773363268455
3.664056108803834e-05
4.32768516856639e-05
0.0001375399377123478
0.00018961471591755213
9.3349448617023e-05
0.0010147781448671084
0.0004414048869804398
0.0002615322795506577
0.00010450487912979445
0.00012502860637867834
9.708757707052408e-05
0.0006256105322686515
0.0002394142513623252
0.00013166253897066652
0.00017208360530691924
0.00034875873587556465
0.0002426108072529954
0.0001333266329050904
0.00024102246242190936
0.0003955863720329739
0.00015818594736481746
0.0001164018620948317
4.6563443624165934e-05
0.00041194266402508144
0.0005902825115888721
7.328000724633911e-05
0.00033362734091537375
7.45959201339972e-05
0.0004957048594916714
0.00030653387570715837
0.0005516877374365283
0.000261912580765947
6.567005529670448e-05
0.00022204394926932637
0.00013161994181301254
0.00012943851787075423
0.00029939670949179025
0.00029797366383721934
0.00010481558353761518
9.509396211188749e-05
0.00047173362471973135
0.00011948790080634338
0.0006399198152295259
0.000320339404882605
6.947834291929252e-05
0.0003807824123558646
0.00010083771816069528
0.0002156500263781173
0.00018779430006286735
9.382164531616591e-05
9.674237255129991e-05
5.148803687822287e-05
0.0005462460995884843
0.00016029894522043154
0.00022527109432041368
0.0003321928873218615
0.00021240330729771606
0.0005611045653778925
0.00020763238519198686
8.118724628552215e-05
0.0006926700457029006
0.00016556992273198502
8.401683316100667e-05
0.00010507011517213334
0.0001133822355739314
0.0005663586564076822
0.0005544127143664446
0.0002938997820459197
0.00022107636960841374
0.00011055113017594349
0.0007514497659586887
0.0004293358575632038
0.0003069114750435391
5.045148013102434e-05
6.531150248159758e-05
0.0002483468374198501
3.0802661577286376e-05
5.088663553953939e-05
0.0001798515567606502
0.0001466280178158667
8.42514745861649e-05
9.094562725882972e-05
0.0003874844858430343
0.00017274259500830086
0.00040021967656606364
0.0003976591456912081
0.00018810545025015337
0.00026603618622403005
0.0001052495470716566
0.0007714205775097175
0.00020999495759371883
0.0001658556445588076
0.00017161508982013634
0.0002741523809757567
4.947052191944029e-05
0.0003912076521367887
0.00047004134943925464
0.00030926020804468283
0.0002739417966838177
0.0003552051660556406
0.00019098033199637792
7.508855927774483e-05
0.00020968395217984314
0.00014711080784019187
0.00020195004561665103
0.0006968037956978739
0.00045873035848251306
0.000139487732337236
0.00011846975929702286
0.000248950554633962
0.0001587871903467029
0.0001932848704555307
0.00010424962695973902
0.00011200010424259363
0.00012983478861181702
0.00026243919238744224
0.00012388004402012022
0.0002139043968945139
0.00010900729372116224
0.0001325455186722869
6.719098992297633e-05
0.0006527916727029785
4.664957513736929e-05
0.0004476712988680993
0.00016476017586029764
0.000405553766574941
5.9678868931523245e-05
0.0003210778970235052
0.0002242166275580888
9.759323020674231e-05
0.00017891411163101697
0.0012091631565819827
0.00015646937145298348
0.0003295506536468451
6.203199398039153e-05
7.806156297351855e-05
0.00017810408194572687
0.00020252995604609154
3.171416267137671e-05
7.880811949690642e-05
9.35756462812391e-05
0.0007550683247305501
0.0010817053191891145
0.00033735342951685
0.00010327845001599766
0.000326482602322175
8.420096210935379e-05
9.078308323442246e-05
0.00013717632111317723
0.00047206569140644184
7.666964482773744e-05
0.0003138986842773679
0.00045985699516104317
0.00025247944091017654
0.00014246122521560076
6.875410995113085e-05
0.00032893781918492043
0.0005224473071356516
0.0003361088310136702
0.00020387620538039143
0.00038213256511298856
0.0001453976352695232
0.0001633466840118474
0.00047650286268544225
0.00012442897862560272
0.00021017209257096395
0.00010753807805359026
0.0001506550435772567
0.00014190133697776679
0.00012895514908100748
0.0004355153711398106
0.00010321298626973258
0.00017369832448788647
0.00022415038486014335
0.00020777384184044243
0.00022677057766037732
0.0001217512532043299
0.0009890870535663081
0.00013360514505179002
5.015216489394605e-05
0.00011077799888598979
0.00037753858837037533
0.00011457379391118383
0.00019346030044106822
0.00010546828217322119
0.0002629200315067127
5.766067037114095e-05
0.00014812454812027271
0.0003782105816600315
0.00032609137988817634
7.93401150376991e-05
0.0007238867513762364
0.00012870457631350456
0.0007785961153936231
6.848066354780714e-05
5.548851476875005e-05
0.00017394218090641616
8.012630746576364e-05
0.00020107892142151137
0.0005480888704086289
0.0005257666742132266
0.0002811381774470409
0.00020183213136526056
0.00026441000896397266
0.000138329375902685
7.881565750523008e-05
0.00011748496956334976
0.000462931650788151
0.0005822283052435565
0.00028731263009837014
0.00011863198342687247
0.0002216922521479344
0.00014259716179590965
0.00020962900909222136
0.00019730656324128766
0.00017033047851973353
0.0005576510770227996
8.220167792846695e-05
0.00017168131874882928
0.00022703475203913936
0.00011172582609162094
0.0002804146468224314
0.00011729143194290081
0.0009630829195776663
0.00016811850396928913
0.00010649621216516263
0.0003007945563766003
8.449343286203248e-05
0.0001101736477990856
0.0001577404616537999
0.00014223171201443338
0.0005939773792207729
0.00017930470538245362
0.00025502737161491447
0.00016221382343257175
0.00040524324327925656
8.699618134669224e-05
4.9758904732562916e-05
0.00024509419251522713
0.00028506018239715403
0.00014236958426376946
0.0001082496285229901
0.00019400328514169207
7.869841216797659e-05
0.0005136905120694179
0.0001321388989915274
0.0002698777414287142
0.00011796896204488267
6.589466406510454e-05
0.00038272418211174114
0.00010100069812739482
0.00015677063975782406
9.323207957478462e-05
6.728661249756161e-05
7.502484970100002e-05
0.00019466292731527306
0.0001830625121566763
6.206880382641503e-05
0.00016563320171249826
0.00020719745052747007
0.00046364573382257687
6.800540208369598e-05
0.0001029277881059815
0.00015272080856057964
0.00024703011627895665
7.062933366227635e-05
7.614790164734258e-05
6.514390982494033e-05
0.00010540684682742956
8.165205916052873e-05
0.00011508749138281054
0.00022977023380633523
6.551040220037735e-05
0.00011180671859221525
0.00021549654486127234
0.00012095598110677401
0.0001213104439088661
2.6853773719007776e-05
4.6645419565905454e-05
0.00030166388668830755
0.0002218921883093835
0.00047006177868101845
0.00012960232699357955
0.00013184678802385502
0.0001275691033510614
7.317215751825197e-05
0.000753877922599374
7.402624782589335e-05
0.00014445337815281509
5.4897918444176174e-05
0.0002590561489714713
0.0002629442838475732
9.099684057108219e-05
0.00014244631068967078
0.00021949028552321033
9.401254277730474e-05
0.00011929945905877303
0.000399462846779989
9.998056645498097e-05
0.0003404666638519005
0.00031290092022149397
4.721262686739152e-05
4.352397796119312e-05
0.0005190131091416889
5.72400441448059e-05
0.00012826237551494236
3.9641588748622813e-05
0.00011583969898108052
0.00029654020054875927
9.193453784278582e-05
0.00037260472914764625
0.00013760675829488725
9.34933676836027e-05
5.660365375798626e-05
0.0001393396973704145
0.00040586064890630767
0.0002168544992335804
6.562214219152405e-05
0.00081713521485601
0.000660855904136558
0.0002702176562678096
8.052848150687406e-05
0.00016356011344291756
0.00010100356858007068
0.0004042278872306234
0.00036933572641548884
0.00014110363544549544
0.0001368942247815083
0.00016496313453279366
7.586961196357824e-05
0.00015874291749230096
3.643278755093703e-05
0.0003070973544198769
7.537669276497634e-05
6.536856951717192e-05
0.0002453499913676694
0.0003120064991788217
0.00026905573132517287
0.00038912384501749636
0.00011061063570887172
6.643433357484103e-05
0.00023522543963833714
0.0002697027385605929
0.00015209535121071772
9.746089172238081e-05
3.783593983387755e-05
0.0005024602761728699
0.00010153709913993332
0.0007985737910192196
0.00018751380156440414
0.00018528907722580436
5.656209898063951e-05
0.00016886569873238768
0.0002241752400742614
0.00037136881648955973
0.0003740539620619235
0.00020997427419360606
7.781555736577247e-05
4.985770450933205e-05
0.0003926257821513452
0.00011309646446803283
0.00033681918989983525
0.00014095063592406515
8.65621733951341e-05
0.00016300975445789084
0.00012098095168369715
0.0002348105244830369
0.00017795956821686386
0.0003254237179862827
0.00024893816500765243
0.00024010085287363902
9.682751729050652e-05
6.921996001526245e-05
0.00015341390036002054
0.00020701235384918562
0.00026423262358072697
5.112381263066487e-05
6.523581691030331e-05
0.00013950790708240293
0.0002769032530444176
0.00020979261444392222
8.410998441438711e-05
4.3267516831286445e-05
0.00029160775335729515
0.00021272920293549248
0.0003371996579959816
0.00035653010089799865
0.00017766685217230973
7.764123316362603e-05
0.0001411403009040068
0.00012163360862024865
0.00013801430235679652
5.2264937171447827e-05
0.00024553155368343754
0.0006429302469782464
9.412732040601254e-05
0.0003691522563871743
0.0001672619481032561
0.0005640787242031681
0.0001240914391942795
6.22038738482053e-05
0.00046452658258289083
0.00018400630059940646
5.868186197479595e-05
9.673292782909739e-05
0.0001068800059433009
0.0005191849925269969
0.00034069208142858054
5.866854289027039e-05
6.0704490412791675e-05
4.8069964031461e-05
0.0008999497841554585
0.00022128242262210777
5.032531157218054e-05
0.0006156310156338506
0.000287626226519165
0.00011418559209160852
0.00011393512482456777
0.0001494326632680256
0.0002742724823748635
9.140823043106028e-05
0.0001946984633722871
6.927277092623242e-05
0.0004214341130318617
0.00010033670299071905
0.00045378354314310577
3.466447293155588e-05
4.1744935572220734e-05
6.0374638435630604e-05
0.0001966293519819967
7.052183636705798e-05
0.00021015644977514066
0.00020179849118912762
4.512807793208764e-05
0.00012334857576593337
0.00034860458842308253
0.0003476633089968603
8.954022565144114e-05
0.0006405993141720669
8.194264065352237e-05
9.056971201331443e-05
0.00017983926409438164
0.0004806084174948605
0.0002529451286558619
0.0002989529485600026
0.00029369168621280495
0.00020181136701405647
0.00017557387871568655
0.0005571414782584309
0.0007083930207102682
0.0002590228882007203
2.9109188117874738e-05
0.00022860542200786872
0.0006134490448829554
0.00013503024345144231
0.00019844268998857692
7.904540190571837e-05
0.0003765975594407513
0.00014329815790049507
0.00010288372841222443
0.00021578932204683365
0.00010136851938064973
5.257719598550922e-05
0.00025079648728159763
5.177295303324583e-05
0.00015086622382387723
7.026545382286257e-05
5.681147966246018e-05
0.00014236747553596446
0.0002091097781000091
3.9223930634556505e-05
9.104553851581489e-05
6.971756148340484e-05
0.0002619440489940419
5.99826799175262e-05
0.0005369867222429524
6.247218420144194e-05
0.0002945936554086907
0.00020612849043567187
0.0001307520373944333
9.787092582542342e-05
0.00018395214683479373
5.804452534126478e-05
0.00015552830442982382
0.0002506285906212089
0.00011149070895756943
4.0719521248245326e-05
0.0001490267924840862
0.0001532036165549531
0.00039770107606808535
0.00020495500457673005
4.332448935439584e-05
0.00010135573857064047
0.000384875754488465
4.8441190829426526e-05
9.020883201797867e-05
0.00045381029940124015
0.000314436996753397
0.00017834550435555556
8.653374032637161e-05
0.00011814595484258193
9.867642393750606e-05
7.278518640042538e-05
0.00020393047388841506
0.0003555745946549639
0.00032245819686441384
5.123073516883249e-05
0.00016446172155705995
4.218927916493576e-05
0.0003977489355560416
0.0001692197249726516
0.0007785079148478535
0.00024483331213391503
0.0001381530780783012
0.000236455206447218
0.00013002221720631005
8.151977498524678e-05
5.996388783821734e-05
8.719291711469926e-05
5.524383412230039e-05
6.29586227659285e-05
0.0003532665208040316
0.0003140573885432832
0.00023476645096642753
0.0006319013893083096
8.254894515803479e-05
9.77401117306108e-05
0.00033197840732529125
0.0001338403381151303
0.000132453521160453
9.503220310256034e-05
0.00010732712595175266
9.591467198970554e-05
4.7117131356034756e-05
0.00015601981669734205
7.197228850151887e-05
0.00013107617117136378
0.00034536739700322035
0.00014272328360993053
0.00020585113033936263
0.00016558834420631088
0.00011636800297632574
0.00011410294772810938
0.00021191021278018791
0.00013319352519362422
9.946540278304517e-05
7.591365731292001e-05
0.00015112180473274362
0.000155484279628127
0.0004046421443253833
4.893996880669214e-05
0.0002253006533607779
0.00012493755389502497
0.00010306127519286644
5.985412393875679e-05
0.00012680168830179298
4.509559353269238e-05
0.0002598884985655062
5.086015007057208e-05
6.58233075635416e-05
0.00013716025964651042
0.00013709710275088016
0.00025787010155880064
0.00037366493997004104
0.00023285063307391233
0.00028419675768677434
0.00012073286564216499
0.00016466972540013283
0.00033267853299627015
0.00017448420097710568
0.00010354996615699684
0.00021872910096167343
0.00012898892281044803
0.00012295538335333763
6.238783329951473e-05
0.0002986899601072413
0.0001164797998724359
0.00011562573529406627
0.0002921251672181692
9.396216600092436e-05
0.0003402789779078923
9.0082767939124e-05
6.702135991780992e-05
2.027696352552659e-05
0.00026591372341197686
0.0003695453135733773
0.00010743483139673267
7.865543055509268e-05
0.00016166642552437684
2.99084929505989e-05
0.000175358822103248
0.00011845618418184558
3.653572249887772e-05
0.0008543921150793004
0.0002548643462076967
4.584515754768969e-05
7.041488809112272e-05
7.752439644795411e-05
0.00014928979641932474
0.0008558213008963524
8.520542365200755e-05
5.614734044636349e-05
0.0004266529323783105
0.0005379008701364329
8.71796552831737e-05
3.5309043361362146e-05
0.00032901537791745416
0.0007422059140632557
8.038902586564833e-05
0.0004515241103228224
0.00021770463087398347
6.274210963712061e-05
9.21378236852768e-05
0.0001223575581712437
5.9787883763948384e-05
0.00013405837584718294
0.0001681623428830962
0.0004399749038478152
2.7361212188627716e-05
8.648201717593054e-05
0.00012112278634501404
0.00011986592690415153
0.00015903184939997252
0.00016273214138809761
0.000272839564599853
0.0002746987971758015
5.420363598411521e-05
0.00011527902020540349
5.497132731170671e-05
0.00027437638428272126
3.997724156206405e-05
0.00026700338196061703
8.298646718246494e-05
0.0004788138831812928
6.925219831654506e-05
0.00010783858485552395
5.692441465611123e-05
0.00024182582541769262
0.0003115737953166283
6.276229127856312e-05
0.0002543590514974973
0.00010974088298795766
0.0002556935450171519
0.0001090633308655549
8.627082829993881e-05
5.4006185401851746e-05
0.0001650356713741433
0.0002148439972570377
0.00037821513622473017
0.00020272439271563426
0.0005523672499164974
5.523523194725731e-05
0.00018302159177481034
3.7377660907032353e-05
0.00018249050802000342
0.0001180944900414212
0.0003767666145030023
0.00028261724501594393
7.053973471911252e-05
0.00035292309644839413
0.00010489356251563918
9.455840079186348e-05
0.0005263528444874655
0.00010260906001160272
0.0002052856139095169
0.00023599076124385468
0.00017681442671476516
0.00043542726167351186
0.00014701975837195155
3.762837709004081e-05
3.5526854584516527e-05
0.00016162492164019265
0.0002806149227945528
0.00016219388908911316
3.09220559721981e-05
0.0001698741907588919
0.00048064085183466667
0.0004432641639120637
0.00024013478981131235
5.099460068827408e-05
7.341525847559894e-05
0.00016288984607406494
0.00018046664787442474
0.0001836680020923581
2.712280735288434e-05
0.00018506115377844184
0.00016077098710085393
9.882757235736806e-05
9.380236247583308e-05
7.537381446645927e-05
7.356782522208481e-05
0.00014744062871214665
0.0001141589188425549
0.00015856052631858417
9.385336836829282e-05
0.00012242888236790793
0.0005997593782309756
0.0005286789034504545
4.1276658021039556e-05
0.00029946580325408917
4.869935383835974e-05
3.363962498893904e-05
0.0005313747341083535
7.495544818282069e-05
0.0005479913982262385
0.0001103667281880176
0.0001009827117157146
0.00017721493022008784
6.706334202667963e-05
0.0001838742782744407
0.0001348907729320803
4.413657588494688e-05
8.952251885722299e-05
7.092933178001004e-05
2.7966677029162787e-05
0.0005295396076878277
5.910829326356672e-05
0.00031955007544636523
0.0001480397286405774
0.000266956012387806
4.6149768464509937e-05
4.503623996673477e-05
0.0003200889962559742
0.00012021596741140265
4.2455714681744604e-05
0.00011673320226816505
0.00012265083747127204
5.506032169388796e-05
8.857213739804755e-05
0.0002024653654271758
9.625258656776879e-05
0.00014971212629277618
0.00022212095621953156
3.650087485326325e-05
0.00019774510094135888
6.40300221446497e-05
6.47033164734775e-05
7.788886669295411e-05
3.5571130594779384e-05
0.0005117058374121151
8.152348207242211e-05
5.3896320471065606e-05
0.0003862105282772995
0.00013613420614580176
3.59864789291531e-05
8.423291184254565e-05
0.00040394464639859323
0.0007532840038792091
0.00011464466418958312
0.0001563858501886055
0.0005028641801706157
0.00020276603225009764
0.0001006751221096616
0.00011897913690942378
6.152468573677309e-05
8.337420683655857e-05
0.0001667365802393176
0.00014965322013159887
0.0002715834162246824
7.539306641879471e-05
0.0001322239838366111
7.770989014360247e-05
0.00013574865448320438
0.0002246609073438451
0.00016898467674886317
2.810208710130539e-05
0.00039663652201457167
8.48428199834163e-05
0.00018229384231466852
0.00024718658540973446
8.880758915275045e-05
0.00026375413720211116
9.350370045807589e-05
5.505931611826267e-05
0.00022847900418227843
5.4405795800329075e-05
0.0001777618881936634
2.905596262949811e-05
5.10505083436373e-05
0.00011471008279258952
0.00011868256363302258
0.0002883063894429806
0.00020782801423449394
4.081370749500238e-05
0.00016530743048138134
0.00011476638443646333
8.084154833245635e-05
0.00015094801237529508
0.00022862851434384812
6.906468312808379e-05
4.1283058996861755e-05
0.0006600571578698079
4.482830272393856e-05
5.1332435970901825e-05
0.00014531957401779083
6.552678082274848e-05
0.00023071349216391033
0.0003707767523669015
5.140559945877985e-05
9.832626526594932e-05
8.285289466134769e-05
0.0001580030532029288
4.4687868898233685e-05
5.4420757097881265e-05
0.00011395781063955172
8.810223343343867e-05
0.0001084149618507225
0.0001533371455540635
0.0003912291198852975
0.00016943344453324117
0.00015587374889383318
7.55228008183912e-05
0.00030297051746167855
0.000439933190323614
3.197909493803962e-05
9.201361730317603e-05
0.00012908229723563428
5.3838625852688774e-05
4.554633810796264e-05
6.973814062231338e-05
0.00010867351533390971
8.152218735533746e-05
0.00020518731347048393
0.00011119645080903342
8.976785309200303e-05
0.000269552101089761
8.907609112668592e-05
7.085943543557629e-05
2.4988165669309172e-05
6.579474953132863e-05
0.00015280272077614128
2.8517661754850358e-05
0.00010280364402286814
0.0006769174619848513
0.00010537474194502319
8.88852958738253e-05
0.0002418005175742217
0.00011330168723403576
0.00030561815887293983
3.9021648208203576e-05
2.4535992884680043e-05
5.329123130731641e-05
0.00013802794677329782
5.295747537507386e-05
0.00014813934048140594
7.530893053345285e-05
0.00015287180365943873
0.00011909858799224099
0.00014061084088870898
0.00019737447917492082
8.17066675715651e-05
5.075219092933419e-05
0.00024370224705056996
5.939498273358746e-05
8.12989745595448e-05
3.323333169397405e-05
5.0926669796551833e-05
0.00012510032026407644
0.00010234538907082986
0.00017982832633703353
3.1296755133034404e-05
7.50033726994105e-05
0.00010295159248315566
6.637884242884811e-05
6.451650016301764e-05
0.00012565521614525996
9.992141886422119e-05
4.6414561427962917e-05
0.00017218817675059662
3.7862686046979525e-05
0.00015507516306744642
0.00028620889402040424
0.0004202654937176261
0.00010239911011505361
0.0004360955765863667
0.0006141607065000581
0.0003357836783025655
1.93061123092669e-05
0.0006017337492293505
9.653490839662761e-05
4.707438249914151e-05
0.0001738423978497195
0.0004008750510443187
6.675135207046241e-05
2.634580320624554e-05
0.0001316629167974626
0.0001550550477696666
3.8265855919728783e-05
0.0003522858259039042
5.436525276431742e-05
0.0001904136751459907
0.00011124739887359848
0.0003014052213187535
0.00010996991952890295
6.594198913565519e-05
0.00017658413003962433
0.00014271516359613517
2.6626207400023993e-05
9.831178037886248e-05
0.00011400222081016098
7.223952241226023e-05
0.0001424596137837919
0.00010069761864820194
5.4330671049558426e-05
5.9249840064573915e-05
7.773539090041448e-05
3.711713629316146e-05
7.30445416768881e-05
7.453455755356426e-05
0.0005382511038527047
4.916916555089396e-05
0.0001699231444310405
6.250536912712496e-05
4.631573109439803e-05
9.959732258852787e-05
0.0002729498781666365
0.00010188387325521766
0.00022634982026107408
8.985653705934539e-05
0.00010876319198238415
0.00028628914750582424
9.725846331963157e-05
6.322565324585631e-05
0.0004565605185821571
0.000292165050963145
6.471057438174638e-05
0.000174787835306551
0.000136333343000386
6.560940481636983e-05
0.00022438091367399062
2.8920440438982128e-05
5.548660193293666e-05
3.14663217536557e-05
0.00016186007733517223
4.4133675857016497e-05
0.00014066770298551876
0.00016781251998376951
9.06550323324875e-05
0.00013050933638223056
3.8920670037014e-05
0.00012128630642585986
0.00017836247824642597
0.00021529460511762917
0.00011524164437316708
0.00010063662107022796
0.00030875567128283403
3.086472726607486e-05
9.832021018202025e-05
0.00015680304169206845
9.300652682503672e-05
9.673733394988087e-05
9.144763860094871e-05
0.00012832557222129784
0.00014016837034658543
4.940486300969136e-05
6.235452278308606e-05
0.00016861144667345505
2.802353993696085e-05
9.673147453824921e-05
0.0001323296547805099
9.368941684698814e-05
0.00019249822218348332
7.475077453520697e-05
0.00013111442031140842
0.0003572385480648463
0.0001515292851268717
3.3001493382420976e-05
9.271609322514261e-05
0.00016347184663065493
0.00018721690488477597
6.629539606148768e-05
6.173600066763822e-05
0.0001534401261109957
0.00015628341077343066
0.0005034406040340242
0.00011908950976120208
0.00011342739642714462
8.9500145830833e-05
0.00021892658239273206
0.0003030477524782665
0.00010150115010997017
7.395421635940521e-05
0.00018596151370962673
0.0002882519013155711
6.48430011630607e-05
4.991315996564426e-05
0.00020670268092218337
0.00016825326718781627
0.0004845524066051494
7.314665536441978e-05
0.0002026616884529639
0.0001877013101311757
0.00012028344587679599
0.00015717069936524124
5.886521034524666e-05
6.544329316271046e-05
0.00011096864239094596
2.616771316119147e-05
0.0003763060998203278
0.00020593494750802602
0.00011172756571625461
2.9913617795019277e-05
0.00016520234458542148
0.00027231411025537065
0.00013262469722272725
0.0004879788460956612
0.0002922594433656915
0.00019847510343590986
0.000257814223747242
0.00022854575653616398
0.00013290721355652146
5.23836942568625e-05
0.000372627579299589
0.00015565846797432876
0.0002891835512439792
0.00016501105795114766
5.209326723773947e-05
0.00013822639159156275
6.66374572058111e-05
0.00018201290659569417
0.00013007617168160306
2.9576307226834562e-05
0.00015901306022933246
6.713188451804638e-05
0.00021867381505551991
5.738137233829153e-05
0.00012114240461544296
6.782154652798674e-05
9.949787284262724e-05
4.138805059089181e-05
0.0001130578301363762
0.0001188706362001418
3.51071831534533e-05
0.00019926763886987626
8.234525978030554e-05
8.352971530190314e-05
7.586202134742831e-05
0.0003293123667282705
0.0002472331435143556
0.00011920494149610862
7.582388376652533e-05
7.395487840873643e-05
0.00018346655570114468
0.00013897472965998192
0.0003475854689980304
0.00013705351250577048
7.344275502641265e-05
8.910294636062829e-05
7.809741049401424e-05
0.00019979531188916725
0.00016560712140730903
5.341516611883403e-05
0.00013309451493956638
3.6858719267102975e-05
6.341573636869912e-05
0.0001186540666777114
0.00012633724653934018
5.728992321960217e-05
9.373268622756868e-05
0.00017786973450033608
4.3688770407728984e-05
4.1901409820423824e-05
8.86703194880196e-05
0.0003382313576179803
0.00010260708893389417
0.00017676989647278038
0.0002159347506878665
0.0001364090052344326
0.00010252974883631432
3.642799956141805e-05
9.539833394162969e-05
5.2872592656990756e-05
0.00010934059338016311
0.0001756130321809715
2.6677386995384288e-05
0.00011758811248003071
6.0082747550339364e-05
0.0001463165679569118
0.00033839461396389616
7.534691735160284e-05
3.8126416613775224e-05
5.670707617078311e-05
0.00021559828336502652
0.00037950007361155127
6.762525118823615e-05
5.501934196882887e-05
0.00022349477436289298
0.00021722495336667325
0.000667871576742253
7.401080650617203e-05
6.286496893749938e-05
6.1538724981543e-05
0.0005019126692055941
3.551983916483232e-05
0.00015348838952023168
0.00030637932719528965
5.974638767963577e-05
0.00018788479239838476
0.00011070982531153556
5.670610701092193e-05
0.00020450291163872928
5.8202633678518406e-05
0.00015050877446178552
0.0001360479653452557
0.0002875524817884805
6.666762098869523e-05
8.031836570631801e-05
4.5453881559632e-05
0.00012885686213153253
7.246206421693922e-05
0.0001930878976561698
0.00011370816676660042
6.739220639645762e-05
0.0003030969819725106
9.836090165709458e-05
4.4605896429371675e-05
0.00020915689745442203
4.055809723025589e-05
0.00011628575985445243
2.649563909399979e-05
7.505673438062388e-05
7.420546852291381e-05
8.918066698630538e-05
0.0003015485031688846
0.00011360704277960681
9.81460837427739e-05
6.085580780382251e-05
8.046652785017568e-05
0.00016343987274200183
0.00017214026651928455
3.238765712753629e-05
6.791844651004372e-05
7.296636158218354e-05
4.594026637577456e-05
0.0001491979952751807
5.457807020845547e-05
4.3015237848491506e-05
0.00022086486904395573
3.567147995251465e-05
9.580781345540456e-05
0.00010522693933153028
5.332635441999028e-05
0.00014720321023814394
8.528084237550629e-05
3.262077611327048e-05
0.0002646419206450068
4.443412385177201e-05
0.00025465198374889647
0.00012231502539190422
3.725163388901447e-05
0.0006624083345483844
0.00021482927602503474
0.00032714736415261574
2.660870808481822e-05
0.00011437851982168355
0.00010264030242763355
7.901011478143341e-05
0.00023669294868095887
3.98643247807721e-05
6.25196310950733e-05
5.571152826555475e-05
0.00013443482150105287
0.0002761478814158052
0.00030787513660018005
2.2196434644637165e-05
8.334975409096066e-05
9.373243638211206e-05
5.3249515962521804e-05
1.6636542943885978e-05
0.0002607374877040305
0.00015353234073178071
0.00031368146624062695
2.108159703973274e-05
4.1309034701462705e-05
0.00016213318205317417
8.697646581607334e-05
0.0004545132358407962
0.00011103190448314421
0.000124252318542755
0.00032773456535376726
0.00014754427732642134
5.302241738588041e-05
0.00045322455409517096
0.00017994328898683772
0.00014180272395421784
4.412001118105606e-05
0.00011752928728370261
4.085238491262177e-05
0.00022893886226656168
6.464387241805258e-05
0.00019779042209145414
3.0237885882222297e-05
0.00015063085847484507
7.633928967922458e-05
6.667945058154693e-05
0.0002037021163356991
0.00016270083411739402
8.12031688802076e-05
0.0001418726034160205
5.891228631225151e-05
8.748357913675442e-05
0.00019403832049421269
3.400664873603797e-05
5.2152367979122615e-05
0.00011996862482708482
7.584925478562444e-05
0.0003106655379273749
6.641940888277443e-05
0.00012797461615737224
7.01718551987953e-05
0.0008426014957007864
0.0001940397983458629
2.6737608702571066e-05
0.00010497033376828365
0.0003434447198615949
7.098091737080599e-05
3.573592953419824e-05
0.0001564789916008132
8.020943011948838e-05
6.0023885974604944e-05
6.069227416330683e-05
6.551662199525886e-05
4.060380588062095e-05
0.000245526278896214
4.68997650689372e-05
5.5986565856308013e-05
0.00011275168280130396
0.00019882271786256277
0.000246581001912235
2.824530654143206e-05
0.00015179447734946772
7.16073182675133e-05
5.415416497418476e-05
0.00010524249604336383
4.060140072741638e-05
8.961681575467195e-05
3.085376589582086e-05
3.478767688620413e-05
6.79257030407594e-05
4.347391078777827e-05
3.7582099414560745e-05
0.00014069934789554843
6.123344039340217e-05
0.00012746112130718063
5.478006574802494e-05
4.650313212455597e-05
4.293962518639503e-05
8.612884812321899e-05
6.887640607398826e-05
0.00011680008436551623
4.396138491234717e-05
0.00010262420017879491
6.666719265825223e-05
6.60695911834693e-05
0.00019066860698687397
6.589599133513915e-05
0.0001898239789721324
2.4571736980747522e-05
9.731632376678429e-05
0.00037371638950680237
0.0001389921775536619
0.0002121097456953082
6.371821256836667e-05
9.211922527391102e-05
9.931163814102849e-05
0.0002571707905402145
5.4822535189972334e-05
0.0001307521368007089
5.2485675418263985e-05
4.279356372202291e-05
0.00019666008137053125
0.00013898141033079898
3.850739626027534e-05
8.022060676953396e-05
0.00010624874215371269
2.9242337620238426e-05
9.026176194083476e-05
8.711838025741085e-05
6.865604953099002e-05
0.000257643170227259
3.161144496029563e-05
4.5830996198948454e-05
7.890247413870074e-05
0.00022819049873714227
7.733345620843293e-05
0.00013839266076030708
5.919415331027865e-05
0.0001523232558894838
7.24751210333449e-05
0.0002649409840437934
6.746236562414564e-05
0.0002748839028860636
3.7291126723831846e-05
6.311620264524628e-05
5.9149698893219724e-05
0.00010481326656169636
0.00017052347764211724
0.00021816500062891395
0.00012157342937478853
5.6007956179996036e-05
0.0005128958869728823
4.6282697108582856e-05
0.0004554067200436977
7.002439755375776e-05
0.0005580181543756146
0.0005509961079231627
0.00014339586182559176
0.0001654767661121622
3.750560828235199e-05
0.0001521829760197728
9.33537695486831e-05
1.7381374335262093e-05
0.0001484734055088627
0.00019910799908460863
0.00010572345205916639
0.00014166676095413722
0.00031854300922625194
9.624772133765523e-05
0.00018819975775499263
0.00016581514911003553
4.752090379256149e-05
0.00015431041846329207
3.918698416122074e-05
8.80661820870892e-05
5.324847258773241e-05
0.0002720869789686011
0.0005753034471827707
6.360961949277505e-05
0.000102050377396297
0.00017344210784832193
8.056923775105977e-05
4.5306396639037196e-05
0.00012239138560346866
0.0001711888557291738
0.00015128175269665234
0.0001548442651071334
0.00027762911548229646
0.0003794361328077053
0.0001544980855085752
8.916399900744036e-05
4.4326995158593716e-05
0.0002343821178780657
0.00015837048430555756
0.00017752884224291735
6.664572992300692e-05
0.0001829193812567937
3.3203050835058494e-05
7.916142793331474e-05
0.00010521380281024334
2.5885608191263055e-05
9.356070369583886e-05
0.00014470752810340218
8.321180264951785e-05
6.377084706979605e-05
0.00012262666897343977
0.00013168772288582738
8.33631937274005e-05
3.746821849382466e-05
9.059329222706914e-05
4.714605244054321e-05
0.00011597602761500745
0.00014498502241657005
4.425561417295224e-05
3.9612845583736866e-05
5.737708632126331e-05
5.435647328465548e-05
0.00011250411053187894
7.836338131980212e-05
0.00015591629479128047
4.308965718309214e-05
0.00015167856658433257
0.0001468432590908962
0.00011067676558711388
0.00020225856087342537
6.693829195423333e-05
2.7451661494202427e-05
8.409246187636809e-05
9.427489971892722e-05
6.021181256791277e-05
3.349917949020341e-05
7.216272866095875e-05
0.00015852491337504118
6.241950882710502e-05
2.878198222888994e-05
7.413747820715978e-05
4.669260648017224e-05
8.391128647803115e-05
7.478568430733025e-05
0.0001902759551067352
7.472239175148929e-05
3.647768504523946e-05
3.0099658691977187e-05
0.00012148730903153124
0.00011079188757419359
0.0001147054823388437
9.469158502079708e-05
0.00010437100741498294
0.00014945267934762116
5.183027278519062e-05
0.00012437936766018115
0.00019225777587672537
4.039805318045524e-05
9.328510900961915e-05
7.365656447062373e-05
0.00012071522269605346
0.00014171000266158978
0.00044928251200968575
5.013187020224044e-05
3.606330150973092e-05
4.403440021567956e-05
5.2285154450741135e-05
0.00016412438999623377
2.1661342283652242e-05
3.10174455082286e-05
6.558423813952171e-05
5.6036525709425946e-05
0.00019392851588503614
6.0057231550383e-05
3.699780478657917e-05
0.00048077283585837944
9.816703437069422e-05
0.00012102125706346319
4.575439633652785e-05
2.8872771897098567e-05
0.00022936370291444806
3.1141983201923284e-05
2.437150745537918e-05
7.398361816312972e-05
0.00012332706259206484
0.00010247092802703864
4.294755975616058e-05
0.00015809266249297278
2.1679719638041395e-05
0.0001998779758614712
7.490028353104728e-05
9.762792219908453e-05
7.121233279612018e-05
0.00011736267104265487
6.376223776937983e-05
8.23266770921938e-05
0.00017756058680668148
2.9150891105764885e-05
2.4369406717282245e-05
7.687468632962738e-05
7.704691368977702e-05
4.631379040483494e-05
3.5421741414092865e-05
5.732407166077278e-05
0.0005301769265776227
5.600501221339462e-05
9.270373535878154e-05
6.216177568724175e-05
0.0001417753400367658
9.236333693307356e-05
0.00019293308413897896
0.00011044641113394893
0.0001707374904747494
0.00015648734829905192
5.953443313663562e-05
7.78514132712888e-05
0.00012513220840184422
0.00012836917541247692
7.52323461935984e-05
7.8865965388709e-05
5.160136779334638e-05
5.223687026103295e-05
0.0001708885500118471
0.00013250790669218872
6.691635169841148e-05
6.018402548678324e-05
3.216229832351305e-05
3.8814719446484936e-05
0.0005924390216615206
3.93411605143805e-05
0.00015496452422615142
4.265320274426802e-05
0.0001236717591268645
0.00013248565571403432
0.00014850329596572594
6.644505518050889e-05
0.00010023912104504108
0.000251087342164583
0.00023829435289545155
6.401568926315495e-05
4.9524281499602886e-05
0.00025342810495319467
3.916655051175203e-05
2.711438917959274e-05
0.00012927027096784518
5.225576009844438e-05
3.8909328837237825e-05
0.00017561408609385293
0.00020595443602368715
9.600481319284204e-05
0.00024483393816796266
5.191816736452755e-05
5.8628153518440014e-05
8.024174878671299e-05
4.533322070227826e-05
5.355218415556433e-05
8.067195633820906e-05
8.188834931918096e-05
5.5323770913155834e-05
0.00010705377248334866
0.00016960994741666962
7.20845681661544e-05
7.790172982111927e-05
2.1945233131969337e-05
0.00011855498967093994
0.00017816286008485855
0.00011393627503230924
6.799236903612048e-05
4.690480503321257e-05
7.546619388792579e-05
5.1802627611956833e-05
0.000276192020639117
0.000193885164367959
4.744117644215505e-05
0.0001520510046168683
0.00011620389247427357
0.0001490736008053974
4.6308852185039336e-05
4.417861777662373e-05
0.00034071114218064616
5.464504940773409e-05
3.906975303102176e-05
0.0001195470375280254
5.723843227779202e-05
0.00015483997350667123
8.63382584185819e-05
3.615736196144659e-05
7.567601003874421e-05
7.388342813346436e-05
3.8290291815706074e-05
3.6420550624169897e-05
1.993996487114475e-05
0.00010683681983915605
1.7092668890129166e-05
0.00019944781016835707
8.647921230134746e-05
6.098410255940673e-05
0.00015203213532648317
0.00010671657242994737
0.00023353268393672466
3.398906379876505e-05
0.0001363799541584571
7.518734844347902e-05
9.343284567580381e-05
0.00010518290814654403
4.139715627249227e-05
4.294686354721037e-05
7.181222572812658e-05
6.273810148849551e-05
0.00031470124308223383
8.1169855766805e-05
2.698123059511033e-05
0.00010906675956370324
3.48863881326475e-05
4.8911949391048395e-05
0.00014947352815868647
7.856177362290052e-05
3.721714440861565e-05
0.00019141772540509614
5.898722578210284e-05
5.329833015638249e-05
3.4098526263405756e-05
0.00013327767569949997
0.00012127336294996926
0.0001026888852452446
6.29486788998652e-05
0.00023241026567535458
4.7062555188036235e-05
1.6243280408647003e-05
6.906142877938009e-05
0.00016222209526980561
3.082477536806668e-05
0.000136497170402371
4.893563855690144e-05
0.0001872319898917995
3.421054431278055e-05
2.8948332108773602e-05
0.00011870005068008536
8.271187949638117e-05
0.00024432458464744187
0.00019322990291932593
5.7905697749523845e-05
5.928660700133364e-05
5.3574592628178206e-05
8.782211719579488e-05
8.166108354124675e-05
5.6885624567357605e-05
0.00022705004063689084
7.697010232522795e-05
0.0001560157923770991
8.12756295666319e-05
3.619004856364039e-05
2.915731710657577e-05
0.00010813357890166135
0.00021295998034263683
5.2849992709750206e-05
0.00013727139572566373
5.654815132909126e-05
4.1094610759769037e-05
7.172959107414283e-05
6.35612367604525e-05
2.6224315805624515e-05
6.955211007547891e-05
0.0002313219669462049
3.558979609881689e-05
0.00015326877121668494
0.0001293258843532086
5.790417923287377e-05
2.904820932472077e-05
0.0002640350003266114
6.478694142940951e-05
3.102715904925677e-05
3.99236031183863e-05
8.843337448728784e-05
6.482423752867612e-05
3.0151224468900983e-05
3.189136196731198e-05
0.00015420417231505132
7.435687408324963e-05
0.00016678234006109094
4.002524915428199e-05
8.007696853230425e-05
3.1924823380643826e-05
7.816350776864613e-05
3.654763870862756e-05
0.00012281890317918505
9.559385764029075e-05
4.169872459911119e-05
8.363657349530647e-05
0.00010451040536638433
0.00011297221942344997
0.00016448588388341958
5.679207368569816e-05
7.651024253465025e-05
4.877706025947742e-05
0.00013863394113527422
4.479173080083579e-05
3.551961291403463e-05
2.9993183344118017e-05
0.0002147037110407865
4.395092154151579e-05
3.5070812678528085e-05
6.61445960882166e-05
2.1381385091237944e-05
0.00010616463940986366
3.730176710273262e-05
8.97000064875731e-05
6.53526758905115e-05
0.00013018980610500006
0.00011664901338864615
0.00011328503292563486
7.44218225293977e-05
2.8369181041532537e-05
7.48261957124615e-05
0.00016635895268621613
6.857671654342388e-05
0.00010349475215667384
0.0001510289722004681
0.00011280132085889985
0.00012503116443236
4.141254835800597e-05
0.0003021996051559335
0.00010391565646024811
5.853117937624488e-05
4.222395216472798e-05
5.721186614737356e-05
7.485147480443724e-05
0.00020597398178566375
9.009384284013112e-05
9.563625108085148e-05
8.563745825873298e-05
0.00010241523060485581
3.0531437450172585e-05
0.00018082914606549255
3.816786945587931e-05
0.0002459662102764594
6.792491596662515e-05
3.549978131059433e-05
2.4197618136176765e-05
0.00021787942805377394
0.00012898655766234232
8.884224142119422e-05
3.119896576553221e-05
7.456130276632661e-05
0.00010289976370800655
7.796916921052134e-05
0.0001213383588045031
9.166087839666035e-05
0.0002704746141948881
4.475938318983009e-05
0.00016356414746949654
0.00022795901950435645
7.508301507286873e-05
8.827485876069171e-05
0.00015251956092801041
4.227167479901004e-05
4.911910770195376e-05
4.3832997241302946e-05
0.00010924843874179868
6.009576691616708e-05
7.245484549683202e-05
8.63780255618982e-05
2.6751592418287744e-05
8.377803576194432e-05
3.568198995802339e-05
8.156978648622794e-05
6.667777859435685e-05
8.987400694497792e-05
7.065411094137927e-05
7.969686680216157e-05
0.00015265721760514733
0.00012673913014538422
5.500520546709667e-05
4.458478695873956e-05
4.1033454536829594e-05
0.0001057755105373878
6.953621752190706e-05
4.07239129740683e-05
5.980028265338005e-05
6.845129525268278e-05
5.373639944128219e-05
3.679570243971476e-05
3.616142474277729e-05
4.4247540517511315e-05
0.00012616161319145187
6.598458028700074e-05
0.00010645960799679347
7.787954265229398e-05
0.00011852989192867437
4.207939679405572e-05
0.00013250429857051275
6.265780083045109e-05
3.337307062404252e-05
5.2114909600705435e-05
7.226779836301153e-05
9.830388661057085e-05
4.50096545158076e-05
3.899689497283081e-05
3.3530299564873686e-05
2.9243152742578444e-05
4.9058225163112185e-05
5.134796963993223e-05
1.7895659251996764e-05
4.804346585882047e-05
0.00018209168866661045
0.00013123772364150997
4.8105460362722824e-05
0.00025738965990543033
7.158151694221605e-05
5.032000608619694e-05
6.092920345124526e-05
2.9544339703938916e-05
4.828341531092502e-05
0.0001039111772339197
5.49244455898732e-05
0.0001120892037649564
7.555999569862548e-05
0.00016276846641445194
4.86201355914562e-05
8.4458940596301e-05
4.2355091859178e-05
5.6813327825938114e-05
0.00020005423647370137
7.785186261692361e-05
0.00010640917023037735
3.0323957878855757e-05
9.545589260708446e-05
6.196564345664328e-05
4.586556974633055e-05
0.00010857399678648548
2.4674865628519346e-05
5.847422087505639e-05
3.053014945414191e-05
6.747725643217692e-05
5.4779329255870546e-05
4.7288102235619186e-05
3.356309878683344e-05
2.3202970295629e-05
8.732827905564303e-05
5.441208021786733e-05
9.298194281221996e-05
4.6703884580525565e-05
0.00018863754330646255
6.993885372611215e-05
1.8896850629308022e-05
3.664491578749514e-05
7.08944933510108e-05
5.5131174650547244e-05
8.848570012604322e-05
0.00014172879094557234
0.00010487031000127395
4.626494477000214e-05
0.000139389163834778
4.5457294722274555e-05
6.865063974910402e-05
5.699388648793182e-05
0.0001856953012205818
4.17640784656027e-05
0.0002596646640271213
7.58566979133461e-05
0.00010769917845827268
4.2028183358537044e-05
5.0549181647956835e-05
4.879780412754677e-05
9.59591406777483e-05
6.093333622557882e-05
4.538653321386596e-05
3.1773786654166715e-05
6.32980558149384e-05
2.962885309127588e-05
0.00014368797154533543
5.7746644841133106e-05
0.00011923501858521764
6.622239703651692e-05
7.694655769199575e-05
3.5436209698939824e-05
7.48239840463509e-05
5.3044549638291534e-05
0.00011892264132398593
5.188887024153148e-05
0.0001869560912221929
9.269793251468687e-05
0.00011668118668125771
3.9970627615275124e-05
3.827514654744808e-05
4.86611136880239e-05
0.0002902660794503562
0.00010232501847478197
0.0001172864981719154
4.291117891251782e-05
3.9121384770588695e-05
5.7585644290366764e-05
3.9174822622497716e-05
0.00023086773089363782
0.00010798418161557664
3.7070116499556505e-05
0.00014229468236466835
2.960051726799671e-05
0.00012312126114886774
7.994206519009001e-05
6.562280676301879e-05
6.144300728496771e-05
0.0001992263339390726
8.684000928072479e-05
6.109327469585343e-05
0.00012521150749935452
9.134813783521982e-05
0.00022556511764208165
5.0332852506794174e-05
5.46884697293955e-05
0.0002242182278559987
0.00020214965460846693
0.00011238689529508639
2.835023095858086e-05
8.518202792899093e-05
4.828936698077333e-05
3.541612865041926e-05
0.00010498036713798309
3.5428023366361784e-05
0.00010194020438731037
0.000127218079172297
9.245967793335136e-05
0.00011771997757404628
3.564862183020998e-05
0.00028218143703294266
0.0001331576109884076
9.683120906386428e-05
0.00021739895697158013
0.00022314081394766327
4.584185648763106e-05
3.1247658056663733e-05
0.00013466816965945598
4.358338912730935e-05
2.207334672594698e-05
9.578744187854254e-05
5.282578492964101e-05
3.561070655149557e-05
0.00013872455658402297
0.00010362233500545922
0.0002932825622380814
9.172642147604388e-05
9.19793044611351e-05
7.825851131637617e-05
8.472390513760744e-05
0.0001377622232627315
9.4574434077314e-05
2.2641426111796786e-05
0.00010101793098084146
0.00017647325121532655
0.0003597225970405308
0.00019160878031456178
0.00010001777037252574
0.0001348025068974039
3.6222358224748475e-05
0.00026159256248250225
6.547515278486116e-05
3.673138986989752e-05
4.458516179786503e-05
9.6034337675146e-05
5.184167744978685e-05
1.810654290027097e-05
7.56833150117865e-05
8.816307595193124e-05
0.00017552652606796725
3.772663453854792e-05
6.093013307864348e-05
3.293063302321909e-05
5.8914312484906324e-05
3.517508714478396e-05
0.0001623353541213752
0.00020099177193330507
8.64742865702151e-05
9.110873355027872e-05
5.31202726215041e-05
2.3009893996037375e-05
6.311518426070288e-05
2.962456561250848e-05
2.122196457388815e-05
0.00026143630898880626
9.584166927542193e-05
7.417102270077345e-05
0.00011155321029710851
3.857296071120303e-05
6.851379380922317e-05
3.944880688325103e-05
5.449874744970396e-05
0.000371885921334819
3.569211824889564e-05
0.00010431936235366513
9.090587186552533e-05
8.485951915264684e-05
5.9828184823566686e-05
3.456325983032933e-05
6.373219872787397e-05
6.73833712360325e-05
0.00013723000540745442
5.989690279577555e-05
4.289364093288046e-05
5.424310298938471e-05
0.00012871992839714775
2.9038977472700602e-05
2.6015162143023438e-05
0.00015693644879951734
3.180465008234922e-05
2.6412118061806375e-05
0.00013847146956852586
8.341384848991705e-05
3.5650324463681155e-05
8.61686515886984e-05
0.0001651408549433574
0.00011553210301827198
3.705907946459399e-05
0.00015000648685746455
6.379198540728584e-05
6.60560295353187e-05
6.625778601800651e-05
0.0001580239975922959
0.00017564638898939143
8.136612003883427e-05
1.6085636307854513e-05
2.9510513916608125e-05
5.5267537284537876e-05
4.272029587598872e-05
7.930394676565524e-05
0.0001539581825330112
3.229284024673284e-05
3.764606174919822e-05
3.350882792631852e-05
8.590138124195665e-05
7.034133089001535e-05
2.904478762685874e-05
4.871798613700102e-05
3.594835033277571e-05
7.583771791618745e-05
0.00011222257437299564
4.804951858969627e-05
5.25500832254565e-05
3.5527846421059436e-05
4.836349433040806e-05
5.551177198722423e-05
4.7031000754150436e-05
6.671655424148772e-05
9.332305318113533e-05
2.7509551034023654e-05
4.7228775481331205e-05
6.087617880866198e-05
5.314082341220937e-05
5.0067764877207077e-05
5.372603806432587e-05
9.205259655801371e-05
5.612748314190068e-05
5.737999243601345e-05
7.318615257190667e-05
5.648436940214107e-05
2.7708256556992322e-05
4.942796619516806e-05
6.834465103965705e-05
9.138967659976591e-05
3.105216645712518e-05
6.695845055221018e-05
3.149759744257532e-05
0.00010345705909903599
2.8702531522380797e-05
5.875313443392896e-05
6.28804352597124e-05
0.0002573111693540045
5.0454578988204015e-05
9.341725381399073e-05
5.1589297406468956e-05
2.0016906465326787e-05
8.48354740975844e-05
6.887147188487805e-05
6.371374673225028e-05
5.753460226451233e-05
0.0003293356473757883
0.0001161210839452516
8.665010320808936e-05
0.00019938717520204903
8.822472014334477e-05
7.82256406900524e-05
5.9335099515381796e-05
6.93529360161522e-05
0.00012216100955110188
0.00022503767554506515
6.80098403951218e-05
7.038403100815985e-05
2.157118161263036e-05
0.00010561228746380277
2.8210503702475176e-05
2.2833671895268755e-05
0.00014284138175785598
0.0001252558964205238
3.315679433206745e-05
6.230110767567256e-05
7.006955610954186e-05
5.1141800769030536e-05
0.0001543970032543312
8.083391412388316e-05
4.657177833585061e-05
0.00011039063213932108
6.90218276893754e-05
3.8335816564505863e-05
8.203405462241504e-05
6.276348611046576e-05
3.319750290768178e-05
3.696162914685424e-05
0.00010363920275582625
0.0001434246218000999
3.6026627641708365e-05
4.035132494730731e-05
8.36032726654947e-05
4.2731634091618704e-05
8.856931973413428e-05
3.120489123151617e-05
6.171301077637045e-05
3.390316579006432e-05
0.0002551977886246144
7.247354930597806e-05
5.51490023420275e-05
3.5676502927657726e-05
3.553100506910556e-05
5.225983729797106e-05
3.5693661715738985e-05
7.862788649667036e-05
3.812233915853243e-05
0.0002993684654580766
0.00025084465594070053
0.00021092782821355408
0.00011155067140809423
0.00016773147005551273
8.298128548906183e-05
5.700953040867547e-05
2.7779162507285084e-05
3.327640689399329e-05
7.091876280186073e-05
2.615767763303984e-05
5.347211245783553e-05
2.216938948060557e-05
3.949360152017964e-05
5.484364055360524e-05
3.4935296036046774e-05
4.204095049646215e-05
1.760814181675833e-05
7.972505585711394e-05
2.860392529298043e-05
0.00011474712386061075
6.40604007439141e-05
3.571047393515307e-05
5.825805746368102e-05
1.943112575815033e-05
3.005227044105643e-05
3.834688906037809e-05
3.126123275589186e-05
9.638725817496576e-05
4.507522630893142e-05
0.0001325843890074029
0.0001052190476872897
0.00013101958489216618
8.624836161144348e-05
4.2822494374958246e-05
7.053456376414268e-05
6.004631974748751e-05
2.9502820778691564e-05
5.2126882634473995e-05
9.250010078943298e-05
4.396357028211133e-05
5.073584106383767e-05
2.8701184404447355e-05
3.307936723065296e-05
4.456845748576783e-05
2.640344166056621e-05
5.30363851964147e-05
3.484534019302875e-05
3.5838401774247476e-05
5.768190413012018e-05
3.3779891035325455e-05
5.750879546221287e-05
3.7574973278703104e-05
0.00016134903065221723
3.6427746474724666e-05
6.58982079325285e-05
4.30054049568637e-05
4.1819107126489924e-05
6.062980556893621e-05
0.00011685723252557628
3.4582807746645173e-05
0.0002177575685716358
9.096953948768626e-05
4.197102318444301e-05
0.00012976198800892047
4.334303905322055e-05
4.9737679844944495e-05
4.414809328532163e-05
8.103910536667331e-05
6.573933428518413e-05
4.286472003068189e-05
7.989873597194834e-05
5.22020114520012e-05
3.760295544965362e-05
0.00017867272583019038
0.0001199456264342659
5.0052233384658876e-05
4.944670721939737e-05
7.968730378913924e-05
5.666366672342145e-05
9.18080945542353e-05
8.196255149502032e-05
5.7874531041072974e-05
0.00023888921859238082
3.0182549601531122e-05
9.067811054684424e-05
6.498606540171516e-05
0.0001262883963677383
0.00011651564608731592
6.899321208188222e-05
3.123630596349534e-05
3.5608758805911824e-05
8.038415479476275e-05
3.454826413339208e-05
0.00012268252688415278
8.156122236058673e-05
0.00012443778042875794
3.163563112109659e-05
3.3291049719078176e-05
7.06122916983041e-05
8.810885913756494e-05
6.198219382406258e-05
7.729642069036893e-05
3.444017261444599e-05
5.105668224221806e-05
3.086162669479087e-05
4.230282743140467e-05
3.749713989625951e-05
0.00019299953738376584
4.7940294847392966e-05
0.00012323427930070998
5.7882264166023595e-05
2.6397796517587755e-05
5.1730332240171235e-05
2.9730751299126344e-05
3.808916101660198e-05
4.1164764931137e-05
3.513774073288035e-05
6.683804356127136e-05
7.640813342109083e-05
4.523141885292588e-05
0.00010386070207208214
0.00021332081175835343
5.96244923640721e-05