0.00652892691711766
0.0443108972467544
0.07804839360036815
0.04472891916559276
0.15013291452872352
0.077821611397705
0.06785662000439889
0.008044245432822632
0.04666464009049146
0.006123849759370841
0.03380081242061685
0.02746886100743693
0.00834815909975747
0.020887078008403656
0.009686943339976198
0.003874053866037273
0.016740242132777618
0.026043415674192924
0.040589546897838766
0.026586653907173467
0.01343540949959862
0.015688593978890737
0.026221504494817298
0.014734807538473825
0.012844538399898079
0.02832642842293965
0.006077208091828383
0.00854889472211459
0.008344194590870177
0.011205690768615287
0.0038151310442647714
0.006321048425304488
0.006364122635818105
0.0049536218738715715
0.005181904494930584
0.02124265133265463
0.01133840601043378
0.011072964880854063
0.012510523999664253
0.0038088966388674615
0.00438224026903079
0.0023258772558796092
0.005528950268433516
0.003975161965510831
0.00667748029787941
0.008736030935832886
0.002569654818832657
0.003711585156716381
0.007785750541619866
0.003282251420865504
0.004666501495257347
0.014172114368969315
0.010495987696293336
0.005347439951029204
0.0029099440670478944
0.00287803076297733
0.0024410647791403574
0.006452201862800565
0.006474121496254726
0.0049189647014361735
0.001515586380930708
0.003684707324473699
0.0013002659468067473
0.0062479551896844916
0.006096128563082195
0.0077484664277438775
0.006397504190881087
0.004469629976218177
0.009737113266959939
0.0022199875220876076
0.006918561976802378
0.0025528149112604586
0.0012831954979197477
0.001101543020789014
0.0024917244914548467
0.0060133561580237365
0.0069207917198598045
0.0034127378959707116
0.0004490716621276923
0.002137620258147413
0.006808230419046696
0.0008699285054319233
0.006629982124260322
0.002999334592325565
0.0021638590633089204
0.0020971898003941327
0.003406256936706638
0.009569482992142471
0.0010383290700577384
0.010805604045050474
0.0031752530972185508
0.004522932311189345
0.0021308932450233276
0.003786074778870945
0.011713464089331726
0.00110784134225661
0.004101518596596991
0.008642392235275735
0.004694655553921691
0.008364346785887914
0.002696010800175633
0.017819932533837148
0.0027899361482734224
0.007540543859787033
0.0031109446993979294
0.0018394738748770928
0.005171645481038379
0.003372134716125
0.001891113075673323
0.002430962290880972
0.0032068913086098793
0.00029897451267035634
0.0038150259790751253
0.003862698417551011
0.003769377563058479
0.004189850449800543
0.0039552433473437325
0.0015796132339410808
0.0023202188568553616
0.0037602416528931225
0.0013967291733285691
0.0035928983674527403
0.0010207042193203903
0.004272568819069868
0.003542512227832599
0.0017706201337817468
0.0025992026413734523
0.00557373263524078
0.00048709194612534543
0.003611322900028806
0.0021669325683816433
0.0037441591393015633
0.00018735734894031954
0.0014817624966465017
0.005732398610908196
0.0002865735849517879
0.000987338529552657
0.0015674448607010526
0.0017020729379393694
0.001631260098247608
0.004165788822904656
0.004313538263388474
0.002367296260694626
0.0033275353947397565
0.0014576839932028327
0.002000811352029268
0.0015077868412151484
0.0018373819529851818
0.000840912294499463
0.0006954028870104112
0.004164762434551412
0.0016427434565518182
0.0032060365450681232
0.0032383248854325115
0.0023717392787549877
0.0016797599591616855
0.0013055088117522736
0.0013091610106432847
0.0025557756544350853
0.003264728526627388
0.0038081087523960935
0.0026864745162818874
0.004184078025187795
0.0028112006312976294
0.00144541125859263
0.0026234110578384822
0.0031956008401566147
0.0011531282173001306
0.000768719151373394
0.002445006787865263
0.0038017257602527338
0.004750285079807265
0.002602106529622983
0.001220430601017949
0.0014934402668451382
0.0004362809541902351
0.0006066367339619961
0.0003989485211656191
0.003803968159555965
0.0036493014581776887
0.002729462252112577
0.000301761827144074
0.0005262429353209496
0.004810860676733077
0.0012029439601055618
0.0008801448811190505
0.0006057572228498578
0.0003462589869625774
0.00243601532592906
0.0025650201119252762
0.00022926312302752329
0.0006224319673213629
0.004028959428068732
0.0010794457064319403
0.0016496343675559912
0.0013972931904892678
0.0005414987433354456
0.002083468202243917
0.0024760086456758735
0.002111317879145613
0.0008874778617225449
0.0022173127928773093
0.000681644162585314
0.0009722922123269397
0.0021876043987703988
0.0027003995314671403
0.0006067529014224555
0.0014152154651199322
0.000264730236862251
0.0018743182216641606
0.0004469859972070276
0.0026132988208788905
0.0007041249404523323
0.0007420706374559116
0.0019366744359585822
0.001891748979672598
0.00025370563988708387
0.004227408140291515
0.0007096251406450307
0.00037566042458317585
0.0005800196639576213
0.0018130915256595141
0.0011330497178490048
0.000774598608174164
0.0005845956571869595
0.003328344888367267
0.0007017238263410499
0.002975457925951521
0.0009632917409918596
0.0003049650328328315
0.004124175305483928
0.0016096236874741567
0.0006081495039451133
0.001000632776440291
0.0023440194374550246
0.000981166065568665
0.0009092844327913076
0.000605744967847931
0.0018700475035800888
0.0015735357133161536
0.0007454705594769927
0.0009657333027059348
0.0003100238732896344
0.0036304703873282804
0.0005020950051938604
0.0013923872112480888
0.001082943329794093
0.000715815514015912
0.0008881650598223759
0.001603061255596614
0.001365770687054863
0.00011493798717056334
0.00042975826413061547
0.0005256340333195157
0.0019247370804794557
0.001566287288804343
0.0009344138979298194
0.001277057848479421
0.0010429854782354343
0.0017485148373639768
0.002120648546898991
0.0004448176351390188
0.0005000248640070633
0.00033893254131098325
0.00216107715036178
0.0012329201590261384
0.0004478968180707183
0.0024621073538181543
0.0024171025554559017
0.0014569612158175985
0.0022420100604924535
0.004590137236825334
0.001509567910444837
0.0010885232977434589
0.0018857221619874216
0.00445289802461327
0.0017435843316810555
0.0005229335817769965
0.001057205432425384
0.0017993235382974275
0.0010631559842818952
0.001210141890250667
0.00043738623928340424
0.002925032186792424
0.002459155063302362
0.0006485573429834186
0.0019284304054576601
0.0013429127002749018
0.0007706366663149098
0.00126828596839258
0.0012064525650921762
0.003865190015462557
0.0004134648677138874
0.001793125131179336
0.0011274300135798818
0.0022442938943677696
0.001787328207655054
0.0009243686429431171
0.0007512217729142687
0.001007779342495048
0.0022140635773406033
0.0003049184499524594
0.0014088779083485275
0.0002686070607249135
0.001421182502025794
0.0008106490317503121
0.0007617888567201423
0.0017558785248656238
0.0005329717290570617
0.00342004772845631
0.000859010909908907
0.000611152182181691
0.0011680989291916407
0.0009583397828596942
0.0010649613501943701
0.002560136591007208
0.0012533693836483208
0.0008936520252553513
0.0008772970749104831
0.00033360824324984274
0.00105579137652065
0.0008553830158246093
0.0005740285041575608
0.001010638695575033
0.0006235869901281827
0.0019093819314328225
0.0008137190231349796
0.0010199759964604636
0.0005808159895344943
0.0009186145439938789
0.00037753280800571933
0.0009022828857176347
0.0012933873064992153
0.001061888155221849
0.0027331425570302583
5.305780042500765e-05
0.00047364775869684336
0.007284352005027805
0.00026876293267547735
0.00259703253567877
0.0005835489790879156
0.0025530957904933028
0.0006147270436925749
0.0006523403886626583
0.0011805726881854608
0.0010132359584731235
0.0010101111416859468
0.0016726433777836682
0.0034383077232118097
0.0016863533136758473
0.00047658834301856945
0.00175482118798323
0.0017481789818573827
0.0022428375581075234
0.0014988738289528798
0.0009277756043915143
0.0009953340368824603
0.0007824013113291429
0.0017704068392587649
0.001402547436717797
0.0019099070575069213
0.0009937557035625954
0.0016729898696954194
0.0005620360213455936
0.0009745191391192073
0.00026387026342497924
0.0007266873764253299
0.0009221005908937118
0.0006974269726846536
0.0010125164873247888
0.0003599613546342572
0.000897064385596423
0.002205600566370464
0.00015671970686966945
0.0008893713608452584
0.0005439136546961204
0.0007313589951021802
0.0003098162555902432
0.0017609931121313625
0.0018964372851857534
0.002983324472223847
0.0008191245772617904
0.0007604875919254932
8.197116445211483e-05
0.0017307436380321892
0.0010252936999882696
0.004752331392890292
0.0011612666281529095
0.0020171568580008383
0.00012715203154700186
0.0016368583951548966
0.0021882728471054407
0.0008812901312393645
0.0004078826380819376
0.0005531952481585552
0.0009263684403542114
0.0011637862910109042
0.000605907310786845
0.0002214708167266331
0.0006549429192421327
0.0004128054131641289
0.0020032773770353196
0.00215978684335694
0.00023865931495382174
0.0002447126236533585
0.0008236304035469231
0.00025991778081835737
0.0002629161650457336
0.00019650780750411293
0.0013528607685759557
0.00034801243632819555
0.003157093016603096
0.0008219964982388534
0.0003658417839176567
0.0005385618617725289
0.00044653100605343137
0.001848416251255372
0.0005981313549642712
0.0012060463768602775
0.0009159572775099951
0.0004540680214112356
0.001346203022162986
0.00021177773477234433
0.0001549822103305105
0.0009587658130038473
0.00095750084730055
0.0024853501856616296
0.0016477407549391895
0.0009950198743522555
0.0009837013181426362
0.0008701176424203284
0.0008910009980464637
0.0005153214126779621
0.0012769591580088504
0.00037201838336838554
0.00026357709121764653
0.0008550011291675354
0.0003673849344451724
0.0006205849930280032
0.00038282596480417876
0.0022273161112193944
0.0015493164161070642
0.0010409237549678606
0.0002307269996619198
0.0006299008944158599
0.00014962735798863266
0.0025620609513531093
0.0003358577697254076
0.0009119578741706901
0.0002548171373579926
0.0016985783022895424
0.0008767485423883827
0.0003814062430231228
0.0003156446900275099
0.001966114426961722
0.0018845777605174432
0.0013657332141005726
0.0004742454466234831
0.00023829944689617935
0.0009548340966566125
0.0016129242548158329
0.0005271749028401512
0.00021966595266099465
0.00010548001141308632
0.00038896295425496565
0.0013815722831634672
0.0010349262796558061
0.00010768158755593518
0.00028887800403243764
0.001719755470940341
0.0007517917774639838
0.00013382862479461747
0.00016628558970545543
0.0035126635509399894
0.0017778559214468952
0.0005894719862342788
0.0005697463304945561
0.0006133882365779524
0.002217442083295131
0.0003282319617395352
0.0015371460012897488
0.0006001910735432534
0.0005841827251601535
0.0007039790046022463
0.001696056975296807
0.000414636530410143
0.0011849899695693569
8.643103900996691e-05
0.0009008316464896365
0.0013381842599303362
0.0006618470758662691
0.0008788071964388334
0.0008983131850703334
0.00021627932033861405
0.00025309329609441903
0.00036854190930259286
0.0001234634465296728
0.000312829998042561
0.00033474605033990794
0.0005939992954401296
0.0010993859274068631
7.293554696023201e-05
0.0013497683675384353
0.00022474230259369137
3.562681085337457e-05
0.0006668629004275609
0.0005017636388566135
0.00020473691714521412
0.0009155542343872232
0.00025184628515939573
0.0003314299268041082
0.0006248564759325056
0.00031165534789372266
0.0006730625203548622
0.0008416052122943277
0.00017573428598289753
0.00029827457553964915
0.0005181149844329554
0.0008165847075438949
0.001623806994723294
0.0005033885967630449
0.0011156006212517241
0.0018207923328104917
0.0003987937323759933
0.0008332645542667397
0.00017591030026406927
0.0014099420741555792
0.0013509641655332738
0.0013367568999250782
0.0007929826135931981
0.0002095428997394621
0.000562745544027769
0.0004983619233723583
0.00014703422772614677
0.0007182705490782259
0.0008127033917141347
0.0018902325119594242
0.00029673322240592395
0.0019591569106849325
0.00016306003140085175
0.000525289275519768
0.00030801249095231085
0.0006087937567431265
0.00011658048738682338
0.00047256819039544125
0.0006008899085158002
0.000651858114795927
0.00021295393916543568
0.00039060627210898795
0.00015402547522419007
0.001518579461583856
0.00011408290357848003
0.0008749937538533765
0.0008481900137421168
0.0008226325358596247
0.0023236195978461813
0.0002045035608617544
0.00041775640822918074
0.00013589105632624986
0.0008848520445289043
0.0015604494709910472
0.0003349518061070519
0.000604483254785413
0.0002477577546045098
0.0012908501678128273
0.0012780324658312897
0.00045495838453430077
0.00020502418747775358
0.00023333631299365576
0.0002468551290143101
0.0006444257859818791
0.00018601405006325101
0.0007517695404332508
0.0009851777779047674
0.0005351344083385256
0.001111958115210196
0.001283207428315197
0.0009674424734392532
0.0007665505322598899
0.00031479678988805226
0.0005885585248625818
0.00012074685332020505
0.0007846749861894872
0.00018792127400072512
0.00015509398437034674
0.00032375401502875525
8.279300591667221e-05
6.0374299081089994e-05
0.00033796027805510785
0.00027948439878652635
0.0003753125741069783
0.0006221685786458722
0.0007119450056530924
0.00048270833183897187
0.000149335379648666
0.000367960201537594
0.0005240548312684751
0.0010077022307674048
0.002487162561478023
0.0006620340911674506
0.00038166273728892973
0.00032995588758319975
0.00010731915860094087
0.0006473201520432734
0.0007839939774386763
0.001564787114495702
0.0008371517468573059
0.0001869693578050334
0.0010535146198686258
0.0018857317283249944
0.00034921965499884656
0.0005786828354989753
0.0005173905852944808
0.0007119507254076691
0.00018130537593689157
0.00012855549224389168
0.00020812119741990434
0.00017362551723060094
0.0004203880395585032
0.0011922289941032776
0.0005676637258155607
0.0006896241307353043
0.0007701498559703568
0.00049372949383743
0.0009707629973722627
0.00023045605258714534
0.0007826695552298654
0.00027296150972843926
0.00026302911700190043
0.000556355976518753
0.00017515258787511565
0.0003816155696641879
0.000565494356469782
0.00034904246400849974
0.0019511433860898552
0.0002782974236893825
0.00031435570860453973
0.00041092830386196176
0.00023687612023009486
0.00031304838584516166
0.0008450140840674867
0.0001291615121119523
0.0009395962043598166
0.001330692110996503
0.00013264074676343172
0.0008330765781840913
0.0006310235013831683
0.0010361597045164188
0.0003753293440650583
0.0005812785156660583
0.0006883099756137047
0.0008965368867299409
0.00016134782144826648
0.0003761574178958514
0.0006117711275966101
0.00022506331418092385
0.0006102543237039015
0.0003898071189495178
0.0008961977142542358
0.00016405870008889316
0.0002580481046859432
0.00039523250065235874
0.0005767387323934005
0.0008436630245068945
0.00023745792896582118
0.00043256471695440695
0.0002830356294112971
0.0004076301643584547
0.00044554943396723866
9.903547641132442e-05
0.0002471299871113795
0.00024867516817250453
0.00040830921110311734
0.0002843511285529821
0.0012240114206884848
0.0005688117452885662
0.0002776285515900382
0.00021011394070203078
0.00011349732778389748
0.00029718219245924255
0.0010554572160558257
0.0007011153208585958
0.00011499701621189918
0.00024908141818398875
9.345673986215163e-05
0.0014007179984778944
0.0019519010925629378
0.00011703742814628562
0.0003509059062938853
0.00016392626248228962
0.000900303521610734
0.0020032822018407168
0.00047001256355831705
0.0002488541342961426
0.0006522387919031411
0.0006218933620500354
0.0011898826133682594
0.0002469539304723708
0.0013702467325695555
0.0008134364944706243
0.00022543335519069598
0.0003308287843584632
5.031133654056769e-05
0.00013812088912998138
0.0006686294675400082
0.0007026671692746022
9.597746522856512e-05
0.00035812701066525977
0.0009165085822763287
0.001301693333121585
0.0001698031775251337
0.0004640521992827748
0.001035004853915201
0.000210398313527117
0.00014556818730922138
0.0003137935254089824
0.0006220823827304544
0.0010040771708406363
0.0011155742425244528
0.00018681253718382543
0.0013741344394320393
0.00048433711980336406
0.0005384048483386691
0.0005080531505519015
0.00027401470335601194
0.00045357587289283365
0.00013769444852952304
0.00047334797311727057
0.0009823642733053728
0.00028019554037254143
0.00023158083430148519
0.0006676182285120072
0.0007882631484082816
0.0002431893228341316
4.146688514873192e-05
0.00027208970588977045
0.0002388918506445068
6.628289731100207e-05
0.0006553701832696326
0.002422593855323297
0.0010403972256474337
0.0007250583268191428
0.00015403740167567996
0.0004496544952328827
0.00019414004129429487
0.001078734189998544
0.00028117372734831684
0.0016487831049124097
0.001257404172871206
0.00013237013972477153
0.0002168523293949736
6.197397927515496e-05
0.00032626399511647645
0.0002232090497598075
0.0004112958198767095
0.0012038767536620954
0.0008288494931768524
0.0009497436605581168
0.00033482620285468887
0.0007509203139458775
0.0005034321611716682
0.0004863044052251409
0.00030312081627299845
0.00028068702119763415
0.00014011806993004166
0.000350776711197777
0.0012021335879860713
0.00031022025472021686
0.0003284479536342609
0.00014408935589432963
0.0009398148562345914
0.0010476918691965794
0.00015834250637647735
0.00021993840525033715
9.556011340811574e-05
0.0006625468566763056
0.0007158062842136534
0.00045342445523113064
0.00018485361279671782
0.0013856346937791738
0.00015330982316635059
0.0006664510464857312
0.0004957706563074626
0.0005312944288202453
0.00027813848756071444
0.000923428636066107
0.00018763046684515454
0.0010471302899568058
0.0001551592778888883
0.0005707155697349256
0.0001958109774942935
0.00044372067489718646
0.0007389688771796465
0.001073316620160742
0.0005912543890441816
0.0002927705173647527
0.0009095100074143251
0.0006088441689900692
0.0006309675194182007
0.00029734460050184866
0.0004979023837899066
0.0005037743062674599
0.00019666060508291428
0.00014047481907037817
0.0012211049773645998
0.00030249233006133353
0.0003274050175600975
0.0010611565742887018
0.0007362748068267806
0.00034678415000108506
0.0006548379336934291
0.0005371627370633061
0.00036768948318075337
0.0002455461218239922
0.00115664613436353
0.0003815243973843159
0.0002465154758165129
0.0009671277097104335
0.0004356852985708448
0.00034034031909440255
0.002143377773239615
0.0010884302608930713
0.0001885240212739584
0.0010926641954932903
0.00026633988330077246
0.0006755653047099688
0.0009751903878098602
0.0003409320126871181
0.0010476134284532227
0.0003665104632573505
0.0002742178335134516
0.0015806867494928534
0.00020089993337885136
5.259191685630481e-05
3.4085706949377344e-05
0.0007393986186139712
0.0003978686216678482
0.00045818418253457945
5.449600672869656e-05
7.351250427319817e-05
0.0002703919254779922
0.0002169324806125323
0.0009249984033979017
0.00047528871452384887
9.048872214116282e-05
0.00029474602729367326
0.00022068358317755803
0.0006345319433700222
0.00011400612775322698
0.00015607080490713174
0.0015347346656905793
0.00021656719442830248
7.991182042261578e-05
0.0004594460975448624
0.0002670078214925703
0.00022344695826979476
0.00010796031194294756
0.00033736447211604476
0.0007691164191600391
0.0005605558555258548
0.0006832087125679354
0.00025073114996218375
8.253830730360592e-05
0.00044708145207273764
0.000423261846531402
0.0001347083696645964
0.0005888208254849219
0.0003441461792240096
0.0002995481549410618
0.0004987410112927259
0.00011841578736263661
0.00034850034919257727
0.0006538396229627064
0.00028243712818233635
0.0005795314535583678
0.00029828576921676214
0.0003656021494106601
0.0002881379479629433
0.0002030698003482176
0.0002431234508221191
5.544095066929993e-05
0.00030241949498055275
0.00013766457811404493
0.00031841279393513206
0.0007297143549797419
0.00039528616010041953
0.0008167223132407093
0.0009759559299727878
0.00016711075904617755
0.000656879974899659
0.0002647487511755729
0.00042241082828514594
0.0003476075036463321
0.0010487959710477883
0.00026121357347746836
0.0002824088023585421
0.00042434830429770553
9.051963503506402e-05
0.0005715610467607031
0.00010383818592680138
0.000761671130226752
0.0002995650092322837
0.0002035364414951568
0.0010943480443049158
7.996433262477089e-05
0.0006044726032617408
0.0007239169754477289
0.0003474096818641007
9.505372264388299e-05
0.000305104765329969
0.0010581223457611288
0.00026484360233676896
0.0001043980268654056
9.25085542267392e-05
0.00032427734455162924
0.0005683272092277448
0.00025635365887245406
0.00035468185935942344
0.0005561223185913214
0.0009007240637781705
0.0006116723797774148
0.0001578656076940953
0.00014489832421451216
0.000917402393238407
0.0005596207709294117
0.00033030440722435413
0.0011460971084809423
0.0004223059015953378
0.00033146405659732737
0.000802279207734694
0.0010415789842113882
0.0002594270790301583
0.0002306004099561418
6.079577192120297e-05
0.00046437929591871543
0.0001909695818304066
0.0003774148238070217
0.0002068402904923769
0.000386494512471631
0.0003994012184049285
0.0005055460689429174
5.2339739639951636e-05
0.0008606452864898877
0.00021483810153389475
0.00023184420117760765
0.0006351291648639723
0.0007507092511354126
0.0006782039428579036
0.0005280547549692834
0.0011770793552000882
0.00015636055975914572
0.00020905081473308545
0.000369202748926451
0.00037617060257247694
0.0014609612934750377
0.00029510885058114814
0.00022032532610652316
0.00018188698565984457
0.0006586093121495245
0.0010153869927337963
0.0015842137520422671
0.0003232531410152752
0.00015476411813311936
8.09090287794561e-05
0.000766483141351158
0.000734479020263001
0.0005083179452470764
0.00017418865629192188
0.0002612063579184091
0.0005321852065114865
0.0006484815499640096
0.0007290657510800075
0.0008879995723561764
0.00039120737768653393
0.00021160117986812664
0.0001348486520776359
5.395198952160397e-05
0.00011131818051609898
4.6439945293708355e-05
0.00040193983223150775
0.0008839389564650061
0.00010884191675372268
0.0003656019818588451
0.0007529174487606435
0.0010184896049508232
0.00037473527794346843
0.0005211427864225175
0.00025861128016870264
0.0015046119420883755
0.0008980685966695607
0.0004610166856651547
0.0009589088553839679
0.0003034624649537984
0.000886598674591632
0.00033674569772925637
0.00017440659254167195
0.00046295200310764276
0.0002450412559367528
0.00019462010832122347
0.00015700693800366534
0.00017641491168863627
0.0003583757406760677
0.00045742232433818063
0.0015696868352102994
0.0004559350002864478
0.0008821331694992667
0.0004904382564875645
0.0001017003852808761
0.0006007294002833281
0.000731768671816884
0.0006399465277550825
0.0001560349281246074
0.0004521388027176674
0.0001411214376454051
0.00036640404482745547
0.0005962742509356355
0.001927929218722758
0.00021578824298876847
0.0009316586546431213
4.6023689228241384e-05
0.0002379287377714967
0.0002876897658133808
0.00021122886088055157
0.0002937536107810194
0.0003848428536791121
0.0013523413383718793
7.907548707471429e-05
0.0002680038644648967
0.0008134374882055999
0.00021061085982848631
0.0002079331053781472
0.0002481631669863936
0.0003716317223301254
0.0007557158999754502
0.0002229888984178299
5.442301506172938e-05
0.00016286537054508406
0.0003410186381718236
0.0023283402613450514
0.00014833238714458596
0.00033992871358940754
0.00014456736783684818
0.00031901908970537505
0.00035011058563970914
0.00014887382172781724
0.0001221485184160399
0.0016676655486088613
0.00017747404088690888
0.0005714758710383532
0.00045399098461431704
0.0006213839326732286
0.0007566036371800961
0.0001191296956644725
0.0008013186972671174
0.00024778729472578633
0.00040397284911275895
0.00014918488575181053
0.00027832556316798106
0.00036276537915254923
0.000495801672990351
0.00016657203884581413
0.0004672456433785527
0.0003739651274093916
9.84027784946696e-05
0.000272922083162859
0.00011753167442005925
0.0006830724239396198
6.162838120621976e-05
0.00015926750987902674
4.184975854467601e-05
0.0007364137920138507
0.00013502793089704453
0.0002039149159986794
0.00026741305509327026
0.00011916392431590907
0.00044859436721164176
7.756821583444278e-05
0.00027170648513318306
0.000650035088994195
0.00016631875402217246
0.00048042166454049167
0.0005334997757796325
0.00039803291065718767
7.475358785463787e-05
0.00038098486130953385
0.00012406903101115852
0.00013041314294154967
0.0007243488877628298
0.0006038288700828477
0.0003229134056011969
0.00025964570042008676
0.00023096696837104046
0.00033046921913471294
0.0002529172237876257
0.0008530166361166922
5.854578679248802e-05
0.0006730543588957465
0.0002675538879933899
0.00028080279409475623
0.0003678028033983219
0.00010876647323808161
7.999844126868819e-05
0.00018874393288183784
8.1674964898136e-05
0.0002309665696117419
5.089207634858874e-05
0.00011374982367487742
0.00034544211905112774
3.594279891084115e-05
0.00022281375141030717
0.00026375356481023746
0.00019322020290223646
0.00042885930384161774
0.0001432378363014226
0.00014215298378181447
0.0001844606348425195
7.497782884843079e-05
0.0002479784760764128
0.0001637492533754661
0.0004901176762016039
0.00015864004716768373
0.00014664029773096097
0.0009351334191209093
0.00014149061079818872
0.0008693302622382936
0.00023294748006124234
0.0005470914275749887
0.0001176938100240002
0.0005269520628027709
0.0005041848259002299
7.64298547466941e-05
0.00027926331292501644
0.00042069098719709527
0.0001277734658697218
0.0003720010513116393
0.00017558606023593043
0.0005373724698862801
0.0005051443073004698
0.00020804287097642897
0.000515252459496915
0.00025871302783258074
0.00014846807795350708
0.0007064883937628714
0.0003621295314899924
0.0003501717706117002
0.00015258749958012204
0.000279730680185116
0.00013969430310245106
0.0005541808986421241
0.0005915852580927791
0.00018882767512421142
0.00012084181572049713
0.00011716549222957894
0.00041343642580432636
0.00022023683448989964
0.00013094026508743862
0.00024331756148574332
0.0002716607880166657
4.641430931530595e-05
8.32750901790368e-05
0.0002864682260239716
0.0007139400463232834
0.0003882999393156393
0.000602119001209041
0.0007328323516170703
0.0003509993762191004
3.5735977180925365e-05
0.00038249147763132647
0.0002301804269399348
0.0007435617540500737
9.553146737722299e-05
0.000480267430617913
0.0005680217113589547
0.00019405740413877464
0.0003254290592025735
0.000547397608435616
7.496228016603607e-05
0.0010016778452588456
0.0004540030589846278
4.65152786000852e-05
0.0004775630102997219
0.00024357128139881667
0.0005925744093530939
7.469696902974001e-05
5.17281785286713e-05
0.00020691638160542824
0.00011402328621666207
0.0001352275894365309
0.001389959265223962
0.00024789221176328274
0.00038552768429918626
8.162464671985711e-05
0.00019695871358902054
0.00029664633594788444
0.00023376642465116964
0.0006565089675949487
0.0007716918611327276
0.0004005807432629135
0.00030937328946167766
0.0004325210675071905
0.00017994121085928067
0.00022980884000497085
0.00035618682805774367
0.00014990809895447772
0.0006851544165103524
0.0006531136820505859
0.00029447745545542204
0.00038726599154484577
0.00014183700522366475
0.0003560584004543735
0.0004878406129093685
0.00037040661080184394
5.8057518431317044e-05
0.00037583825493099377
0.0002639130127243403
0.00024578098022022836
0.00025848562946567384
0.00019929136278758636
0.00012374322919883732
9.930764027820151e-05
0.0001820492913614449
0.0002148023771416873
0.00026505425114850664
0.00010909261862579706
0.0006183038316972684
6.32514741448404e-05
0.000339905425662794
0.0002448976674935424
0.000510658359877787
0.00019524937048430704
0.0005900343424975854
8.602393547681493e-05
0.00041084446523753117
0.00032261745958667853
0.0004602197714052524
9.60238796542616e-05
0.000602538322159763
0.0009645661234083267
0.00019599467055867047
9.484877293603081e-05
8.807045211381947e-05
6.543438433039873e-05
0.0002985032591982739
0.00011726105592746204
0.00010019756199462402
0.00042470995683259385
0.00013432519058200078
0.00012141766109005936
0.0003469602395305882
0.0001493567849634794
0.0004382006829106313
0.0005908895746715007
0.00071157393478996
0.00016766141324562085
0.00015449554582967377
6.730511915486762e-05
0.00012490918225293337
9.436678386270972e-05
0.00016174520734071754
0.0007383168954647019
4.636677740090165e-05
8.511458288562693e-05
0.00019679499854378664
0.0002105360274007004
0.0001123352749493023
0.0006498162736195632
0.000863037494410248
0.0001514590881271087
0.0001503762209634288
0.00012102419049548962
0.0001663156824405483
0.00010069447492398972
0.0001182181206966111
7.084333908719266e-05
0.00048352119372230225
0.0002259726803211271
0.00037556050166844256
4.8440479333178676e-05
0.00011535030234504952
0.0003951577701878168
0.0005463330401821998
6.518985955139862e-05
0.00036560162479611557
0.0005931209683358754
0.0004772435608769365
0.0003382258539219263
0.00012759145065980576
0.00019718483466039678
0.0004251029250767043
0.0001281375566292572
0.0005967861114881583
0.000248536010505424
0.00016463899525838926
0.00044390903508798946
0.00017723875540632573
9.442760611761084e-05
8.058099380559819e-05
0.00014954080581379713
0.00018352386823386574
0.00010634112718561363
0.0006139007004887937
0.00029679891347609693
0.00013760759389601254
7.876013549060975e-05
0.0002505351348770806
0.00011632246025506162
0.0004867367754198538
0.0005073871094187816
0.00020269716954069174
0.00025248539485304164
0.00022996632662859352
0.0010390822021457914
0.0002690546025268455
0.0001875627956693562
0.00020389709778358966
4.593092417489959e-05
5.811177041607378e-05
0.0004540998225411131
0.00025003275416709343
0.0002958518114398748
0.0002356069547470958
0.00042240484060086775
0.00013274806890950044
0.0002224371254879041
0.0001587619059069163
0.00048613809125331957
0.0001666213719256938
9.846274105776944e-05
0.0008991264161720852
0.0005342978302598168
0.00023250526589099375
0.0002778022604677903
0.00017150804291472897
7.22338960354063e-05
0.00040204696462516206
0.0003231099679623576
0.0012965374567816194
6.803510224893972e-05
0.00029215619463857995
0.0001475343486290676
8.611658139377125e-05
0.00014675729489997712
0.00016503515392026435
0.00024137029826245098
2.7895975849857277e-05
0.0004958751411252538
0.0001149860944320049
0.00033160970106730877
0.000615549732295579
0.00047252439272242353
3.706060182044466e-05
0.00012015925462182739
0.00016197252223757006
0.00023714017399565745
0.0001260569448763588
0.00038540969688087616
0.00034555749524086625
7.965602827358971e-05
0.000519335021214698
0.00013210005657007332
0.0011420934346262962
0.0005862061859453553
5.8314300442327664e-05
0.00019547268288101546
0.00021756848137271327
0.0002838034672474481
5.536814601758615e-05
9.387876927058919e-05
0.00013949906853116052
0.0004080130109290301
0.0002941536511707344
0.0008701866013833166
0.0003038149534884193
7.728502748001436e-05
0.0003898907399596838
0.0004366902456138017
0.00011353031638943197
0.00014744376090182102
0.00011607433973093615
0.0005336943706667507
0.0004061787086015329
0.00019483525634551656
2.8732637033330897e-05
8.131503913407199e-05
0.00015046593118493584
4.741900088938348e-05
0.0002554911643534544
3.0031159085232412e-05
7.870988389130849e-05
0.00012911763380015092
0.00025112879349346086
9.670848943474758e-05
0.00028229154570495057
0.0003595884924622833
7.608107233995108e-05
0.0003050909205281933
8.437791262767938e-05
6.635099027487215e-05
0.0001567065461857154
0.00038462121157256803
0.00015394022517955668
0.0002372690660676065
9.560307135032716e-05
4.461108102818513e-05
0.00031859113911827713
8.671722625267106e-05
6.49960718638026e-05
0.0004396351609634887
0.0002727457880822177
0.00019308712658447512
0.0002877329640818249
0.00021186513574918698
0.00027128412596752314
0.00017239662737137486
0.00014234513999080838
0.00032051880098780364
0.00021696893986821876
0.0002676122278786817
0.00012480933222472706
0.00028676389155316316
0.00023855825221774234
0.00026802646481311593
5.2541622867854635e-05
0.00023461277311960619
9.431003111643954e-05
0.00010935789986912372
0.000193717887940572
0.000272874730182999
0.0005138864714622612
0.00022594802803532315
0.00020491930598357154
0.0001387588356443611
0.00014129280278627374
0.0002573631332736615
8.215055363862951e-05
0.0004924385602351886
0.0004042844414129152
0.00014014780647680344
0.00018409015562993137
0.00023593509305396123
0.000224273681909298
0.000434476917617928
0.0003223923771431249
0.00020808925340635371
0.00016956393667786167
0.0005845451684065654
0.00017088914898246593
0.0005091937767403218
0.00021518664412331938
0.00045798425549285223
0.000848511210871531
0.00016397457833326677
0.00014278479924517218
0.00010662293709129118
0.0002614260099193942
5.2137725783832345e-05
0.0002545242478656631
0.00014429833629772378
0.0004045178888254405
0.0001494930414009577
0.00018123573270633944
0.00030726135022258837
0.000543790983064473
0.000251166354561925
3.285120067300775e-05
0.0001910886934845563
6.84127695833986e-05
5.4972801972441135e-05
0.00014445023485875336
7.473752256585064e-05
0.00015836236597184902
0.00047249572586195607
0.00040027238979221887
0.000659858486853822
7.129551006908648e-05
0.0002449541906244359
0.00015829624286594325
0.0002769793959643349
0.0002909827175046266
0.0005113132360381327
5.072921757175106e-05
0.0002352100102993289
0.0004191146400126761
0.00028213712411776827
0.00039256948968225785
0.00018823921044282106
0.00014337980889232862
4.583614036817235e-05
0.00019060113828501925
7.067707127438723e-05
0.00017601459445306292
0.001372332356555702
0.00013758672549425593
5.244816648321582e-05
0.000261871666305944
0.00012596780334724362
3.2030622843476376e-05
8.795089941260414e-05
0.00031873033879387455
0.0003498336283824503
0.00021182741626880717
6.0705542343309926e-05
0.0004150959199693083
0.00018553796577717625
0.0001481442329028965
0.00043073713773685306
0.00025968277640037066
6.923387521651106e-05
0.00015714113945647248
9.92767995426136e-05
5.702678902034906e-05
5.745924676979617e-05
0.00042168572721110924
0.00022134752936308553
0.0005015476815724081
0.00035339905183386474
0.0005911236179400401
0.00022088042003517408
0.00022114156734176493
0.0002592452551748028
9.952699517976446e-05
0.0002307401252981516
0.0004736282234502233
0.0001520895733374118
6.177093721395485e-05
0.00021352169961664214
0.0003111425000474712
0.0001984322379440781
0.00026934869943790016
4.26314135601751e-05
0.00014123687920102905
0.0007540450154323097
0.0006218911257936086
0.00017811075331387993
0.00012631563797949017
0.00015434140231151622
0.0002768843926377977
0.0002327575138396437
8.548953661859066e-05
0.00016418396524305287
8.518701099865322e-05
7.619952904313135e-05
0.0001871035385215065
9.731304580646853e-05
0.00015840286654984534
4.916767418785292e-05
0.00014227155335527314
7.636707732707519e-05
4.3368898089748045e-05
0.0004546806369850322
0.00039457155610633473
0.00047463236171040523
0.00029560276232303435
0.00018131314578199943
0.0004841648138645891
9.713238745642665e-05
0.00012990720193846672
0.00023671793072482949
0.0001525907638489598
0.0002513996399680134
9.664474504401206e-05
0.00036732920403704676
8.033334103014262e-05
9.614997499968329e-05
0.000271948083660715
7.362782480287462e-05
4.259077298080612e-05
6.292367557651108e-05
0.0001432567308186924
0.00013463784390907953
0.00011502911465729127
0.0003014410478451604
0.0001941916550345955
0.00035427644910892685
0.0002808240394476901
0.00018277736003493526
4.806561804336885e-05
9.670366662778048e-05
0.00027418623769908453
0.0004513040693443461
0.0001977777744936477
0.000254248228708014
0.0003526119907169418
0.0006407647380480985
9.918553898592017e-05
0.0007562966481018578
0.0001305242373238597
8.121549340024858e-05
0.00036197253951664074
0.0004670354996891757
0.0001950697744600486
0.0002437578193913189
0.00039016752733161703
0.00045671698297797665
0.00033220615498676836
0.0002220649875325922
5.9380439730812876e-05
3.8846647063467186e-05
9.902598079819602e-05
9.251698786368534e-05
6.595648696102516e-05
7.653910910758264e-05
0.00020767418871081057
0.00011065662637984264
0.00017687771455533548
0.00027372025733967217
0.0002909428695094469
0.00026725652034478744
0.00016476291127362003
0.00011363040868403595
0.0005902161314942489
0.0007923136240798875
3.945180704657018e-05
0.00015042834222215947
3.4147210996431675e-05
8.121056052889919e-05
0.0007367208795619924
0.00018809143901205488
0.0002384215914391221
0.0003019791314241706
0.00012415795973119551
0.00021068616827288342
9.694030873746133e-05
0.0005247878665435709
0.00011040086532356671
0.0001711527938866859
0.0001680290948221575
0.000606114377586352
0.0007057569360181216
0.00011728300016545736
7.821420556323772e-05
0.00021101450502251115
0.00029452570259218844
0.00043273202744181837
0.0005037611797860034
0.0003657982117932988
0.00023754284263333145
6.16410630996544e-05
0.0003090058492252673
0.0001425039231680111
0.00017972323005811575
7.265991707965872e-05
0.00013833367776493012
0.0002843095239521162
0.00021643646168404147
0.001205588511667374
4.228438335183015e-05
0.0002404094210105752
0.0003240034729931464
0.0002925382401811119
6.596490419711308e-05
4.5284368135762185e-05
0.00021110449941500844
0.00016121240961696433
0.00019228846929944442
0.00015190122619320324
0.0002567155820971783
0.00042408898574177356
0.00013047382266577503
0.00016000835793145642
5.038993005924798e-05
0.00011466516800862211
0.00023467713201162432
8.104911512897957e-05
0.0005228277005923105
5.713561434728114e-05
0.00010167112714163374
8.156025932898755e-05
0.00020145987698397074
0.0002632572472836176
9.208966421670749e-05
0.0004483618229310704
0.00034434714492549966
0.00024047734585872781
0.00016094642966631224
0.00016950995385864567
0.00020106684424678732
4.6686530224535197e-05
9.566409654803122e-05
9.279177373238261e-05
0.0004954687488993741
0.0001756314706852674
0.0002545085831671694
0.0001798945646103806
0.00013315805445457873
0.00022383077761479843
0.0002923080126312983
0.00025400616438769815
0.0002497667168307092
0.00011548219151924997
0.0001615452945409254
0.0007433548300748624
0.0003240644492336946
6.478524163851383e-05
0.00015480079058908096
0.0001656724404694807
5.900807314546912e-05
0.0002749637593526582
0.00023935452344829878
9.502299032441937e-05
3.7792467023428576e-05
0.00019734127176233716
7.782710824439423e-05
0.00017926531560318607
0.000155111940338922
0.00015389733873465798
0.0003558717108452993
0.00012645657179476263
0.00016935414300042748
0.0001513533015979448
6.51093218977779e-05
0.0001755798857990304
8.523194980216145e-05
0.0001057194266725221
6.139228231674667e-05
9.115077430085217e-05
0.00014232926777215524
9.69095820000526e-05
7.201673296239278e-05
0.00021190987723333118
8.821264683860398e-05
5.232961261846918e-05
9.975373577659181e-05
0.00022212558985822988
0.00014052832584920497
0.00010826478561219256
0.00018395144525551685
0.00024358341033943614
8.396412677872447e-05
5.784656981771778e-05
0.0001456132796106858
0.0004135729109131762
0.00014483036298260934
0.00015024453925244823
0.00011704910168862738
0.00013214411752725055
0.0002427280763859613
5.2138132123936915e-05
3.2110474354609516e-05
0.0003918299153032424
0.00015446379406639746
8.060400873998979e-05
0.0001653526514107632
7.946616128703679e-05
0.00013993711517400282
0.00015510939025836505
0.00016865772094404912
0.0007074463693064948
8.80263911396515e-05
2.0964417634709704e-05
0.0007886020140361879
9.252127110729212e-05
0.00010904266674377457
6.246648162161891e-05
0.00020926873913783956
9.43179448717512e-05
8.872987241900482e-05
0.00047640835060605623
9.217883185968862e-05
0.0002335160949671619
0.0008778395364253495
0.0007590199154408139
0.00013409120348539732
4.4643032547439325e-05
7.245196440295207e-05
4.752615406276071e-05
0.00016494343169279246
8.795135351240178e-05
3.545313461817944e-05
8.761036155033458e-05
0.0001080785676343438
0.00023637872761174015
0.00015045495147636081
0.0008110053839056645
0.0002169111396189214
0.00010278196971441173
0.0002117844726831848
0.00013291179103251484
7.17397654191294e-05
6.84552519880152e-05
0.0001837468231573575
0.00012041219008438982
0.00013493286494206043
6.115806255032644e-05
0.0005690394891466994
0.000120888619962574
0.00016070756274739488
0.0007869606301117406
0.00034760580237788247
7.884557352602628e-05
7.212369791909215e-05
0.0001560508069869688
0.00010452301555371312
0.0003349296318300989
0.0002987896533241931
8.761063975713388e-05
0.00021857701220625507
0.0001228202029922018
0.0007215351954406674
0.00026077949975347953
0.00017414402808800763
0.00022447643102851609
0.0003973313979808958
0.0006842040613719746
0.00017310834230680445
0.000195617242550154
0.00020069952719878583
0.00016341270746979614
0.00020583587218635905
6.78795460844803e-05
9.341242580411723e-05
0.0001514911130094274
0.00035198068197844865
9.468193210961167e-05
0.0002674994578246567
0.00042805408586701443
0.0003412453336037358
3.675955019119563e-05
0.00015276883572775443
0.00021313865069829075
0.0004713282908937889
0.00013424721702684313
6.642657966225013e-05
0.00010805298503287725
0.00010876667856811426
0.00028418290781329856
4.662391671131934e-05
0.000588479036781659
0.0001284770372682968
0.00013122967217247798
6.927589558947381e-05
0.00043946740466141394
0.00026912693553099323
0.00023022432589331728
0.000519637850969017
8.478831236630165e-05
9.696460151895992e-05
0.00015343432115506655
0.00012206901262717609
0.00010924814289808746
0.0002067877546843146
0.0003085919381437514
0.00012239279254533267
9.294640124589425e-05
0.0003017955689958896
0.00037183073345043816
0.00012546733220979918
7.121682233093169e-05
0.00028899880389572473
0.000457244203072608
0.00014426478179810888
9.514311363610907e-05
4.228339981238803e-05
0.00015201214986258987
0.00012522835500817928
3.356079629405278e-05
0.00018855222003109746
0.00015271804157455194
7.561645962748088e-05
0.00018185435697089472
0.00012151511228880918
0.00021039142898609292
0.00010288610857044314
8.370048334907534e-05
5.211469477659002e-05
0.00028569799067923603
0.0003142670360855431
0.00024335287385687354
6.40119933759175e-05
2.61452583383162e-05
0.00025953627511606366
0.00021187334925807313
0.00022411579473044982
4.016138851108279e-05
0.00020963197725878323
4.3701775372230574e-05
0.000329888101717621
9.110318836521335e-05
8.60659184639964e-05
8.154811525726135e-05
8.40612326463063e-05
0.00010705410216610412
0.00020118358747279796
0.00031716564002712874
0.00013275454158247384
0.00012923932975621004
9.641887918282916e-05
0.00020104114011986992
0.00020386885622229273
8.741075803276443e-05
0.001372347605814629
5.91464338860961e-05
4.3494679892980884e-05
5.4052464933920767e-05
0.0003058552746321677
0.0009218348115752499
0.0001520633292603425
9.101258979280309e-05
0.0003850430879604241
6.970955036683023e-05
6.18284952726565e-05
0.00016388501660858393
0.0001377100243470624
9.901126501092787e-05
0.00017196010818036321
0.0003175559999135889
0.0004745117048671137
5.5237351860549696e-05
4.096744374375314e-05
0.0001462459780797153
7.670493073509046e-05
6.08747616465243e-05
0.00012404513052140942
0.00011264332988006613
0.00010879927499778565
0.0001689264041736947
0.0003059399462283311
8.393367487483748e-05
4.7545217560320806e-05
0.00010934542962040894
0.0001693633348573114
0.00022024682801807368
0.0006853863762511305
5.271734768185272e-05
3.030461615796291e-05
3.870604448662647e-05
8.504018162559789e-05
0.00026178811112661463
3.453392413707608e-05
7.999758160061715e-05
0.00016885535584346145
6.017515671944444e-05
0.00028822575513622945
0.00010635629290439931
6.856168502131999e-05
0.00011734269452206891
0.0001947104822624855
0.000173695855706761
4.163602832577981e-05
0.0003457401874535242
0.00024136299171934107
9.885424385276562e-05
7.463404340626296e-05
7.176596816124544e-05
0.0005397101998590827
8.417496529364161e-05
0.00026139528005999975
0.0001510083547149666
4.5835881781929135e-05
0.0001489465949837808
0.00024896003617176415
0.0003444360804012457
0.00039071960025541773
2.5290206677070488e-05
9.20309573661679e-05
7.926177097795898e-05
8.951026359795571e-05
0.00012946200893284839
0.00011988601058619023
0.0004165964890019795
0.00013579125632728057
0.0001688992387563116
8.198942362073683e-05
0.00011644769852985845
9.425842819412651e-05
3.2958980727326544e-05
8.602557240056205e-05
0.00013610280838668537
0.00010698904744186619
0.00039826124467337007
9.798387048928524e-05
0.0001830829646272077
0.0003006951990181113
0.0004922623235507935
6.106865726947049e-05
8.784441873365942e-05
0.00019599774729148398
0.0003893673586072234
0.00012700283776339747
0.0006086317627401312
0.00024044883180392875
7.845336665976442e-05
0.00023423001591860954
9.02050301760539e-05
0.0006692300295306311
1.9141240672722577e-05
0.00044181306770441206
7.540362400386489e-05
0.0003189268839562359
4.14084401200793e-05
0.0004712199018882857
0.0004790004778009141
3.861165593636886e-05
0.00012279743335041012
0.00013358218655589477
1.914498223487078e-05
0.00021682161881971643
0.00019389278650306608
0.00013256786725957106
0.00023473422200117507
0.0004045593541763074
0.00011945846610105026
0.00046773332942559484
0.0001349952945173207
7.812627182401016e-05
8.782644163976187e-05
0.0005078467154738834
0.00024183239815769818
4.184360047156561e-05
0.00020639507642918346
2.9945665489675017e-05
0.00021597710173172773
0.00013555350757651596
0.00019847874451406152
0.00020548423585081067
0.00031484894767445557
7.798724550891998e-05
0.00033263486627400446
7.723865163824565e-05
0.00025959796018455716
8.211289463346676e-05
1.950601786801156e-05
4.002771647650525e-05
0.000553139432379951
3.4375618279221564e-05
9.08019080306049e-05
0.0007759103825298022
0.00011183584249898505
0.00020996999827072643
0.0002072941625855004
0.00019869689209074724
0.00013488761587699771
0.00015789927885796797
0.0006103445656311452
4.6861405649539245e-05
0.00025051738360892437
3.345008597606594e-05
0.00018338221074706374
0.00031192906524727624
0.00012036413282487447
0.00011993616002932672
3.6906140254335254e-05
0.00010058285347218495
0.00011252648593344413
0.00026487825950437667
0.00034915081086319696
6.138473183199575e-05
0.0001978816310326494
0.0011055252691002087
0.00031151102841353335
6.933520267897136e-05
0.00014632964042003666
0.0006606049389313958
0.00043831723922779493
0.00022386505497111662
0.00011995468443480348
5.652714541659312e-05
0.00017086209921088365
4.759497985626255e-05
0.0001012780689598286
0.00025478028755541456
7.028788702086904e-05
5.457100093947668e-05
0.00028888526500348515
0.0002638703047211449
0.0001582071995878318
0.001093756266222715
5.324379114677195e-05
0.0001491875043780467
0.00012160569206884648
0.00030728282739160963
2.8090421217724434e-05
0.000139425062376456
9.141411992215625e-05
3.713291380700592e-05
3.9747448004410626e-05
3.4381864426957106e-05
0.00016910568232025345
3.178286278896713e-05
2.7026575482967624e-05
0.000226688773295884
4.521786486558931e-05
6.676577278349364e-05
3.7423591390602475e-05
5.267864502210441e-05
6.20335926754997e-05
5.039265647850636e-05
0.00038919902110608467
0.00016734781149474028
7.80761321806527e-05
8.717021665723219e-05
5.499075196243507e-05
9.080543984342088e-05
0.00017241087065154046
0.00010802243069538321
8.797838280892057e-05
9.663481896778074e-05
4.864584002085773e-05
2.1793784838322322e-05
8.709784697325566e-05
3.1697834656194737e-05
0.0001563218302137681
0.0002969213205151309
5.773688767674326e-05
8.788448878519282e-05
5.6520496060648316e-05
8.017844247215354e-05
0.00011170526943939346
0.000471318917109494
0.00018775244091648785
0.0002087391298981214
0.00011249526741038256
0.00019267279774999393
8.236841911843002e-05
6.561396784401871e-05
0.0003645988553224902
0.00029260671310183485
0.00016912303357219475
0.000254571592413254
0.000118608194002291
5.804408994703551e-05
0.00030911081860072185
0.00017406282071476316
5.540270337239769e-05
0.00039984172301767645
0.0001351878281311427
0.00012201708569199638
0.000182094653347108
0.00027593089896104376
0.00014991261039569247
0.0006691288516678554
0.00015037578781080355
6.106038201311595e-05
5.583288700387187e-05
5.9352688384902815e-05
0.0001232418198891546
0.00012245570159922177
0.00011577027778028435
0.00010694482579683087
6.25051662062993e-05
0.00013811625282964747
0.00022570608424622523
4.378554125673193e-05
0.0002505996233023799
0.00017743034812936503
0.00023578847071788797
0.00019659129387888843
0.0001521814135261366
6.312475341007479e-05
0.0002503346620883502
6.50015746329126e-05
0.00022441186357874512
0.00015119749515673356
0.0008313690383367157
0.0003415195866778387
7.490293045316155e-05
0.0009384992891556451
0.0002204697323623696
0.00017582809030540123
3.619460597441298e-05
9.080613122429697e-05
0.00021233712795464387
2.79044165952424e-05
2.9838297409252185e-05
0.00014992027576576258
0.0005344371334241582
4.9508321303130174e-05
0.00010820116109354599
9.368725708951218e-05
0.0002966574259993449
0.0001371974196744775
8.827413658212263e-05
0.00036513558072404935
0.00011088726844237745
6.268194627697757e-05
0.00039702084650151997
3.6420584516308145e-05
0.0001808120585721383
0.0004997470702836067
6.721028415903571e-05
9.792167180919652e-05
0.0001709092536894028
0.00018381373831056406
6.257012237580276e-05
6.406773643114647e-05
0.00019346031608566584
7.355336729991016e-05
3.926886813551715e-05
4.233319944415355e-05
0.00011260412106454352
4.986089587049471e-05
6.980508548877222e-05
0.0009668375409850402
5.9401569379769254e-05
0.00044772472181074197
0.0001229652716156664
0.0007085249993616892
0.0003036707864386155
0.000524648072579043
0.00029941937713375526
0.00031539784917208354
4.536064527390756e-05
0.0001290319818743187
5.3008233598637e-05
0.00020133801792658528
0.00012742896006326103
0.00022940573106808895
4.493448795624887e-05
6.442254599458104e-05
6.323337625206775e-05
4.3961752348583045e-05
5.154904256669172e-05
0.00046164803437797176
8.838093725505103e-05
0.00012241757468898451
4.7393556027292065e-05
6.702473234776178e-05
0.00013901647689044914
0.00018101806017100627
0.0002580218436989954
0.00024375841744055498
0.00011660425406958252
6.211779614152022e-05
0.00014954117154291038
0.00011706463663900138
5.381430540138664e-05
4.738524694987325e-05
7.446936654089182e-05
3.853992101600959e-05
0.0001225487307283535
0.00026661950071575234
0.00011774256371841404
0.00012110652510657029
0.00011860511991267848
0.0001496511047707154
5.36805058485572e-05
4.75894592136348e-05
3.857530040425164e-05
0.00029087002179654323
8.397606946599147e-05
0.00023399641648751547
9.204691238655359e-05
4.660343060563579e-05
3.44163621923466e-05
8.210039681086938e-05
8.399398260943846e-05
0.00024529784098371177
4.041174455610843e-05
0.00013787225483996563
0.00012511324618849783
6.0491100690884755e-05
0.00015375295639224359
7.833637421623518e-05
0.00016279356948723615
0.00014241631840447913
0.00034155061199558234
7.643968300575046e-05
0.00010054324429689203
0.00042571733068337705
8.453710385814744e-05
6.049608927369638e-05
0.0001513718880816158
0.00015147131546538016
7.665613237105085e-05
5.399203517456495e-05
0.00021196470115514282
4.307017161769681e-05
3.076460874155855e-05
0.0002105410844243162
0.00011987361741515268
0.00031539158442436284
0.0001134907796737026
0.00035604629778608117
6.644089076848673e-05
3.430056373200284e-05
0.0004042354746509593
4.368605924323241e-05
0.0006011339074558885
0.0001787611516109591
9.353525619506326e-05
0.000137065497838985
4.3898313194055765e-05
0.0001995221416233523
8.017041571624052e-05
8.41725677157528e-05
5.8677124860555354e-05
0.00021889353667238685
0.00012881675504270319
5.774370754179573e-05
7.214985932020838e-05
9.416261556130203e-05
7.547727022650287e-05
0.0001736848945537978
0.0002817203431613887
0.00025095517247986755
0.0002854334614161428
0.00011966468880982656
3.238879475188751e-05
3.81889216799066e-05
7.045636995145825e-05
0.00017986639293483028
0.00011259716991303716
0.00010167848740213566
0.00046319660967554993
0.0001979144741156579
0.000146366764516707
7.901659582133382e-05
0.00011533990159134373
0.00011548611573682626
4.9997356942367125e-05
0.00010102113720387769
6.095713572519084e-05
0.00020829816217134056
0.00020044635886128572
0.0003094316401000397
0.0002826171839401527
9.109037240936089e-05
3.9487214278480935e-05
5.380113642294184e-05
5.4307305705466584e-05
4.289958591910739e-05
3.616199577892003e-05
0.00011894713678509529
0.0001509566817782926
7.492709726070114e-05
9.469359942746442e-05
0.0009134331876400314
0.00012983080874971604
8.135248020287184e-05
0.00021786447380244507
5.840951654215114e-05
5.804941736638696e-05
0.00010298531587219275
7.406006919038638e-05
9.057231804953472e-05
2.7058189491484502e-05
0.00020055414368363932
0.0003344785526754445
0.00017748074515876367
5.977595653703943e-05
0.00012467625916614153
0.0004965694420444234
0.00036338816127180805
0.0006693827560956619
0.00048941319432426
8.053800346031491e-05
0.0007008723551323547
0.00021154426153517902
0.00021233979180550292
0.0001760007158198545
0.00013115327532281867
5.830955948419127e-05
1.9692974875340665e-05
0.00015823931143202894
0.0002943075868126236
4.214163229655329e-05
2.80110627474484e-05
5.827205398990033e-05
3.630094561262946e-05
3.8400601897059806e-05
4.0536019567844245e-05
8.336697720535268e-05
0.0002495040745543352
0.0001644093049827498
5.8417176609837655e-05
0.0001409770189979033
8.593418383558455e-05
0.0008728644027165085
8.267707522155325e-05
0.00014791078583340297
3.406625484319089e-05
8.582015231558253e-05
0.00010488908924109801
0.0008509907972524516
0.0001365186736953857
0.00010227327271254469
3.696406188946481e-05
5.685462289307454e-05
0.00011376079560253772
6.214826296802588e-05
0.00013534517497225182
6.793956712342087e-05
7.474490483021858e-05
0.0001225358853891103
0.00010929349798208174
7.508206662733583e-05
6.705720501715705e-05
0.00037344251968075864
5.104306220876739e-05
0.00023721916844141833
0.00021439768798701996
5.1758416554212335e-05
2.8556775721440213e-05
5.166346949638163e-05
6.115462489531077e-05
0.0003681962484439649
5.6494028335358526e-05
0.0001575592424853087
0.0002974177813747872
0.0002055957092632418
7.049075393913516e-05
0.0001548586694384375
0.0001755284424265213
0.00025186763006064734
0.00042316489778776136
9.779269897903987e-05
0.00010909199102199184
0.00037346837302475026
3.37258241890099e-05
0.00014062456898004974
0.0004165590872741914
9.663237136559544e-05
9.307756203648707e-05
4.605332470000615e-05
0.0005502441576223186
6.0274060285636474e-05
4.115779363906054e-05
3.075255932736813e-05
5.0906182269557164e-05
6.982579230975714e-05
5.88517243103426e-05
0.00020644456760975444
7.854840830349023e-05
9.295970179338214e-05
0.00015813896323793947
0.00021761263018322006
4.9775698785184986e-05
0.00016735904196012765
4.8670072899436704e-05
0.00023196618345390182
0.00014229083024922115
5.845206184367589e-05
3.3974753813221096e-05
9.779143560486743e-05
0.00015106094146364945
0.00027712939588230885
0.00018082301159568702
8.747060474334874e-05
0.00010339616998693757
0.00019221890533971465
0.00042750606628226496
0.00014937362819817721
0.00024271812106464567
9.537373323551089e-05
0.00033936151600623437
0.00010711748781366018
0.00016831597945448132
0.00010815434368295282
5.507756056757552e-05
7.663636969645882e-05
0.00010129376333903576
0.00013743269423942473
0.00021336758780561704
3.268046490179529e-05
0.00010107166677767623
3.742796807112317e-05
1.912024606274034e-05
0.00013422390896009517
5.1384564905057236e-05
3.51103494949659e-05
3.9709559020039456e-05
0.00018767856955157893
0.00015097290082523703
0.00028686972201693943
5.0412949825109357e-05
3.692335043627724e-05
7.177320677659317e-05
6.763834240375732e-05
5.2372272601484835e-05
3.834735986843074e-05
0.00011689059545491485
0.00010173859401897837
0.00013410145869902377
5.05815766322907e-05
0.0002934268336339162
1.9422306128743064e-05
0.00021122622495232073
6.021889069836297e-05
8.1283766400989e-05
6.018993116724499e-05
7.56631703391701e-05
0.00012254619259143614
9.797660654372375e-05
0.00018597244524355395
3.034483575292978e-05
9.564801390337882e-05
6.082671757434235e-05
0.00012501480113251992
4.960663458351606e-05
0.0002067395544434327
0.00011672162789490771
0.00028377709308707454
6.43413889308409e-05
4.696348940822654e-05
0.00014067587010264192
8.51241418486564e-05
4.145747785553918e-05
7.893268179150357e-05
7.571576924467295e-05
4.535204903571902e-05
7.279688257340487e-05
8.467055788997663e-05
7.997012959491795e-05
0.00015292444758281071
9.704846186145419e-05
0.00018053855828379956
2.657521804304967e-05
0.00010956735506200533
6.0688211405310466e-05
3.562054144915859e-05
0.00011637458728328558
6.757250483990818e-05
4.0962479719038465e-05
3.560062989893043e-05
9.813878883460247e-05
0.00017512547780761364
8.98421898417028e-05
0.00013193505383298884
0.000387814665972533
0.00018673378690301398
0.0002461953205254282
5.5811510302396996e-05
5.4109683352293256e-05
0.00013703029340238622
0.00023909860010158743
2.941182076714084e-05
0.00020835788767378807
0.00019820663106771952
6.0690578506134215e-05
0.0001185142861168128
0.00019996558630475496
4.6670142821992485e-05
4.507221445486343e-05
8.035011218207959e-05
0.0001769446244940415
9.699653268928274e-05
7.038135902986514e-05
0.00015147042656678546
0.00011979806162463562
0.0003210990734036465
9.206755142243408e-05
4.6072671791480695e-05
5.172242824222754e-05
0.0001466198729068109
8.084038399756577e-05
7.35251658464217e-05
0.00016885661282574742
0.00012126595875079265
0.00047376853355201074
0.00027169852522418843
0.00012501682088564674
6.245468443656406e-05
0.00010822849671210795
0.00023568146075848872
0.00022477627982958582
0.00022145312932033077
1.5393929303285034e-05
0.00013858524252917636
0.00021217072300400082
0.00033880898134310347
7.007799540068434e-05
0.0002452795382069913
3.075715515038136e-05
4.2324334353761674e-05
8.840885842857158e-05
6.110315742705772e-05
0.00029114301152791946
9.551291250212958e-05
8.832597086575001e-05
5.1343312692333634e-05
5.4666888672914656e-05
0.00010973832277060648
9.220482608575312e-05
6.688091078599725e-05
7.256153866218496e-05
1.3891726071202185e-05
5.027926292463153e-05
3.980053786411905e-05
6.231904268750846e-05
6.914628534250493e-05
0.00014928833487119102
0.0001687447362115779
3.8388100909797756e-05
3.402689602300895e-05
3.165379266580489e-05
0.00012632406555970706
0.00015365305744170817
5.993290589108707e-05
9.762333402591546e-05
6.366917108049228e-05
0.00023426003086948784
0.00043535213661613454
0.00010634807663688051
5.041050729249884e-05
0.00010495120616195253
6.339901141991844e-05
6.892114578929959e-05
5.2047495714572565e-05
6.57481142146651e-05
9.969144141187623e-05
0.00010050995126101092
0.0002658516897369875
7.564195432504796e-05
8.418601490972715e-05
0.00025897710044452203
6.740321359231046e-05
7.472102829892419e-05
0.0001578120976832314
5.994682448408192e-05
9.521879343205942e-05
3.6999792873048645e-05
5.1688162221402046e-05
4.461154211576595e-05
0.00010336375998206165
0.0001020083761192767
0.00015266580360317702
6.647495105888693e-05
0.00021040925838781096
8.779577755010134e-05
8.460326582996732e-05
9.95021928977327e-05
6.1835376665745e-05
2.7755073763806415e-05
0.00018644200058336594
3.6786525145654674e-05
0.00013916389919064296
9.347294904249242e-05
6.528711948913382e-05
9.358689970205963e-05
0.00018350060713020623
9.042514640582281e-05
0.0001231017239553681
9.603275907728567e-05
3.332781530346964e-05
0.0002619120097788126
4.232072420687508e-05
0.0001716600762241012
7.330859615495126e-05
3.3899320871700726e-05
0.000209247736565786
0.00014742086716502568
0.00012052871932441948
0.0002758665244751454
5.884614791707842e-05
6.165749486737104e-05
0.00012637856498752374
5.859110134431916e-05
0.00011756332121020125
0.00015653502829542359
5.638867162730931e-05
0.00016731777812602227
5.87589097918737e-05
8.364854963065002e-05
0.00017437532517796113
4.5371562487897124e-05
9.656180147942214e-05
3.198702478936502e-05
7.885864769106222e-05
4.3767884832281666e-05
5.036511420379483e-05
8.025845580983858e-05
9.96140131860474e-05
5.9450806364840136e-05
9.327934021348278e-05
0.0001962648258767531
0.00011730818173829871
0.00013918623149599744
9.74400641952928e-05
9.961048024532726e-05
7.280623078562905e-05
3.902941969527134e-05
7.784059292675606e-05
8.513010504779656e-05
5.6726801204397246e-05
0.00024021997706256712
0.0003414269029861611
7.728907159656582e-05
0.00011259336025517981
5.241146943093709e-05
3.508116178591478e-05
3.787782531042169e-05
9.743825887887337e-05
5.267092123384051e-05
7.583361433897375e-05
4.436419480514366e-05
0.00011238972396034023
0.00017761839110689884
4.9903601331989546e-05
4.207453821742981e-05
0.00021242765495387976
7.156511795569203e-05
4.132674369815214e-05
2.7916892404394486e-05
4.167290623532206e-05
5.43544199948862e-05
9.955032556412981e-05
0.0001966523265700639
0.00019977563312942
6.495936258507233e-05
0.00011420230656083024
5.18116790486914e-05
0.0004716356573222794
0.00015015793867704776
4.1280983805839363e-05
0.00010486292171870337
5.233245341041195e-05
9.374343190228026e-05
7.257800049517204e-05
5.874375715047488e-05
5.429226238671973e-05
0.00018357885915408926
0.00037629518300411074
0.00015742385752626523
6.051265805737959e-05
6.356380613723086e-05
4.538488846256261e-05
0.00017557230178003115
0.00010994298873179622
0.00026967401821021287
0.0003071059631144879
0.0002936244960085309
5.0527500199648587e-05
0.00013316883576443517
5.3399077190807845e-05
4.005207463293365e-05
3.700712568702087e-05
4.579582516454117e-05
5.965963298202642e-05
9.39286093343376e-05
0.0001729979624923107
7.954319741003247e-05
0.00039921265347291643
4.611996530322679e-05
9.217491631557683e-05
4.371745179418434e-05
9.174676259182874e-05
6.564660516971619e-05
8.361335897435626e-05
5.7994128744915845e-05
2.610520276850268e-05
4.884488848752612e-05
0.0001489839408937461
0.0003852260107282333
0.00011524532686936728
9.076108237639727e-05
0.0002481142446307823
4.538077209958892e-05
4.639974602386657e-05
9.85359825017339e-05
6.035024234925331e-05
4.847230244406168e-05
6.98942556153565e-05
0.00010159259757132388
7.748620906595001e-05
0.00025910509453852163
6.0762739053166e-05
6.110785020098315e-05
8.807002754937525e-05
8.490467752688111e-05
8.349796992359477e-05
0.00010803496400109275
4.3249442012442915e-05
3.180435165936417e-05
0.0001545839676566638
7.20492890660888e-05
0.0002777529308667592
0.00019657613960957754
0.00024164737942116587
3.287745305976545e-05
0.0001419524752962094
5.0918076346861134e-05
6.200942767765515e-05
5.6169985384995846e-05
5.959686320176724e-05
9.105741094876827e-05
0.0002103184272429511
5.4900620194835286e-05
0.0001032365487689083
0.0002459060234213376
7.629059062479322e-05
8.09842958151474e-05
0.00027418275759357423
1.8925586991557573e-05
5.6385697115999376e-05
3.233295811124715e-05
0.0001893418390794598
0.00014881103470301034
5.4727899266874534e-05
0.00019313044841216587
5.1611755776475336e-05
0.00010336794765767532
0.00011207613324789495
0.00020530761699197024
3.3646071499174856e-05
6.643711729702821e-05
0.0003417617322566717
0.00011838550356932338
8.033871955452512e-05
9.293916759797926e-05
4.79320934250859e-05
6.927943405250643e-05
8.531920978641625e-05
0.0002541293342851213
3.339320952366179e-05
0.00011319476446964198
3.9516054555798104e-05
0.0001463272688202112
5.3340111416147305e-05
8.310180667172486e-05
2.7535717500170138e-05
0.00014038795166602721
8.87233695412302e-05
4.324974408994535e-05
5.456610676611264e-05
8.418310448278545e-05
0.0001651180189531763
6.025272445262731e-05
0.0001129494754867357
0.0001032166735694113
5.930958437530474e-05
5.346923419533101e-05
2.1668576085828136e-05
3.137008704903424e-05
0.00013766429405419567
0.00013342766297767532
8.21769080767973e-05
5.4599350110561274e-05
0.00035532148949268713
7.538320255812597e-05
0.00026053847594360505
0.00035922508259853464
5.555367807166341e-05
4.9380257907276046e-05
0.0002934321708347993
0.00010220239231830139
4.824230388569119e-05
0.00015549906760344627
4.625279081161643e-05
8.826030281348533e-05
0.00012049494393341916
6.465704658113378e-05
9.396356496560518e-05
6.562413261893426e-05
9.101881589553013e-05
0.0003338425979339017
5.0033166694464256e-05
0.00010047945120292824
3.8614553247927756e-05
2.5807505063260524e-05
7.997793868476193e-05
0.00012794561447606746
0.00012119204860544543
0.00023648432460132227
6.970787470035089e-05
0.0001544386258979891
0.0001222654723313403
8.52083003319636e-05
0.00011868796395030274
0.0002244437398502198
6.423733241048347e-05
4.639053795931506e-05
2.1910448443370252e-05
3.0501900798469143e-05
3.795804753540692e-05
2.5926516826254555e-05
4.040093840421842e-05
0.00022899590480368777
0.0001104398855791393
0.00015585687248092337
9.780165532662872e-05
4.703954133821198e-05
6.0576158296779985e-05
3.1296198546425896e-05
0.00019368516152791783
4.816924621755453e-05
8.549824110574557e-05
8.742784455176778e-05
5.230614512954219e-05
0.00019424993411102244
0.0001980560875922029
0.00014832805354767777
8.14504911217607e-05
4.5757415193347804e-05
2.9904891327522925e-05
6.888619610120086e-05
4.542447182847019e-05
9.017633573588285e-05
2.450853143428409e-05
9.969910625940786e-05
0.00019408082622150686
0.00010771671948858645
0.00012633103627177333
0.00015158009985327054
8.723929205327869e-05
0.00025877518057616864
4.392002139174104e-05
0.00015187141839380765
0.00031353853380639506
0.00021388160202981247
8.930324656939876e-05
3.372055368761408e-05
9.650669782509862e-05
0.00013875549032820277
0.00021751262108076513
6.434014558673135e-05
0.0001287068106680301
8.492926187701982e-05
0.00012528017279803022
7.812012102934497e-05
0.00016302794085705486
0.00010383964334806497
3.6089713785485436e-05
9.979450056312105e-05
8.338338972059562e-05
2.1512909288122397e-05
0.0001986802477509623
8.702367740551879e-05
3.6220718656806504e-05
7.434598917570884e-05
3.9943466261581e-05
7.498733185456323e-05
0.00011624402235716211
0.00010739636478910927
0.00011698068468945267
0.00010761046465348443
0.00016624695133817988
7.590217237351265e-05
5.223537433446818e-05
0.0001626052169180062
0.0001643597804112558
0.00019341825057751064
0.00010901331588653252
0.00039171833968141374
9.914719179095442e-05
3.0212958451104647e-05
8.524097128596732e-05
0.00022494040723740718
0.00012651730684266492
0.00023504740959295724
0.00018046266352608726
4.3388555641303745e-05
0.00016947846014032187
2.7680963426494388e-05
4.993197589895028e-05
0.00017345046574928247
3.184177069951719e-05
0.0001486172987797364
0.00013169640592862128
0.00016314324340488127
5.895189962936189e-05
0.00011723263711652087
0.00010045467480776668
4.811639381217687e-05
6.169793974965232e-05
8.492860930313857e-05
8.841861515045566e-05
4.7760414620829284e-05
9.151603604321808e-05
6.839805110739106e-05
5.7587098549236394e-05
8.123026291733935e-05
0.00013632119367398216
0.00017903792756223392
2.4910562376898722e-05
9.260095071662537e-05
6.335424922329828e-05
5.1834279489408815e-05
0.00021113197160097397
7.574677030029682e-05
5.984110755216703e-05
0.0002396157802152713
4.6234360058847576e-05
5.010251653954781e-05
0.00014428824562632327
0.00021668743080397064
3.356751226429046e-05
2.2508419338434103e-05
0.0005006087677237386
5.7224324184603566e-05
3.317569103468647e-05
0.00013397470716707775
7.665236406112261e-05
2.274279054113447e-05
5.920653047852639e-05
2.3784960564484356e-05
0.00019729704849891748
0.00011701187806171704
9.877045945057054e-05
3.4363821416767134e-05
4.1077849513236815e-05
6.647004188525441e-05
7.069796016718586e-05
9.613467676042611e-05
0.0001481053421695958
0.0001456258482456159
0.0003303054312297672
9.87846454504841e-05
0.00025880542507230334
0.0002039858341881903
3.707766801593516e-05
7.067580779854536e-05
8.72633664696837e-05
7.635029085839291e-05
0.00011877359773460968
0.00013911254364234045
0.0002172665276365506
0.0002698878127473338
0.00014910326334161833
0.00017961755520180098
0.00010582444163748806
9.537484992959583e-05
9.331439218711394e-05
8.780193665531865e-05
0.0001336312593670168
6.21606389599721e-05
0.0003612530892963791
0.00029949920780720227
7.704343667354273e-05
7.22513208492248e-05
7.259418432353092e-05
5.208780939539204e-05
0.00012869458634799134
6.46265334625792e-05
2.380539326506276e-05
0.000205996740529052
0.00012192998024179707
4.106323732305451e-05
7.424772145657316e-05
0.00010360062217107577
3.457936213414632e-05
0.0002471704147336182
7.303617644813903e-05
9.652183385730401e-05
5.278515648325762e-05
5.36568361088142e-05
0.00018492994692527714
0.0001732198607186173
0.00029134077731988653
0.00012046230958886478
3.4495797678459304e-05
4.0591282942554e-05
1.996645832850003e-05
0.00025984111993644865
0.000166717247069166
9.530990384195948e-05
0.00017591071580294024
0.00010537828274413245
3.660291399003651e-05
0.00010247793517392226
1.566109303817342e-05
3.8842339315748376e-05
9.009827029986736e-05
0.00021509844913866476
0.00014648608971809304
5.552618481931205e-05
2.0600202568534303e-05
5.299992444009694e-05
2.2702715994472835e-05
9.797691148403832e-05
3.551471779402776e-05
9.279679251694441e-05
7.207287966326044e-05
9.872381066200926e-05
5.579017796082259e-05
6.275848441257017e-05
4.724662192213992e-05
0.00010923282502739467
3.991260582991978e-05
0.0001826687551231606
0.0002521521142358193
0.00018130449560492803
5.5808261588210225e-05
0.00013026255114904193
5.428315779734035e-05
0.0002599456373790744
3.20948531426686e-05
6.030924153464794e-05
6.981288990754502e-05
1.9392560852769005e-05
2.0314728265027187e-05
0.00013487051498376292
3.377173931699311e-05
0.0001037550261335952
7.96959793242308e-05
4.09869717694718e-05
0.00010205767243642711
0.00010327572485538759
2.1694642949305222e-05
0.00021581903565853194
3.59231087051498e-05
5.869890118291953e-05
0.00013951862196058255
4.678879885352346e-05
0.00020835623696089937
0.000145398928458671
2.9481687115629495e-05
4.7881491123915934e-05
3.75227362657575e-05
4.999304569050627e-05
0.00024303099151602514
0.00012006664809381977
0.0001589810518715557
6.902538669366996e-05
4.5111675871953573e-05
2.823538127360458e-05
6.636821418365367e-05
0.00010234829569461903
5.401987075548724e-05
0.00013371149111597746
9.413560084236883e-05
5.4352941291342354e-05
0.00013475949762047884
0.0001439594694328877
0.0001444507657205378
6.314285597641696e-05
9.356781748784138e-05
7.815884710432322e-05
4.56541825807236e-05
3.428699439341884e-05
0.0001526471635438273
0.0003112767152373644
0.000129976435053471
5.4016636441704974e-05
4.800159470537816e-05
0.00010643712096188238
3.483171936469746e-05
2.4295196642226777e-05
1.967716080803819e-05
7.547698673586093e-05
7.746558894572816e-05
4.271416291676694e-05
3.458808161720575e-05
2.540210066254019e-05
6.098336375565741e-05
4.8824188371706145e-05
6.649385622608777e-05
3.988363374520743e-05
4.058856387147716e-05
6.470235975249704e-05
0.00034305879643660447
8.96942548758538e-05
0.00021670505321315657
4.834018416565224e-05
0.0002013419135160121
0.00014518169858760257
2.2381786557446187e-05
2.4360116085938267e-05
3.198093908663155e-05
5.4039871502254554e-05
9.684301783155892e-05
9.498323095418284e-05
8.654330077482916e-05
4.9333858392896975e-05
0.00025972100141184436
3.507180512300509e-05
0.00011016797725986743
0.0001409444779000117
4.6653855515035186e-05
9.091759235847343e-05
4.563520248839518e-05
7.29301883011719e-05
6.441443496125233e-05
4.983108199786302e-05
6.596881987975627e-05
0.000125018887836175
0.0001728246803505747
4.295835054625719e-05
7.540263390378338e-05
3.70212029274572e-05
9.564749646545081e-05
8.068858149942008e-05
0.00017238526962911818
4.660995593274422e-05
0.00020673077210283189
5.0150214722168817e-05
2.9538485000081702e-05
3.653803838132368e-05
0.00018597185992255927
0.0003578482092101097
5.237580406721161e-05
4.919949865578169e-05
5.1790702590555434e-05
2.3495424346495982e-05
6.380754042770478e-05
5.575862018660905e-05
0.00024855127788012057
4.2394735446706506e-05
4.355003179064443e-05
3.567752300302256e-05
0.0001365845567633495
8.336747895496502e-05
0.00012460319042729515
5.155143972321747e-05
7.755829793310647e-05
9.793701410789468e-05
0.00017641585466371442
4.842691419551615e-05
4.76404630414607e-05
7.488458737161434e-05
6.554974691036871e-05
0.00011684929306744903
8.559270808838163e-05
4.3892764197327136e-05
3.2282872116150476e-05
7.864316245799471e-05
9.588140442213272e-05
0.00025552473191411284
0.00011184501330034276
0.0001039564552257898
0.00019005433007293114
0.0002409904934260143
6.231080321434462e-05
3.816508683106945e-05
6.744957063446478e-05
4.44002319446688e-05
6.167541150816466e-05
2.769450430440439e-05
6.547207026685818e-05
7.084821072546348e-05
0.00011859134478230927
9.87147151595705e-05
0.0001083165966469524
4.245095277046852e-05
0.00012866380021968343
9.859365744959406e-05
7.910944342696448e-05
4.749206704124981e-05
0.0001382607324606145
6.910324361342551e-05
8.457473388458282e-05
4.377099121910387e-05
5.2722867867833196e-05
7.695515450018226e-05
0.0002393320538354751
4.1071058105529726e-05
5.082863993715403e-05
2.885338442696559e-05
6.222975829943361e-05
0.0001139374590968673
0.00013357228340857524
8.783713454505705e-05
6.159582863820495e-05
8.449285739130601e-05
4.833730343187847e-05
2.9936906387259663e-05
8.767509851737778e-05
3.413820332245073e-05
0.00020068658534243137
8.809649814020871e-05
6.334534355046985e-05
4.6215876346681295e-05
4.89568642693944e-05
5.328985388837042e-05
6.288821514895225e-05
8.345056809842615e-05
2.6109926228794282e-05
0.00028996862651736044
4.829813383605491e-05
5.531482350133434e-05
7.296294056870195e-05
4.974397742686301e-05
4.1420754492385066e-05
0.0001332238548197574
5.98528231714521e-05
0.00017142774657526774
6.540858995650838e-05
0.00016887101678509351
4.890518508542432e-05
3.2484195147508446e-05
6.145555486083772e-05
5.970483458546729e-05
2.69771037394068e-05
3.6534567230055846e-05
4.194602689819673e-05
6.838994142441089e-05
5.9445056025010536e-05
6.958937636599963e-05
8.717886380913944e-05
0.00012536982334292556
7.294538635565263e-05
5.80053894749584e-05
0.0002107732383778404
4.96471757202676e-05
1.9091214823333195e-05
4.9717143734476624e-05
5.5520040286290746e-05
0.00012538783035068523
2.405282657436961e-05
7.233519108603182e-05
3.4137340953447674e-05
9.735719802578273e-05
6.144984054714453e-05
0.00013616011662738003
3.287849450830284e-05
4.0403398416584534e-05
8.820993265903516e-05
7.608647914715952e-05
4.750005527557145e-05
3.7311291946683655e-05
7.806339997653765e-05
0.0001082232622704726
0.00038691964771292827
2.9282722773409996e-05
0.0001633466577221777
5.679796764214066e-05
0.00010726145242698523
4.727747662099202e-05
4.592315890182204e-05
7.350787720009379e-05
5.710735331519283e-05
7.221511221806519e-05
3.6050318549744514e-05
4.377541842723734e-05
0.00011785386946285248
5.4509326254303293e-05
0.0001120561364781583
3.828384873548726e-05
4.052778031078358e-05
0.00012690465147962378
7.867402032735872e-05
0.00032828385163929355
8.863934315421071e-05
8.398809139203489e-05
6.785257334204665e-05
3.839029203290603e-05
7.106387673108916e-05
8.942590977468952e-05
4.637656741319647e-05
0.00013410273293970148
3.8305199697252915e-05
6.889205798966686e-05
3.79882816159038e-05
3.0899617263610014e-05
2.0921624116856542e-05
0.00018210429187490293
2.7221761343481317e-05
0.000309910538495416
3.6865505929826266e-05
9.144665065422698e-05
4.036312261690869e-05
0.0002626703318856409
3.40544417537868e-05
0.00010051093534928431
0.00024283301084675435
7.31562483962997e-05
0.00010261782771582875
1.8772326247548707e-05
3.8685111949572306e-05
4.1773530196650426e-05
0.0002912889513721269
0.0001500902301013145
6.619419456885872e-05
3.911219256648219e-05
7.166351885253131e-05
3.1683539460433465e-05
3.5107136191556663e-05
0.00010195559677169263
9.743788608199788e-05
4.663319806332214e-05
9.27358938140756e-05
5.264046721127798e-05
4.2697507472336364e-05
8.914666412034638e-05
4.047944114859246e-05
3.1197231285442065e-05
0.00015320099976847204
3.545310323340839e-05
6.94114069209323e-05
2.1460765151431385e-05
4.940384475438703e-05
0.00012632722587638893
6.206965484538563e-05
2.8966792872160562e-05
0.0003857554997388553
4.196528357487434e-05
0.00013657034860547609
4.061966205579582e-05
3.0372678941987094e-05
3.1205476910800405e-05
0.00013564629076380215
3.6419677709108435e-05
9.21727478035262e-05
5.8944645478082676e-05
8.569851970542303e-05
4.901014536163309e-05
3.8904641970348854e-05
8.677344337964623e-05
4.4789680978469375e-05
3.5823976527873896e-05
0.00015699480234688398
7.562718218806165e-05
7.537898145441067e-05
0.00012662642120388432
3.227002754085389e-05
4.5622427613169115e-05
3.033347751093075e-05
4.134939785865071e-05
0.00011596789573193732
4.478376151082981e-05
7.458812502435872e-05
0.00019906864883760758
7.276917975106143e-05
8.124770101862422e-05
0.0002610182600560856
2.7939780899927344e-05
6.727706553391915e-05
7.666235303563174e-05
5.8277943469083455e-05
7.393581156065295e-05
3.512718276987947e-05
4.0493370645818074e-05
3.3708875587833076e-05
3.72974556514254e-05
3.877747975463765e-05
4.415557537167218e-05
2.9697048192080247e-05
0.00023021693270568357
0.00017772210214298575
0.00010008469831603871
0.00023536500703608089
7.937710721666367e-05
6.0090959532268666e-05
0.0002170313762868111
4.7607105967900816e-05
7.94832713481917e-05
3.218040101038656e-05
0.0001472187875334357
4.270484846314165e-05
0.00022040399281943068
9.412510379096601e-05
0.00015427570626683323
6.077918333981216e-05
2.3402617692032313e-05
5.223109469901513e-05
0.00013148630982201
4.521951477978811e-05
7.999511802341563e-05
3.0440806343297695e-05
9.77589694396861e-05
0.00010244761699179506
0.00023968698333138284
0.00017106154478384897
0.0001949018334822167
0.00019127259573741915
0.000148784844167042
3.133412252691411e-05
4.0361979009472397e-05
3.451235728752035e-05
2.925197761160412e-05
2.344990564806889e-05
0.00023924381406083893
2.8350101562642575e-05
3.388013309439276e-05
6.226615112766128e-05
8.76597468802127e-05
8.663623542514071e-05
9.379564865314069e-05
9.879296334386938e-05
4.084368410430759e-05
9.742835154888369e-05
5.044574290096086e-05
0.00013626740492957555
4.5138836380696716e-05
9.913105260437537e-05
0.00017299082609840356
4.534652978219915e-05
5.0094833462557934e-05
3.161970816940592e-05
1.0574144891446926e-05
8.641178613463613e-05
0.00012303854240871596
2.6222361912689942e-05
8.891509051628757e-05
4.106224623393607e-05
3.30887980340097e-05
1.1535456921272406e-05
0.00011003933326717164
0.00010797090934695688
2.5633880371096248e-05
0.00010799614829092297
1.9562828412532423e-05
3.8455229567981124e-05
8.814612326537731e-05
1.7919359601671942e-05
3.666704193139416e-05
4.357576261061751e-05
7.891652183659003e-05
6.46394119730845e-05
0.00013604417133260852
8.591540404810119e-05
5.168274713828684e-05
3.780677973832807e-05
0.00010972649980415383
0.00012749566241542046
3.848472241049732e-05
9.051003304884412e-05
2.183390366685026e-05
6.235573892487087e-05
4.957525761926665e-05
0.0001735892806592103
6.741410602009319e-05
5.51412922517909e-05
6.066503289153923e-05
2.7623879910360516e-05
3.519790213571671e-05
4.270580509035486e-05
9.882044672237026e-05
3.5222725310054634e-05
4.326020724878774e-05
4.3202356453247355e-05
8.183537128874617e-05
2.9695003669335895e-05
2.7434562160765565e-05
5.928468676523226e-05
6.850803274625744e-05
2.5505852121129023e-05
0.00014825841661749356
9.64681403224669e-05
0.00024262229007673944
2.5766104282068905e-05
4.156543170691165e-05
5.352218958129543e-05
3.459905873806898e-05
0.0001647632404963552
2.8842585289344466e-05
8.794465558083357e-05
5.010690625670152e-05
0.00011837716580883774
9.529437259610691e-05
6.162859469195374e-05
2.818044111323298e-05
7.961035744652849e-05
2.6439141824962655e-05
0.00011589358240295661
9.560147088728488e-05
4.9467213263367604e-05
0.0002723228961690821
5.537569243451455e-05
4.394625875848945e-05
1.592749269164408e-05
0.00013279894677224141
9.556210550632583e-05
8.602777650346779e-05
4.364840029126996e-05
4.984951087797199e-05
9.717867055822564e-05
7.803269807006791e-05
6.431794140922876e-05
7.551517915669066e-05
3.74694001241843e-05
4.309892999169722e-05
0.0001367010558630387
8.808124515357298e-05
2.3144127881638178e-05
9.175532259965878e-05
0.00012614051759297305
3.339564848296106e-05
3.870113355531275e-05
2.0344553299458185e-05
3.911738750022371e-05
5.043241547143012e-05
3.764468894946247e-05
0.00010421589780853568
8.347343954586676e-05
6.128076896908354e-05
5.0545092210536744e-05
3.626723118101264e-05
3.7350896789033793e-05
5.9997106343046384e-05
3.864686520281039e-05
0.0002017022548002455
9.558008036396077e-05
2.6809621544482695e-05
4.508689679349979e-05
5.0738765720471894e-05
3.5592326155966954e-05
5.947710511576637e-05
4.2631919075967796e-05
0.00016026765680766857
7.008199488341961e-05
4.554905215001478e-05
0.00014998166330944222
4.39009299558787e-05
4.04966018422567e-05
0.00010257185859683022
6.34634819472499e-05
4.566492563035009e-05
2.9354479027879253e-05
9.543326574328799e-05
0.00023342130724933376
3.55618429781246e-05
5.201555565049387e-05
0.00010415619544554272
7.63090925978923e-05
2.5062811928184565e-05
5.180698480183069e-05
5.835282644483677e-05
3.996979319999889e-05
6.667609308393926e-05