0.1102240226397398
0.07809230522367375
0.038632573367973426
0.01936668591471799
0.06539900131586608
0.058293603648343836
0.04107532605649757
0.016130675705223477
0.036080027350152755
0.02918298652168297
0.07821474880759743
0.024151230152121287
0.009725210538729328
0.007407071555757554
0.016422696275215545
0.035841250161085615
0.012514936844266014
0.021542335515683176
0.016533683373969207
0.021014066025363216
0.019223940435352627
0.004338334488092141
0.016579178485037396
0.017005791657232604
0.0048709542902575075
0.013671108934546795
0.0038089263982192603
0.022320555986042583
0.009134218973319366
0.012779431072349528
0.005436565579638136
0.009745020758503366
0.005516660609050463
0.021071990979317414
0.014883642293873161
0.021449192430791193
0.00492259831058405
0.006387267134535259
0.002523643106261964
0.0038286353254905537
0.007177164461154703
0.01699929252774924
0.0066090100707906
0.007543429329451057
0.007720034900809337
0.01127973739883482
0.004058039136796945
0.0063055788412904575
0.0030443971138095463
0.0065710563479300646
0.0026461729265486104
0.013399794811020454
0.004142986903492837
0.0003508498924829077
0.006090834536551253
0.0021003420742060556
0.009021374340418631
0.003373456304332717
0.003790212292841963
0.003168669673013543
0.0031891258392906852
0.008856590928568529
0.002017579026347679
0.0035571832698288856
0.007030014522762108
0.006582420859881081
0.004186434164368502
0.005567150741235969
0.0047968774688335195
0.004120757878955691
0.011665834711068626
0.0064795539265224255
0.0013743859743394616
0.009142836242127788
0.0039423285295485675
0.0070633984632231025
0.00398842499298764
0.0012605985252726903
0.004588849266418672
0.0033632588526115144
0.004460121981534329
0.004410294536301208
0.0016437890067693684
0.005499667197654019
0.002987796134185611
0.003043597514561809
0.0020327991069998205
0.0023825920905015474
0.006578854365797189
0.0003926807377492124
0.0012627127883797385
0.0019307015595155838
0.003837129386937672
0.0036529177338963407
0.0015396193346362184
0.0038045603916040194
0.008092507133086244
0.002719307840762391
0.005869279773278783
0.0040277850382460295
0.0017305174006218844
0.003319382204049714
0.00458052619320583
0.0028829931491510382
0.0009447374528119128
0.00212344199599693
0.004181555264821593
0.000993847441949519
0.011131492097421243
0.004258304855466185
0.002097839147045252
0.002531278801928667
0.007845074576178083
0.0007007588505924401
0.0016576555552347688
0.0035784781257078217
0.003189369868926202
0.002196986103125679
0.0057880608410829405
0.006996713037534855
0.0021109699176077275
0.001975411482868229
0.0016247110996315324
0.0014239807005663719
0.0019409103902929172
0.005378648099780289
0.0013350359201379591
0.0009418189154208284
0.00222291224084054
0.00279732204656501
0.006525123543825007
0.0016632524134913608
0.001066086184360754
0.003288682903682433
0.0016218553926907661
0.003906422781319099
0.001797244355257335
0.001829060386895726
0.001728546763868772
0.00047083434809928925
0.006380952573303109
0.0030628296107112784
0.0017334721429036939
0.0025023706729394362
0.0010378390189982785
0.007837127781250171
0.0014372861588083357
0.0011281242908183563
0.00605652981305077
0.0025153100308753884
0.00039416235155829423
0.0016155449359608817
0.002683497392179452
0.0015346197730375624
0.00405634954254462
0.003036342083158125
0.0009381255246793016
0.0016472990505064435
0.0014026285566227578
0.001887672339979172
0.0015451060931585053
0.0021817346369886483
0.0010756219520427163
0.0011175607297841796
0.005381245922674307
0.0036160809629410783
0.001533929603572897
0.003510416973819572
0.001970787158529874
0.0017163465719156705
0.0026960228195249962
0.0024497120989829123
0.001979289288885145
0.001988124192143993
0.0012354340661454143
0.0005750629544190732
0.0009938556023444444
0.0007806376983253779
0.00497198105440223
0.002554156808907404
0.0023015413842187417
0.0006976947059158596
0.0013114942781217711
0.002015272975994666
0.004445457293109417
0.001762043463869027
0.0025312331676492403
0.00441751468087403
0.0020760686390438334
0.0030878328002541277
0.001912963613974151
0.0031445952940238656
0.0004770078440133634
0.003037847791155373
0.0021026920760657455
0.001336370491428246
0.0029853414831932834
0.0013300816105560023
0.00013052862848173243
0.0023615521849665922
0.003615452093039509
0.002054992162602291
0.0035241463644210868
0.0008509323009013133
0.0030757888046727975
0.0011418492809364025
0.002444740423927287
0.003131223550063965
0.001013911156352928
0.001395344530564895
0.002057350309133969
0.0024087586219342107
0.005248406060361941
0.0040403358568629364
0.0007969951901312293
0.001549476628211139
0.0015137769429706997
0.0016322548559217136
0.0002847098237663926
0.0027167971455773245
0.0007961789342864217
0.0006552216095248924
0.00022675220280399166
0.0017998438150450369
0.002407793469107014
0.002498694689961088
0.0032932942047647993
0.00034419381738879875
0.0017742592039687883
0.0029970929820764903
0.000663336603102852
0.0016056092647169574
0.0035635459837123117
0.0003018263564051076
0.00029946559717045795
0.0008984016784749637
0.0007571704415285428
0.0010673082991899958
0.0009097078601963481
0.0006793520286484673
0.000752608659374361
0.0010931260682436248
0.0021462972880048614
0.001980714588094732
0.00039879797871727855
0.0011018493924666297
0.000895263388384365
0.0008440712248465895
0.0018708099614643632
0.0037409222678092863
0.004042200141504628
0.001914690788959777
0.0010104678482255223
0.0007716557695359471
0.0012724130933065739
0.0006201916352718983
0.003152920678587517
0.003560258858568662
0.0003363263218360101
0.001984267809760212
0.0017958371131374864
0.002261448001211146
0.0011567566092828157
0.00036996379814826195
0.0019921948849785168
0.0014634835186185962
0.002544279277825034
0.0027344451918794497
0.001096796226144988
0.000546094158039414
0.004722022031113425
0.00047349861447864834
0.000813208107918583
0.0010903255514129455
0.0011147398133922561
0.0005954916080285874
0.004730223418014213
0.0008738377826383904
0.0008122285402333745
0.0010580651867608322
0.0021577541976839877
0.00048316059349660223
0.00041199151428403843
0.00021461868550984602
0.0011299167820037837
0.00044995367810660836
0.0006851193458575056
0.00025037688469244177
0.0019943184889705604
0.0017043069633978405
0.0010560531632923481
0.0022032644392266823
0.0019227397602387649
0.0005225744264609097
0.0004972818343741034
0.00027774723629390036
0.0014153219183483438
0.0008212700890871135
0.0012709734930824574
0.0040250724675216535
0.0010585567165358988
0.0009880748355886374
0.001939832390492449
0.000804320497186129
0.0007829083298525252
0.0015578278501932232
0.0008026963579799994
0.0002732781638001538
0.0020305921961376082
0.0027055413080299138
0.0008565660764591473
0.00031186142580794926
0.00138820225353771
0.0007483135959297786
0.001183380343423841
0.0012487512635168498
0.00037866602911648895
0.001153369932756652
0.0011319763912850677
0.0021306850313742944
0.0021530049951707154
0.0017771044789165742
0.0014416499462254885
0.0006258812206367927
0.003067993207606144
0.00045838825379030486
0.0009890577508644852
0.0015337733930616954
0.002102501890925445
0.00024289645587032927
0.0007843794901870678
0.0002083083000621912
0.0002874836640854164
0.00242966276449066
0.00024891436003165535
0.0007122299038237486
0.0012048196172862351
0.0005325366081482362
0.00021633717498029407
0.0013646087837727219
0.0036319876178120742
0.0011427297556644517
0.00045246538469722735
0.0029154565811686526
0.002007269220669485
0.0008479627577422803
0.0010973512938034873
0.00021565698315264604
0.0012115573532367958
0.000502414672900036
0.0004323850422996228
0.0007516630851948053
0.0005707114449025075
0.0014386008197075418
0.0001839954255670289
9.756866504362453e-05
0.0026751778121587564
0.0034172145153703298
0.0009788822065992277
0.00041491873747105185
0.0004974543636230936
0.0004839436937469249
0.002268811084730832
0.0015795998200359076
0.0007615159223970305
0.0005158755076619211
0.0010729889870302082
0.0003823504762244512
0.00031792882829221616
0.0014367989411417476
0.001019222485984417
0.0010978808604183048
0.0013482584096941726
0.00015765092712361858
0.000969718771556728
0.0011068141731978608
0.0007351847573779805
0.003984620840094266
0.0020566344435427697
0.0008027270243254768
0.0005748238578997037
0.0005934730720892606
0.0002699669391129512
0.0005864868942190285
0.0014777875308744322
0.0017381745329910219
0.0006968162423396559
0.0006355541574005346
0.0003620997708647032
0.0011057620454718005
0.0008850114046940668
0.0006732275313857182
0.0002288402965619052
0.0003869847879986318
0.0017123371090281298
0.00020875280612168103
0.0011112639224303894
0.00014149995626402509
0.0014918671434068667
0.00024346223653617604
0.0009731614971126962
0.0004018590311693374
0.00020913173807854757
0.0033095836935981373
0.0007741485575143486
0.0012978506800937694
0.000501110862397087
0.0008730066394733242
0.0014860422638711878
0.002042685241484618
0.0005810960039100904
0.0007285052053245466
0.0018464983154261312
0.000882902998753651
0.0029333340844193098
0.001332951843280566
0.0006164177191369474
0.0015925530655308444
0.0013605126336530195
0.000294415652133817
0.0007204004907094527
0.001471699884171047
0.0006874216103656054
0.0005717424554949806
0.0014167143815916987
0.0017045992777250027
0.00044606027942305346
0.0002737064821983696
0.00039817978580740544
0.0018219600643276969
0.0005131628388913921
0.0008189550891034825
0.00023355488629555864
0.00033985904970669663
0.0010802885001359433
0.0007896968247599811
0.0006176343197157467
0.0018833777681151658
0.0008445713987400608
0.0014599411433235685
7.06058821160694e-05
0.001036271815190669
0.001026937927858823
0.002629633080440083
0.0006530006427275934
0.0006978001319557828
0.0006166827747396776
0.0010620013452747935
0.0006094941387118722
0.0001416985704645539
0.0004959219033763774
0.0006591764404041385
0.0005684764784669586
0.00044674690041927656
0.0005940776070768598
0.0005227244313639771
0.0009047440809239205
8.270925999211381e-05
0.0005229925324900521
2.58247244727969e-05
0.00016253378098542466
0.0005957270583020444
0.0007658685150627757
0.0002725715363387345
0.001062295745184611
0.0004931211189270251
0.0001440529767770389
0.0026785382049753525
0.00030907809618851105
0.002308104157908569
0.00019747075832101418
0.000503779184698844
0.00026176093542746367
0.0004338616931343705
0.0020387810324025203
0.00045810890528790284
0.0004123023134964726
0.000739909224273129
0.0015437643655451469
0.00041258916843751306
0.0014413437995219331
0.000884672377721978
0.0011339550116645585
0.00026012559738950814
0.00024280851580237684
0.001766670113619245
0.0003804187403512048
0.0004218367604231026
0.000517506123485954
0.0004154958979037531
0.0005766994833764439
0.0005975020180237934
0.00021619498420566056
0.0012455140623760172
0.00029902029448068094
0.00028601016573144886
0.0010589779820330272
0.0013249609294638878
0.00016602188894295308
0.0007655210258832113
0.0005892334598971633
0.00044169997848824614
0.0018846821293331372
0.00030480703357866436
0.0007365804979658412
0.00046431270460643264
0.0015046966164650023
0.00015174352668699857
0.0016037893359630666
0.0005038223891825327
0.0005109381014270542
0.0009977882930846261
0.00040932546704757514
0.0004166285890415465
0.0003943934223234936
0.0009479934491035169
0.0007447226695473739
0.0008061579506716144
0.00018186120418069404
0.0004067101103618741
0.0008129104779154991
0.0004271223235179638
0.0012896044455047528
0.0006953049385812819
0.002964706509916841
0.0002996857560415204
0.0006300133658367526
0.0013670546964367795
0.0001712830638508839
0.002086009521151054
0.0007175409065432123
0.0006645621989426109
5.5549898191070104e-05
0.00037239119334566437
0.00027736575666054315
0.0007203444259180023
0.00024070905437938828
0.00033478331259615985
0.0004769715921772419
0.001074100630745101
0.00033642248606500206
0.0007942644480877426
0.0005232373913335478
0.0017499991699493145
0.002035360841034298
0.0006619585873509032
0.00027610739092442276
0.0004052328691151184
0.0009531495586210439
0.00012331654494530855
0.00031571893026347887
0.00020508527252533214
0.000369835233045845
0.0007815657304519295
0.0007182929160806577
0.00038105559076074305
0.0002985488581219167
0.00016648121289195779
0.00019041633332830406
0.0001382090251510935
0.001125211499808609
4.375056316609232e-05
0.0006540121042063976
0.000558881365400789
0.0003750513791299309
8.479730394105958e-05
0.0018771240413840266
0.0005703468787134986
0.0011962216327369777
0.0002787017793881537
0.0007010912182195434
0.0005645162764778413
0.0008763886376740685
7.601426924746289e-05
0.0002269530782665444
0.0010950495005711575
0.0014053270947725959
0.0006575541616420245
0.0006480936625209256
0.0006223665325498061
0.0007386316874724612
0.00040158084356519693
0.0010979524000020334
0.0005744451368806099
0.0006170246066618221
0.0011690103908031833
0.0008806657389840364
0.0002530761242399177
0.0009777046871411565
0.0004982176037304018
0.00024325539733580922
0.0009800490083236042
0.0009686782869232181
0.00011288566122830772
0.0007616200852616392
0.0002612866471711933
0.001514635254048687
0.0004466037314240888
0.00016501225844061006
0.0009270069946437337
0.00023019213356923368
0.0005812213547665279
0.0010731980255034264
0.0014065407975954343
0.0007859483487421009
0.00027710518640540607
0.00027893613167064474
0.00013071378487175032
0.0001794518019404166
0.0009801583891902764
0.00015722752013837908
0.0001864873901057835
0.0005500666926509827
0.000709956313204978
0.00044179490739892945
0.0004611841549633691
0.0003443269516241375
0.0010971115464101944
0.0005014525230870167
0.0001556756699111525
0.0006392203231931343
0.0001706533073727789
0.000641029411308603
0.0012722893618647558
0.00046005761596141115
0.0003085982822956927
0.0004405304849857981
0.0009635080760918779
0.0019586720657997743
0.0010775384907059176
0.0006542289069239652
0.0007662905683210614
0.00021893546613765182
0.0007997085210448442
0.00047717137096378706
0.00030534979237959527
0.0003298014906021624
0.00017830955340767304
0.00025201287728688677
0.0006947645634541087
0.0003986544493166164
0.001382746208817385
0.0006749371059257484
0.00050938763558807
0.00017606294756036063
0.0011562774375261148
0.002045679098947619
0.00024465339587774026
0.0003064779442836224
0.0005304497847768649
0.0001374361928566592
0.00040778705817744203
0.00016565378736253672
0.00033980514938025815
0.00038962793770826084
0.0005409632389912642
0.000588870908637165
0.0009147549104167561
0.0005170932730041203
0.00032634248691223354
0.0006958340877550427
0.0005799134404939443
0.0003149272918541632
0.00018866465906016835
0.0005737298631373633
0.002013835860841772
0.0007815499771984994
0.0002454814665481486
0.0004714931265576651
0.0013619250750127236
0.00023526760435273728
0.000608108806133909
0.00016364583817678733
0.0006292743810036847
0.0004958857530064135
0.00027226482022921146
0.0010291473712023527
0.000213555364037315
0.0003774046257326044
0.0004002510860670859
0.0005026723302176356
0.0005189203286552364
0.0025708362441550715
0.00016923207872732146
0.0011984914041623103
0.00015002248196319725
0.0011996706336790464
0.0005635898162222834
0.0003099865866781166
0.0003047040325107864
0.0006889784081000523
0.000935554024873789
0.0003892432993761836
0.0004504911400104711
0.00031809144613836394
0.00025162459926914065
0.0004089717261880622
0.0007625793825446432
0.00046874117480155523
0.0010795219836618154
0.00039228749232638957
0.0005043041957472527
0.00018837504154147394
0.0002820165519499618
0.000856308964276366
0.0003241468437176074
0.0005697697803065358
0.0007918683908978905
0.0005022817659431624
0.00024883547190089725
0.00028627271039956514
0.0007388888700708004
0.00023800605813645314
0.00096176874756747
0.0004507430709608923
0.00018143022052231187
0.0005819270775289378
0.0012019852040671384
0.0005294450408356771
0.0015267841249274384
0.0003232800593268774
5.8010941794989586e-05
0.0007644162006454003
0.00017902899321296095
0.00033404579847448623
0.0009638641907248211
0.00014743048654702241
0.00034230354772736283
0.0002681817328109033
9.152394585620018e-05
0.00013282658588547556
0.0029973864683677082
0.0032972929619014273
0.0011839727679099808
8.256081249734501e-05
0.0006706528528237295
0.0008097723616655153
0.0002193360443891828
0.00016244298536881744
0.0005429826621424636
7.565191991579947e-05
0.0012515964191017045
0.0003426464746640565
8.580148608208708e-05
0.0004302661760867433
0.0003090929176090957
5.0538849901319186e-05
0.00042024979172842624
0.0002023100637979979
0.0005877217754969926
0.0004513332287978013
0.0009291400012452732
0.0005709738187981601
0.00019454246042095727
0.0006592023924912527
0.0007821471076134468
0.0009008292999590762
0.0003217608650914353
0.00038875871677247173
0.0002052286783071202
0.00028413812603704584
0.00027494725838863085
0.00019587722504440792
0.0008494610108329844
0.0001929837314363267
0.0008234256404973202
0.00021763577978464927
0.0009117380863429383
0.0008020631646672077
7.436499389189359e-05
0.000720600085682416
0.0006141811595267324
0.00048160445987949815
4.333729635831266e-05
0.0006509005744836657
0.0005069546773841952
0.000280468159022459
0.00047757159139670405
0.0003159422034327537
0.0018759996171178416
0.0008643440928964496
0.00015795312988924097
0.0009096179452591112
0.0009628510716007875
0.00010223997510840898
0.0004770290897117683
0.00025411295265947027
0.0003490371025482844
0.00039786520701110223
0.00085504518463841
3.382583143103208e-05
0.00014748684046311087
0.00033510640950405263
0.0009066039627988521
0.0006246207696039888
0.0002870139495754507
0.00044733073341679243
0.0001376666974009651
0.00013187281968230697
0.0009410577469251496
0.0007200128942627397
0.000563715689825926
0.00022824493299553167
8.127535555784812e-05
0.000256502425498249
0.0008699083363991067
0.0007031459430646129
0.00029916367440169743
0.0005183801745748805
0.0010865276999057379
0.0008221635539597762
0.000151437050637132
0.0008965397609662477
0.00031164306233910557
0.00021340475237743584
0.00017250126081947082
0.0008642369531693497
0.00012378542601048127
0.0007133492511956764
8.355985407941856e-05
0.00014151141715559897
0.0003201883069033753
0.0003977568656748664
0.0009383961933455343
0.0004421817303736177
0.0002927139105427356
0.00020903648059039792
0.0004970412809970423
0.0009870643134355195
6.476437763870642e-05
0.00036312468810744807
0.0009641123601275345
0.0002814862015780412
0.00023811876489811184
0.00041923117862434204
0.00032054692671125434
0.0002779859137704768
0.00043940310057562204
0.0002834058839853224
0.0009248608484611608
0.0005011453452887649
0.00033857006230634146
0.00019645871068666655
0.0007400068442143776
0.000415557054928489
0.0005797219084054628
0.0002236562701534472
0.00012344558070097783
0.00020383614332632405
0.000543308738574083
0.0001771419897983032
0.0002845593887257805
0.0001598079543178386
0.00185188881907468
0.00013461034851061066
0.00023081183828779658
0.0006161933680388916
0.0008859297249066648
0.00016225993334712533
0.0004701780263231783
0.0006728960859434504
0.0008036353232104533
0.00021672882508093043
0.000275524630201973
0.00035618268171068776
0.00034109178785258625
0.00020248705384586023
0.0012600376061531612
0.0013295000659612312
0.0008258800242856824
0.000302506680496371
0.00018057709500586276
0.0003431917944740293
0.00142164622907489
0.0008829224844395141
0.0006739869614134846
0.0005461490826933491
0.0007339997131129579
0.0008871261855605411
9.837610066934797e-05
0.0010071863946396551
0.0002748673743515451
9.421274786167988e-05
0.0011957492425284403
0.0018508769134331611
0.00039833118441267874
0.00013329587836218292
0.00041371157575625516
0.00029790208148741584
0.0002718227575595715
0.0002026811796285633
0.0005131442150035157
0.0005772923544999934
0.00047218646626032336
0.00022685132316942468
0.0007354295175951127
0.0003648283188270652
0.0015520421165502207
0.0002474736949167567
0.000450338930635396
0.0002238704468329361
0.00015762288854100467
0.0005223606045300952
0.0002570052725723942
0.00018668205776375035
0.0006384062717916519
0.00043819416130748347
0.0005451034556977253
0.001336763734360321
0.0011320292601931972
0.00032023712266315157
0.0005109679608865772
0.0001391252604828346
0.00011845635567100716
0.00029527324562041103
0.000503441858125703
0.00014250260207951753
0.000119951994226521
0.00015766390531907602
0.0001748297391887826
0.00020313045446615822
0.0005778944930025712
0.0009389227567951464
0.00034970232300259274
0.0013591527656982758
0.0004361521473457587
0.00024356122811073063
0.0005110296129009121
0.0004382873572406548
0.00039595960828456045
0.00017565236127822038
6.183622912235266e-05
0.00041260805326413943
0.000200300707144872
0.00017479706814852266
0.0005641029443861126
0.00016152941197432062
0.00020397501133568034
2.489999571134559e-05
0.0001834177114357319
0.0006979239445907047
9.034748234776425e-05
0.00014187027303553463
0.00036109274845282194
0.00012283330051781927
0.0006775453278706859
0.001094028989192338
0.0005019610948435744
0.0014073144359628964
0.0001679873380986966
0.0006544857495511975
0.00029157025697253234
4.686926415692848e-05
0.00019608501948660754
0.0005123025436948631
0.0006540750198891008
0.0008999438014070382
0.0003901979726948229
4.2331369379859956e-05
0.000360880094000722
0.00018213275106002244
0.00014411129749387693
5.383542451076311e-05
0.0003825993705898121
0.0004033605714130061
0.0009501903553693538
4.968246430521682e-05
0.0011073230861432617
0.0004451422102402948
0.00024155968424805006
0.00025019570899363283
0.0005143588472201283
0.0005060164134853007
0.00012560458301439972
0.0005810033247784972
9.492818509102378e-05
9.456431197242638e-05
0.00018392234072188207
0.0001411738329635672
0.00040760034562082757
0.00021792821194484234
0.0007043174014456542
0.000172081240267359
0.0011899614024517833
0.0003130205529981313
0.0004585860641310943
0.00016906105742826746
8.204325458116716e-05
0.00014300575691388574
0.001088744918926064
0.00019935269993061393
0.00020124684246350868
0.00033033076373425
0.0003953809639856163
0.00039379012082536527
0.0007580228109785282
0.0006022855195131273
0.0011246187011538778
0.0008478306745449785
0.00034564602260912054
0.000245636976415185
0.00020286091047975725
0.00023275570638358662
0.0003288989520549538
0.00036664442324865797
0.0007002293895719033
0.00017097178541423385
0.000588309616175298
0.0011917927852793068
0.0002352590138386758
0.00026098302989291215
0.00013264218584870904
0.0006680971986769917
0.00024334397231742772
0.000234757738650231
0.0007340968106771107
0.0007349447328158355
0.0003761659541265863
0.0001942281951436015
7.678337971465859e-05
0.00020648667698958627
0.0002548041698089854
5.733219301770922e-05
0.0009367803600939288
0.00022101613059361032
0.0013657991705492993
0.0005080184345104332
0.00020277284662822723
0.00045342717744205704
2.774567101270814e-05
0.0007506544360446573
0.0013634335776081625
0.0002808995442305574
0.00024061431889268762
0.0006076132724576878
0.0005704535945534521
0.0004486117374741823
0.0008623579681036536
0.0005283655961412205
0.0003432961343485794
7.942578633466968e-05
0.0016825179133438293
0.0007921159220356703
0.0002279715188231905
0.00026241192056859454
0.00034322298467945404
0.0001799894466318865
0.0002494099416717962
0.0009254035675415982
8.645545888841065e-05
0.0003508350074832467
0.0005664295442493585
0.0007136863230797657
0.00026142264678430697
0.0003433334868678523
0.0002007206637860959
0.00023138622685591525
0.000117658796360427
0.0006407236779545462
0.0006122733013508153
0.00035917295968248473
0.001162812377400312
0.00011486672035364304
0.00019875054934128698
0.00026632364505574575
0.0009264845739577277
0.00018969479252168856
0.00012347881546838628
0.0001501199449657848
0.00038470506849304343
0.0010202462335093003
8.890335649988259e-05
0.0003984813761924522
0.00048454057018379785
0.0003492135457717018
0.0001742684124340745
0.000687822995953383
0.0001705148457666725
0.0003576109438588536
0.0003030283728394863
0.0005668267653537769
0.00041319589992022606
0.00020500501490439314
0.000150050153999699
0.00042539894415796243
0.00013403172882673391
0.00020192335693776305
0.0006677645544067175
0.0003886415205091144
0.00018648189320931292
0.0002491409064319253
0.00023307599819890847
0.00035623475737311516
0.00035319449785044233
9.093886098878677e-05
0.0005781072837501364
0.0012448468374494325
0.0001821715577243977
0.00016446425431691054
0.0007637750593315305
0.0001880020879126247
0.00024247183086337513
0.00024712770691621245
0.0004095738786753775
5.537356982487369e-05
0.00014667296058517657
0.0003974718977574578
0.0001773666777464418
0.00012207668153278432
0.0005639731984682817
0.0003392372284421103
0.0002805324369330294
0.00010721636354123384
0.0002682380390751683
0.0003007866855892158
0.0006668227131797
0.0006279436970317178
0.0003531634316601396
0.0009767564565115235
0.0002532931161603609
0.0007803298117847586
0.0002593516344747583
0.00015768116195076309
0.0005870602587745105
0.0003320192097182239
0.0005205948487921993
0.0004054837865187458
0.0004787227123454495
0.0007420820338957755
7.600096686469705e-05
0.00042220290590652037
0.00020795211771033783
0.00014763868194588665
0.00017185983761079914
0.00028107081363153803
0.0001886436391959976
0.0006651629972289619
0.00024524410303647333
8.923378675902279e-05
0.0004421888522487375
0.0002349960497008702
6.699010003884039e-05
8.91381553197927e-05
0.0002434038353940305
0.00012914183640773494
0.00017973180589586507
7.994539145105126e-05
7.964106480641312e-05
0.0007171537914761687
6.951142795204992e-05
0.0001266041867489888
0.00042897458424723603
0.00021092802703253152
0.0004572789643771315
0.00011969825444460013
5.405877992576222e-05
0.0004017224514161808
4.032719907892889e-05
0.0002878398405057739
0.00016698361483639983
0.00010017739092504928
0.00027954537867239815
0.00014008233842176108
0.00044582559306189344
0.00011946358117957467
0.00047559749534091566
0.00016200038732854376
7.413632217658842e-05
0.0004353050824902458
0.00013296883608221764
0.00046838246776269955
0.0004899129280126013
0.00023905496208256625
7.857050300363336e-05
0.0002588862363406857
0.00013987265457875552
0.00026602379466469277
0.0002675186479864362
0.0010818344276262465
9.370345398880248e-05
7.931552247086947e-05
0.0008170350191320339
0.00011976607423234058
0.0004031160631436058
0.0002899581552486027
0.0005062344554189306
0.0001989478995472151
6.359227269351704e-05
0.00020799505743872336
7.59144113417006e-05
0.0002525042259431723
0.0001403021794099491
0.0003233165874810162
0.00013018622675816302
0.0002886376430327045
0.0003034306173954139
0.000482405508266577
0.0001697099384463135
0.00031797914906743865
0.0001157424413654544
4.296648242510198e-05
0.00016843779670311156
5.706881160925283e-05
0.00012575373281181973
0.00015865521674768865
0.00017055642062905937
0.0003440695798270057
0.00029861835406654107
0.0001055092293926671
6.026648999767197e-05
0.00035216257639592697
0.00016694290303080964
8.253987400399857e-05
0.00010674855843134209
0.0006414285009135411
0.00016254533458124107
0.00010262114390670436
0.0003731928765816804
0.0013280961879342822
5.7353659320847604e-05
0.0004424257359427248
0.0002804044675644041
0.00040523510118822386
9.627316986281632e-05
0.0005117460943801536
0.0008159254981788114
0.00013802048699023987
0.0003336185972468267
0.00028874684665829213
9.618933418307009e-05
0.00014899066093385392
0.00016244794178054247
0.0001832475105207256
0.0008769361723817863
0.00011863580041714836
9.512366564394328e-05
0.00028614876789964596
0.00023773005071999788
0.00028730000719861626
0.0004995167344992189
0.00039918267602121865
0.001007292253514755
0.0003856008267380972
0.0005718896970692041
0.0004460953606908676
0.00015299170025216536
8.093018354670664e-05
5.3271044745693376e-05
0.0001793416359138059
6.173568447082555e-05
0.00027082437282313583
0.0007497903811281606
0.0002759710286691506
0.00018151089496703477
0.000298920972333762
0.00018521729515450324
0.0002526874445367714
0.0006975129499863575
0.0003718442958971687
0.0007950390580028774
0.0009264882477326004
3.830615860177289e-05
0.0003204128012744831
0.0006510267669861544
0.00022539328139658092
0.000657712257145029
0.00018992935902883564
0.00029569031461970825
0.00018228711803359952
0.0002672976959952204
8.43697913966e-05
0.00044694844069137794
0.00020098710975411987
0.0005979825941640504
0.00011759787692807962
8.948396684037604e-05
0.0005660821495889647
0.00042650217779121983
0.00011910762305919936
7.763979313954313e-05
0.0002897402902427072
0.0006035888159327938
0.0001348436068307419
0.00017071258584441644
0.0002351518647467689
0.0001724302218026383
0.0003797790225805157
0.0021142911782404904
0.00014699609972443462
0.0001227420023549889
0.0008831380037716715
0.0003644515527894535
8.869517474967723e-05
0.00013525219967279583
0.00016346763017418468
0.00048188475098228734
9.555880085132415e-05
0.0004093875236809393
0.00039432947220633205
0.00014051946067645597
0.00011357396957373581
0.0005524255493741202
0.0002608028403217838
0.0002472914297266602
0.000589741738026858
0.0002282956923612514
0.0001751234524054342
7.84865761657275e-05
0.000303191386556418
7.563055034663322e-05
2.427162664428434e-05
0.00019152295514862194
0.00029809156582127173
0.0002325551684838515
0.0006522144783479545
0.0001133961671151203
0.00020236609662696594
0.00019653860282465015
0.0001831304022243198
0.0004212157244520304
0.00039933026837123424
5.016102219962907e-05
0.0001968784407220645
0.000344662299722748
0.0006258232084775136
0.0005776171667364118
0.0006171744858504407
0.00011003355585195757
0.0002843568505817849
0.00011313690743273053
0.0001626693659862659
0.0002353969018406376
0.00019734407800374093
0.00023285814494479725
0.00018190128424357675
7.691169734846425e-05
7.617752538936783e-05
0.00020602722248149073
0.0001710508969158036
0.00019332743077655665
0.0002862358994186495
0.00023654622425077265
0.0003081376625297454
0.00041748376726582825
0.0019123391038512814
0.0007533797778617613
0.00018123900143844493
0.00024455875918933957
0.00021116037950901452
0.0004466816816810975
0.0003223434965377074
0.0001161515726521494
0.0006537616575065895
0.0002091092125264878
0.0003245276175106822
0.00022620155554787342
0.00013220976436126083
0.00028479143358596537
0.0003440026072363326
0.00023947002419063356
0.0006129016945355139
0.00016788455364679611
0.00013740960006379565
0.000553640215875153
0.00034892612524089475
0.00024649261285288656
7.189312860150578e-05
0.0005113022733174946
0.00035440514443699965
0.0003269676968681141
0.000767872772520271
0.00013918380375545897
0.000287764290036171
0.00025747782780326624
4.824714771460662e-05
0.0003194713992708448
0.00014974944313922927
0.0008688410230424309
0.00041915711698014055
0.00015061531552821648
0.000693308604769107
0.00025175200313217225
8.805476118775226e-05
0.00035944235540978664
0.0002940572254810457
0.00022338801720655601
0.0012426299047851876
0.00011168018765896171
0.0002016731413406497
0.0003347857696276893
0.00026298877728355926
0.0013174567031721393
0.00029336683978764235
0.00021567868672632006
0.0001541434007772575
0.0005671414707352828
0.00014478993782321677
0.000517155019826581
8.331392673454419e-05
0.00015002775318394743
0.0002765429408710355
0.0010201729138521825
0.0001648303773133577
0.0007285781973789491
0.0006227349907124861
0.00017519415201230332
9.439394240041536e-05
0.0003000833760019315
0.0006672377967954393
0.00013837837095520536
6.334013771427308e-05
0.00013422804984004324
0.00045743595407661764
0.00017768416690435948
0.0002449923808926288
0.0008031559012190298
0.00017692017859011097
0.00028533595705429275
0.00011367453273331494
0.0007502931845186753
0.0003493420957942799
3.627520921671064e-05
0.00017658225009221557
0.00043799575356845324
0.0003206929701909806
0.0003637140857770219
0.00020064732833526515
0.0005405229977835106
0.0002488656587179178
6.361982271153815e-05
0.0002454178899390535
0.0005348417936841515
0.0001427492338776629
0.0005177827338882746
0.0002785065467984388
0.00022730423332996646
9.51262018879587e-05
0.00031646553904529444
0.0001753987146475327
0.00023021728074118543
4.241368839778808e-05
0.00021234122392757663
8.081184710989136e-05
6.516325695389473e-05
2.2583415281569187e-05
0.0002528916310913401
0.00010322254114673897
8.088019228352841e-05
3.977264209394762e-05
5.73599733053007e-05
8.497150493130724e-05
0.00018407678147040876
0.00025231534397784477
0.00025146282435882766
0.00015474094069814262
0.0003721582009667614
0.0002860485062592253
0.00027690246872298045
0.0008857029158163764
0.00016418251408166124
0.0002190818000782713
0.00015325498499793228
0.000574424193485079
0.00027187989031704496
0.0001377441730661186
0.00019021951437967944
0.00014701333769107441
0.0002081855977886976
0.0004837396050695572
0.0002963702034007813
0.0004371759684095974
0.00022953714770312667
0.00028171823410439985
0.00027312029789054493
0.00031465696816698025
0.0004153307469797757
7.982521107176777e-05
0.00038841666163589884
0.0002719504629080171
0.0001154090367787513
0.00023301152565561887
8.147837456932534e-05
0.0003299527095955188
5.653745488676675e-05
0.000450935207895788
0.0005851722125309963
0.00012101742747538591
0.0002883471009904093
0.0004791059186958502
0.00047126652032607153
4.79807245451913e-05
0.0006224380885687128
0.0001268269619352911
0.00014395943881202037
0.0007151220048965315
0.0004089071480683325
0.0003841538026787991
0.0007151734150905446
0.00024644834970631184
8.315537423227517e-05
0.0003053240841212582
0.0001548646070080015
0.00026956822127742757
0.0003211564018576536
8.028376958822949e-05
0.00022212541559764424
0.00011317551117774682
0.00017788457572300817
0.00013099251232671756
0.0006815440142237436
0.0002515594535073305
0.0003114874879931366
0.00012912450858339352
0.00013456018269749685
0.00032705354795115087
9.278487581769895e-05
0.0005776672368419067
0.0004548696669586836
7.175486324328412e-05
0.000347978450434251
0.00021337137400410014
0.0004314963762332049
0.00013850991616368575
0.00031610888677225296
6.191015754659833e-05
0.0001349610361428321
0.0006312496928819262
0.0005653110196113463
0.0007827361230732078
0.00033619243403741183
0.00025064207001572345
0.00011232428955670089
0.0004385416980491083
0.00018626045371038396
0.00040899920730382087
8.940539703120268e-05
0.00017261992423284428
0.00010755481879244272
0.0003340719357459249
0.00033457816673526414
7.478062718521807e-05
0.0007726351566989571
0.0002784624399802425
8.937522032830293e-05
0.00022961481397821572
0.0001626943278971004
0.00018372125245034
0.00017770383965246252
0.00015418225901957572
0.00022535901900221976
3.6651876890913335e-05
9.325625058784097e-05
0.00017705811688544713
8.367818480181645e-05
0.00042769144203009054
9.52494251237733e-05
4.171841376649591e-05
0.00015047673297618216
0.00013154391374101877
0.00025339806346187747
2.55372892060103e-05
7.624601894929802e-05
0.00017238804038501235
0.00010703519402800606
6.168001497766702e-05
0.00022631252969807135
0.0003745126237724152
0.0005947695920456637
0.0011765481789037273
0.0004445718627347836
5.447538714990055e-05
9.302819349457467e-05
0.00021884486418769349
8.713555887602998e-05
6.794984805780044e-05
0.0003404706821246211
0.0005759551423011018
0.00019404734806114418
0.00022489793114093164
4.950441048091078e-05
6.661573309356343e-05
5.186564862755158e-05
0.00010951638905234557
0.0005409435128054332
0.00026034770938625126
0.0002886228141735808
0.0011415364190360123
0.00012573718886372978
7.194642657632097e-05
0.000580164278257605
0.00021846113187484742
0.00028135491379401836
8.72824524480859e-05
0.0003653141303559938
0.00016393736280332602
0.0003726400055307082
0.0001820384998932701
5.288308765742808e-05
0.00015943732169976818
0.00036378311021755374
9.732153928732722e-05
4.420014506346203e-05
5.0728856122527606e-05
0.00024150204367327525
0.00026851606156050024
0.00019722646048231325
0.00042599062980724846
0.0001391811121155112
0.0003016237485313366
0.0005787565853134203
0.0004881719895123188
0.0007172405020836691
0.00022122354965421802
0.0002103965369613881
5.8476726591707455e-05
8.938471533857876e-05
0.0001130571483157838
8.952151832055625e-05
9.326054233766645e-05
0.00019961982108028875
5.012858619971202e-05
6.529679618423541e-05
0.0002558413354143617
0.00013064082796199146
0.00015231312014810924
0.00023146133469221372
4.681091107566623e-05
0.00017058195895644867
0.00014459619356147477
0.00023188139593811888
0.00010202631967096522
4.1576455106897646e-05
0.0006618295584179168
0.0001802657651150719
0.00011579339529098296
3.506280954935347e-05
9.491322379388931e-05
0.0002549004814631567
0.0003647836222132461
4.497568584838021e-05
0.00024538642001954855
6.856659706311277e-05
0.00021580201042089423
6.530926078420376e-05
4.4617380072840825e-05
0.00013464174967584155
9.932934862759477e-05
0.00019386732422573298
0.0004335183395057173
0.0004929714372149494
0.000268224316098892
0.00012634433023642514
0.0004836930126422055
2.6898381438024513e-05
0.0001706533179846933
0.00010406452953652991
0.00029657143764642017
0.00044097710525743564
8.971762023822545e-05
0.0003047969609005285
4.802441730603919e-05
0.00013378040347674692
6.297982682484026e-05
0.00032602074487032476
0.00045877153994964437
0.00010690627061419953
8.565500558435823e-05
8.992864710219179e-05
0.00010206235040665213
0.00015926538715433522
0.00012157119113281226
4.3898583596075354e-05
0.00012596102912463116
0.00011712327095435055
9.724260252895239e-05
0.00012575366348529986
4.5087241976118515e-05
0.0003662432397040172
0.00010717046995858678
6.566990798329936e-05
0.00029500653229936924
3.3859404958800355e-05
0.0001780065640765803
0.00013559168240057825
0.0002561444568133375
0.00031589852671173434
0.0005345904279202108
0.0005883948514516627
0.0002639974356137353
7.866774916959363e-05
0.00012060493245806768
0.0005219296579811255
0.00014496455098487231
6.115041415374717e-05
0.0001516437604182259
0.0005318863963490636
8.214285088576323e-05
0.0003009462840201965
0.0003739431783059783
0.00018335327645603336
0.00017593633528220463
4.752041793919937e-05
0.00017925113219200006
0.00021005547292815414
9.527595015295633e-05
0.0006602110627379218
0.00027164964575805873
6.864050922110838e-05
0.00020700936815276576
5.3308344145846774e-05
0.0001716298516965058
0.00035319856349396356
4.284452458054042e-05
0.00010528468710039423
0.0004581602547992454
8.631411416879818e-05
0.00011829248633221342
0.00011435629748726567
0.0004370222553662791
6.1259424282618e-05
0.0002101275019264347
0.00010299447746440013
0.00014508148081178663
0.00015773106508927784
9.407765021925447e-05
0.00040414051665757104
0.00023080686376712834
8.136788562010474e-05
0.00010379931822951319
0.0003984528773643503
5.941765061478737e-05
9.295999691404527e-05
0.0005436768497892148
0.0001847180390578727
0.00021718070839207788
0.0009912020104885964
0.00022110535964660599
3.4739659360435447e-05
9.157063301906606e-05
0.00030686060908514614
0.0001503236529853728
0.00029641240496774924
0.0002793219471833948
0.0002782316512979166
0.0008567748445055119
0.00013729507199336936
0.0004864386389712723
0.00012187994491859113
0.000357901336898601
0.00010228034044922666
0.00023826591947154674
0.00019168066560939465
0.00023797832031167081
8.038938059815066e-05
0.00015704385193331653
0.00017568685350138335
0.00024952861216388073
0.0001564197992965458
9.358447323109807e-05
0.0005680825481140604
0.0012579240227908008
2.5823220389854712e-05
0.000118058667204521
0.0003565434295219158
0.00038319907300409233
0.0001170993847296497
2.708160133231786e-05
0.00022620792210276236
0.00012802767698355796
0.00012848519215616407
9.354749477962481e-05
7.136925138463534e-05
0.00020955306277719218
0.00024882124949331634
0.00039909102011920813
0.0001665488630846018
0.00011689814371861312
0.00011132515728415668
0.00029082289634697406
0.000657008916442598
9.477304136907141e-05
0.00013461626515327157
0.00021210629440226268
0.00011372829891628626
0.00027629644062525935
4.389791311134906e-05
0.00022182648492836255
0.0001960798202706921
5.4157765404938794e-05
9.989118925764266e-05
0.0002171920201651243
8.117298883708874e-05
0.0006284307931960415
0.00027183301882305273
0.0002777444709806175
8.693655541868427e-05
0.00033050702409224655
0.00043181894456281397
0.00017624085683999775
0.00013763885012307327
0.00017868906439320303
0.0002006524347166628
7.28208952939642e-05
4.288208266978105e-05
0.0001271281690162614
9.395603636140796e-05
0.00012947449713999543
0.000341553394466139
4.6577537542704947e-05
0.00014018917973948725
9.114458849158563e-05
4.4946149864024707e-05
5.0440017947250726e-05
3.777125338532794e-05
0.0004853284685289277
8.651381222880914e-05
0.0004030211454186053
9.905335492788553e-05
0.0001734547652668471
8.622385513542036e-05
2.151217959643383e-05
0.0005871294688498795
0.0002488212836235618
0.0004524331964152882
6.031279079389585e-05
3.7856470254477914e-05
0.0002870278383194595
0.00027484714992539766
6.583526093614167e-05
4.776599285440908e-05
0.00026695730435860013
2.872743797607203e-05
0.00026891241705548087
9.34548598607611e-05
0.00014669809383493492
9.873614631786426e-05
0.00016018509164032445
7.387681421116717e-05
0.00031948134807579766
3.0380428761466233e-05
5.596031300348394e-05
0.00023390667509279268
0.00011569661377270098
5.154960766731353e-05
0.00035248172812269124
0.0003699802915711426
9.327393048779893e-05
0.00024637740231693393
0.0004301429903685942
8.476264407220865e-05
0.00013321957543114684
0.0005206101995874432
8.107073274367451e-05
0.00012177403864637011
0.000261068870589893
0.0002952757742315482
7.38820623485072e-05
0.00016728854585248656
0.00025087311541555627
6.805972143121721e-05
0.00011736767687908839
0.0002351259907829632
0.00021997294963118136
9.662895367362517e-05
0.00020911893005626806
0.00017721457451356219
0.00025640401694899365
0.00014529119824839085
0.00023384444020196698
0.0002737472899246267
0.00011015707671961434
0.00016736510028131284
7.686920150538524e-05
8.570490706884987e-05
0.0002330851870885842
0.00018396597672753695
0.0004563579831353336
0.0005563388867923564
0.00010880440313438144
0.0006130281648070374
0.0001854452042562519
0.00016153016690720622
0.0003022328680657671
0.0003080991682963103
0.00034114702712339417
3.9879690219648135e-05
0.00019838521819584784
0.00012971946210257385
0.0003402135229297779
0.00013669966109196622
4.5022196936893954e-05
1.917573214180773e-05
0.0001290086616016301
0.0002128781749982487
7.598883443901417e-05
0.00022398333146741862
0.00012197295037234319
2.5945606618763962e-05
0.0005717612014415398
0.00017985703950275714
0.0002254324701410841
0.0001419235961576984
4.874168416819378e-05
0.00013047626999263096
9.838719825465803e-05
8.172211394820321e-05
0.0001280234616889541
7.525651292605768e-05
0.0002123306420855433
0.00011190403894184232
0.0003568116862065035
4.7858118937262486e-05
0.0002669426051885956
4.797897038354798e-05
3.885905092796596e-05
0.00014660961476885748
0.00010535212029331257
4.6051827360431966e-05
0.00019108297778834158
0.0001065389944671896
0.00011617975119541441
0.00010119965615844196
5.7632456896571636e-05
0.0002978824870889203
0.00033506090754087235
0.0001039125533209475
0.00019464970505527867
0.0001373426320254514
4.1449204829873524e-05
7.138027733693244e-05
0.00011267480971067706
0.0002736328588336189
0.0002478769154368171
0.0002894691159761896
0.00010860465966985286
8.006955326410853e-05
0.0001360650600244324
0.00030492024017694184
8.558616186766839e-05
0.0003352770381071061
6.480442462696988e-05
4.326438830704692e-05
6.540246172502938e-05
0.0002601633342085443
0.0002020917414601831
0.0002695966774696057
4.860732803292616e-05
0.00023265863407800395
7.911495439318625e-05
6.414375806385355e-05
0.00036422588388054414
0.00021109599973089002
0.00010595539748058763
0.00011374123397256518
0.00047597174100759025
6.082501727101469e-05
0.000133836599453705
5.796256749551375e-05
0.00013888825472449534
0.0005140737871516383
0.000418213264878529
0.00011931043995390615
4.843158789898564e-05
0.00035272313697088954
0.0005113934394691945
6.144512717056208e-05
0.00014777450103650917
9.245087149432713e-05
0.000399099019700633
0.0001686695639037782
0.00022389691978632253
0.00021676434776924508
6.0951477679810176e-05
3.500176962345756e-05
0.00010930203398362916
8.317768767810475e-05
0.00017432444265515402
0.0007992112763221406
0.00011923899857301656
8.572186269478688e-05
0.00031676880783678286
0.0002403605042034462
0.0003000610137829791
0.0005254476428680728
0.00014851278539464762
0.0003245098583500647
6.375008083949035e-05
0.0005367480802578508
0.00011298681961587184
0.0001104821672154057
0.0004258236039902867
2.8629500742138238e-05
0.00010106672254552314
0.0002218671362116346
0.0001508708102208595
0.00045464438720822786
8.542051406129048e-05
0.00012068333141871842
0.0009526279751551459
0.00016779380264498895
0.00011798593700341656
0.0002057947722894933
0.00017406499469331253
6.634641142255923e-05
0.0003445729272904343
0.00015831629948604502
0.00037651938817373585
4.667799558467567e-05
9.484712966216716e-05
0.00016405593673314868
0.0002919077221757572
8.359768783116922e-05
9.346642142560566e-05
0.0001994582610709051
0.0002670127916871441
0.00013235789045415992
7.206172553952606e-05
9.254323184538153e-05
0.0001307870950789193
0.0001314778194414524
0.0006636873366274082
6.918487726702098e-05
0.00022395151715571003
4.867193180332055e-05
0.0005961139569833293
5.983254302861485e-05
5.220264018695238e-05
4.120051461323272e-05
0.0001394741205290513
0.00040333839950884424
0.00022122000746047774
7.268872532266327e-05
7.672130505299686e-05
0.0005802143272447276
3.512324261129666e-05
6.377125519548647e-05
0.0003920746497137932
0.000597187873801274
0.00013547134245073063
2.167257968406996e-05
0.00010432388047498892
7.543358931341557e-05
5.268784584054721e-05
5.616657388669546e-05
7.840008104211228e-05
0.00012566112376083025
2.3600703846999785e-05
3.6210927074282055e-05
0.00018497210040041855
0.00022221596265834196
7.04201883816368e-05
0.00011633991513098522
0.00023107547242198298
0.0002566669912598807
0.00012535819668614388
0.00032270269849401216
0.0004594761119341527
8.609048266601627e-05
0.00022398204663795474
0.0002885601337878184
9.669054302080379e-05
0.00021628587893366726
8.487470054100189e-05
7.828423041224688e-05
0.00013072634850411075
0.0002208989345199155
0.00033524244728130154
4.613955004118833e-05
0.0001497501231404505
0.00029504332956939596
9.36181680211307e-05
0.00021217269074965976
0.0004091650785226396
0.00010275423877073672
7.533988971640947e-05
9.66771590144872e-05
0.000352955660781011
0.00015137244044996688
0.00017131879220349925
0.00017477172108126807
0.0004854913124973889
0.00013206994647910176
0.00014048090735746505
0.0002720744744166419
0.00014610886935530044
5.511616940004392e-05
0.0001492992582030076
0.0001324068305573534
0.0002635159430061915
9.980630162885193e-05
0.00023140884657133485
8.87544194189427e-05
4.394124039136994e-05
0.00011696511301981335
0.00025609815074172906
0.00026735522424592206
5.06791964110031e-05
0.00010456463968027707
0.00033978601151435014
0.00016650404223283457
6.51218018653094e-05
0.0004491696829001358
0.00047598506303750984
0.0001396860705777405
0.00023988454654271549
0.00019856590510243996
0.0009501037278044531
0.00019419135505165135
0.00010496467817418584
5.621572472254706e-05
0.0004922027747498959
9.118330117552919e-05
2.298168360637813e-05
1.8895616417611244e-05
0.00017436278186939362
0.00012222098536996824
0.000649941740062318
9.46450419421909e-05
6.987547351397612e-05
0.00014017024723913466
0.0002674862055084275
5.5972485747834946e-05
7.764485618880444e-05
0.00014545060800796118
0.0001208198232434154
8.008651469325075e-05
7.998403690807577e-05
3.9426534077633625e-05
2.6927698882318013e-05
8.971434303492522e-05
6.045311743336436e-05
0.0003595910992218903
0.00013917452531871018
0.00016550827672576717
5.236752431966671e-05
3.570030616884232e-05
5.019860748754859e-05
0.00014696054564695418
0.00018553380845451155
0.00015095803270038106
0.00012849309785276902
9.894978963859056e-05
0.00010796243405455439
7.996876745920832e-05
9.576702551829754e-05
0.00033594308098362395
0.0006367844926094351
7.513797614315571e-05
0.00033752146470378025
0.00015925999613917833
0.00013775284644321117
0.00033179625274225955
8.718709388884939e-05
9.540889415949084e-05
0.0001509957794386452
0.00017883406369051098
0.0004775461032121032
0.00024033504200516635
0.0002011415441975581
0.00010092893179468792
6.848808099629668e-05
7.143338949860101e-05
0.00010715617681945188
0.000749728227842008
0.0002702355680114018
0.00011359905703056943
0.00024817144561781494
0.00012103961869210646
0.0001602187810181018
8.651598234307743e-05
0.00022099171822766422
0.00020718465221015208
5.300199325128029e-05
0.0001059097247190493
6.886571966097716e-05
7.303730377475993e-05
7.587339907254167e-05
0.00048689856783842205
4.185357159667621e-05
0.00012639965444329846
0.0001348929684198969
0.00025976807054611323
0.0004445513735664842
6.282450479435324e-05
5.634545965917842e-05
0.0001998138899010819
0.00015527665637050573
7.668306689840515e-05
0.0002353015688077104
8.698813606458134e-05
0.00024479146341423234
4.4335418258656566e-05
7.315749145690591e-05
0.00012004604726496707
8.03405379152437e-05
0.0010986444647558807
7.177615202407457e-05
0.000388610594971617
9.104869344189425e-05
0.00010541280893192812
5.986601263585103e-05
0.00015864656327807788
6.0949144120087875e-05
5.492816286943144e-05
7.663268817056102e-05
4.8422315735299205e-05
3.44344360804339e-05
0.0001535688904399408
0.0003178966515410823
7.819727898959687e-05
0.00020060852637909858
8.268520886589576e-05
3.0688395664519745e-05
0.0003245225622638382
3.7955263632000736e-05
0.00017927062481538466
0.00010835263480815504
0.0001747736308195632
5.8349618867810954e-05
6.935826413699617e-05
4.291047877238001e-05
0.00014100338786023425
9.279614752170553e-05
2.9389870917093508e-05
2.3320808909616882e-05
0.00010786297252631403
0.00010947458174912656
0.0001405726503683055
3.786012292680012e-05
0.00016272076801427676
7.63711999595609e-05
0.00011192255320122236
0.00016345744635899376
4.216985134062831e-05
0.00033770820633560706
0.00013938561481083615
5.4983855032836666e-05
5.382318887020875e-05
0.00033939817577578
0.00022769270794096127
0.0006736212925361378
0.00028225005164512226
0.00010981430185133997
6.612254449686032e-05
4.27340131516368e-05
0.00021959376063955253
0.00020078373789736924
0.00011116714048065272
7.643511606222456e-05
0.00013802975116733617
9.282541127667544e-05
0.0005649550328822736
3.484461823152943e-05
9.053699032808804e-05
0.00018765839983560863
8.919925919956154e-05
0.0007260612297769359
6.379040241050777e-05
6.583082761239624e-05
0.0004059689777277508
2.610350584196751e-05
0.00011730727316439237
0.00028882660560328015
0.0003807043213809812
3.667701468599546e-05
7.684026909515686e-05
0.00010627208570671174
5.3043396777330095e-05
0.00010489898079324128
0.00020686587087761528
5.93940561407103e-05
8.107290281241727e-05
6.87201191095313e-05
9.099244598986364e-05
0.00013390131285089758
3.466667190140312e-05
5.408570943486574e-05
0.00012912183463087307
9.762593669073947e-05
0.00025551749734336384
9.2777795244983e-05
9.071203560603117e-05
9.492826243777936e-05
7.579087128730865e-05
0.00017754621135200512
0.00018108119913869304
0.00013743331053487167
4.802288563126302e-05
0.00020200485148165663
8.085211054384256e-05
0.00011274891972116418
0.00031093515796214676
0.0003488260209620685
0.00023336534845598572
0.00019362381549142138
8.4397786710439e-05
0.0009005220916717174
0.00025979109346340785
7.226335109713893e-05
0.00012155149867146296
0.00041905029121275006
0.00043982244164621974
5.4432995348261186e-05
5.488982761051561e-05
4.972148499204614e-05
8.761160064987347e-05
0.0003113077371263325
0.0002894932310843342
0.00012843148161913168
0.0004623646621354152
0.00011998925058423933
0.00021275647031312545
6.808128015360756e-05
7.201650136427676e-05
3.5001731611761197e-05
3.514530939346921e-05
0.000321821317980265
4.8906619405774795e-05
0.0001086778423783785
4.956669129027694e-05
0.0005058829876253487
0.00011087213033477263
0.00015085397255769863
0.0001347903626277556
0.0001312934787880893
0.0001860692360173993
2.563585840216443e-05
2.6340386663588163e-05
0.000548322868496825
0.0003288834688929925
0.0001754355637683603
0.00011033609145762706
8.330077469439406e-05
0.00021517310747678692
5.187677415125652e-05
0.00011338967707624137
0.0002694668052860055
0.000252001855445286
6.897394442902288e-05
4.214871896791519e-05
0.00014466265096806688
0.0001562754795054823
0.0001252946279141218
0.00010733835328089847
9.63161622641068e-05
9.670906361468936e-05
0.0001769811102612206
0.00011563382436964909
0.0001524884957200536
6.29569032542729e-05
0.00020000410121916412
2.620180014838104e-05
0.0001468893222421513
8.11618457744707e-05
0.0003912359497358619
0.0005349139071158652
0.00015802455213520303
7.314961696755287e-05
0.00011640032722601894
9.788586755451435e-05
0.00021469722386634974
9.299413240926218e-05
0.00038473086962124856
0.00019567801934449716
0.00022041058105732418
0.00010831683824987004
9.539384048240713e-05
0.0002337659307577584
0.00014251737911293957
0.0001504092994777208
3.6174974267228846e-05
0.00038717082413899787
0.0002810881702396614
6.274004083708447e-05
7.788055800952748e-05
0.00035987950721895755
0.00012178185387051328
0.00012545782324460092
5.7284753726753e-05
0.00014868379512185907
0.00010570160128143484
8.685627407965332e-05
2.403042033431421e-05
0.00020808974513186385
7.380397226065061e-05
9.621676118327276e-05
7.311572626413502e-05
7.406236136510323e-05
0.00015087960205620725
7.300445760014999e-05
0.0002525774586136903
8.42103200892079e-05
7.696041818382719e-05
0.00028127408859043526
0.00022171587465780787
7.809851592500176e-05
0.00017158629673527006
0.00012039769529021143
7.577469938451616e-05
3.0744068521573367e-05
4.698674019062394e-05
3.904999486823638e-05
8.699197273744548e-05
0.0007481933112932812
6.50055427125168e-05
8.974750896102833e-05
5.309889945180963e-05
0.00026700997218805246
9.601890691266527e-05
6.747749992543493e-05
0.0002008799711933682
6.05764987352938e-05
6.244279789751384e-05
7.103228134625579e-05
6.089286639528071e-05
2.7774087086022023e-05
0.00013799040670176097
7.310064245702782e-05
3.081250994072323e-05
0.00042647985355682625
0.00010798382467661069
4.5310180604226715e-05
0.00022378273409234071
0.0002877567837948292
9.265011120576807e-05
6.961475132421355e-05
0.00013591492718412792
7.023379596915633e-05
0.000399318474955628
0.00031907873124079517
0.00015222430847604818
3.406371693598738e-05
7.962473117130954e-05
0.00023113130685672024
0.00011426164207642403
0.0001930951996011646
0.00010628104924589948
8.141522838086118e-05
0.00032510827634720684
5.640319110647281e-05
0.0003601183843346191
0.0001571220145256959
0.00013785526419442522
2.9724005691365794e-05
6.533908220962876e-05
0.00022382311929448087
0.00011092984671776895
8.348444608111328e-05
3.602330885762988e-05
5.621920630043136e-05
9.427369532402631e-05
5.673711718049414e-05
4.58083393849398e-05
4.046106138888932e-05
5.409812410562865e-05
8.786500302565546e-05
9.67683896444382e-05
6.479995711281469e-05
2.9396294242425426e-05
4.5306236916437236e-05
9.556146900336997e-05
0.0006182804743815071
8.087729333476405e-05
0.00016537539996972045
1.6027715582267934e-05
3.949921272277437e-05
0.00015580109793171255
8.502652436779281e-05
0.00016803058813742234
0.00032726358970365895
0.00013741500081545564
6.797103624085974e-05
0.00011189485502253477
0.00019134201820122836
0.00018005733284464756
9.747939302205611e-05
0.0002526409406956192
7.724228405279275e-05
3.25019337881567e-05
0.00015553793509328785
4.598749772990772e-05
0.0002381125329293936
0.00015890109959913802
3.12473721948298e-05
0.00011145826029425597
0.00011528786182093238
0.0002370896710082036
9.240367947183552e-05
4.276307025649413e-05
7.735052339735783e-05
0.00011286640962433811
0.0001467203850233058
5.8449660805553596e-05
0.00020608471454054407
8.499595344467324e-05
0.00021814496168539566
5.861468273209622e-05
0.000820882478558176
4.921186052946794e-05
0.00015949350523805555
0.00011044448838556685
0.00011131291231314091
6.229935570645266e-05
4.132258553731438e-05
8.540619803953479e-05
5.404214010483268e-05
4.8495411257171644e-05
9.446445686451612e-05
0.00010754197021196152
3.7384762935125496e-05
0.00016361213873413048
4.373709003283256e-05
5.345144781027365e-05
8.194688976192e-05
8.49017710441008e-05
0.0001683916334628035
8.484382535766961e-05
9.586757508977595e-05
7.768239262891479e-05
4.7641935954084506e-05
0.00014048989640886634
0.0006992231068532075
4.792750273025932e-05
7.452097702823264e-05
4.417924424414724e-05
3.895299456240335e-05
8.1115854644635e-05
9.643551258847748e-05
9.228534449956214e-05
0.00013798205495804325
0.00021762699766090116
4.681856678533899e-05
8.218907822944253e-05
0.00013159174442998694
0.00012494197234796378
8.677363153717612e-05
4.46604851756975e-05
7.439584227289356e-05
0.0001006173323318743
7.731417195222511e-05
4.274041102299597e-05
9.478039906065253e-05
7.524155453343402e-05
8.159158217882521e-05
4.8566265143793655e-05
3.511202269122416e-05
4.312382247242696e-05
0.00022681908367999185
8.604412061166174e-05
8.068268522776316e-05
0.00025353613463413273
0.00012946490396703657
7.111323135872526e-05
7.421779026078973e-05
3.784412942233714e-05
6.544022499477945e-05
9.369374390220794e-05
5.7744346717076024e-05
0.0003250840365400623
0.0005765051913699116
6.004077267671497e-05
3.3744044157159084e-05
0.0003026543886223585
0.00010721547316139729
5.7281623496748605e-05
0.00032040180163608975
2.382849050309419e-05
0.0001722468230777811
8.446736708481985e-05
0.0001443970526902952
0.00011383233668826648
0.00010496472775851692
7.230863947702691e-05
2.9203297955270497e-05
8.387182750374177e-05
5.6415951920860226e-05
0.00018065168036644668
6.767049316725734e-05
4.476885387664684e-05
0.0002894990699047828
0.00010470525612084004
0.00015749807241015275
0.00010960555968521101
0.00011378338407355537
0.0001128730760337452
0.0002624003590989099
0.0003181026709276196
6.507145072154769e-05
4.6453569468946016e-05
7.595613455979683e-05
4.024089539849259e-05
0.00013536645685252217
0.00010729466411152927
4.5901162990168515e-05
0.00012245865911032983
0.0001739734979688859
0.00010622389139522847
3.909707725772886e-05
5.056056914798203e-05
4.115779348467111e-05
0.0005407187174116309
0.00013599873105963337
9.61546025880298e-05
8.422545619034047e-05
0.0001458465485280832
2.9391830281511116e-05
3.092864679068657e-05
0.00024651450517591096
0.00021133285915160037
0.00020064789055984064
0.0001450938306773473
0.0001537210586150121
0.00013139372070379983
0.00010788486860384481
7.990650295781424e-05
0.00011549188979389394
3.451670839281243e-05
8.924847540992148e-05
8.310864889383267e-05
4.83439345782276e-05
0.00013161061725506102
3.71655287263406e-05
0.0001903036963739602
0.00025788506426147615
0.00020227127814093023
5.885803788481755e-05
0.00017460907904530374
0.0001090760345963736
5.030073425674511e-05
9.185944455118905e-05
0.00025831199246543243
6.214852190822667e-05
3.135084399230467e-05
4.3744775243932756e-05
0.00013184723401582488
0.0002472080109674843
8.736544576426509e-05
9.406678813236634e-05
0.00016777234543010965
7.961008759538261e-05
5.1798162043104644e-05
3.3098503014930924e-05
3.6531005338873386e-05
4.081332584861405e-05
5.15793119592623e-05
0.0001550732110300577
0.0004071872505648169
9.533508541002133e-05
0.0003076534680372891
6.66255109889473e-05
5.9208702418180146e-05
2.373740818257312e-05
3.391028309105247e-05
0.00010678389585767558
0.00013438991031010088
0.00013803479320198216
7.410578563673795e-05
7.779626694166698e-05
0.000292838315601133
6.426820135376053e-05
0.00023962825390874622
9.806710081249055e-05
0.00017753652476166135
8.249266036345295e-05
0.00014491630764414205
0.0001593586796181968
0.00018384677735501647
3.1536146681861845e-05
0.0002454460926370014
9.814147324623577e-05
2.963311851652254e-05
0.0006200498440307843
0.00020197900719737898
0.0001365875890251406
0.00019764826413803268
0.0004670416274053312
0.00010125013374058453
8.985551632795714e-05
7.682726473553998e-05
3.261315944594095e-05
0.00011676459789763194
8.583640498950928e-05
9.796666916769674e-05
0.00013489958629165586
5.9277699656597044e-05
0.0001783421556825664
3.695973348499613e-05
3.7451600403624554e-05
2.8182771832751258e-05
8.993959732101507e-05
0.00010359692989518883
6.298014377074841e-05
7.335779679812608e-05
5.471168088096488e-05
1.8251666109474408e-05
0.0002506228709593025
6.350466069235764e-05
0.00018703913418007613
8.572918841206672e-05
8.412753528878068e-05
0.00011264957265132928
0.00017666122273602078
4.7528512766838575e-05
3.9133152990188334e-05
6.095470704957761e-05
4.009274336317976e-05
0.0001030042845384813
0.00029000933837608554
5.678196828609766e-05
0.0002816873270065565
0.00017084900212898006
0.00017872745920233734
7.609598748361579e-05
9.830926666868327e-05
0.0002511387001842845
6.715720495427142e-05
0.0003423050712113029
0.00025832085322361923
0.0003161754303299296
0.00013353669543266915
7.408431583219336e-05
0.00013654782419584544
3.5508081227901805e-05
3.954377597527115e-05
0.00023231438134766196
7.457140569287418e-05
7.164533317008405e-05
5.088547457688627e-05
9.197976180718421e-05
0.00041376748277826707
3.912039743610953e-05
9.31583992829303e-05
5.195736844286271e-05
2.3257384343927796e-05
0.00019322980994912492
2.42413111344207e-05
8.72465562170029e-05
3.091026577213571e-05
0.00014393320543848554
0.00016129478741650562
2.9792433030562785e-05
8.861510404651684e-05
0.0001132030124272543
0.0003160820097230901
5.923831267421112e-05
9.908672313041794e-05
4.838647587040125e-05
4.369579870980486e-05
6.578923725480601e-05
0.0001315378721011558
6.076732700943059e-05
0.00010247368870572197
9.12900721137873e-05
5.028858949338249e-05
3.902281561121398e-05
9.206203993200955e-05
0.00010366654648975691
0.00012405328397443406
8.011316831221488e-05
0.00013017088124321903
0.00010795187354431166
6.492491951152671e-05
4.992689865234488e-05
8.555908546092292e-05
9.770431602749214e-05
0.00016564248724286834
0.00014378336887729015
0.00010199004006534808
2.6290079894811315e-05
0.00020023983404175808
0.0001891876039324479
0.00011846723736492604
0.00024977863046925404
4.586506806813528e-05
0.00029578301953878767
5.0990724945628204e-05
8.836099744301615e-05
8.579178895537752e-05
6.17935696294088e-05
0.00010888197867725678
3.4650333650290564e-05
6.947572006443917e-05
0.00015770920821761623
0.00010561125912478032
5.5225839126960754e-05
4.5038070063593326e-05
7.954439804095493e-05
6.0927917755205776e-05
0.00013022299377284742
0.00015677041650989963
5.86303063263683e-05
0.0003355717381552172
0.0001179634078019195
3.736880363340639e-05
6.858519220692717e-05
0.00010136795812314994
8.916792268133152e-05
8.037003524067793e-05
7.093798233937993e-05
7.433883399305106e-05
0.00026025052228451247
5.726168048596373e-05
0.00013362117686100905
7.250572462758138e-05
0.0001082480078594073
7.219748864988083e-05
5.829166994742324e-05
6.530095507595439e-05
0.00017721535445317882
8.191093560972267e-05
6.39202153552479e-05
7.011737403690784e-05
0.00013888946747473582
9.1657717597212e-05
0.00017678621795671874
4.64166946494085e-05
7.838488535674315e-05
0.00032585353599024906
0.0001650514075484459
0.00011345912181682105
0.00012387453874057648
3.064645450048975e-05
4.4671384770357306e-05
5.1019709590369306e-05
5.4700985586729276e-05
4.717483436441305e-05
2.8630565673025726e-05
0.00015984294016268386
3.525243745445549e-05
0.00024005661080809463
4.1523146181351e-05
9.051813729976805e-05
0.00011844364660442725
8.976227391512578e-05
0.00020512653483416014
0.00011396768936363742
0.0001790753881028213
5.3002574768464355e-05
7.792692384726673e-05
0.00011679243698861179
6.889759593220402e-05
6.780002746311239e-05
8.174240505005017e-05
3.6012985001436935e-05
3.852822289577505e-05
5.199700018740804e-05
4.260197122499037e-05
8.772214922274835e-05
0.00010272294448902582
0.00024009048489288855
0.00033861133204560477
0.00017889067492746487
0.00022880280809143018
5.385379065412781e-05
8.645375976877205e-05
0.00014581254266274177
0.00012642226094859124
4.608900509755691e-05
0.00016047614538498235
3.1903854964776726e-05
0.00011352678115294227
5.23275514256435e-05
6.633583042537547e-05
6.403330920482125e-05
7.170390221256425e-05
8.95888937459765e-05
0.00032202610643605674
0.0003609239597833375
6.012079648680241e-05
0.0003044521029300356
0.00031386625139027697
6.737532114925005e-05
6.184536810807998e-05
0.00011167345061524922
0.0001933889646721911
0.00011551076444377611
0.0001375257428365979
5.0717510415245316e-05
0.00022330020314172296
8.548715783439435e-05
0.00010259475039684868
4.722041002207347e-05
0.00010256771637602433
5.331487781281409e-05
4.977793994439397e-05
5.9596607677438124e-05
0.00013768607918225755
8.568984598736974e-05
5.083283837283863e-05
6.552527033778126e-05
0.00022492461301761173
6.60688962382264e-05
3.249482790907269e-05
0.0002815357299056752
4.0093543627136515e-05
4.513021831728379e-05
7.394439722559615e-05
0.00014721418912609833
0.00019656375999584758
4.3424102032034714e-05
2.372875648754514e-05
4.465647473107968e-05
6.36504444504878e-05
3.2296602870652506e-05
4.362483978240485e-05
0.00012890543353305775
6.548875593496752e-05
9.226384368321511e-05
0.0001984340945847616
2.7207525842391283e-05
7.683623074940572e-05
0.00025073141455145764
0.00011399559398861265
2.90142920757398e-05
3.5385210227876774e-05
5.607054674467313e-05
0.00017801193778902287
6.0077961983010477e-05
9.006117408372162e-05
0.00019595484462632117
0.00015576809130997272
2.6749868866652506e-05
6.355916481024795e-05
3.875490944240148e-05
0.00014056484667439892
8.339877588717522e-05
3.564361167129458e-05
0.00015688714986045776
0.00022087762874989925
0.0001195688018254012
0.00014178533337300478
0.00010644311860501556
0.00011557559566747566
0.00027672396573298825
0.00011776324954328216
6.212761064226131e-05
0.00010025068933105819
3.1415252666738426e-05
9.081649443354156e-05
3.132481968587005e-05
6.435057290870089e-05
7.49334617700159e-05
5.1776175635831915e-05
0.00010602217873833327
8.550162551615815e-05
0.00010347304479439327
4.659465999401829e-05
0.00019859105070975554
6.264430563906505e-05
3.496641068816019e-05
3.4641275838855455e-05
9.550939669916993e-05
3.612611251300552e-05
0.00021229351745099366
8.449491613769394e-05
0.0004602552257551865
8.32445394700407e-05
6.985469670883544e-05
4.3150344743532046e-05
4.48668680676075e-05
4.391955431871025e-05
0.000137228040464491
3.279108789102744e-05
6.33186541209504e-05
3.309577355333993e-05
6.628706660836029e-05
4.26967613235052e-05
0.00010744548821128393
0.00013993057517814182
0.00024300742774740604
2.7494772367830254e-05
2.928395288004425e-05
5.72130400903072e-05
0.00010333039171351842
0.00023613313215863822
0.0002451416221457289
6.844878267780517e-05
0.00010041868327919904
3.883061339540828e-05
8.994093657251275e-05
3.363825918929717e-05
4.9303668028665885e-05
3.4504249338579555e-05
6.314548224351595e-05
8.244549283446986e-05
4.174320393017584e-05
9.452367202577051e-05
8.819518199462632e-05
8.566107537458872e-05
4.322650896427357e-05
3.187724523823143e-05
5.676042094734125e-05
6.749584499589548e-05
0.0001600418916011167
9.523708268273365e-05
9.08737955638045e-05
4.078255273962192e-05
7.541850323961707e-05
3.594241017216905e-05
7.238256243113854e-05
0.00016146719775085426
4.508219635027244e-05
3.848420809385888e-05
5.3941249853544745e-05
6.760917895195775e-05
6.539350752728118e-05
1.988048432294681e-05
0.0001509913552092326
0.00018607718556228859
4.458849312712216e-05
4.551758444112268e-05
0.0003776330415196507
6.725019900473035e-05
0.00014220348668513296
8.851425546955381e-05
5.597636513563977e-05
3.9098703650303596e-05
4.981243526475736e-05
4.46901396784724e-05
4.452232633826168e-05
0.00045824410733599986
0.00014755962721150215
5.0012922843674526e-05
0.0002443315413919257
0.00012262794906014557
0.00017332590306258437
7.188333052736697e-05
7.123521573391435e-05
0.00011479415494207517
0.00015940677163665324
0.0001087307434034122
2.4505129505949733e-05
0.0002915859648800963
4.126067813354524e-05
0.0001359181434546694
3.3473547074419026e-05
5.847230365512566e-05
0.00022687297746979356
3.6894054858693756e-05
1.2195841584175466e-05
9.643618434094765e-05
8.804905278478171e-05
8.291473041416472e-05
0.00016775260390471754
5.985164747851226e-05
6.210758101553559e-05
7.046758095877405e-05
0.0001378606677020334
0.0002243581594814229
0.0002555663936320752
3.77828019859831e-05
6.542969321510111e-05
6.102469245477839e-05
0.000146497156809848
2.882563326488393e-05
6.707334823945954e-05
0.00012525451634263577
9.143251358227637e-05
0.00012186242689170861
0.0002061797744615928
4.968853589371409e-05
3.7492431008885306e-05
3.9774868811675024e-05
0.00016346451278828828
0.00023912080473749382
5.8273036373548876e-05
4.120280672267576e-05
4.009091183551427e-05
4.338173460480509e-05
0.0001005506388951329
0.0002712619729293242
0.0002978145894411758
5.056321932991234e-05
0.00011131240739122607
8.516399754493394e-05
0.00017221745323506708
0.00011394295858711316
0.00013320002839855414
4.69165586583729e-05
5.577542242647498e-05
9.656766145421654e-05
0.00011337454647000696
5.178059490180487e-05
3.571559377969134e-05
5.086350798893976e-05
0.00023631536960560487
0.00015099939886333377
0.0001472566586168902
0.00011719432686260442
7.563234905146736e-05
0.000212894094539087
0.00020621684430632118
6.858789456019903e-05
3.6954093119045344e-05
2.9963126326871823e-05
7.4029280448127e-05
5.7937748063145714e-05
1.762173284962447e-05
5.157072504557987e-05
0.00014891896597514723
7.984761465506587e-05
3.839203735190071e-05
0.00020905104631587643
8.968886328425686e-05
0.00012417646131184748
9.535582890278243e-05
7.145848318284215e-05
5.170159118322848e-05
6.0826218202576515e-05
7.558847177834554e-05
2.9994193674791744e-05
3.35852765307628e-05
0.00013196626458869694
0.0001490722129327609
0.00012999425008246063
1.065482475520598e-05
6.072216984637657e-05
8.494764327688528e-05
0.00020644232287432945
4.972577204210118e-05
9.947273945678375e-05
7.665060048818616e-05
3.818397328341182e-05
3.120838748596809e-05
6.984134702516462e-05
9.374994658839336e-05
7.249354965113735e-05
0.00011563892666713878
0.00020299256844289165
3.257323835356937e-05
6.282266045949756e-05
5.595243839177937e-05
0.0001690815591066413
2.5301328751426835e-05
0.00034226414465942013
0.00029746271061370196
6.453133407219101e-05
7.948053661737868e-05
0.00011632538235645964
5.9290716832085786e-05
4.541048115329201e-05
0.00015265149507477725
0.00034416379223401296
3.140751936592416e-05
8.765674030737511e-05
0.0001657245340444238
5.941285695674209e-05
7.712394367134646e-05
7.107049505088021e-05
4.824120541132333e-05
5.476679756677168e-05
6.922851229884174e-05
3.0363652595956123e-05
5.915102049664242e-05
7.552492447278303e-05
0.00010816800358482522
0.00017928490196710307
3.74219898034606e-05
5.426863682199752e-05
0.00019898949256391606
3.682314289245267e-05
8.374794264605394e-05
0.0003482604420689231
0.0001489074655210527
6.362644186446226e-05
0.0003464610960851331
6.497436760422465e-05
2.199518013799714e-05
0.00019609702056238074
0.00010475250005785996
5.0787859450606623e-05
0.00015692477267770854
5.526749406852955e-05
8.945033728227322e-05
0.00011384555436939638
4.0440304496211976e-05
0.00011551442264607712
0.00011880113168138984
0.00011753033257954684
4.459807326256977e-05
4.4696943010068674e-05
0.00016641507690816525
8.412071161334156e-05
3.6917568334914204e-05
2.7435367048166652e-05
3.1205548407497925e-05
4.111974494184416e-05
6.453117284219474e-05
7.606207426491307e-05
6.46633748039866e-05
3.561849863534077e-05
4.0791205143715596e-05
0.0002671816736154212
5.0617625363838804e-05
5.5482563664157885e-05
6.60126688491574e-05
4.839909119493377e-05
6.422498252919812e-05
7.79524144697649e-05
6.032678626135777e-05
3.9029762396119565e-05
3.3011049676068414e-05
4.2825125283427225e-05
7.0136479520905e-05
7.879863789133926e-05
4.026201707265827e-05
6.500394026400091e-05
4.135057966434345e-05
2.7576156083088242e-05
5.455480679902808e-05
3.9383590640141754e-05
2.1113267608033697e-05
4.689329034463827e-05
0.00013763249706264086
4.68113239183622e-05
0.00012278910885104598
3.9727536594792824e-05
0.00013927321328496893
7.086381978501502e-05
7.814920524013401e-05
2.1314008954108067e-05
8.721625936561053e-05
4.102512948772596e-05
8.679560605456798e-05
0.00014256330599961612
4.992391322836572e-05
7.933649813792685e-05
0.00012843028657587627
0.0003622472732485426
0.00026316747912465144
2.5771638114575145e-05
5.3583347682895656e-05
5.931491676484777e-05
7.793869464998063e-05
0.00031740449136184376
0.00014946075942076054
7.1516099814612e-05
0.0002167206804227138
3.425947664891935e-05
7.504367192735588e-05
3.821140201485138e-05
8.878001223156473e-05
9.133033883131174e-05
5.775874958120324e-05
2.926777473051031e-05
6.536249521405327e-05
3.818258419890055e-05
4.3384220306445866e-05
4.172924380435874e-05
3.035353796282756e-05
4.491716494673246e-05
9.349716502049616e-05
1.9928341524829677e-05
2.91286255841714e-05
8.708847046478795e-05
4.152425724855118e-05
4.800606766130069e-05
0.00015271781529181363
4.0102504297609805e-05
0.00011238036073318629
9.854607772655009e-05
5.259669690529187e-05
0.0001166615019669538
6.105370245253304e-05
2.975358627058083e-05
9.828127988412737e-05
0.00019385622267849623
9.314082766132494e-05
0.00021433755221358824
0.00022919477637350122
5.056841997753793e-05
0.0001348481701850552
4.566747674508821e-05
5.452124523001622e-05
6.400646475358204e-05
2.742443721442418e-05
6.432793688495289e-05
7.85910385293531e-05
0.00022524764428035339
7.904962973525246e-05
6.269896690732167e-05
5.648598106927486e-05
6.295236288166282e-05
3.390748777297521e-05
0.00010539698024832102
0.00014369744658430307
0.00015333208265573558
4.861759018693381e-05
2.5946935447648357e-05
0.00010538940996201144
5.153244150174875e-05
5.690370921717419e-05
0.00010906312353556423
8.582784545194565e-05
3.640505433743576e-05
4.317866982154217e-05
7.393393340054023e-05
9.025236191016108e-05
5.9281034611439986e-05
0.0001336713831475967
3.7517118334921215e-05
8.372020367839674e-05
9.567735809020285e-05
8.407059949397759e-05
0.00016465194279213327
8.17211353136752e-05
8.700043547468316e-05
6.998265410861098e-05
0.00014181062653317124
8.224645351341886e-05
0.00013411482394459597
0.00024130557326721656
0.00012484829375005645
5.435968435873645e-05
0.00010546612007634742
0.00014738024632643146
6.542689689888275e-05
6.411865779301289e-05
8.155526236512964e-05
5.895526919625082e-05
0.0003620318886615162
4.740541183869117e-05
5.2145433524389e-05
7.525544119529342e-05
6.274113866627466e-05
7.633100475059801e-05
8.807539207764746e-05
0.00010722528669075008
3.746059654947891e-05
6.828499983273573e-05
3.121325440990105e-05
6.361126395193065e-05
0.00010624960991573046
0.00016705514282635178
0.0002098834612244222
3.417524166379392e-05
5.987907850862878e-05
2.6130135809137366e-05
0.00011896859245299219
5.102642551985485e-05
0.00014038941274003804
3.560971307541817e-05
5.485535607364436e-05
0.00010371543471892713
2.79785154298385e-05
0.00013059124919306543
4.133488476015347e-05
4.139318994321399e-05
4.436436129310158e-05
7.549387313019627e-05
3.662911191007323e-05
5.7888534674325856e-05
4.980872885578945e-05
6.556643426596843e-05
0.00013232648953286557
0.00016988762004882454
9.688176478943252e-05
2.624430281853773e-05
4.024372126282555e-05
6.393849696134469e-05
7.877690513480073e-05
3.418697025746529e-05
0.00014404378464858754
7.388292281860511e-05
4.374417569374024e-05
0.00010448845623835168
6.48208486036003e-05
7.607897841470115e-05
7.18473378759239e-05
4.745361679871973e-05
0.00011141609189391344
0.00011574960313024347
2.702045380797782e-05
0.000129044717514512
6.8886778010214e-05
4.388405544439644e-05
3.226712117298235e-05
4.498215039402391e-05
2.7716682016758336e-05
8.139650847767089e-05
9.77007924758948e-05
0.0001271081172606868
4.48150339724536e-05
8.419365114889943e-05
0.00011170429469225341
9.267902319239108e-05
5.815509492117118e-05
3.832133515517427e-05
0.00021867404417287803
5.3761524330242875e-05
4.006502206445211e-05
2.876157447426581e-05
8.54646297198927e-05
8.17265635946004e-05
5.6610543585955574e-05
5.354593168250846e-05
0.00045513949634519684
8.596981919883481e-05
2.800804343935995e-05
0.00014935901113381366
6.324138932087876e-05
0.00022583809849629753
6.170059112298268e-05
6.994762906537435e-05
7.656821100015252e-05
7.851252971683482e-05
7.332582971620134e-05
2.084839782010452e-05
0.0001004971445776724
3.4683692750220726e-05
0.00011480810579557936
8.119427692819044e-05
5.365633881213905e-05
7.491359383710748e-05
7.676162954526452e-05
4.851064298122379e-05
3.2304178794131336e-05
9.188640345094077e-05
0.00010410293900731915
5.7198611767243136e-05
4.0375583489301e-05
0.00014344735489665465
0.00012711151387936127
2.5613357900909145e-05
5.180201647558429e-05
6.57243965559804e-05
0.00011821516369463628
5.720551447034647e-05
0.00014019397548064306
3.6552178366180046e-05
3.9517496587581875e-05
0.00010442667013026869
6.031710881305707e-05
0.00011917881373610189
0.0003819424622721981
5.070724235460665e-05
9.705682365415457e-05
9.451826109503972e-05
5.383177551466504e-05
0.000187703502224089
3.633016044629483e-05
0.00011715276875546924
0.00011344342953893154
0.00015779769202933986
8.683827549200192e-05
3.0594281182552386e-05
6.736607806573354e-05
2.278241085330644e-05
9.751417957933974e-05
8.684567772268526e-05
2.7877326800334174e-05
6.300983354681425e-05
0.00011305553422688939
6.710014208332883e-05
4.237013330688111e-05
5.3178598881892304e-05
4.340120174232777e-05
0.00022884003336238356
8.261883319160564e-05
4.246297212796861e-05
9.850448417704895e-05
9.142489802749468e-05
7.671955724201338e-05
6.877421757927071e-05
0.00023169144436573013
5.8975453842428215e-05
6.823814113948133e-05
0.0003652954442942513
4.943098227675311e-05
3.8984336419118744e-05
0.00035061016973414065
0.00015775221911418927
0.000167301619228575
4.2979806822978954e-05
0.00013852552788349806
8.776941313872617e-05
6.753261614479059e-05
0.00015187843490082343
8.600336682525382e-05
5.588950364028191e-05
7.566147452386911e-05
6.500409447054142e-05
5.36466062454456e-05
5.104867964156991e-05
2.29475302755762e-05
4.718194773647777e-05
3.283924885701986e-05
4.2544325009938895e-05
0.00023926406621849726
6.220213280122351e-05
9.408578399669165e-05
8.980586338546073e-05
3.309484843061362e-05
4.767497088708741e-05
5.567115844305075e-05
3.663533278555252e-05
6.651883026998229e-05
4.329322215249668e-05
5.130942889052881e-05
0.0003320219086061847
8.708422008023635e-05
0.0001010412990289071
0.00016186516958527095
2.5414302185661816e-05
7.11485413841524e-05
3.408750520425413e-05
7.051577647282837e-05
0.0002308275869867975
0.0001705205796647882
5.660086454642895e-05
3.647038651831838e-05
0.0001022012125335749
0.00016293194365456183
0.00010917380304877295
6.16306229493113e-05
7.78576869099088e-05
0.00017207762701688728
6.9478772731841e-05
5.157689017083124e-05
2.2782022939222902e-05
7.136190263450482e-05
0.0001900402496296208
6.442061707312507e-05
8.589086693241743e-05
5.4358237455071993e-05
5.1670563027939184e-05
5.719761007458614e-05
6.917932862721913e-05
0.0001383166991610827
3.080819444024422e-05
7.286884658402906e-05
2.7861877544531548e-05
7.321125183958316e-05
7.478564962174471e-05
4.72750912698596e-05
0.0002324362438001499
6.227675743760028e-05
6.437751165677424e-05
6.252732214404352e-05
2.097058619535076e-05
6.700822616501595e-05
5.1145296741530795e-05
3.0193761511234903e-05
0.0001029110029298352
7.279705398964163e-05
2.122589978430673e-05
9.900196597437384e-05
0.0001879001678513164
3.429957305991693e-05
2.977895724674301e-05
6.588198449374331e-05
4.017851241509916e-05
5.202603594858114e-05
9.279519357508559e-05
5.8026467201927546e-05
2.4821405649175432e-05
0.00021060471072367932
5.2998514367305e-05
2.8946125605706063e-05
3.0523200737421876e-05
3.726418376153534e-05
4.218202738816631e-05
4.6911050731660746e-05
3.057469732786824e-05
0.0001366031376570975
6.320998637196169e-05
7.563109635939793e-05
0.0002992032331514887
0.00011901085872900163
0.00010072458100439539
2.572470293583845e-05
7.037494028984912e-05
6.26017227043119e-05
3.691627089624997e-05
8.703423700399353e-05
6.19410237642785e-05
8.571667725685414e-05
2.973627527320109e-05
3.9626384329713484e-05
4.201695786225837e-05
0.0003971417760720701
6.715366129884794e-05
6.404296292946558e-05
3.880651025366641e-05
8.815306639934053e-05
9.802891515557204e-05
0.00010221014539146083
4.4699594109851423e-05
0.0001315755037682463
5.7538811237060556e-05
0.00010660747120120272
3.604651198000166e-05
9.760895593494788e-05
2.3545298324410794e-05
8.324784883881891e-05
0.00016321512869257057
5.3046075988418737e-05
7.279913557871528e-05
3.244742854864141e-05
0.0002608135655146171
8.764522357965211e-05
0.00019805476422700576
0.00016016950291297116
6.777611874555492e-05
7.8285067532292e-05
0.00010296568286009044
8.150056361554298e-05
2.6319379866835293e-05
4.83101905164128e-05
7.300155661272533e-05
5.330091230465712e-05
4.562807720928844e-05
0.00013931677842650368
4.464045881562084e-05
4.130683661025196e-05
4.85007480988775e-05
0.00019452195797290412
9.440963758514513e-05
0.00014429003760818828
4.516792387878382e-05
8.087536387502398e-05
0.0002677680724716157
6.805083474780336e-05
0.00010181761925970683
6.27270902321593e-05
5.99622054097425e-05
0.0001220244371511669
3.952449938406688e-05
3.958559196320653e-05
5.2983549968756236e-05
5.096485411590872e-05
2.9299905560667416e-05
0.00010121220526014393
3.176211713471066e-05
7.124102312527943e-05
5.5048245701159226e-05
5.2167314498523046e-05
2.2057550956803823e-05
0.00014323927427997704
4.243750042760788e-05
0.00011158983582410977
3.3775213803381155e-05
3.4683144286354376e-05
0.0001230285020437623
4.254282185970205e-05
6.774511725886434e-05
2.321340453165348e-05
0.00010540757494119408
5.8141585993933835e-05
0.0003459097196127104
6.514439697092357e-05
0.00012167720515121678
2.917599091531824e-05
3.775591581939159e-05
7.998630484846085e-05
5.769295693732282e-05
3.0909531852533814e-05
4.594565601744429e-05
5.199584250403398e-05
0.00010105055184804411
0.00012946175983857207
7.262781977879396e-05
4.182516794385295e-05
7.272789386053799e-05
0.00013301498944541954
3.6715574138118934e-05
4.047387521808592e-05
1.6977058234487057e-05
0.00012851966692607595
4.2042510540746427e-05
4.0947091165068766e-05
4.498164873921537e-05
0.00014217515631731996
6.238823336286455e-05
3.501861500562935e-05
9.208031676532382e-05
3.4728165377251495e-05
4.2399105362157365e-05
3.7704368578106434e-05
7.307387535982142e-05
0.00017942784738460616
5.0831385791641114e-05
5.585646662544878e-05
6.831769803927447e-05
6.336866505665826e-05
4.1888493035679235e-05
8.543342078991595e-05
3.052357579454998e-05
3.0033013260080512e-05
3.3041745523668533e-05
1.923268032136481e-05
4.8162850774242963e-05
8.065723981759244e-06
0.0002872894531915575
8.138750152067957e-05
0.00022854033241379896
2.1199873098496362e-05
1.5382903696952868e-05
6.756261119646832e-05
0.00017714343031250367
2.3836915108951984e-05
3.879016229449163e-05
3.789343266147009e-05
4.835971352336603e-05
2.7095506804920737e-05
2.4545351563219003e-05
4.615833845902683e-05
8.926840215803177e-05
2.2155626174224512e-05
3.0777583742769746e-05
4.2940782676700284e-05
3.95693951977843e-05
4.1587643146282636e-05
4.799926499815312e-05
7.14442190616748e-05
7.420607207379588e-05
0.00015858040174850113
0.00015334782482036047
3.261935065324124e-05
0.00010058169037058941
8.228206929890896e-05
0.0003096712046982499
4.845571648692336e-05
4.6893144422875683e-05
4.068506911690188e-05
2.3962711099352296e-05
8.803867106721002e-05
5.094294327739298e-05
0.00014977323067965503
5.6889713330766184e-05
0.00014062581287483178
0.00028515376872697537
0.000113860941463301
0.00029734220025939584
4.618236659983637e-05
0.0002277491904973304
4.9090417482472555e-05
4.050751865365699e-05
0.00026667933814811034
0.00014332274871922955
5.871980762772109e-05
0.00010599397995363026
3.977973984696992e-05
4.260153788239788e-05
0.00019686840270134962
0.00016893847081989424
1.9040821278768013e-05
4.372373040157256e-05
3.7680177688081674e-05
1.5546942158197697e-05
0.00011299151400855248
0.00010806924988432748
0.00010915819781442469
6.421248938271083e-05
0.00010860524998851319
8.703961076973701e-05
1.3116527526520375e-05
4.616922024603844e-05
0.00014522185090671205
0.00016936287733439035
3.6652233546979005e-05
3.481870349182074e-05
6.964143060566772e-05
0.00037732897064153293
4.1391738238888366e-05
2.3082833141558222e-05
7.449015827656195e-05
3.2181969246032917e-05
0.00010415986344466011
2.547302868437703e-05
3.993668662479523e-05
8.073723602069822e-05
4.3438576102580286e-05
2.329768179305938e-05
2.500056808461731e-05
0.00018486581551760588
7.042355816840237e-05
6.889031045308994e-05
4.755442361063979e-05
0.00011880134893308923
7.127388569043159e-05
3.335026938915232e-05
8.239849072130626e-05
2.167837870809238e-05
3.725811880423608e-05
4.5990326253774524e-05
2.2158462323447606e-05
7.392267552779614e-05
9.946643868363206e-05
3.2760671376485925e-05
0.00012279171329591146
7.128422290634919e-05
1.1075765679298619e-05
3.136819935179402e-05
2.7695694904701214e-05
2.1956011410664353e-05
0.00010589623979300472
7.980550686888615e-05
5.8511256731135885e-05
7.53915394532037e-05
3.551953692006825e-05
0.00011823321047822181
6.551648143117008e-05
6.350981734627327e-05
8.64187743867684e-05
9.183550715620381e-05
6.157924008529052e-05
9.174577883180483e-05
5.386790745229449e-05
0.00012444337638123414
8.584646152544865e-05
4.119408536406936e-05
6.425958319833826e-05
0.00012691436057246812
7.953585808896843e-05
3.505397037510669e-05
0.00012427397967744382
6.364918051478174e-05
9.48070320385459e-05
0.0001632277456512726
5.1701732463340494e-05
7.869778931665068e-05
3.441798610544993e-05
6.705346516703863e-05
0.00013001254988334937
0.00015480361496949882
5.4613657130056e-05
3.414138493823748e-05
0.00014056578097308386
0.000152106468511951
3.3814053487976125e-05