0.04754907748248473
0.0749052042828324
0.048275757239023456
0.08153340434458146
0.07680431613857179
0.0996978779513495
0.07060329298703967
0.0237008024909513
0.03059752697608492
0.05015454386850434
0.03257599961068161
0.02440618251065843
0.03454198521632403
0.011616661957889985
0.011477525834503401
0.011546039456956808
0.020953421168933714
0.014666528282139902
0.03894263657119092
0.013551577253315145
0.03019978029260715
0.007078359948871511
0.009461896452522408
0.0037553155269615156
0.013455693892607298
0.008418483925930642
0.008395906043227952
0.014577178177313974
0.007561772385100835
0.016423104026756247
0.006904042586717031
0.00521412239450672
0.0032379931046910147
0.007825387289293705
0.008427029863546464
0.013528683421279681
0.015022060688009129
0.0014251989427785346
0.0036741711151576403
0.014551602414278697
0.0043532291454589055
0.010711975996765872
0.0017020893485703331
0.005090213347541768
0.00985407907886408
0.011885065594614844
0.0015280867265896722
0.001176763292970246
0.0034266201467606843
0.004151641480650346
0.005496557756680476
0.0069306915595435375
0.007782966424156679
0.007061995159636864
0.009164950392021578
0.0035854860313038915
0.00043629876958874554
0.01089398644630057
0.014231722266680982
0.008211351020584366
0.009563109309329652
0.0017386181956433949
0.002916756365247408
0.002476811924049099
0.0036397688915737587
0.010864794105848976
0.0030223130442912725
0.0012371385293268077
0.002868817012284416
0.017221403194787467
0.004277440626211142
0.006303623954010545
0.0006642521416383678
0.00125600257346739
0.0036400251208340757
0.016506065421569942
0.002585557677832526
0.0023093808067070156
0.0022811866990871854
0.00262522026364461
0.0035744352973911737
0.0016576774325063022
0.003174479541575161
0.003009122982295224
0.003509939410989161
0.004604113009151622
0.00434094154156832
0.006628880289647504
0.0025604870793455607
0.00563282896925866
0.003696492912192621
0.0027488696176541736
0.0029747329740323256
0.0006563421771064956
0.002698473756348464
0.0040427502241178696
0.005986652449182437
0.0011131059040385763
0.005717720605898282
0.0038395434123997454
0.00494701536191275
0.001479007591504427
0.002364832562851665
0.000827880950625976
0.010095879010436478
0.0027660904092622627
0.0036397073260346978
0.001610374950225015
0.0033868001380698595
0.002704823722374457
0.0030815304034326665
0.0021501782872498745
0.0015302372283627673
0.000984943365411812
0.006918352822376399
0.002825102661458196
0.004441872342644327
0.003475246821441144
0.0014315047665137517
0.002127535069243621
0.0013698528027587193
0.0010688466582636064
0.0077178114468272165
0.0014892878682463172
0.0020004766097449648
0.0009534782797898088
0.002585652397187307
0.004484770923361832
0.0028852688983872763
0.0017974867381498718
0.003990735098862222
0.00522257369936469
0.0023843643133017447
0.00046066958594851196
0.0027713219976371693
0.001917934512291647
0.001480786154667651
0.003126095612586688
0.001296089493264593
0.00281184478077013
0.00032990729158251274
0.004222853614711182
0.0010418273394094807
0.0015676819134382127
0.002167042546311012
0.0013117514986087486
0.001187992149818236
0.0036527955375337522
0.001548590861386571
0.00668787784864728
0.0009722137848537466
0.0020451220528417517
0.0016097347691028272
0.004989173411020019
0.004285620258139071
0.0036098763327677497
0.0016754462538322121
0.0017385021100509654
0.002069796184132516
0.0014484606473141746
0.0024935868347196843
0.006112029687920088
0.0019294437949780832
0.0038259343156015857
0.0018984180310156475
0.0005756735044685086
0.0012607382264303065
0.00030288828361862996
0.0014482779150344935
0.003591998440603228
0.0002745363946200369
0.003044888200737932
0.0019599744219933727
0.0018366618739676245
0.0024463914524488315
0.0016677832950571167
0.002813495156747537
0.001846773856535577
0.0012186800799307786
0.0006262299855384321
0.0034669784630691866
0.0009437493995685384
0.0013229217993840784
0.0019499175212098483
0.00043052551714320555
0.00120130601781432
0.002123651527921452
0.001169421956179942
0.0018714259273099403
0.0011281249486356157
0.0001541250068328731
0.0005196015705602337
0.0034043604628573726
0.0015138306639685187
0.0004734352594461076
0.0037716671450395197
0.0021356096618003195
0.003930949656149895
0.0004752313134732664
0.0017157853378176643
0.00036548451324755005
0.0009497116432863765
0.0015332972786200663
0.004253035765105179
0.001737601072594729
0.0006370438598595596
0.0027198575884361262
0.0015653746559585618
0.0012658226845296953
0.0006881376216986874
0.0005329818465392758
0.0038335210910855396
0.0035792441347808823
0.0017713559301058245
0.0015307814832065051
0.00013901732881408017
0.000802305542329529
0.0015907362278925197
0.001756766096741576
0.0022743357971744477
0.001144788653608278
0.0005801136827677863
0.00120571526269427
0.0004526044949598025
0.0011958694110200771
0.0009864873484088346
0.002035608635315225
0.00013802689097523982
0.0009770439013743492
0.0008346213870103926
0.000651664397930385
0.0008800498586939506
0.0014294651961752251
0.0004574997895732676
0.0006675750414451259
0.0017046211675268296
0.00036590943067315836
0.0007428350734030517
0.0009844296108666181
0.0002990332179780237
0.000984402193303901
0.0015421518773635168
0.0007687518956577455
0.001407255977555524
0.0011084159038096154
0.0010026388964030702
0.002568704584785824
0.001173270803102402
0.0002771499925434812
0.0012968600018538777
0.0006110081566787758
0.0016524718678134313
0.0005995716856504354
0.0007547513658135303
0.0020685033480805463
0.0011153930695399765
0.0027498107688428723
0.002146367337271182
0.0008382608159405078
0.0022156494402980763
0.00020983060476090546
0.0018642525692224865
0.000776501717849832
0.0008884013036849664
0.0010417268319034847
0.00035614179122603475
0.0021925890054884634
0.001626223370638978
0.0019615169052331397
0.0014699547079729453
0.0005090978905666108
0.0021510806452603804
0.0008300348741920908
0.0017023696786598866
0.0012073269468945854
0.0007707322415131915
0.0015352049770390183
0.002006431913923746
0.0037796014294094
0.001440193474665321
0.0032769379767981655
0.002531562562353678
0.0007550166846464219
0.0019849154656815843
0.0009537668886393389
0.0003389442787160647
0.00023014735188642854
0.001217340139555095
0.0009493385178361287
0.0032806262565257672
0.0016745904112974315
0.0006826251822114412
0.0005829073791327726
0.0006764960582824347
0.0013260182195923781
0.003618715169516799
0.001145417756040591
0.0008355581962190569
0.0008624136638453821
0.002973256625077717
0.001240192091729684
0.00012290403128208157
0.0005893298254875859
0.0006904810589321389
0.0012312717197397534
0.0010498357263873331
0.0032151420655297342
0.0024005308848722407
0.0006346793943250911
0.000838998346356765
0.0013091256542981078
0.0005499471101247433
0.0014791927234814714
0.0021960594728153778
0.0008822500605598821
0.0005985355005055767
0.0011974097650164182
0.0005698876911251232
0.002974648101884528
0.00039052275669315727
0.00024206612493493613
0.0004387292711249288
0.0010272796086837556
0.000638742353671851
0.0008849894994648834
0.0004031678679141751
0.0006071155001464922
0.0002522510090034856
0.0007399815265682805
0.0034807852197123296
0.0002326594252438318
0.0022133040002447167
0.0018157518714393742
0.0010050041345710222
0.001238880207375125
0.0009005595668441052
0.0013564864560566463
0.0015410048991414294
0.0012348427181161415
0.0011805312808846392
0.00130947851270353
0.0022130487841261854
0.00022036583076576383
0.0014424632260534869
0.0010665031290708828
0.000583127236204945
0.00018324114910954394
0.0009137706183237292
0.00138888725876766
0.0002423185895071474
0.000782721950979892
0.0013364489292215754
0.0014908020105007403
0.0023349953129502637
0.0007295200702728491
0.0001722361903437817
0.0006061406445133686
0.0007663031393662966
0.0009643283726263191
0.0003055681546212109
0.0006659301582985086
0.0025867936753186083
0.0004935273297278248
0.00011810386270727972
0.0004195509272768418
0.0010621986357537076
0.001277028215161985
0.00045309418861279647
0.00034617164909351265
0.001422841596619662
0.001676727606662005
0.00046595619460948603
0.002165824385545446
0.00021724729376464
0.0004520829075177593
0.0005103358464782043
0.0013174166391038582
0.0004976797875975392
0.0005176146402591064
0.0021082965743605027
0.0007749788279971462
0.0002821520659201501
0.0005632249738683328
0.0009792611560647093
0.0005591832368991163
0.0009656268988549241
0.00044713492940494734
0.0006485878456102596
0.0008264784401326353
0.0006715858063204822
0.0008106371502631038
0.0006140251107698653
0.0013469266936076804
0.003258603627533557
0.0010670445276848841
0.0012053548072645324
0.0005152241975790802
0.001089805704075654
0.0007314644746086577
0.0010034242720968214
0.00039796558274998896
0.0019076270770033007
0.0018916774122148751
0.0007302126166238507
0.00013863079837166993
0.00025594097260915155
0.0002462681308729779
0.000484899240086652
0.0017644092944680153
0.0005012985482959656
0.0024257745195174125
0.0015686870219641506
0.0010645870958316797
0.0003426481299310869
0.0024756910120033435
0.0007370967736400632
0.0011159508064659818
0.0005294524885579294
0.0014879112026903215
0.0012031205137628602
0.0004532621105378157
0.0003428747487387269
0.0012732959833378725
0.0011168820907639869
0.0006210322685685423
0.0011956348584386902
0.0015190376895096093
0.0021752036445252154
0.0008597663229081101
0.0031433431420102346
0.0014898908408421117
0.0002995434124859952
0.0008556956546731791
0.002081273360453219
0.0012605880799405715
0.0010568034236580215
0.0015884314046484699
0.0010687211303214966
0.0019249699805275351
0.0003491533871825077
0.0006691281507706717
0.0005144146227943255
0.0005635572569386295
0.00025673867620749425
0.0005076733588757793
0.00035169061442878144
0.0002470362927033177
0.0007491173807549268
0.0006055934272785334
0.00017156587392279802
0.0011182638171218105
0.0009389765262095204
0.001089376289631359
0.0005706661528484801
0.0010893911786907494
4.64318995116212e-05
0.0017305127753604425
0.0008370795829008712
0.0008045292830965617
0.0009881403901719065
0.0003641671550501901
0.0008145787446206824
0.0009185250565733748
0.00032812009648136516
0.00130492707427853
0.0015978712969068754
0.001065984942091753
0.0003170571318602841
0.0019465315377972922
0.00045676045762446204
0.0009438880968006935
0.000519287526553601
0.00020861065480077157
0.00027794153492228824
0.001842909869885174
0.00023167335953597456
0.0014221414508206632
0.0005879822871156529
0.0005363379158642704
0.0011330402060943556
0.0006970204069586819
0.0006151039058880083
0.0007390447863088051
0.0005188943825312744
0.00010624062578147243
0.00022246869399159154
0.0007973382461653397
0.0015316133750634849
0.00043232100226972813
0.001561062908901069
0.0002195098391046172
0.0002604507228610862
0.002934173813474348
0.00024682893710581573
0.0001642763185170089
0.0004936039790884112
0.0009354485684457689
0.0008108523340853847
0.0002483701016671828
0.0006495847363314857
0.0005188525767840324
0.00041049947284871595
0.0007237971854885206
0.0004039484039646368
0.00031958816559220563
0.0007058936197533867
0.0012074206230235152
0.0005617454175261225
0.0007319173155904688
0.0003090416291019981
0.00025154326360404063
0.00017188526526071878
0.00037669308757759903
0.0006414814251102647
0.00035939779935568816
0.0003726313056455416
0.00043078745764401277
0.00023576648305423124
0.0004171500062643218
7.056584047483987e-05
0.0015935277972658215
0.0003548195935718127
0.0009915932586168949
0.001973281691498991
0.0001699366496517894
0.00033601573762235583
0.0007273132581891369
0.0004370764395977193
0.0018568428870563204
0.000989045809259008
0.0004375225473774583
0.0002872475152222115
0.001414646696128575
0.0004019727416619193
0.0005839777799945039
8.146571012409651e-05
0.0017330201461364934
0.0006393883517805893
0.00034484714627184854
0.0010172106157642624
0.00033320985425107613
0.00017771872998212251
0.00019849927940187188
0.001314760275803832
0.0019482989446005063
0.00022065979253913735
0.00012814797686254656
0.0022702242385772434
0.001129776935579083
0.0002535781711675497
0.0001308439985299659
0.0008885979253403315
0.0003385462910840223
0.0008260963380063802
0.0014373467753909827
0.00011950909461751449
0.000671230610721783
0.0006902939917233526
0.00019735038455924423
0.0017280746064795823
0.0001763052252826834
0.00012049400156246789
0.00022993728479865294
0.000701404050029087
0.0003806447684045013
0.0006496386919221708
0.0007583731968634437
0.0005673576923659516
0.0002646803198724027
0.0004492383371989059
0.00045016827428906
0.0002553267360286372
0.0003998791032623525
0.0018729203652285992
0.0005367273896392614
0.001030283386331959
0.00033497216369418966
8.326022358242536e-05
0.0028464423964520663
0.0002054134731776887
0.00046889721758092216
0.00022906767386840013
0.00039466524972277565
0.00030564163534605815
0.0007523554659598588
0.00034492666677011407
6.295284237959219e-05
0.0003794221829278415
0.0005435928320956542
0.0011637547072143079
0.00033351431671690474
0.0007984618392485189
0.0005007979928167134
0.001667267176354637
0.0006259748464618138
0.0006252765316229569
0.0001363096460393746
0.00025029613913317384
0.0011704555953473816
0.00035982257650964296
0.0010477342727408052
0.0009520869972945748
8.985116379032512e-05
0.0016565737924793367
0.0013965321978141084
0.0008266895243233299
0.0004042593669025227
0.00034165169974126954
0.0014335431504744031
0.0006466015828321909
0.0004350535700969048
0.0017614876288455112
0.00022996734886369182
7.259693433641559e-05
0.0015219918611201284
0.00041426049865991507
0.000609118093803576
0.0006782212605731433
0.0012761329392605443
0.0006344874817754119
0.00014041123928489852
0.00039955367528470654
0.0006200948135860297
0.000401906890195231
0.0002530384510881578
0.0003025533461243926
0.0001232246716531258
0.0004941525748936316
0.0006342333572635663
0.0012800379047947037
8.69100332167257e-05
0.0007064238558388117
0.0004287458563194973
0.0005714398934198444
0.00014034678344763458
0.0010802781254563613
0.00040152711499330366
0.00011778482970771846
0.0005171676263618172
0.00014237726755642047
0.0003941780811687108
0.0010064597936418529
9.82397315877186e-05
0.0007940773051320109
6.807167504679401e-05
0.0007799054282320271
0.0004479785861827668
0.0003823928331135089
0.0006764694830685608
0.0009563996155196435
0.001980268267267986
0.001144980171596374
0.00046600463753041096
0.00021815513086402853
0.00023339722913990043
0.0018969077159525691
0.00016611274288128947
0.00026227537467068095
0.0008629624641733601
0.0007533071152961534
0.0004874380716382693
0.00014024470755731686
0.00067562369194725
0.0008159930693690846
0.002075588781694903
0.0005079299390678323
0.0001423512217016079
0.001091598880319533
0.0012463409163527585
0.0006341016005367614
0.0007082523496594791
0.0004331890961135808
0.0009698384562010046
0.0005792696158395467
0.0005444184078150748
0.00027834816753345313
0.0005730588659583633
0.00042685368695745586
0.00041420737182022705
0.00035799818735651815
0.0005656784606567025
0.00013544577862618289
0.0003544588620787659
0.00012815617847074498
0.0005516867337863729
0.00021456460364399922
0.0002095335326510568
0.0005475332596016765
0.00045972526169181933
0.00016031254057517853
0.000372079514414487
0.00029897843662617145
0.001914760808295179
0.0019493382004555167
0.00040136538396503375
5.8726286320586455e-05
0.0009533597547401114
0.00042301966385692886
0.0008833297536796222
0.000158865241245853
0.0011807668166135502
0.0007342299952849281
0.0008224179566439342
0.0005883433471360109
0.00047389726815993044
0.000347607422449766
0.00022683502859052648
0.000338479192574306
0.0007852441956378446
0.0004939538872573494
0.0008021582527484114
0.0004382356349452548
0.0003424244427661983
0.0004255788169968283
0.00021103907975530248
0.0007698811610573259
0.0002604305439329086
6.603604197987368e-05
0.0007044435412450491
0.000341163403296727
0.0009259747127231439
0.0008273634830656554
0.0003295902679849417
0.0009609670502189521
0.0002153086637071548
0.00010764102000745179
0.0018488362557423264
0.0008635167566857821
0.0007890026544927084
0.0010947045547803197
0.0007055023299300655
0.00018948101567442784
0.0007822714386551424
0.0017602099378833849
0.0005165507180147157
0.00043602097096756754
0.00017751885982487207
0.0005179483078209009
0.0006019360688905135
0.0008611013554700095
8.670723198003895e-05
0.00010036842568017191
0.00034790836880764964
0.0005889043067437024
0.0006395780571413369
0.0006377470117820461
0.00030567783081825135
0.000967024191227038
0.0006292501204484093
0.00047282942771085796
0.00135869555833973
0.00013076882905412908
0.0006991813770663896
0.0001861046148381983
0.00032521233908974426
0.00042373365895969695
0.00016200788367760405
0.0008430125551078487
0.0002406186417936903
0.0008654619021733114
0.001273783661899324
0.0007030161377817425
0.00036961069962336616
0.00024503052785996963
0.00020577686110760635
0.0008605599465128894
0.0016871007728364897
0.0004984607798360374
0.00038401865863855013
0.0006071106301026323
0.0005129581056674616
0.00043676929182282577
0.0003968492066776857
0.0021263486310329517
0.000662813609648204
0.0004875417735509447
0.0007083007340311279
0.00016272801903321105
0.00021581688812741143
0.0004938890157801918
0.000911027147654508
7.208495648550545e-05
0.00031679863137916176
0.00012806395398785476
0.00049708149209801
0.00014467929944465293
0.0005593839398086407
0.0006477827765315011
0.000393865654309013
0.00047894194146248965
5.883737949344823e-05
0.00034353976233798817
0.0009254091841311688
0.0005400263399881356
0.00038402655095315906
0.0005235435090695299
0.00012247985311512988
0.0006357772375054043
0.0005633370910347623
0.00012975283034699612
0.0007567907483021932
0.0013571443370757547
8.250143945877127e-05
0.00011654513826855369
0.0004436816477426234
0.0007484522427063877
0.0006259483402066915
0.0012069372554718194
0.00024041012034498494
0.0006093223861465203
0.0005220832800402773
0.0006102663202830795
0.0008101444717948139
0.0002994637545221139
0.00033645628299822116
0.00045474206410183723
0.0002884149541561517
0.00017366311818575446
0.00048815849735012174
0.0011454544980155923
0.0006803087088445071
0.0002768152022905403
5.964971619260105e-05
0.00034147178507498173
0.0004404151155728471
0.0005536457654565408
0.0013321992816073386
0.00019899139425135084
0.0007699974349821696
0.0008664854634302182
0.000810567089179968
0.0013259749692421591
0.0003074256906759359
0.0011206873870603414
0.0006572562244939152
9.597695890691121e-05
0.0002687642581442182
0.00024167754736667782
0.0003171822290456758
6.881666550217604e-05
0.0006151083397916039
0.0001799054593307621
0.0002801051839951154
0.0007237714189822324
0.0002289518817599681
0.0003318204497645254
0.0007050354200089739
0.0003627843340706562
0.00012216771755963181
0.0003280651775491413
0.0004985532616728401
0.0007050130019777597
4.782549198292783e-05
0.00011639578983152153
0.0003196950103009749
0.0006632485144788551
0.0009881117825749582
0.0005823459088839621
5.901041746328591e-05
0.00046393153124833607
0.0006002102187525882
0.00021684511417070895
0.0003648398146978666
0.00010443494532606727
0.0006634163784649458
0.0005174671249070184
0.00016808605699800955
0.0008125295938903628
0.0004979136783294082
0.00017582032988166626
0.00020319054437414592
0.000496519846095504
0.00040073796808785047
0.00031522311037543525
0.0007271263179059834
0.0009089852744714183
0.0005733827439905854
0.0005949981044377129
8.065225697258384e-05
0.0005090910264138695
0.0011729003315316992
0.00018363150427624456
0.00018158340264076505
0.0002915648576818657
0.00031889842024293704
0.001149684603340683
0.0010901119089656345
0.00031266035277557707
0.00013774268020067806
5.8931643707874597e-05
0.0010654096615827313
5.0349529141182214e-05
0.0008225298116596389
0.0004929331590378186
0.0004467331848901002
0.000988664899811764
0.0006545950365880269
0.00010955805032376147
0.0001966419891019378
0.0007108242599743498
0.00025545954100830774
0.00010734489191137622
0.00032287079339303655
0.0002664970111172106
0.00029789063336862023
0.00021007584194182192
0.0009199827088882829
0.00017228231454762864
0.00010659611147714661
0.0006755700711122484
0.00029061006496506947
0.00023966343148838765
0.0005028661547472499
0.00026438341802474777
0.00014279757098252532
7.100863040280131e-05
0.0006834746149823263
0.00031025342158841557
0.00013784705203347678
0.000132968567154583
0.0010622081760900573
0.000568814624920413
0.00048277901792845155
0.00020106691844045245
0.0004245426078687355
0.0006224295442436702
0.0006428181046144989
6.844833559807093e-05
0.00012675319611062146
0.0005612873298449894
0.000383882981238424
0.0002090923788389655
7.798401309525663e-05
0.00047236289527847537
0.00042185342935927483
0.0004996745965992233
0.000574483108789362
0.00030354459727311903
0.0006877311883057847
5.809842335996541e-05
5.7444034096648906e-05
0.00046638104587385374
0.0005162298226297341
0.0006025232813212421
8.533144513988788e-05
0.00023337233159982605
0.00030590684262451573
0.0003858730084364111
0.0004655054549435898
0.0004846287050202787
0.0005892808839484837
0.0010980041491534867
0.0006395705471594895
0.0002712190949741687
0.00015065551950356904
0.00018959519538647843
0.00032373499296290006
0.0006705290373580788
0.0003133192408871401
0.0008932878141634797
0.0010854848098144569
0.0006062364703178316
6.29600763166054e-05
0.00010076704049733012
0.0001723623179809278
6.698437748025527e-05
7.981357235028403e-05
0.00022767201753829387
0.00026919539482684305
9.195313236031088e-05
0.0005381818483523683
0.00045225817313894587
0.0009954787506758571
2.5559635586061572e-05
0.000280196706975277
0.0002742624174279627
0.0004941644736280896
0.00026186387916123723
0.00034369326124409955
0.0005188588344395169
0.0011523238085053011
0.0002514767053979501
0.0003482166660633882
0.001389794743008593
0.0006773597579794918
0.00010340171284292058
0.0003149334817762924
0.000151470706431313
9.09969860662183e-05
4.2631434763600954e-05
0.00012769130019428713
0.00021031747445834453
0.001375916291330206
0.0002624079737387582
0.00015375419541772308
0.00017809586386762996
0.00031229552361756926
0.00013114920746391885
0.0005814440200198667
0.00019334011292079008
0.0009419993986148588
6.565944425869194e-05
0.0004227102616252654
0.0007198156141986061
0.00021159669039623122
0.00012119762197926345
0.0006143842744698072
0.00024549047279891103
0.0004660510497809333
7.625595688856405e-05
0.00014081946942471729
0.0002981939077960695
0.00016104177919701695
0.00018289482319858494
0.0002796037355194725
0.00016220285464548623
0.0002826635402422709
0.00039835920996933666
0.00015041640070595475
0.00011660039313499357
0.00027022180700595643
0.00030363773596256703
0.0009760705666073601
0.00018037986161306086
0.00022195086627560534
0.0003461052990081379
0.00027870075029906154
0.00024774032116521306
9.568393136523229e-05
4.48516334636932e-05
0.0002595275650843838
0.00017749741639736346
0.00020124079727845622
0.000295014148774817
0.00021677045964554336
0.0008995472323005952
0.0001994515372444771
0.00032085128379980796
0.0003716222896939643
0.0002149003977533374
0.00016571106192773657
0.00022290023553413194
0.0007208356521342399
0.00022709977041684653
0.00042161422504233
0.0003242405414106631
0.00022595762068365285
0.0009235727458855451
0.0004734585579917668
0.0004963994739869975
0.00016450511516174745
0.0001863921554568461
0.00011600498233272117
0.00016219117634051286
0.00041830714171279073
0.0007202161162519167
0.0009077842887343634
0.00020924911508337482
0.0002190887081929946
0.0003985332155336809
0.00016793127525454817
0.00016511239085806144
0.0001349299364592383
0.0009823296333668057
0.0001657565185235494
9.339731663529913e-05
0.00035087680793355905
7.799728207700676e-05
0.00036731783855639265
0.0005475366747026659
0.0006283558164800726
0.0010744611691184088
0.0003753135392347993
0.00016435101090334832
0.0006112811393866429
0.0003917609327578509
0.00017276409280132205
0.00011513575315177425
0.00037907007807901094
0.00023902425804959347
0.00010317841575845218
4.6794940270058956e-05
0.00023087223767415084
0.0002998512165703354
0.00024516812371081116
0.0005217622091184957
9.339517545895059e-05
0.0007088942006726533
0.0003974177239221702
0.00022295456150205764
0.0003411828615512002
0.0003943364797213588
0.00013997233872400615
0.0003848643020562543
9.44352802846348e-05
0.00014532813023707957
0.0005942283900413288
0.0004874030428623875
0.00010929251622900434
0.00024581407163918586
0.00032368068288630075
0.00013552995244070382
0.0002994674535015264
0.00012436054660374082
0.0007998101576984158
0.0002062543249853356
0.0011796835948213644
0.00014227375257752493
0.00032484808676507817
0.0003611431620759686
0.00023981091304623494
0.00018650753647796867
6.335038105120516e-05
0.00012389613453447204
0.00021335965120951788
0.0006511171661883204
0.0006031413418861503
0.00040199164022270485
5.992115724063294e-05
0.0002828630890199729
0.00020316296156691892
0.00030831347843262566
0.0005224404696115219
0.00019624162365875945
0.00015987921588479364
0.00028153211707930483
0.0003003906422453366
0.00027802055188741
0.0008345431199935225
0.00016884692487740738
0.0009622344962123331
0.00016225704614768595
0.0002217673407043938
0.0001220270209565139
0.0008428562526508208
8.707970714189805e-05
0.00017661143398438109
0.00024296745862168717
0.00043431864283736596
9.774754986872912e-05
0.0007740880172552412
0.0002889670399019771
0.00014214914765924258
4.671701340001108e-05
0.00023910992301793445
9.375553740268301e-05
4.667759530979145e-05
7.028768828264114e-05
0.00018470197457163976
0.000485430480112417
0.0005034261715295003
0.000326506814997178
5.9902041274511854e-05
3.763355412701019e-05
8.113076692257414e-05
7.26788662789995e-05
0.00010032177512024913
0.00048273174075761125
0.00030568555666461115
0.00018591167217853126
0.0008495931740869778
0.00024439682401308603
0.00036356278886017694
3.9701732446058094e-05
0.0001109173939624811
0.000259754830590259
0.00015703784745918798
9.939127237873895e-05
0.0004138820577877716
0.0005693297904700165
0.00016655939981615253
8.536659833131715e-05
9.16697455944938e-05
9.150730725643864e-05
0.00017603420438044778
0.00037954597192218034
9.033554471354148e-05
0.001113423059352367
0.00033344624223612194
9.673901544253985e-05
0.0005685440415234983
0.0007187318339820181
0.0004303339377599742
0.00025120153791745255
0.0004524030873644316
6.212521702873749e-05
0.00013867550505383518
0.00013790685196093702
5.6086108547779595e-05
0.00021106937511216416
0.0005891477668218811
0.0007775387023340833
8.931611829361893e-05
0.0007164221919691718
0.00060628534632031
0.00022250388480702139
0.00021736990860272387
0.0006256178635559861
0.0010165545332754744
0.0003056940356855203
0.00015199438106043272
0.0007473126430434329
0.00010144643063083593
0.00026072457779704344
0.00012812943145150112
0.0003647861251542875
9.982644275291295e-05
0.000183647474118975
9.401575983488044e-05
0.00023755402661418233
0.0005071954015137179
6.017093519670125e-05
0.0002971801540903542
7.900625333488548e-05
3.8113453751119766e-05
0.0001396162349753329
0.00027086751337757916
8.856658749557171e-05
0.00039440642403305864
0.00016225807039782348
0.00021133940498346232
0.00015210391206001877
5.747134674042662e-05
0.00019490982549510028
0.0002290059609509821
0.00010901217349111058
0.00045356277384424727
0.00018283112666511261
0.0005656519680667738
4.187137575168936e-05
0.0007891459384251816
0.0004714470449495777
0.0001283390631361852
0.00037833919581607977
0.000237733179809154
0.0001254942333150756
0.0001764096411441008
0.0006671549810828554
0.00010006802259347385
7.940737175422356e-05
0.00016783543837022645
7.128481324979985e-05
0.0007518012949915761
0.00012379961453905456
0.00024225649762102367
0.0001822225771064777
0.0003315181525707137
0.00014770915154422524
0.00021327843486656494
0.00021898284529875257
0.000380895174752484
0.00021472991865764977
0.00018961112089673448
3.733515397447213e-05
0.0002455689244703533
4.485041934685654e-05
0.0001705272617886228
0.0002991308397345104
0.0004551886154300775
0.00015082169051390892
6.766533931393659e-05
5.136268379900708e-05
0.00018451670751668298
0.0008174937752084377
0.00011288246030320195
0.0001341254763108829
0.00014637723379747037
0.00011115845599697694
0.00023492979897192656
5.389433142412573e-05
0.000715403192942431
0.00010334926886616741
0.000117282279132574
6.745272687297665e-05
0.00011733639194629843
0.0003938334821447476
0.00012981675776081234
3.892650419153225e-05
6.649751953757207e-05
0.0001498980236785284
0.00029545395085863976
0.00020799458959739519
0.00018818757119692467
0.00020621695907852014
7.090160278329693e-05
5.138279021294199e-05
0.0001910226720418933
0.00024177663142633033
0.00010913297358463659
0.0004743108807478741
8.226295729662056e-05
0.0004976164465642982
0.00012402028119034853
0.0001641571701211504
0.00013799427340553883
0.00013992897005957457
0.0005227376682670337
0.0003612380882109609
0.000258034163821093
0.0003541362594720625
0.0004913682323113772
0.00013362129732369317
0.0002091693271323186
6.337525798867195e-05
0.0003605180334435202
0.00036443241014563646
0.00013581858805753917
0.00010851904065583338
0.00020272670711169827
0.00019231724847526782
0.00022529677027209108
6.962796052703679e-05
0.0003698086887914595
5.974079056640367e-05
0.00022915876882648867
0.0007985431433964448
0.0006259392912061015
0.0003119518424566154
0.0002620362154382188
0.0003274246649446359
9.196408174138001e-05
5.85751445498238e-05
0.00011237131426990541
0.00039016541039913974
7.333529757594674e-05
0.0003170472917409827
2.52312984093277e-05
0.0002145034877366004
9.006763774614093e-05
0.00010336510736196403
7.72339890356754e-05
5.3694640398392096e-05
0.00022351162685138462
0.00032709454276720856
0.00012637191069399324
7.889594794103567e-05
0.00046470219571137554
0.00029829009141372906
0.00040246920424337023
6.61915226534862e-05
3.243313127971647e-05
0.0009418840766314697
0.0005492232266178037
0.0005873301320176553
0.00014273785216672877
0.00010810376823811049
0.00020239566369618554
0.0001532948326733837
0.00023188432742630728
0.0001068544925717142
0.0001176206078607401
3.329462231978053e-05
0.0001234010132338514
0.00026240415055210425
0.00041020186797688574
0.00014887304710987315
0.0008374397838461675
0.0001452672433771656
0.0005065062213437321
0.00023956129642284396
0.00028710793546183884
6.865741776386173e-05
0.00015934964837672344
0.00020798266271707631
5.668425872738356e-05
0.0007318616673686495
0.00018739126585288349
0.0003828147577459639
0.00022279472756243598
6.966563001812064e-05
0.0001120221891491112
0.0006166491966117874
0.00047677296567151485
0.00021672725740703392
0.0004990032674385694
0.00011725363617550653
0.00016841198852685394
0.00014029075859253859
3.898682055766131e-05
6.06738739188748e-05
0.00010792245626847868
0.0003832326414329809
0.000133660508898381
0.00012707570219417099
3.66473640919318e-05
0.00040986618110627526
0.00021262543297402713
0.0002638807294850661
0.0005064900833098927
9.273836163543672e-05
0.00027345026980893263
0.000173733869264441
0.00034691475984841686
0.0002102172929200744
5.5465043524286075e-05
0.0001116877947184585
0.00014655454792407275
0.0005330589396998583
3.7257961680314456e-05
0.00013570409435674372
0.00011406960360833146
0.00015635734195044613
0.000903688407675454
0.00016038216275523538
0.0004950793816124446
0.00019594981047288802
0.000186357712257979
0.00023502375147281868
0.00029561787724280284
7.977210171879994e-05
0.00021173550830540163
0.00016779990802541202
7.836094307092263e-05
9.476089908330652e-05
0.00015966973572805607
0.00011003674015474899
0.0002956514843558451
0.00010636593692356383
0.00015115728962899447
0.0003369601875259161
5.325000540720855e-05
5.8234166143115824e-05
0.0008772742048543702
0.00020998914674073732
0.00030476886382144625
0.0002946099431116225
0.00023086412238810402
6.66547020810444e-05
0.0005125151174338293
9.685403826045592e-05
0.0001018005008176527
0.00015513905599879134
5.3565422200654266e-05
6.063084210318313e-05
0.00011501087394506116
0.0004667247181841514
0.00042679930073006504
0.00015172110938000682
0.000386893589304236
2.68187321997371e-05
0.0004562106021898706
0.0003709044504008996
5.547425639092162e-05
0.00031931759465064514
0.0004752540584928708
6.97175947062314e-05
0.0005886862697606706
3.7577861391759045e-05
0.00047277960265393456
0.00036672446652094933
0.00010401103021124349
0.00037242142800984675
0.0005162048441034123
0.00011354292187061198
0.00017200644021603248
0.00010342556039141187
0.00015850289838729474
0.00022923096234252967
0.000131916110948522
0.0001275019099874713
0.0002939929975281285
0.0001577065375196697
0.00017510367656064184
0.00019658947396743417
5.6225349797903016e-05
8.450071868439995e-05
0.00017143817027671994
0.0003062998090701574
6.37284740507366e-05
4.958285494989762e-05
3.1986870427972465e-05
0.000315372904267297
0.00016696268433972767
0.00020388208246236103
0.00023441664659134043
0.0008201343096615318
0.0002953563537289996
0.00010165724780333942
0.000108082591220337
0.0003441219288978747
0.0003704234930110227
0.00041074297150975927
6.764440831101681e-05
6.807390968460275e-05
0.00017373587559975162
0.0001718873093770259
0.000275147541394539
0.00012471667812634563
0.0003998035926881028
0.0005622295890552999
8.301697364305318e-05
0.00024172358981735924
0.0003276373452197165
0.0004364281300385236
0.00036870787443736076
0.000107535466649439
0.00011002960310676825
0.00024785389526210303
0.0001283588244283724
0.00029246314339761715
0.00031301042895150925
9.244429119341698e-05
0.0007622837394255828
0.0002991058943155395
0.0006870397175445745
0.0003133753531238191
0.000551863199087269
0.00018873190477556283
0.00022624420588125777
0.0003348403312403844
0.00013392341324875004
0.00013168174586567215
0.0001670472235161594
5.48442907527673e-05
5.482858986520993e-05
4.53934374832539e-05
0.0001653675497580882
8.048374582821529e-05
0.0003563050233697489
5.9348372311839495e-05
0.00014279614206567156
0.00042012363631245184
0.00019246583403207318
0.0001172022049486098
6.906083484208655e-05
0.00023500418585500508
0.00025232664069018253
0.00026514943619867533
0.00017763841526102797
0.00012502315844427686
7.477682518630635e-05
9.187342469721563e-05
0.0004789061096358347
0.00037897419871062865
0.00013433976237115536
0.0001451319713440204
0.0003278693516479185
0.00010882026276217684
0.00010795590047731955
0.0003883226973777581
0.00039488329291977904
0.000678218409120381
0.00020603815340342657
0.00022068232362005432
7.232216327562856e-05
0.00012784047459230377
0.0003841011042229874
0.0004472101058914892
0.0001714601017072821
5.860779218212091e-05
0.00015287752096533196
6.140872972559101e-05
0.00010989270281074098
0.0008017783746779022
0.00022218642751601172
0.0001853397039476592
0.00019702876825403065
0.0003325325051133891
0.0003248686235917096
9.279857460278353e-05
0.00036527649339520885
0.00032581879221153765
3.8834769714465506e-05
3.969031961449807e-05
9.559308118773178e-05
4.840838236250159e-05
6.373340522174125e-05
8.203921241158637e-05
0.00036382939506773946
0.0005324031133786827
7.994784725957549e-05
0.00016173770653522734
0.0003710927208633847
0.00017959695886449767
0.0001412305353168339
0.0005411472076931745
0.0001139190627371399
0.0001449417694005416
0.00032993298677645114
0.00021604367922785044
0.0003028721425582455
0.0002697265999093106
0.0016427585955891032
0.0002716193428771266
0.00011837228601728585
0.00040474587038680297
0.0006851103629985083
2.3289356927135292e-05
0.0001814018554747222
0.00015532024786091224
5.038297988148041e-05
0.0002987953592834498
0.0012211085896513638
0.0003039290372365933
0.0001762619089940705
0.00016131543515376546
0.00023603376273820316
0.00018899371464390513
0.00014145574933599524
0.0004823151455823049
0.00014047114450978443
0.0006083531611584383
6.241880415562265e-05
2.4013167059633575e-05
0.0002172391748030171
0.00020148821114211225
0.00025767301891092305
0.0001570983991470374
0.0001000372079174666
0.00015071488506355956
4.9802532373456004e-05
0.00027975444963459085
0.00016925098171004902
0.0002449280964495909
5.7397552089878676e-05
0.00015258935143051683
0.00010972793682728276
0.00043243487228646917
0.0002601848415661343
0.0002372735530147544
0.00048721618559656476
0.00014203333564297507
0.00010428218245737957
0.0001737190024143891
6.898772960518468e-05
0.00018146444434810114
0.00023411763178703084
0.0001520776579984545
0.00020523027974251795
6.757243811536535e-05
0.0003269733162325084
0.00036020392247660267
0.0004914575878102543
8.624341158155987e-05
0.00010714546064672663
0.00021618118209444743
0.0006491590498535627
0.0001102075395313854
0.00013644952434214004
3.0060694336846286e-05
5.9724620416293826e-05
0.00034615638873760534
9.44407394835525e-05
0.00019474260019449653
0.000375561689637848
5.350343826539246e-05
6.640713411978691e-05
6.841003519053524e-05
8.708664450327009e-05
5.5508798052090684e-05
0.0003216704235445914
0.00010983360175950237
0.00018678327601311735
0.00011043491880716038
0.00046047816890195856
0.00021401875567668964
0.00024222307531016212
0.00010923710536763619
0.0002482929613572551
0.0001194327459589448
0.0003927817260045153
4.412226143818309e-05
0.0002464270692028784
0.00010631569225764491
0.00010403240850585643
0.0005197919111244504
7.691210941987672e-05
4.556652724118712e-05
0.0004711982642641123
4.0829505226084674e-05
0.0003845772048521332
0.0001701666138087798
0.00036163518309793353
0.00012277086039560865
0.00023049979595072618
0.0004265070532017714
0.0001216411761499629
0.00010522168035471317
0.00013414704288671752
5.6875975840738016e-05
0.00016279772606242937
0.0010774847131887516
0.00035836241952801333
0.0004031788464057352
0.0001528835340706291
6.271957779096342e-05
0.00011666038502582524
0.00012281623902411415
6.963914354214967e-05
0.00011499572654099634
0.000252622532868926
0.00021988416123674794
0.00019873732891431648
0.00013486065338669592
6.010079643498085e-05
0.00010778320466363835
0.0001055968466395847
0.00024823854023041896
0.0002191109128558044
0.0005568577192885292
0.0002540908809570213
0.00010372193602279975
0.00018653843448386282
0.0003155388913217941
0.0002894136135288335
0.0007942166771149267
0.00014429711128056288
0.000209972438184454
0.00028907338576289975
8.053723819801293e-05
4.496451058356328e-05
0.00023429578658416803
0.0001665694246022424
0.00015951810739965572
0.00013604076174806903
8.201023248155358e-05
0.00010098849191456586
0.0003453730064724286
2.56279162861357e-05
0.0002506028546339029
0.00015120712620032156
0.0007505493589369622
5.200918199325996e-05
0.0003132408447903674
0.00015409208180770489
0.00031243717306868866
0.00010024984630261887
0.0008903242618227124
7.534175822588325e-05
0.0002104457351531733
0.00043678073305305706
4.153633328434873e-05
0.00018376745212543634
3.751786600035446e-05
5.158456008778896e-05
0.0001072227491009889
0.0001850355858176436
0.00010731471325832153
3.042224200387595e-05
0.00029222251474660083
0.0003207431562536569
0.0003222332542184941
0.00016998344961529943
5.6344462048093594e-05
5.242746402969215e-05
0.00033483534416254136
9.619942196910742e-05
0.00019120679002776906
0.0003182337550311365
9.542692710233444e-05
0.00017228752764761513
0.0001613770707701923
2.2614601912486285e-05
0.00015722373659328732
0.00017023258332250093
0.000165557838043026
0.00023895528125831994
0.0001603874007491358
0.00016091416489094919
7.551324719171278e-05
8.814948471268213e-05
0.00011640059722471713
0.000358652312486755
0.0002785066388892246
4.731634247491701e-05
0.00038297764020932566
0.00019916503977631363
8.948674220896503e-05
4.6228113950187995e-05
3.4255612486571155e-05
0.0002248365766521794
0.0002789022065683213
0.0001878321115096101
0.0002639541109516817
3.310379827456221e-05
0.00014372698160826957
6.0914856553222786e-05
0.00010862677746358922
3.724168505022442e-05
4.942029076366329e-05
0.0002683716261715636
0.00046681350368087
0.0003039944600946579
8.447319890617528e-05
0.0002851603572557016
6.150564236466411e-05
0.0003558585814656527
0.00026894283098672815
8.782487577016731e-05
4.173510710140367e-05
4.5109520129752044e-05
0.00044335057978316767
9.667768244197973e-05
7.972375402034167e-05
0.00042598466472174425
9.87813280215812e-05
0.00020486960311790067
0.00037440032211685
6.974821703368601e-05
0.00027281836785051944
0.00044279858659625654
0.00018424819261165997
0.00020439686122752267
7.345411192797056e-05
4.6594114856573154e-05
0.00010249447302595407
0.0002760310237151472
6.329575367935169e-05
2.7169983465616324e-05
0.0011559803845099471
0.0002573544113704803
0.00016254078541135317
3.9471276163633827e-05
5.4038038059527115e-05
3.520812505497708e-05
0.00020785031166977363
5.599182993399605e-05
4.405902550339392e-05
0.0001832551206743775
0.00023613510085906096
0.00045968039789824497
0.0004558138741393351
9.632561947765684e-05
7.011753070245618e-05
0.00019255899386335325
0.0006145851678944428
0.00020732491556543013
0.00011561582868156993
0.00014509148141786195
0.00019591283690353336
0.00016232929134028256
0.00017969460787599907
0.00029296711647436443
0.00020302057578294554
0.0004285956910764885
0.0002810355692074194
0.0001461500463750091
0.0005012346144775815
0.00017589026362797963
7.006851176038454e-05
7.550588667351918e-05
3.958890858953515e-05
0.0004335428283237162
0.0004091949464608603
0.00014096573626102348
0.0002970348643396119
0.0002888056389984084
8.89651807127381e-05
0.00010683244903540574
0.00033779792016186855
0.00013405223011603298
6.053224634020035e-05
7.719641492037078e-05
9.135892813415758e-05
0.0005353416926875707
0.000244009683947635
0.0001537196065335247
0.0002173215379870422
0.00019406514348586123
3.161245512804141e-05
0.0005960516114537327
0.0002770497935067702
0.0001346381031476552
0.0002582552694497957
9.2558165424112e-05
6.78509843659687e-05
0.00013427600511386266
5.1690443671483634e-05
0.00023387889590434634
0.00027078511295290257
0.00011439503974970702
0.00018810723073505413
0.00018835151343461312
0.0005041644705881723
0.0007353743876046537
4.1700909259384776e-05
0.0013499667037842672
7.451203833729931e-05
0.00019289202442224296
7.526290147941465e-05
7.8857677279989e-05
8.251589401267588e-05
3.2922116983004204e-05
9.494893897497415e-05
0.00020527185659321707
8.647143700595867e-05
0.0002634130086356046
6.068198671912744e-05
0.00031991502752316733
0.00023929682679481225
0.00019980275715503098
0.0001094117468947514
6.433789195204657e-05
0.00017035951737297142
0.00018803603460006957
0.00011050823059902842
0.0001503324356455386
0.00041910556424970606
0.0004697568475854727
8.348045038356033e-05
4.398978501562169e-05
5.041860009972498e-05
5.243466226426612e-05
0.0002394682812929175
0.00010063021062932437
0.00012273639014042412
0.0003335526322571427
0.0001261500583780308
0.00012173116379260574
0.0004338363431130828
7.1573401040836e-05
3.631037313295125e-05
6.474521576098176e-05
0.0002514248874852261
8.576611613073357e-05
0.00018709378578199497
0.0003091190257422334
0.000163066072316505
0.00028649079203594424
0.0003503886284982299
0.00010597629763076825
4.721828326704717e-05
4.213584824265513e-05
0.0001219217211457918
5.426871080718249e-05
0.0001728943792831285
0.00020416233966300153
0.00017192377372180078
9.89824976411661e-05
0.00011203034477690642
0.0005524652771611966
9.442762555347165e-05
3.428642023948163e-05
0.00014729408293116935
8.99970254265858e-05
9.456869890019906e-05
0.00019226051782799823
0.00011772589435947388
0.00012336033163604207
8.087371853697333e-05
0.0002830628101138802
6.674400704387069e-05
0.00040248836776246994
5.211153387118194e-05
6.772746306026323e-05
0.0001299670425022105
0.00033995852697302995
8.127973527150116e-05
8.60901158878082e-05
0.00010134965463782978
8.747959223766794e-05
9.230017122015026e-05
7.565354104498177e-05
0.00014179825983332784
1.7365366844600677e-05
0.00025084472678134833
4.722155200031513e-05
0.00037283414794976133
5.1744040264624335e-05
5.306629709073468e-05
0.00021587639327665751
0.00022196097903670023
0.00011822804035122321
3.110515146862592e-05
8.314391839986741e-05
0.0002225665655767113
8.98527103612585e-05
0.0004594811157632821
0.0003469169298324027
0.0004351517548708138
4.350286947709624e-05
0.00032011844795763495
0.00037675334299938173
3.2141530035485706e-05
0.00014561792938073978
0.0003659920719248925
0.0001380550768378287
0.00015298808906753973
8.972493279712604e-05
7.684150617334706e-05
0.0007205985314710299
4.000800643680003e-05
4.5810556488104746e-05
4.288448103912442e-05
0.00015515459438086623
0.00038217320940810585
0.00012795835258990704
0.00018244873697567906
0.00022631963298267208
0.00022423391033494735
0.00011262167760231054
6.753700910517774e-05
0.000125537677100998
0.00011502133643013335
0.00014713817385753308
0.00010805215844421649
0.0001721816789929374
0.0001110880211969707
0.0002747430462335454
0.00011546582945008001
0.00026955606322421103
0.0001739067604729245
8.596205391118795e-05
0.0002071311110560368
0.0002576021207873103
0.0007070773697580581
5.2457048611385915e-05
0.0001034965872087559
0.0003757780775053924
3.762519762698752e-05
0.0001939244342297331
4.524954183552852e-05
9.761188317264339e-05
0.0005691622414272547
0.00024019033036194599
0.00014894873446795803
6.939674661721376e-05
7.94505070383768e-05
7.764535025378905e-05
0.0005328904760055643
0.0001231415078244561
4.728194231132788e-05
6.999222937755699e-05
9.511960486942333e-05
0.00010822126235539898
7.071049601912416e-05
0.0005032884077034964
0.00020185695678721937
0.00016996591195644222
0.00017792676726297556
0.00017526596717185193
8.69059617111501e-05
0.0004570405118492418
0.00014463563037584403
0.0003132408130849474
0.00030941336464510797
0.0001252289678348099
0.00023270427094791265
5.9741351456400566e-05
7.821930460823427e-05
9.007396213017722e-05
0.00025839290012286505
0.0001089919708722497
6.483518325759143e-05
2.78222994696923e-05
0.00033726253955368023
0.00016852866495709607
8.985648877221147e-05
5.524366809475926e-05
9.005826496468287e-05
0.0002354297509371814
0.0002919344009376588
0.00010400398389872477
0.00023201316977120525
9.643643270041446e-05
6.815684090767162e-05
0.00010119425464076416
3.935375605857724e-05
8.104872562215564e-05
0.00011636832417154029
7.498418368639778e-05
0.0004697200857234331
0.00032698209182882706
0.0003446100703969307
0.00020795605519821755
0.0001498598950276978
0.00026195648953607415
0.000222457457368901
2.9031478716577444e-05
4.779590880153131e-05
9.707497647931794e-05
6.843702674044925e-05
3.0279133201369184e-05
3.304767256468275e-05
0.00021457756248843683
0.00013203207616688492
3.486686785698216e-05
0.00018391417567010677
6.963135314273498e-05
3.183272003486229e-05
8.243258810769103e-05
6.1007204298221224e-05
4.5186099106831056e-05
8.99624731171862e-05
6.031833284760813e-05
0.00019848618017776832
0.00020689202207309175
0.00016401913500071458
0.0002986459950497144
0.00024855289041922574
5.170132703402268e-05
0.00034132711511410796
0.00023500437039215697
0.00010372069960436462
0.00015216096810163595
0.00018247459567853426
0.00010523542426650607
9.30449488834657e-05
8.78819074492073e-05
0.0005491628890619595
0.0002472665205997565
0.00020802685221532567
0.00010787526522003954
5.7445420918692326e-05
0.0002508778033367547
0.0001334067589177506
0.00011847991619561439
0.00015078039693019598
0.0001527123893363919
7.514726617686492e-05
0.0007515100087368272
0.0001338175666788067
4.5946582012748614e-05
0.0002029352885867961
0.00021043008412826932
0.0003769442127941632
3.6595189060363594e-05
0.00013022916702715265
5.16198241860555e-05
0.00023222752801590918
4.7979875448794894e-05
7.607325449741995e-05
0.00010019802580330705
9.895834111712308e-05
4.2908073831205604e-05
5.464515108788558e-05
5.09414558572089e-05
0.00018539146189228175
0.00012287927995762376
2.79439104577705e-05
4.4220236053340266e-05
0.0002461449295403115
9.357525754884446e-05
0.0004148531722790233
7.271162886969636e-05
8.366829326553092e-05
5.750306687358973e-05
6.355466541328111e-05
4.55520091426458e-05
5.821890078762451e-05
0.00047022203420867074
0.00010755270656662598
4.524474985511856e-05
0.0005018119167501002
0.00039838019174226035
9.475846278574353e-05
3.687551972914111e-05
8.159968304082594e-05
0.00031171692743014036
7.558998030667787e-05
0.0002516563501278236
7.548574641823045e-05
7.367415200834374e-05
6.877141185552574e-05
7.58848572807545e-05
4.2408109081375705e-05
2.9350745134820387e-05
1.7158409338494433e-05
0.00011136815167241392
0.00015390759680640402
0.0001267858631522877
0.0002209406289900509
0.00021706125890269415
5.9131161939877523e-05
2.7636421376757405e-05
0.00010173140620519163
0.00020881105916397864
9.3883180041578e-05
0.00012225217412009431
0.00031243899013288666
0.00012485593055588793
0.00012554866374724476
8.634973354427848e-05
9.052652635505773e-05
0.0002233788005478679
0.00012973221430680193
5.179626524598824e-05
0.00023723451342602328
0.000296094468698713
6.405933004862738e-05
5.5382280570927046e-05
8.273855162213383e-05
0.0003227196452760199
0.00016595241632066715
0.00013543346270334747
0.00011312474672455537
0.0003437671814311537
0.00011129257620493441
0.0002700449243158461
4.8479394215000204e-05
0.0003611684341860539
7.498137408801286e-05
0.0001492662810090197
3.519504034770524e-05
0.00011844602366215197
6.110736454406676e-05
3.328936658001526e-05
0.00014524187997635706
8.99731571847149e-05
0.0001227730689983231
0.00017223665402179964
8.790907533998713e-05
5.7572506098281654e-05
0.0004473995612906206
5.967986456407882e-05
0.00029976255920623884
8.986748131495241e-05
5.614222191183906e-05
0.00012198961452662711
5.264994983274327e-05
0.00036200698267176926
7.582898168583735e-05
0.00011169779165687917
5.523623567000145e-05
0.00047403850225883335
3.97818250698292e-05
9.840144893639756e-05
0.00020233369526399637
0.00022279411450901534
8.923886519168304e-05
6.012343967079283e-05
7.228225374301156e-05
5.11358250104175e-05
0.00021832128196450255
3.746869893562441e-05
4.432776243755828e-05
9.29830994735041e-05
4.7416339067030734e-05
0.00047218221875498
0.0004422324300658307
0.0001292246790061843
8.405431323524395e-05
5.7183526366397224e-05
0.00017138593151985878
0.00010126062931535161
5.467690094550863e-05
0.00011076040946170905
7.584925113601606e-05
0.00019802846690537634
0.00022387851490294312
0.00026195665049542986
7.027771250539487e-05
8.863220879490339e-05
0.0001315682233987126
8.950121314969452e-05
1.9888899924660758e-05
0.0004128177072491061
2.7288007652542818e-05
7.888334100216796e-05
9.000748950582102e-05
7.988954416501877e-05
0.00010491193206840573
8.204326680574778e-05
0.00023269636819614432
0.00018724655153610437
0.00014505831277165926
7.20782669739891e-05
0.00017362970195017235
5.3414091033019726e-05
0.00019521831153343646
0.00017881414301768874
0.00026792033694414934
0.00011995882414041718
0.00010549476627599126
0.00010383794434333074
0.0003501613781071534
0.0001598745718448097
0.00014085258837973088
0.00013817455987444807
5.56112365340805e-05
3.6435848344321345e-05
0.0003969656390376749
7.640366035754497e-05
3.200450245310115e-05
5.798973757143035e-05
0.0001842570016818299
0.0002012954921787642
0.00017296023035978983
0.00011979395073166474
2.584688598568924e-05
0.00027664180517857897
9.500644159881263e-05
0.00011084085566995114
0.0003815611526863844
8.687547532485165e-05
8.449719081148169e-05
0.00012178294263537878
4.1000808505814904e-05
0.00011313935176539454
0.00010437318424309462
8.7149630806274e-05
7.031756768533407e-05
0.00020934817129456297
0.00015359082172739923
0.0002504803666885015
0.0001700027121642425
0.00016490993781201373
3.6314096204775556e-05
0.00013417081014346715
8.912689967968512e-05
4.97692077470847e-05
0.00018657847416086488
6.97726817221838e-05
0.00013884275776649788
0.00010715309460805458
8.649502982378844e-05
0.0001359017624117516
0.0003526886326293882
0.00013630161922071146
6.729771891184287e-05
7.75875530225826e-05
3.394871314946246e-05
3.0985657869102756e-05
7.481498291110164e-05
7.202507039678256e-05
0.00010965032162572778
6.524916326428361e-05
0.0002737817910896252
0.00021202890980478146
0.00014190408652177205
0.00016450235037941146
0.0001404568364666631
0.0002882003587846744
0.0007013138959348603
0.0001383254182866236
2.4027468789857928e-05
0.00014122289302028525
0.0001888534045239277
4.94975668767591e-05
6.347704593068385e-05
0.00010693248344312655
5.3514729969863184e-05
0.0003237054637160527
0.00017550401321191942
6.886327840693383e-05
0.00047862098135159923
9.976389476424805e-05
0.0004202839102466781
2.002223006065162e-05
6.477349745332232e-05
8.481077591116336e-05
4.420467907133675e-05
4.7952908622753986e-05
9.148972563216783e-05
0.00018719552770077056
9.90637874826949e-05
7.737999688978972e-05
0.0003321608902897325
0.0001129545428616503
0.00017599406685127398
2.6909824654542708e-05
4.6929365963163844e-05
3.8957866705601046e-05
0.00013105300008146403
7.995036807948294e-05
9.593265126999012e-05
7.58426277249245e-05
5.064132689567207e-05
3.868758171334432e-05
0.0001326529185818173
3.7360762192835323e-05
5.37927730779742e-05
3.7491274970533794e-05
0.0001153929552837105
0.0001789825358002396
9.640980662183025e-05
3.498568603022852e-05
0.0003583300045659609
8.378270479839413e-05
7.045092090107273e-05
0.0001513241149873417
6.149241674566467e-05
0.00021501551934248082
5.250490517968782e-05
0.00019452072526405365
3.9491837444190774e-05
0.00036107616428435576
8.714695017033688e-05
0.00015059655217029196
4.526015392950818e-05
0.00032511422938801443
0.0001030601799330687
4.3043836704397804e-05
8.10273797137195e-05
8.250052087608452e-05
0.00011301852570214347
3.143584538123209e-05
0.00012600320410394034
0.0001030871128200953
8.883421690304747e-05
0.00024252466083679643
0.00023571206666699713
6.502796380089085e-05
6.400397544598819e-05
0.0002634954977085379
0.00013018962731248292
0.00011190796453860868
0.00011700826795875743
0.0004156282489931541
9.383042856415438e-05
6.309226113450468e-05
0.000163147121271303
0.0003482486333744038
6.049978209083594e-05
3.759124454252882e-05
0.00014743619212600665
9.726141716310306e-05
0.00016042410606200965
0.00019260672447884693
0.00011133275538236224
7.743057431249927e-05
0.00014462389738150437
0.00020053028678043664
0.000146750583246225
0.00026755921016755567
0.00013937099692376033
2.8881900014314927e-05
2.912101220241153e-05
2.801643086506484e-05
0.0003243412036021329
0.00013590494288459376
0.0001952553624702289
0.00022731778228928402
3.71319618375677e-05
5.2658853431821906e-05
0.00033256990375316866
2.569947589901722e-05
0.00016842987457514586
0.00010585303567884034
2.9077293199684803e-05
5.964500175639976e-05
0.00021160873767203984
7.447890813536514e-05
9.865642533251376e-05
1.5423083230106798e-05
0.00039457627884081686
7.270374008150632e-05
9.771989765453057e-05
0.0001412857611470273
0.000308841997397054
0.00014245815031973893
0.00017673372051979724
0.00011276321091738888
4.3998158878326505e-05
0.00010692725615946423
9.370102624514282e-05
0.00011644726988303572
3.921644086540607e-05
7.46266963962554e-05
0.0004051962188793643
0.00027857028039219645
0.00015912442668157475
4.314561188616818e-05
0.00019601635367693458
0.00017586429211320943
0.00010743292675808813
5.7152246793144776e-05
0.000190590375271817
0.00022901818778508573
0.0002912002305984167
1.5854976888868546e-05
0.00012884709557170687
7.180517129983312e-05
9.127982526490399e-05
0.00020402276234831397
6.883979287921035e-05
0.0001311560896577932
0.0002147035263023151
8.444011168269221e-05
5.366678288120763e-05
4.023788930635916e-05
0.0003630382670532281
0.0002945146155645497
0.0001512939381752257
0.00014998247549415658
9.198662584111673e-05
0.00013558647659834254
4.664126551790184e-05
6.168422668547692e-05
0.00022613367500882135
0.00036041060887159775
7.830507077007835e-05
8.657025580142017e-05
0.00017444386167053168
0.0002934317615089497
0.0004267936981700571
4.5482115293742214e-05
8.717714104213253e-05
0.00011546934269798601
0.00047607793184708803
9.13131152674434e-05
5.3567681193203614e-05
0.00010902272322607264
0.000283713099362477
6.662912317228631e-05
4.245211252607391e-05
0.0003515654458369444
5.439199553429452e-05
4.158237619394144e-05
0.00013024050486329042
0.00013928185102023345
0.0001487622474962504
0.00013103139287558638
0.000359061247450893
5.8309348586803466e-05
7.15053043909093e-05
0.00014421293625083384
4.1534016917222254e-05
0.00019276963848250295
8.668437954716262e-05
7.010344998818208e-05
9.376574849082663e-05
0.00010533617980359653
4.118941995328226e-05
6.498083580837462e-05
9.175584517342398e-05
2.1306639240553132e-05
0.00013860489161939248
0.00013459047000947302
6.47092915865171e-05
9.997142808254464e-05
8.383068212064935e-05
7.471228645669361e-05
8.34215846892242e-05
9.431002285977615e-05
8.179130074351035e-05
8.102665452325331e-05
0.00018001261958733574
0.00018108034061507477
0.0001150610748539824
0.00028538023636886085
5.4793333026407925e-05
0.00015423883691692116
5.755052754528709e-05
0.00016443816632400688
0.00010473051842090016
1.4907354543887765e-05
0.00024400255816091029
6.575328151246085e-05
7.95593006283381e-05
0.00015293235718734515
8.075541056039805e-05
0.00014554628131386115
3.865409806547146e-05
7.178839416227873e-05
6.869149918364448e-05
6.736752072055751e-05
3.4644723552116865e-05
0.00014569722247654963
0.0001508688797094637
5.372148638919093e-05
0.00010125508727682813
0.00013590871024892287
9.337323282073738e-05
2.792733789078783e-05
0.00040217984040917976
0.0001352319627989552
5.4712662073791184e-05
0.00018203984968112686
2.8024552690944827e-05
6.220554405768769e-05
0.0001423010592165491
0.00026926045521073776
0.0001356327924527534
7.104959120717133e-05
9.938648641642098e-05
0.00011514041817184653
5.106095204134745e-05
5.030905262866244e-05
8.429057595794335e-05
7.635041597182845e-05
0.0001189693442345282
3.935425352083151e-05
0.00012086128155011086
9.8341654469274e-05
2.917650464575308e-05
3.308844052745823e-05
8.131959894046421e-05
9.005625479710378e-05
0.00012958601478858879
4.3998735338725886e-05
4.611028776469386e-05
3.5829239218191465e-05
3.4316771091505705e-05
5.169339182725608e-05
0.00016689129644751818
0.0003380520648353915
7.478340984260703e-05
0.00010488891642799007
0.00013664414905775025
0.00010906678931770553
6.918508986136055e-05
8.518010783959626e-05
3.9706079641073774e-05
6.26178959877252e-05
0.00031042667451589516
0.0001086088783708023
5.199266643439606e-05
6.744712410223362e-05
5.924668348224358e-05
0.00030277392722718923
3.625909868747599e-05
6.881504789100026e-05
0.00012104215741719265
0.00010118163239901893
4.0821519840998245e-05
3.69620937160745e-05
0.00031035799463184
9.053270540082534e-05
6.0512102969394004e-05
0.0002664129207648998
0.00014991231007136093
0.0002275032821026529
5.015540021208472e-05
4.531994350417833e-05
9.293470435648284e-05
0.00014336949164746156
0.00012570649021461847
0.00025819547226655753
0.0001282900928939072
7.085369505676576e-05
5.0911628413970506e-05
5.5242783771513725e-05
0.0006711859898006922
4.401253136520485e-05
4.753375925938451e-05
4.264755684982354e-05
0.00011775675828873191
0.00023504312391366678
0.00010758054837699939
3.684234697720846e-05
5.643373499233372e-05
0.000133934938842323
8.760356600863335e-05
8.505793026284974e-05
0.00021207201012561958
7.72474279874075e-05
0.00013999018910478757
4.861738685713149e-05
0.0002378278797800571
7.5126522750556e-05
0.00010265281151033822
8.79778443654656e-05
4.714594217090164e-05
2.9248237839293977e-05
5.465583903553519e-05
4.949673546001435e-05
6.597295074600033e-05
4.797440554240072e-05
0.00014061015629506687
6.374549261121378e-05
0.00015698344169141483
7.858232216598557e-05
0.00039105581164280897
0.0002905776095689349
5.575793978998864e-05
9.617021015484495e-05
0.00012249817025454103
3.7153033637380473e-05
0.0002410037853285847
0.000518223368090519
7.184466209603095e-05
8.440380941628822e-05
0.00018889126551285983
0.00030782392078221386
0.00014284542959241715
9.067349416356858e-05
7.510327818129701e-05
7.41701324908872e-05
0.00010826080805717183
0.0001444136721780901
0.0001824120937736625
0.00025544270336792926
5.149571990645194e-05
0.0001572491769721441
0.0001620090010401971
8.71427925147984e-05
6.800567530282762e-05
8.873744413361243e-05
0.00013193367731981844
0.00023947201024534837
7.380931754583027e-05
4.866812749603699e-05
6.232766936425811e-05
4.7530511089625605e-05
0.0001626975556167717
4.66676384519121e-05
0.00012396667983696628
0.00039855069484148953
5.042310148314551e-05
0.00014207413386001027
7.501989000322916e-05
6.690894662977572e-05
0.00019446737326751743
5.7836420442224635e-05
0.00018424962539236001
6.113664532294317e-05
7.869365732334915e-05
0.0002885468845234664
7.289523373866671e-05
2.6814852920215982e-05
5.0054138925984634e-05
8.108110099913213e-05
0.0001006342964084639
0.00038377616946097483
6.399672798445652e-05
0.00010318985624150542
6.148957972688747e-05
4.091785552247368e-05
7.55254180931601e-05
3.2713263701455864e-05
0.00018369628171626968
6.477036959701528e-05
8.79612960532219e-05
8.7499296089886e-05
0.00016603608405146652
0.00013300337579211726
0.00010531256365332403
3.695026899919898e-05
0.000122954260707047
0.000349168957708082
6.775619756956239e-05
5.5061519442236444e-05
7.824545490714598e-05
3.004000328496931e-05
0.00028543260181044394
0.0001716053627608975
6.901948652982748e-05
3.12573631154241e-05
5.9461255953651345e-05
3.0162954151914776e-05
5.601898313790399e-05
5.160552758806808e-05
0.0005035367525210816
5.220482242461014e-05
3.0903638593390406e-05
4.2164843492708e-05
4.973181835724211e-05
0.00012443851221309276
4.325027088621e-05
8.799084357619498e-05
3.9834878977942655e-05
0.00013638273027050102
4.203455779578803e-05
0.00025849490145014983
0.00010522833039311921
4.545542244310994e-05
0.00019409077356292263
5.005194788200754e-05
4.2113882472532414e-05
6.647223743609495e-05
3.736144248637389e-05
3.6275910806284696e-05
0.00022105521210964837
6.354312366885541e-05
8.396436947892614e-05
3.734542292941492e-05
6.040652805158167e-05
0.00014755618612477084
3.833834581441889e-05
0.00015072682871717803
0.000556815357241732
6.636320003714721e-05
0.00013012740542002818
7.985763436780562e-05
9.198107171451773e-05
0.00012662780110566543
4.9720047084288906e-05
3.8673007355465894e-05
4.3613148656541304e-05
0.00014229581475240367
0.00029672383589575586
0.00010312943686728196
6.764842860282829e-05
8.149148924861193e-05
0.00010753298355528997
5.525536578278183e-05
3.72659738531846e-05
0.00012851404670910033
4.9605425790682176e-05
6.794429131841478e-05
9.480687659438554e-05
5.362860323815386e-05
6.810231088872509e-05
8.691781368678919e-05
8.297744174884031e-05
5.302337135023718e-05
8.539954131353181e-05
6.42419497336879e-05
0.00031284961875763966
0.00021767670589100774
0.00015088992755682692
0.00013123597740652028
0.00021192321409722162
3.8401644604692574e-05
0.00015042518481393953
6.892104718722285e-05
0.00015254414026320842
7.790275231939795e-05
7.954650226422312e-05
8.327118410128337e-05
0.00010872383308041098
0.00015415988528109475
0.0001251786923128637
4.11211211073023e-05
5.1051318160077524e-05
2.714957012845401e-05
3.74567790792834e-05
4.93171503168155e-05
6.561519961116516e-05
8.456662728014482e-05
4.877386148180696e-05
7.960077331103687e-05
0.00035362677360298506
7.423469125615458e-05
0.00032702388996362473
0.00011346721152784716
6.521992675262622e-05
8.175011669980342e-05
4.214364156716651e-05
8.877260688389428e-05
3.242094656107801e-05
0.00025836272028175274
7.720700955237672e-05
0.00019420997571725836
5.202708977063742e-05
3.137944237899278e-05
0.00015123743959564415
5.5016914628818866e-05
7.44285451670624e-05
0.0001711919514976742
0.00012353350484369915
0.00020187616800565266
0.0002672837747120481
4.67937765738763e-05
9.024692621253819e-05
5.746011622700916e-05
0.00012053905118707432
0.00021530048131777223
6.141197094370497e-05
3.92645108224628e-05
9.003498360236338e-05
9.239637235514477e-05
0.0003473098797540524
3.8004011733738564e-05
3.897012805840941e-05
7.005706776581657e-05
0.00014096749607196146
3.863100572998854e-05
7.863475059197922e-05
3.4453573250881656e-05
5.8013018578740964e-05
0.00010273825365327565
8.58864794093558e-05
4.7366136636506736e-05
0.00017819773711347996
5.1999882445233064e-05
9.984110722428434e-05
8.906010717334411e-05
6.44895212031534e-05
9.399424909302935e-05
9.999581800061517e-05
3.868935037551673e-05
0.00021739168550527108
5.868141234356383e-05
0.00022855978295565013
0.00011490710366269879
8.029280845009715e-05
6.824373596530487e-05
0.00020622982252334774
6.406145433087565e-05
3.886706808890609e-05
0.0002500444977765634
7.261967504538276e-05
0.00021307914765888368
8.11255737319353e-05
8.453230921877944e-05
4.610061836905612e-05
4.210490365280058e-05
0.00019585351319338314
8.62177746960289e-05
4.2702909720325775e-05
6.720660357745605e-05
4.1474121358197407e-05
6.888307223728167e-05
0.00018070717408407526
0.000256093199201559
5.0605489259203336e-05
0.00011177284009207551
0.00016277756813987837
0.00020641896570634124
9.519396634019735e-05
7.359431197532253e-05
4.911733115257361e-05
0.0001305493459846805
3.546604091696692e-05
6.487519833762266e-05
0.0001336826734307143
4.793623378876788e-05
1.888590066151031e-05
5.390323437761124e-05
4.8582534684855456e-05
7.824822677272404e-05
7.753361179072612e-05
0.00010821475516658195
4.700730982815213e-05
0.00015715452280675574
5.431831513012357e-05
0.00011338258452645777
8.699638901978987e-05
0.00013345520186392248
3.137137739085293e-05
7.33575613690794e-05
0.00012284874133899594
0.00021636693449332043
7.831635816197153e-05
5.4178506947929275e-05
5.5668787613987826e-05
2.9665767197019213e-05
6.252651214751258e-05
4.816053297820702e-05
0.00015987364127376536
7.883160708993336e-05
0.00013090617038794564
5.7411206557751904e-05
5.6072375146342194e-05
0.00013123839861042664
4.2200532847704635e-05
8.068509054236664e-05
5.661419387331573e-05
2.737592037110289e-05
0.00010982052226382575
6.24751016765461e-05
1.7696370219824467e-05
6.990520158588206e-05
0.00014151623393279477
5.540711640921412e-05
2.346710444540238e-05
9.508403494831178e-05
0.00019120428964439912
6.0050262544120826e-05
0.0001830894876413563
0.0001989385749538495
5.728227977915192e-05
0.00014441988349794062
3.894041089522384e-05
5.931420968538683e-05
4.364160114441558e-05
5.814563595601336e-05
0.00012970919694755135
5.385194157003424e-05
0.00010111874210909284
0.00013539658042012955
9.111859176744974e-05
7.343122191057727e-05
4.745493684276698e-05
3.484940281760663e-05
5.383531307429295e-05
0.0001542112373454171
2.721254871106436e-05
7.17837092489669e-05
2.490683407762301e-05
8.90056590941943e-05
0.00039437714949736523
0.00013899594519999162
2.983796750555885e-05
2.274795743007551e-05
8.620830766082813e-05
9.768944989791201e-05
9.98157442148936e-05
0.00012013698766545854
4.791679750289017e-05
2.38507966214447e-05
0.00014121358032284192
7.056422734536493e-05
3.870808547771384e-05
2.650966015356451e-05
8.560289637999474e-05
8.062132368566334e-05
0.0001527662632096915
9.090464078570717e-05
7.677332820941573e-05
8.142525293144699e-05
5.468568675832031e-05
6.192894549407386e-05
3.0462150326618877e-05
9.755693688526276e-05
4.081675390545041e-05
0.00021106578011993965
4.11029929401231e-05
5.96294367229748e-05
0.00012060014255579162
2.8677880946245687e-05
8.117932379942276e-05
0.00020443768976897777
0.0003438927626416879
0.00019805688741190983
9.889585475045476e-05
4.016051819959643e-05
7.163187992094758e-05
0.00010483808919432008
0.00025131310405633535
0.00011418632618610529
0.0001508203123048682
3.786383358547522e-05
5.692508568210364e-05
8.175983583089732e-05
9.713693076961623e-05
7.323821781662187e-05
6.188650425180529e-05
0.00010489543405264322
9.031840632681446e-05
0.00021192019885575778
0.00010740944797926805
0.0002039054667449492
5.042847487173288e-05
8.717070878264168e-05
4.1963012811525954e-05
9.104840313738068e-05
3.451916113590331e-05
0.00016320220875159846
8.474194455302205e-05
5.818708083851281e-05
0.00011910397362146461
4.946244458357567e-05
0.00023500323964129757
8.060944852971978e-05
3.952713162051848e-05
5.061335340059909e-05
0.00013916273957050452
4.056142120088519e-05
0.00011558906402542158
4.123826033634296e-05
8.22083899939393e-05
2.7342316995302742e-05
0.00015351562174409884
7.314928902371689e-05
0.0001302134825662927
2.6662488040874047e-05
3.333822232791094e-05
5.375584541975506e-05
0.00018731218791089466
2.8863865720181246e-05
4.789001171117087e-05
6.659705062216496e-05
6.088773695546843e-05
9.22072967390971e-05
5.572838666349913e-05
6.836979164371786e-05
9.092468091747918e-05
4.018895763989675e-05
0.00018894234265149384
0.000162406464690707
2.645722370616535e-05
6.627936135770413e-05
0.00012588150958151487