0.04151992985839008
0.0076899579045351125
0.0529854379796792
0.014395767673339034
0.15524201972941046
0.03165467401598454
0.023885178129961035
0.0232915794608962
0.04494641125087841
0.02781669553544169
0.06953011973640243
0.017610304498174044
0.059643321961958956
0.03192997034671859
0.010646343565125057
0.004033772393258402
0.015171698207160734
0.034804214673256055
0.01234570829423431
0.008948087882085795
0.0053357482841599945
0.02889677309939262
0.04796778950630127
0.008349013616129535
0.006627091181216104
0.003859315725469301
0.01858349401277241
0.004967910676585515
0.003867668581842163
0.007933699617186393
0.007125131504711662
0.01246488605679528
0.029539803718357734
0.011913592031151027
0.012006349552205755
0.017199747914292504
0.003599778459025736
0.00941175223818652
0.005931998762670322
0.003918073332182457
0.012325599447207803
0.0018947333329547072
0.007480431315170703
0.005195888898794195
0.007789354480675401
0.007206909923515843
0.002964338628401671
0.002599901086990124
0.0025291159161240848
0.006658810838956247
0.015500774158113724
0.0034021775126477625
0.005105115952793617
0.0074744070372622755
0.00639460104581762
0.009649961353959527
0.0014189537791815061
0.0005713492815313829
0.0011022470126965894
0.019565943496495555
0.002577741557808706
0.002815596645492463
0.004158154130901957
0.0027683518068259486
0.008820119522277686
0.0066238483520828775
0.009527852795016672
0.0032873573958466717
0.0012251719852560956
0.0009138339499863753
0.0032613715638827303
0.006904777146497201
0.002320639278575359
0.005665049282681219
0.015129484584092015
0.003149307387401361
0.009002166167866676
0.007883365293746208
0.017196724742876417
0.0028751974300250233
0.004128341769367368
0.0032926581900938586
0.010709311537609621
0.0037034175690378993
0.008883586199199503
0.004526245754488256
0.007692344147340603
0.004607005466437809
0.0026879138522046646
0.0007136232721287314
0.013925348630130374
0.0016501968779339246
0.0014451556417106046
0.008636496569757712
0.008118879594081925
0.0019886295120368092
0.0031612082111041246
0.0012728297128340445
0.001588256367040186
0.004997964576203
0.009823256812684806
0.0023668970285385124
0.0029311092120406336
0.0034190965023558778
0.002276823668456162
0.0006546784921858697
0.002116281164378081
0.005556782721043138
0.001452160977233673
0.0029567847820561022
0.004880437707781113
0.0015568134835460253
0.0016784510243833465
0.002611501832506178
0.0042021871958347
0.004653540845522154
0.0014772973660844347
0.0038199797495657418
0.005740452097946373
0.0006392806895878729
0.007122023122544764
0.0020658707602129317
0.0005916985031212671
0.00647379788279389
0.001543737431765802
0.004116017372248485
0.000216183276867402
0.0009340294212608999
0.00020429807997363454
0.004314859914265727
0.004061570227248678
0.0029593455919935466
0.0018328352337808889
0.0008187824727977748
0.0016581987602810094
0.0004338835058378557
0.004395864364738185
0.0005510578779457445
0.001506267928773609
0.00207116066891831
0.0012175429408648635
0.002737576665633779
0.001813597462788741
0.002627563866825194
0.004781004627817441
0.0014104510637699542
0.0006329435204778731
0.0018782638833776929
0.004629503324737436
0.0008856413734811869
0.002485460321840127
0.00100354797224032
0.0010981638358037544
0.0013569203847169874
0.0028678521591050683
0.0035126319924348236
0.008606005928486985
0.0022373481928707915
0.002954842433153231
0.004275652967593253
0.0037522649191873945
0.005514309198669856
0.003898605188008953
0.0015572084117475992
0.0006561973792933027
0.0010627911808324376
0.0015268583957478328
0.0005713751485768417
0.0018530986744488753
0.005332998939580925
0.003524050690858178
0.0006283244377993474
0.0033513241857252426
0.003455629461563447
0.003957430084297737
0.0008599527021875361
0.002955192988407264
0.00034070749568988924
0.0021743601304036477
0.0008745374968511938
0.0010642790029656085
0.0009874274602673767
0.00108445409848985
0.0014882819781415822
0.002802628599388666
0.0017809291422038402
0.0018952242509638383
0.00028038427590912677
0.002703486175142222
0.001620946050857103
0.0029630803551077213
0.0007619035470494178
0.0015730798721086538
0.0003553807093219687
0.002225645787912061
0.003166576784287714
0.00861453724924797
0.002637173486220118
0.003205240436636521
0.003205030429223726
0.0006104560170271926
0.0006960779964590377
0.0031868235787192133
0.0012498323268608405
0.0005563321385935762
0.0003241957917236941
0.0016770547507925042
0.0028999189519705788
0.00047186230776511827
0.00038893425354067675
0.0005862815401344862
0.001628054686551911
0.0010752390271173392
0.0010326689782156767
0.0003692003109481379
0.0011431674870061928
0.0014208525089057338
0.001078865000343496
0.0022119744236602464
0.002841828414710863
0.0008664187365669532
0.0012740594693432267
0.0021437384170554844
0.0006182421316796611
0.0006732013405667759
0.0013811833157801893
0.0020026073700724644
0.0032834848780062768
0.0013655897745406004
0.0005095472867682277
0.000862914997678698
0.001810788851686176
0.0015457832887041845
0.001054249579046719
0.00027233728294204446
0.0015612537820987847
0.000980859544888088
0.0021399056147035508
0.0005701578427328873
0.0008885418533551513
0.00034088391248520545
0.0010301842760126315
0.00038779191983979647
0.000894094920925213
0.0019003452864166282
0.0005139692638717973
0.002951239092761207
0.003026378542875398
0.0015336048954004537
0.001336482685851374
0.0015475428437216774
0.0003810334068429664
0.0019981170866046633
0.000260064790835973
0.0009131692180480709
0.0007168270102415104
0.004284552667974331
0.001041552730074689
0.003460563768940142
0.002710141591092237
0.00025991093570197074
0.001787836309411956
0.0010962701461053822
0.0019606425582448465
0.0008348928565428503
0.0022499289931138186
0.0013877001251922179
0.000771826837853539
0.0007992885180188547
0.0024396715871736496
0.003337074165644687
0.0013156049049791617
0.0009532830038617909
0.0009495381394365074
0.0012131336550970605
0.0008613251326826583
0.0010019883311344995
0.0011161542479819879
0.004982997502092325
0.0026876375752251276
0.00016655697353039497
0.0019779035314039786
0.002123990189630989
0.0014270301974037764
0.0021849407078473487
0.0015364336957969826
0.0010576182624151345
0.0005922814247155977
0.00231720642618744
0.0003940790124496946
0.00045732722770456424
0.00033266339332196514
0.0005312001518210995
0.00506250994930208
0.00023618542974284355
0.0004780516263678938
0.0003498027532054488
0.0009674072612967758
0.001312779086168062
0.001549628998931642
0.0033276724456747734
0.00024295249788719773
0.0013246189085904757
0.0028446786289026485
0.0010354110257998718
0.0006202681206574862
0.0010462985480624524
0.0030908511020674274
0.0005845184390827851
0.0024953980988747745
0.002309967066259971
0.00041989120850139923
0.0010393589808694325
0.0011198120899354
0.0005584501017192122
0.0028040464524240636
0.0013446554418442478
0.00041205438169171493
0.00167200085732359
0.0013858060698062396
0.000637933304523785
0.0028870368924466382
0.0013666388680311401
0.0005326181969844127
0.0006889791584690434
0.0012591097055704246
0.0008106531531016497
0.0006464198012174484
0.003630262268166979
0.0014995699927516349
0.0020838724163143104
0.0006437533665011155
0.0006099017655966599
0.00021742097308613187
0.0017344746858851564
0.0009985028381928284
0.0006284522628856738
0.0001454000219697148
0.0015418993296137436
0.00038265294092207233
0.0002969797332711558
0.0019564645483352914
0.0012169585099748303
0.0003381843876368774
0.0009424484803277381
0.007059349947540273
0.002042023714877975
0.0009780741623657688
0.0004002699320170337
0.0007509100426685789
0.002120139634238838
0.0013953218865489236
0.0013417509979891775
0.0020359224294639816
0.0022579744440685643
0.0018272170216576402
0.0001733756733049707
0.0008465428074721369
0.0031470073851044378
0.000742563914040594
0.0006803865197950287
0.0011005145178737664
0.00039737359649836575
0.0014485303171900116
0.002217198404178893
0.0026329802779698477
0.00019747278217951424
0.00019241037525991105
0.0011434950340884027
0.0023137980345929415
0.0009592006259030876
0.0001288336508173636
0.002371977005949826
0.0007107143756486305
0.000434778394425265
0.00011211486464220495
0.00039824663387035144
0.00021246506877804167
0.0007322412411768454
0.001576254064207037
0.0004578529910717475
0.001606982076127563
0.0022399398101078565
0.0009631816670253318
0.0019088888107837737
0.0014412076708631922
0.0006338624009208497
0.0021389582605046997
0.00036940622992983534
0.0009547839046851736
0.0005075518872579764
0.0002957526760665597
9.412128448945257e-05
0.0012060076367264138
0.0008988536353587834
0.0016600022804949596
0.0009488084324257517
0.0009353470901632819
0.0010626647750436513
0.0037468203959668696
0.000286146225139033
0.0006903994388357186
0.0016636994051705894
0.0010204878931221772
0.0012509622136179688
0.001764025270723279
0.0005027925485349891
0.0006854288947686299
0.00021375642081822118
0.0013514783337242324
0.0005524768421895328
0.0006887658142700786
0.000799021432850598
0.002245338857165552
0.00011565291935117314
0.0010220961783813155
0.002185923470005015
0.002379467885705002
0.002101823974255958
0.0006102338075000893
0.0019657139779764676
0.0021507897733292493
0.0021238809877304416
0.0008955260834679152
0.0016994800417828566
0.0006898703123371343
0.00026942337972559366
0.0010396629159370983
0.0003476047649549208
0.00021860279500982222
0.0004051264894165779
9.855505059536157e-05
0.001731066921455055
0.002098477542024699
0.0005860428454098792
0.0003511910216912546
0.0007706979136840004
0.0003179449692628104
0.0006010295971683993
0.000411168566102941
0.00044440602535058686
0.0001672096561835179
0.000319913286687376
0.00029356990879317893
0.0011694053945551885
0.0004518360498951837
0.0004003061621793196
0.00044812680461752986
0.0003812137565106393
0.0004314827758761634
0.0004971284926112061
0.0008401212611444662
0.0006870910400828625
0.0009391680265643712
0.0003698567633913219
0.0026020572663494447
0.0006373572142329212
0.0007709472544736426
0.0012638261438653632
0.0009287222938685408
0.002452455239451189
0.00035348026718386735
0.0007196867263536334
6.217323700374534e-05
0.0009907400249741475
0.0006215699076588005
0.0007137012693136078
8.195284384498639e-05
0.00043551969321749197
0.00044632972523634263
0.0006671497536534684
0.0007411856544897946
0.0012331395725865071
0.0017778371433492084
0.0007751025257011061
0.00122872124616472
0.0007232666666593305
0.0008312601333029052
0.0004071599651843892
0.00042638734966875616
0.0014786101835704596
0.0011159274665477178
7.441207645183158e-05
0.0017200894769549612
0.0004912487479721073
0.000544261844653446
9.122140231506524e-05
0.0005746453699303909
0.0015780704860799278
0.0005198478238927864
0.0008023556162462629
0.0005701127404424296
0.0010982159210191037
6.295996236841938e-05
0.0005534152253600426
0.0009597568899771122
0.0004991948553718378
0.001407253077930008
0.001046260534350488
0.0010407575439938099
0.00023754658730094206
0.0009877740020927434
0.0005051376472592527
0.00364184039014597
0.0006225000212417521
0.0010501838633324688
4.7936686200648424e-05
0.0016139640075300288
0.0006079534481017998
0.0009983510274995907
0.00047913002038670407
0.00010640090665179136
0.0002516596393510718
0.0003291043950181883
0.0028054778158520637
0.0007325892658488684
0.0002354997244500639
0.0004567795217393449
0.0013523905729646679
0.00043996632506630116
6.546413244742589e-05
0.0003819451812869207
0.0015248318466629662
0.00011600780607725489
0.001853005626192036
4.4101641331117346e-05
0.0008411513238523741
0.0006000072287101869
0.0011124436910992604
0.000607705387099055
0.0002546064194362629
0.0006682864515372589
0.0002402488047265932
0.0008622943944152173
0.00013799526336667485
0.002310493605031006
0.00011388724457082949
0.00012519507582439308
0.0006851242566757847
0.0008371974763740077
0.0004324054798493075
0.0009626774800324207
9.017519819586223e-05
0.0015986331475960147
0.0009972276075764024
0.00042395032141419634
0.0008252146478524224
0.0002744506318072523
0.0007510670389272759
0.001334725328647099
0.001047439601106669
0.00038698877968617793
0.0005675589989425703
0.0002338495176019837
0.00018788651774148235
0.0003487085771048139
0.0010961571328017066
0.0001283932068328295
0.0006418341620636676
0.00046932777392114073
0.0002877528744448944
0.0004212772381020388
0.0010022681246053672
0.0005019708955093939
0.0010183063330978855
0.00023793393872228812
0.000959805568772298
0.0010988580117200272
0.0004244607649900865
0.00019510385988619018
0.0003378468029071678
0.0004506689158613342
0.0008114301891687912
0.0005875831126987287
0.0001342770631578617
0.0011855217713459848
6.0581876442203346e-05
0.00027313965952196605
0.0010075374135963347
0.0019739749185947323
0.00020777552049586315
0.0008874022327236395
0.0005769074368677907
0.0002447321124861116
0.000789383016239868
0.00022801517406565195
0.0006990418349121748
0.0002611286706849665
0.0008094584252745161
0.00013906619287576056
0.0008292739102450904
0.0010090923599150614
0.00019089711617592775
0.0004395307046435689
0.0006840382571831834
0.00048714072842711436
0.0002665395361329705
0.0009715016873991976
0.00012664213990012317
0.0001896299009294766
0.00027958402150869184
0.0006862214711847518
0.0008222552413472545
0.0003019769151612559
0.0008498963011595176
0.00032173032750044706
0.0008657401107298607
0.0008406519706996571
0.002701813273835791
0.0012755042174127866
0.00034908495242865823
0.0006270228160059827
0.0007308185377012359
0.00023635001317660314
0.0007994781038006295
0.0008472458667622242
0.0001227939953620059
0.00045274713839571246
0.0013963215504682153
0.0005602419698374689
0.00021800460128013725
0.0006481859271783348
0.0009504995613131756
0.0005862382932888225
0.000663989560696571
0.000662394919895421
9.299775468288264e-05
0.00032739841958868336
4.800365697160344e-05
0.0017501113304701679
0.0002741696193265266
0.001397033380143881
0.0008891355087065913
0.0011314062032472144
0.0017322738028887187
0.0022802117179643324
0.0002782915853422618
0.0012208516912193665
0.0006773468096469594
0.00045271804316893816
0.0004227080609686894
0.00039464790279021724
0.0011815925663511957
0.00046461317462462564
0.0028589891569045546
0.0006512101728835713
0.0005009195219788819
0.0013647678572220256
0.0004101516156344177
0.0010094006400754275
0.0030526848889693577
0.0017305946309578522
0.0005287395525350201
0.00039241531027673656
0.0007329816218385635
0.0013489506387218114
0.0008747689626940628
0.0003843281545327079
0.00043825246554883373
0.00021149250540129617
0.002605302810517683
0.0009168895079653622
0.000757771104761054
0.0014233295395466071
0.001978125552492679
0.0009990547199328957
0.000479529498533072
0.00022034131406171957
0.0008372919908284299
0.0010675056038310833
0.0008809504143248146
0.00044142417664475096
0.000320972228806604
0.0004267769715237497
0.0011313402520843421
9.618024546479154e-05
0.0012124191804770066
0.0007991112130881528
0.0007372787588479049
0.0008685813807951454
0.00018778990963965348
0.000274199303116059
0.0008653837293883546
0.0002033357947078492
0.00021948239656347952
0.0004201664772746329
0.00017208844233448464
7.759770631877965e-05
0.00019452037650354427
0.0006429852305850756
0.000864541923199873
0.0004434847849536127
0.001849170786040894
0.0008284217538291182
0.00019552742669343167
0.0005115495158380027
0.0005871749540615798
0.0007216670943260266
0.0006587933354460708
0.001489395846840188
0.0007488805680129684
0.0005308675448446322
0.00022354911448608933
0.00034774911196199854
0.0012291177215865883
0.0008269640714404548
0.00017915978034085874
0.0006822296037569163
0.00018884265486891096
0.00015841682385821045
0.0002243259155365545
0.0001606030578910178
0.0004917775010258819
0.00013243339912180342
0.00043361498393002684
0.00041106200521591577
0.0003802743258218755
0.00048541136910104833
0.0005856076999795363
0.000412147182838218
0.0005801577054230419
0.0005143590052286063
0.0003636567405233081
0.00010572581546583831
0.0004915163724277458
0.000352664036739429
0.001159607553319547
0.0005312164370827916
0.00032630787405653095
0.000544090703389483
0.0006191671935308036
0.0002399810800036392
0.0001854913401402129
0.00045184390981439543
0.00044172892624616165
0.0005354422479977489
0.00045813085409217687
0.00013552797022287828
0.00017779693505824657
0.0002770184467402477
0.00026250817453048935
0.000259286938028572
0.0009003566414659593
0.0003583617247796277
2.001426111339508e-05
0.00014478699922793297
0.00021686328719962777
0.0008279703808726925
0.000539804624905423
0.0004465705912363466
0.0003553546976153822
0.00024647407450904655
0.0005543643041189943
0.00013076871396569615
0.0004914220491019251
0.0007112416419487053
0.00016665707852882059
4.461321331453765e-05
0.00025144172621328464
0.0007552085351761375
0.00010821122808919045
0.0005177676414963412
0.0005577509889325229
0.000161849326017613
0.0002526077422841396
0.0005532916480895761
8.050562383272273e-05
0.00021406894035053288
0.0006997767686167495
0.0009267400532666696
0.00016479476461284787
0.0007721979118078772
0.0001909205401138907
0.00025580177490598123
0.00014371316136187393
8.66341257802558e-05
0.0007179640118301946
0.00040236442470138555
0.000706470352785168
0.0006336768398791082
3.236459259674652e-05
0.0007633643879911724
0.0005340203197641404
0.00011975851461557677
0.0007640103019388242
0.00022803838373678404
0.00028724029823135153
0.0004919241380516246
0.00022968679403533222
0.0002421096018298436
0.0009977617224302935
8.579000018970438e-05
0.0006775131169420461
0.00027126273343257805
0.00016130991886216804
9.854611550993849e-05
0.00013292483067089627
0.0010979884274166754
0.00024775515981815876
0.0008527537147035089
0.00027706909540090035
0.00035947304752529714
0.000852814192747438
0.00036016386320840486
0.00013016429661023428
0.0002562579154002755
0.0003427197689935513
0.000479649197344468
0.00012463559540891613
0.0007354526929468804
0.0001242685375768165
0.0003679465409548914
0.0004958024115811433
0.0002235376354873037
0.00048133232161063976
0.0003430339373619345
0.00013006292039201593
0.0006972797226612499
0.000278406024870635
0.00019945629292551016
0.00027813256909102593
0.00018909124311011983
0.0010461018828012327
0.001184627005326203
8.479617626488196e-05
0.0011180605162757135
8.026650442164498e-05
0.0006546373651318028
0.00013227112857638863
0.0009077892177556097
0.0007099657003243571
0.0007625151168135602
0.0007021965559689724
0.0004180290061535407
0.001825311577201599
0.0006323703915745283
0.0005584037659642352
0.000386489418483098
0.00021301863894160051
9.91974479939589e-05
7.088215560882071e-05
0.000398720254932439
0.00015131893629496978
0.00014816346188049003
0.0013162136837597887
0.00011254220311984348
0.0003868438717425434
0.00021396078768232875
0.0002923689053398047
0.0011281574087962324
0.001074520594214809
0.00017040791723913292
0.0003319246031750119
0.0003080834596405194
0.00010507541543359222
0.0005547167899257071
0.001370044791752465
0.00024566298921819863
0.0005943344658180012
0.0003964752725297606
0.00015788150501893066
0.000666048575113352
0.0005660457725759566
0.00046655532514007617
0.0003169851461143533
0.00019194666556108795
0.00015145289708544607
0.00019292545088374103
9.36958244646786e-05
0.00023917508521666985
0.00023140476883624485
0.00013106065422849926
0.0002827439975610633
0.00015562250263725583
0.00031250687227123267
0.00015966566102942957
0.0002244310434282847
0.0004308428279764229
0.0005932286669033183
0.00028826189770621584
0.00019644214468014066
0.0009401683953529871
0.0007445892621218462
0.00026899562590548424
0.00017693673381698365
0.0008893052913960547
0.0004741130439133496
0.00011965233102959581
0.00010513368034794822
0.0005263754641875136
0.0003530219643333568
0.00015762014659887993
0.0007428099956182718
0.0007118683945670648
0.0005847527250790043
0.0008958169049986909
0.0002855904507200239
0.0004637605558516067
0.0005103147981561059
0.0001912998302539035
9.098739996785861e-05
0.001374153285657411
0.00013785707193429038
0.00034495975871346124
0.0006662944091661959
0.000116837376339175
0.00024723963828756506
0.0002683059274503794
0.0002881801009060198
0.00019863121689434285
0.000816321497852917
0.00026637869328205856
0.0013004672236618644
0.0001288280629143093
0.00041614964895048275
0.00028725434262379254
0.0007759327667167578
0.0007199892175358352
0.00010743215557719076
0.00042294096432066207
9.97127972759731e-05
0.00019205695164832865
0.00024688955089558504
0.00015542899679294922
0.0006747512737403996
0.0002029926548629562
0.00011065767107300112
7.259270448400741e-05
0.00037466750123851496
0.0006058004670756058
0.00011064041888365081
0.0003631412164192292
0.0002093567466410298
0.0007407062616365994
0.00016259173462097664
0.0002774702907366943
0.0001965633951462284
0.0001394824620675313
0.0002508892604571325
0.00047382349771963575
0.0010233588538796534
0.00011195283879580074
0.0001983484013805086
0.00016447286616171996
0.00011209434927550457
0.00030658004575337774
0.0019027794866054778
0.0003063131250446647
0.0006954994271105505
0.00018200086920361862
0.00018265303395275534
0.00037070983928347333
0.0005551622209063716
0.0009046365730733966
0.002132338143149495
0.00014236758993256595
0.0003706329905054556
0.0005345256126903595
4.069636674282133e-05
3.756533154529032e-05
0.00048030423250154094
7.550452805362534e-05
0.0004146599293240364
0.00017590334001284575
0.0004992804565524154
0.0003468311823365408
3.26393123281951e-05
0.00011939115853209222
0.0006566639706566083
0.00026518237671689166
0.0007050209060747476
0.0001643340012638768
0.0001861069862151607
0.0008316174096866538
0.0007723319070677711
0.00018777255226853104
9.974658345191001e-05
0.0006831525414600118
0.00015765605493609405
0.000329833784135162
0.00041384605474086185
0.00024067167482002264
0.00025419670107412724
8.116695101088448e-05
0.000245918923307142
0.0019554285565771146
0.0006956445873452881
0.00011642275680040902
0.0006576429874004064
0.0003312481445867843
0.00012042906401355942
0.0003986955006385224
0.0004900757220483406
0.00015616989026496136
0.0004589298969628644
0.00021522110510650854
0.0002905324548067299
0.00010142297460855782
0.0010783885143342278
7.981457002675985e-05
0.0004667907693848355
0.0005816000024373188
0.00010317012977053499
0.0002340007520117106
0.000649422530121555
0.00035095587179185866
0.0004557729908441423
0.0005984023357441177
0.0006873089567443051
0.00035247602185583453
0.00010192701817338549
0.0007802766930013948
0.0006352314781631525
0.0003388867950217785
0.0003760505616024393
0.0001402327688895618
0.00011096873268152293
0.0001656440781218866
0.0018889852153168678
0.0007037967507552211
0.0003513072259939791
0.00024064566533835215
0.00037519943477299007
0.00011279424155446553
0.00028886735812050243
0.0005592685049572461
0.0004127005228756999
0.000782905335336596
0.0007843337440120025
0.00030341921720343376
0.00041369358842476104
0.0001165084187432923
7.678235842939167e-05
0.0001851170793392659
0.00011488029567074003
0.00013199489392796482
0.0004561160008670315
3.5701244348403276e-05
8.758148154065684e-05
0.0003993993049324594
5.2676658753232155e-05
8.667108269558821e-05
0.00023569446037301247
0.0002303473568071414
0.00013692452196917526
0.0002790937528771605
0.00034583150775571747
0.00033359514230083307
0.000449666505633311
0.00015523646215145087
0.00039739478796834164
0.00013047804885596694
0.00027112911260443706
0.00015582635144490063
0.00012522693191685183
0.0005707323866180331
0.0008058344093502969
0.00012048838595055056
0.0004239965885726392
0.00013618560355172708
0.00030336321984598746
0.0005502952019551155
0.00018427917090926133
0.00021488863359665604
0.0003081250482605383
0.00034105176437754865
0.0003346629614835711
0.00039383603415214796
0.0002787699625512028
0.0006449848249992469
0.0007039013395958991
0.00047749638077038766
0.0005107594048315477
0.00046265908380883853
0.00023376432860943382
0.00019753905440823168
0.00026704453327315315
0.0004437244529651643
0.0002274289819547712
0.0003337778612604481
8.157180546190488e-05
0.00038365532272308155
5.515438746506224e-05
5.6088397644091166e-05
0.0014569257228263842
0.0011060307419238618
0.00017790079614569086
0.0003628484711359423
0.00017084508603345535
0.0003917653524466477
0.0002701949670606743
0.0006393706318090005
0.0002264056671315376
0.0006343328242336635
9.40546895550468e-05
0.00017731352666637857
0.00022483327930728628
0.0010981916451546707
0.00011792240856037288
4.374620630050002e-05
0.00032633447158963356
0.00013084910100934284
0.0006042491992819711
0.00025519760333631394
0.0006886774008757004
0.0003735329132291913
0.0006326234548628216
0.0003203752878642401
0.0003974951312738462
3.227971788445617e-05
0.00020863996580399713
0.00010185152879404444
0.00011862844377518255
0.0006868080310418421
0.0005992058631985933
0.0001450494868777699
0.00014063994189062256
0.0004665158858637057
0.0001220857072608144
0.00043389872263868614
0.00036763163679990723
0.00014288767388130283
0.0002513394793233392
2.9224547026292987e-05
0.00043272678944241425
0.00036448327257697426
8.597741610786928e-05
0.00010987724649406789
0.00034292622765013655
9.420876996902902e-05
0.0005273714567195874
0.00042492947617494973
0.00047970422766499614
0.00042134081613206094
0.00018297274902168872
7.583708983389857e-05
0.0013043103053398274
0.0002754163183058936
0.0007932109852434792
0.0001782697198832065
0.00021626992341091032
0.00042448252357890864
0.0006889525928736081
0.00023474402904778398
0.00016324438084052358
0.0005847073643977499
0.00016879559705873276
0.00014900042055211423
0.0002715587024531743
0.00016718125398396857
0.0007971628957854103
8.454196785837815e-05
0.0009524500162494927
0.000271642383383491
0.00020162479667456295
0.0002093329969724755
0.000700157228490648
0.00016734265416417399
9.292086497993221e-05
0.0007681277422956127
0.0004217507110313723
0.00021875535973603222
0.0012904046819199831
0.00039784377725103056
0.0004671253532747412
0.0002896609776698444
0.00013787097623783477
5.9340134101350925e-05
0.00015531776262093925
0.00013936500359525793
0.0002996746541247436
0.00035134231663144566
0.0004360792233742724
0.00016790637084673445
0.0007528393826443114
7.879341702005785e-05
0.00040966663633476547
0.0010988325436847013
0.0006241930427129956
0.0003265744968168403
8.111706851234584e-05
0.0001313926613136937
7.10811322254923e-05
0.00036501201962346676
0.0004787891143194393
0.00030570126367221163
0.0005238569734198205
0.0001118090934175884
0.0004491817877428958
0.00018677677037461286
0.00014946460377706868
6.377713346896577e-05
0.0002098995904930937
0.0001391838941658655
0.00010138519752949834
0.00028501958982148957
0.00011139307771367628
0.0009856449157407269
0.00030212018438166615
0.00013057654037082787
0.00012908072014916486
0.0005752391239775556
0.0004206090367731964
0.00031921665027928353
0.0002401368957436171
0.000216138406310801
0.00013361788989486842
0.0003919956930841713
0.0005863264017559683
0.00013464435470273467
0.0008079462922153663
9.015819000409804e-05
0.0003742841066471197
0.00019990397443002205
0.00012711403612891085
0.0004980033259330265
0.0003692015776499629
0.0002447620966056711
5.6490454167192796e-05
0.00024444029756256954
0.0005187743288441744
0.00034790510216394215
6.665616300095367e-05
0.00030904410368828335
0.001420301223508347
0.000170062494447642
0.00013972871798578588
0.0006868193677279894
0.00022272606405577953
0.0002262474476353147
0.0004666683072400878
5.945401268454442e-05
0.00013148702589099333
9.995422717008634e-05
0.00019283399036603465
5.7524046260845815e-05
0.0002491176405990934
0.00030076473732467356
0.0001455079129430653
0.00029704430443948187
0.0004998589100278996
0.0007671168054303556
7.354087903095345e-05
9.619225211320967e-05
9.773489957885537e-05
0.0003111941744576232
0.0008335893402799908
0.00035235317212127136
6.479846793384003e-05
0.0002757454714465883
9.335839713779068e-05
9.006468856628466e-05
0.00010398805877250532
0.00023812413783599266
9.031908268999588e-05
0.00022980053475307174
0.00020506521223568054
0.00022711801097865652
0.00012715203084843975
0.00016340457517502897
0.0001536165588204365
0.00013430016584739122
0.0007523783400030855
0.0002502742429022656
0.000551226034287072
8.18753737594008e-05
0.00010624900732147873
0.00036749395526273994
0.0005210505832259481
0.00020440205263436408
0.000269595119523286
0.00036610036541264086
0.0005780770107489303
0.00031092282719007706
0.0001691339036476559
0.0007049419599091555
0.000444315226459043
0.00030187339249415537
0.00020721060990612375
0.00017276983101556813
0.00019352756969145935
0.00022120055424289164
0.0005691079417911809
0.0003348873444355239
0.00012662899759901646
0.000501283861259559
0.00014733930959119368
0.0004579470612481911
0.0005063538711524415
0.00035405422834588216
0.0002638809062768496
0.0009183389830618519
0.0007665506963277978
0.00021732536376826972
0.0001318149017116065
0.0006208863696338619
0.0008651136005953813
0.00012030892617802878
0.0003025855755059025
0.00042300114518832924
0.00017904610644694098
0.0001956975364057445
9.916713738648571e-05
0.00019871763462531798
0.0001811433608511926
8.518763404000166e-05
0.00012799893132710348
0.0002752465693066019
0.00013064072105455963
0.0005075822292473834
0.0002237385680251392
0.0005734632043924662
0.0002686955883965037
0.00013990892660143081
0.0004439261821804393
0.00042582808123313464
0.00027707872836005114
0.0001197989497475104
5.2113572148496306e-05
0.00037297755955310825
0.0003692972999543042
0.00010472325406539282
0.00026217731544986934
0.0004642246740329899
0.0005044561347365993
0.0002539172172496276
0.0004799207083556435
0.00018339674943018493
0.0004186843360444335
0.0003311584337930562
0.00032301960439278204
0.00037549324141950187
9.30366882786326e-05
0.00019561753737402964
9.583923436951813e-05
0.0005149694166505837
0.00039626568707029706
0.0001863728711120397
0.00011646986529715265
7.966851087576632e-05
0.00021023259972206105
0.0002310447424338191
0.00017282007658971278
8.085310695114008e-05
3.3577853267464396e-05
0.0011445974337172375
0.0002729310153008297
0.00022416856891300515
0.00012123327435615725
0.00027299915235914234
2.7958235226887792e-05
0.00032573778839380655
9.795872301037947e-05
0.00024845353989009903
0.0005737806541180002
0.0011392322005265407
0.0003000753658434988
0.0003267387750310736
0.00010642439837826218
5.9573559804680456e-05
0.0001826775293238148
0.00023739913756651117
0.0002601457077526215
0.00044758136537460016
0.0002635516144007988
0.00014861850067296047
3.651058411474443e-05
0.00020388767987101442
0.0003879100448797183
0.00012493515023393609
0.00035400792923058494
0.00022456080809083145
0.00010283333997030738
0.00010444583846020736
5.7589335457901935e-05
0.00034741957707927024
0.0003251131426718625
0.00028746114899499465
0.00014565770508830102
4.489240188671493e-05
0.00018047721312699908
0.0002600465591244486
0.0002697517405469617
0.0006160897462846864
0.0002367797459150476
0.000975630230839416
0.00019170799094051663
0.00016499192976127792
0.0001533228335519016
5.588468275239202e-05
0.00019285297700564184
0.00016412087135025865
0.0003953416963987549
0.00015597202416182444
0.0002641438320517036
4.579955978158302e-05
0.00014659027217747423
0.00011576405727471013
0.00015216924083565016
0.0004688599858329548
8.439226341859462e-05
0.00017277240975366624
0.00030564336413100267
0.0001999132565108311
0.00046442482583010337
0.0008284906715714958
4.636598944657393e-05
0.0006713238734629703
0.00026509311181787705
0.00062854782015584
0.00032044137766546496
0.0003695218428669709
0.0002691247804072793
0.0003240142556905055
0.00011591962017743497
0.00010520222455846915
0.0016337213577868612
0.0006918138667977546
0.0003020776928215965
6.601415075842942e-05
0.00032732923703553867
0.0002722861040476136
5.53159111020375e-05
0.00015907029435844526
0.0002327599102096849
0.00014386656113319723
0.00012072011054492727
0.00026043396434900936
4.39362877785349e-05
0.0002895786486253421
0.00031638740392014967
0.00018054349994569264
0.00018385697027121026
0.00011505886567598262
0.00015581000301192146
0.00047618092521783213
0.0001231935956674977
0.0004413875160334839
0.00016449559660712535
7.97842413750566e-05
0.00028186652417282085
0.0005559113090689489
0.00042400236981949386
7.710676571091433e-05
9.895397266762158e-05
0.00010100599027924669
0.000273445628575421
6.280554698208019e-05
5.634567231583508e-05
8.67110044236485e-05
0.00016757787588184315
0.00042687610072297724
0.00013366650063247125
0.00026342821865953965
0.000386464355290822
0.00024149229330779648
0.0005987501909959448
0.0002980057560465195
7.024521351414574e-05
3.487215511915517e-05
0.0003175210137273153
0.0002053239942951535
0.00023472539910238905
5.754124541779782e-05
0.00026703665655805256
0.000368670140000672
5.702017378843862e-05
0.0001777795577949191
0.00035534127107570725
0.00027125789300460116
0.00030101523842370576
0.0004242346392858265
0.000292909156750115
0.0003338911485108617
4.072914618001824e-05
0.0004005693347287027
0.00018510644590746228
0.00010685223122145626
9.21654768079385e-05
0.00021013953592699668
7.5635566675185e-05
3.5920322670117135e-05
0.00013535452110521577
0.0001605936886490788
0.00014766429502397247
0.0001518730940315149
0.00027948675216635954
0.0005150865059482847
0.0001037837753349805
0.000580116984059254
0.0002801047524064505
0.0007757577083077907
0.0005429471369545085
0.00011987931624858718
0.00039030360401426324
0.00011970473135256311
0.00038322423376594854
0.00029870665641514645
0.0002684016803833456
5.493680589576011e-05
0.00010798021932034943
4.9765737401062164e-05
0.00015360500992545124
9.937524538562193e-05
6.197720672074501e-05
0.00014525122948286527
0.00012672961872258582
8.629071910965031e-05
4.016619912325043e-05
7.169484693686518e-05
0.00018253504066739502
9.401253423801356e-05
8.543834009697434e-05
6.647281132245237e-05
0.00012080996624159371
3.507053364116364e-05
0.0003448678945907622
0.00024154942054331884
0.00035930351371367175
3.872929088356455e-05
3.607984131061075e-05
0.00018514362133888884
0.00025979426189006035
2.2081100112124124e-05
3.3770772904935884e-05
0.00024720484861423254
0.00019228490727949896
0.00016442461943069804
0.0004479521234602312
0.0001939993334067747
0.00020151346763234873
0.00010721640162819901
0.0009712223515032389
0.00019023830721501684
0.00023507215751428467
0.00010895367320592793
9.710429605815534e-05
0.00011678183796160456
0.0005684020673036413
0.0005535434446434217
0.00029484633771110813
2.4382064180640655e-05
7.306869093663413e-05
0.00035884420121236007
0.00010751464101679946
4.4590797887965325e-05
8.523801164758567e-05
0.0001150089276777305
5.099231453988225e-05
0.00028910205834845157
0.0001474133696981871
7.41529680731293e-05
0.0007804143237958994
0.0002410202034273256
0.0005556462498999934
0.0003087765920191214
0.0002355847064397931
0.0003912467271942121
0.00011140697345679103
0.00016192263036074431
0.00028067788074838065
0.0005449758351314053
0.00011615516810674259
6.796051628684484e-05
7.077093542778155e-05
0.00022277993158280302
8.874143451910694e-05
0.0003065441845471573
0.00020784590252855066
5.364676437912748e-05
6.803169983270123e-05
0.00015653207776189417
6.878435254529628e-05
0.0001460945477378081
0.000126404834484514
0.0001365928494372079
5.814351955957869e-05
0.0001091048877404791
0.0002092916929024657
6.055777994207121e-05
6.408329172755092e-05
0.00012965837279390867
0.00022425251141795202
0.0002150926837017368
0.00016881238004233528
0.00018294595008579574
9.034098874036656e-05
8.301754710276554e-05
0.0003298051928091623
0.00015478561526641247
0.00026365878725848177
0.00015477675425786908
6.998416104324821e-05
0.0004554264630018334
0.00021391834699120954
0.00031258040914786415
0.00012053664164755922
0.0005791844914336215
9.099950088515193e-05
2.769862575475338e-05
0.0002627077222371873
9.160408838922836e-05
3.9610544409530825e-05
4.695685671758283e-05
4.966568867740893e-05
0.001017169372780603
0.00010004699785801347
7.701518652776728e-05
0.00045517145276251003
6.109497184505762e-05
7.733070751865294e-05
0.00045965929059120253
0.00031202026628325286
0.0002835592975328579
0.00019564884990010096
5.4706033605018556e-05
0.0001389254785704397
0.00011219296224609494
0.00014329322420872836
0.0001690902873078871
8.76424688747518e-05
0.0004777687674296972
0.0002573334532488459
0.00031659956472045734
9.243579167401265e-05
0.00041896227842152264
0.00018097317713331538
0.0003419299852145848
0.00010931799159827529
0.0002771287811805712
0.00011063102433509633
9.510007788637532e-05
6.858409431751814e-05
1.4602785420296177e-05
0.00040086918073284545
6.848534056932797e-05
0.00037313911550341795
0.0003277326382694526
0.00011404893987385491
4.0276039116758225e-05
0.00027927193847090476
0.00017323334593354148
9.993589360907042e-05
0.00015585065480641733
0.00011404820025896386
0.00033971397862963187
4.713119497877575e-05
8.488889540683435e-05
0.00023472363916722595
0.0008009576236238172
0.0001153435486976667
0.0002248926843733157
0.00010699753616785326
0.0005687460533454047
0.00022506344052305405
0.000276103242258671
0.00025794181555735605
7.501841741832842e-05
0.0002475126076747667
0.00016235484306020538
0.0003370133932894764
7.441631037889815e-05
0.00011691258781087022
0.00011939268770585886
0.0002032360130844552
6.599087267772279e-05
0.00024349174894944785
0.00021650312586271613
8.724746473000108e-05
0.0001003173437172377
0.00012556142928564346
0.00018701638745954307
6.941250246456027e-05
0.0002917868702244058
0.0005226451750322601
0.00021804097196701793
8.312077210206545e-05
9.000627652549409e-05
0.00018922068645899534
6.614988142455732e-05
0.0005105759293193103
0.0002531463774169449
6.0660304351336416e-05
0.00030491845231287465
0.00037164842053701355
0.0005404386195321894
0.0005947595006320806
0.00011997771071557886
0.00014377740066136586
7.552865772156445e-05
0.00017914838491027218
0.00010208662265757568
0.0001473436226381647
0.00012181293674383088
0.0005789481040427614
6.413786580748525e-05
8.080118241608293e-05
0.0002468850123057526
0.00021313989855247436
0.00023945716994523816
3.76848173624318e-05
0.0007003609626110545
0.00018893517636696657
0.00022472962540606725
0.00012643418079729503
0.00021623626626066266
0.00027148356173776084
9.52357133145667e-05
0.00020193553032205977
0.000136034069075493
0.00011430337784421573
3.7918894889261643e-05
0.0001549576278502517
5.537172452660584e-05
8.642592848507713e-05
0.0002789453739548214
0.00012621115785091245
0.00012325482840705294
8.462734734042117e-05
0.000312943442092986
3.4760424468880244e-05
0.00027172106841789954
3.490609511784664e-05
0.0006095594715572496
0.00021039565227732744
6.713615871155475e-05
0.0001242844860949636
0.0002502357720785879
5.0484646474159076e-05
9.188642104393253e-05
0.0003766330396465816
0.0001413452570603923
0.00019829230421295241
0.00010816247082974428
0.0003770826858822557
0.00046835955854965933
0.000264577545283755
9.55472249917603e-05
0.00010539596840970313
5.623035376723932e-05
0.00048307816093129196
0.00041476442970175836
0.0001700077988685852
0.0001738790519926271
0.0003574513579283295
0.00013605887664207706
0.0004283437160197974
0.00015165576381095494
9.052639815025594e-05
0.00017255211435980876
0.00023797882164985405
7.648072728398754e-05
0.00012149336819186876
6.802734994059231e-05
0.0001854757282988253
4.094289895783588e-05
0.00024173386522245366
0.00023749947700768981
0.0002221131879492544
0.0005909215790261692
3.631168667142918e-05
0.00019996525052359053
5.34668535678016e-05
4.6722512304691715e-05
0.00021355406985015333
0.00033973786722861694
4.391712094934416e-05
0.0001275107180370985
0.00024919012984203897
0.0007654192517318854
0.0002433241656701133
9.255930989780382e-05
6.533774931490459e-05
7.799398473092653e-05
0.00015300985627341766
6.790985934264285e-05
0.00012391155436578476
0.00010818977060493523
4.4028584648903115e-05
0.00010018385469715539
7.758053020303993e-05
0.0003504513571962703
0.00015876458599752816
0.000102528198956253
0.00011316156312694179
7.214111612231722e-05
0.00012605959880901022
0.0002672862379997351
7.532976917755701e-05
0.0002151693302290661
0.00019427683928337195
0.0016007491689993048
8.255766698021175e-05
0.0001003442425864668
4.8662364186193466e-05
9.647403906963128e-05
0.00013088832658897533
0.0001863029542380023
0.00036981376502450363
0.0005727022967957876
2.6475359253513002e-05
0.000257337584094684
0.00021819260036858671
0.0001559365810594841
0.00011389079591169887
0.0004903285289677101
7.941661028329622e-05
7.866516666741328e-05
0.00010370618019625882
7.55179595272408e-05
0.00017777089216454724
0.000281262263516887
8.217995589300216e-05
0.0001671927116815719
5.507583635831646e-05
0.0003818952725272486
0.0002414517545055343
0.0003122002165232407
7.583100771556348e-05
0.00018973289953154126
0.00034678603642844606
0.00015626052819057694
5.013953027786934e-05
0.0001327899149855136
0.0007686896369229825
9.163213534006853e-05
0.00031239460466202603
0.00019709449190759604
0.00021245991080077797
3.0460226416147868e-05
6.852249265529395e-05
6.856500805141837e-05
8.32491097694388e-05
0.0001955579083453265
0.00020479179863074372
0.00013383563242040856
0.00033561393108222875
0.00012893125119228278
6.890611771338846e-05
0.00035602569142938477
0.00014027484040901058
0.0002385689773357898
0.0008553919797509727
0.0001401887035036012
0.00021745438669393776
0.0002549696994765362
0.00033039583668079733
0.00016250466708093986
0.0001446540844544393
0.00048658147088040686
6.296362251317421e-05
0.00019997459422805625
0.0001644781752359891
9.938539660572145e-05
0.000538051150878447
0.0002117100024138928
5.139885987423094e-05
0.00014745014262374987
4.956058875042704e-05
0.0002342500561255694
0.0004278169780579852
7.522728908751576e-05
0.000270234967060763
4.3361258949228996e-05
0.00018500983323563872
0.00014213421361253275
0.0001749151491516638
1.8836575743639163e-05
9.896944557828723e-05
0.00018148575853809616
5.5025334900266924e-05
0.00025769301654231025
0.00018534713575670616
0.000412829320382807
0.0009056044343838656
7.107357107530494e-05
0.00023697004553331204
0.00027812625766664503
5.3962041908983184e-05
0.00016099000335941319
0.0002461439641125958
0.00022356374406784166
0.00015421329746986972
0.00024405916249916227
0.00048065727226493407
0.0001578744675536494
7.018333635433757e-05
2.6759557059017786e-05
4.412783898747285e-05
0.0003100316515248558
5.757165336767097e-05
0.0008720706048072504
0.0002024761585711691
0.0005897825117722929
5.6822418915130076e-05
9.433771287998261e-05
9.629121244335772e-05
0.00020187609762557877
0.00010914113706673886
0.0002307553124810716
0.0006175515729124574
2.4937100938891914e-05
6.87369920087856e-05
0.00014391644570774869
0.0005274340219617674
5.880583035275732e-05
4.3833477488130766e-05
0.00014200679328044903
0.00014158953317935583
0.00012953265842056023
0.00029805644165603254
0.0002471235376518086
0.0001274515377923658
0.0002461723791028444
2.908214707361653e-05
0.00023861829333790064
0.0002883450697125534
0.0004211247080854414
0.00011838132584093288
6.799938193377852e-05
0.00020933891618773993
0.0002198932777604134
0.00021085106579880726
0.0002730642158917293
9.321465240333199e-05
0.00022122266759792204
0.00010079354550633294
0.0003389927784191393
0.00037290877042466994
0.0002649279757182757
8.01475445857242e-05
0.00014251916008086563
7.115880857209941e-05
8.350141208621319e-05
9.32294248020187e-05
0.00012480036455052136
0.00032504498983438614
7.17060700383108e-05
8.178926049947327e-05
9.41895568483703e-05
0.0005096489483777755
3.3393896853867915e-05
0.0004615880403140748
7.934146992717593e-05
0.00030067244838796525
5.4573873536461855e-05
0.00043571504141840737
8.653563797252475e-05
0.0001002037903252619
7.856271871910541e-05
0.00012291117893613787
0.00013351893666721575
9.741180049030389e-05
0.0001877345414756912
0.00029636125761221295
4.493820123781149e-05
5.9538101940280834e-05
6.953850588369367e-05
0.0002774087300861535
9.226260275533789e-05
0.00023718227694086792
0.00010319605802467822
0.0001298500372080858
0.00011532527634167465
0.0002472074110600664
0.00015076168717527395
6.122187772686373e-05
0.00017551923463981535
0.00046573750679858577
0.00012633161805332998
0.00047995472823728053
9.443671748912894e-05
7.202663711203223e-05
3.4994524565954595e-05
0.00026986454527891157
0.0002283496063035728
0.00011238232470176391
4.4960016391008054e-05
0.00023460163769878164
6.805782039477692e-05
0.0006496276240515638
0.00039103103405217456
0.0003562472836553523
7.321436414530551e-05
0.00013385437467533284
0.00038985715881757293
0.00028493382973443883
8.070827392680106e-05
8.328693102081371e-05
0.0005570854209155791
4.746270713953491e-05
0.00015495755975114339
5.159778506565148e-05
5.480173341911111e-05
8.274990204143131e-05
0.00010624991951651484
6.54781783139252e-05
2.4812906638468608e-05
0.0004363671788204899
0.00020117663149264926
0.0003632275862037739
0.00013821115215996045
0.00015489088376614517
0.000102043903291163
0.00012386299130584115
4.641781568140039e-05
0.0001878398560277761
0.00011177370827344098
0.00032852912699665444
0.0004294728161379109
0.00015501283514748098
0.00013698426367996901
7.916564277064876e-05
0.0003094457349470218
0.00012164822683597261
5.045164883821098e-05
0.000656439339059117
0.00015192318139048102
5.605734860002854e-05
0.00014934172995304727
8.057182728364218e-05
0.0002782624127530352
0.00015957261477202948
0.00016754654946885976
0.00012357198072226544
0.0002589986712183925
0.00012646940175301075
0.00016326223333787703
7.135111171979185e-05
0.00020159272682481217
0.0003118195818274389
0.00011806528184783996
8.622704244540761e-05
6.405337631314745e-05
7.714986396310695e-05
0.00030698855355097395
0.00013680691096234086
0.00020792297236786595
0.00015612575833249067
7.992424520259506e-05
3.9229257493375234e-05
5.854439065344606e-05
0.0003358433802845459
0.00010274483345668497
0.0001730808375231682
0.00027330698994427994
0.00014204138772512016
9.988434767772257e-05
0.00013111982388932812
0.00039159127608220305
6.476788241350225e-05
0.0002244057383023365
0.0004261137294468502
0.00013387297560416396
0.0001110816567956117
0.00017530379308217643
6.969887697078952e-05
0.0001336965723084347
2.9713665565783017e-05
0.00035936203555932405
8.589000445108911e-05
0.0003541502997347333
0.0002246192447320859
4.360666176648681e-05
0.0001553116639432729
0.0003387727671318963
0.00039303146176714954
0.00023984085310707192
0.00010567040534539498
4.684397655146838e-05
2.847620368489955e-05
0.0003534102132560874
6.144352810484745e-05
0.00031897553004312505
7.859534446724809e-05
0.00015703648574357933
0.00014067595770486335
0.00030269761194758873
9.134814824936929e-05
0.0002119420258785764
4.350501919147374e-05
3.7260200290640375e-05
0.0001706401526343003
4.096877219712678e-05
0.0002087471629704884
9.751462535744057e-05
0.00018490333562441055
0.00032392824914507395
0.00045920365984250777
6.744150349294023e-05
0.0001940450385571265
0.00031886186796865944
0.00040138102669717656
9.174039813606375e-05
5.054514252246263e-05
0.00014367740194670003
0.0002026930965403877
8.316587293494748e-05
9.140714760327453e-05
5.718056760812034e-05
6.17124959474555e-05
7.109731274532843e-05
0.0001415761141347474
4.861736194995564e-05
0.00011150348807670335
8.282741124419037e-05
0.000127417605704096
0.00038140346262666185
0.00018907900533866236
0.0003974681635973478
5.7217848068954504e-05
3.378489731800127e-05
0.00018595220065593766
0.00013037903060679728
5.727993753960932e-05
4.655820839103153e-05
0.0002590509209054029
9.28193740286062e-05
0.0008678265463267281
7.965172711538021e-05
0.00020214001837125643
9.623601523512422e-05
0.00017875107881126854
0.00030169526302550295
5.819306860932955e-05
0.000318640384903002
0.0002382803332417833
7.813752486070335e-05
0.00016464364449364263
0.00025707328687683524
0.00045899196130091263
0.000275941778947745
0.0001365113305065013
0.00010157372692929935
0.00015435497854517064
4.596710363036055e-05
0.00012171873359942256
0.00010509604277866102
3.0209975985849655e-05
8.558065297975481e-05
7.301371201588709e-05
0.00020169339586991432
6.575397138886558e-05
0.0001840013707613846
0.000378233896541104
0.00019627120526508925
6.016761270385954e-05
0.00042468403769425303
0.00017175218105982073
2.4449216298156014e-05
5.271619461384767e-05
0.00013574008897450783
9.162855532285421e-05
0.00011559680843659563
0.00022141378489642588
3.2116480444048466e-05
3.132474879508242e-05
8.803463459182113e-05
3.7653903547546306e-05
0.00012874372125602052
0.0004084508272221692
0.0001171536324409976
0.0003187051206909844
8.157104285958933e-05
0.00010513418958198229
7.2726691843095e-05
3.0975002638311127e-05
0.0005426630977266075
9.2252499447388e-05
8.503006684022149e-05
6.01154719564985e-05
7.41668773981584e-05
4.547865590880966e-05
8.212393409752735e-05
3.322849374131222e-05
2.972394422943926e-05
3.9484757212301437e-05
0.00014055878262048298
0.00016999780442182098
7.73175512952595e-05
0.00022740672257951148
0.00015378341140033448
4.6694845510021796e-05
0.0001694532165649309
5.87248112706284e-05
0.00023428374546498356
8.53659602574631e-05
7.053967985327571e-05
0.00013956996031207344
5.720758451819207e-05
0.00019753235304023942
5.662987370585086e-05
7.500485773749621e-05
0.00046380094839241755
7.431046264649445e-05
0.00039791235349522836
4.752436074886235e-05
0.0003165222233786211
0.00015898538941811347
0.00017904859867615199
0.0004399042244285119
0.0004527289493037205
5.231179424682975e-05
3.213807473007132e-05
0.00019816878386420112
0.00011121696725514108
4.8771705876401056e-05
0.0002645784272568711
6.565166795542263e-05
0.00018085535696545367
3.306981019716701e-05
6.125869122609e-05
6.599942283084705e-05
7.842353586384782e-05
5.856790684880129e-05
5.767887785807824e-05
0.0005110229608546632
0.00020758552245423226
4.389478989657878e-05
0.0002747424950140704
7.796599005768903e-05
0.00042016605817439973
0.00030097451162293225
0.0001514579058836611
8.433799323474127e-05
2.063149040098742e-05
4.7477147728818795e-05
9.355087543382578e-05
9.250667592701381e-05
5.288494859465409e-05
6.903215230708254e-05
0.00020658672816899562
6.207092492648861e-05
7.490098454500934e-05
0.00014496341056491717
6.0168851964775506e-05
0.00022319373471223647
0.00010361137765344622
4.993902890045972e-05
0.00018198183301563537
0.00017095847166550152
9.942306733476203e-05
4.907015817594094e-05
0.000140105722636753
0.00010332205756793613
7.407863376333226e-05
0.00011819228537411565
9.016571464215568e-05
0.00014586818240445933
0.00010248887380128325
6.574678707763925e-05
0.0002680084573951455
4.381235008843239e-05
0.0002969704231162479
0.0003533977330613293
6.22007152332732e-05
7.429836709953599e-05
7.215409616572853e-05
0.00029906349621566813
0.00023609325713671146
6.011610548877753e-05
8.566761537406246e-05
6.319893498727204e-05
0.000309411484234768
0.00011853613602807576
4.5196834312581206e-05
5.267734739253137e-05
0.0002934129567389533
5.057645990188584e-05
0.0004955447667323719
0.00013981421848155093
0.0001757973150350167
5.5953735619876046e-05
0.0001279741262384205
9.271298054979249e-05
0.0003590701788965597
8.050603152827434e-05
0.0001229907609359039
0.00017792800915618833
9.083067547334688e-05
0.00013253966069181862
0.0003262764527062486
6.394951339488077e-05
8.34198913349649e-05
0.00014432478059219994
5.184523328684333e-05
0.00012894601747575555
0.0001386613491055217
5.711976600486635e-05
6.0164679868054014e-05
0.00020173332029672618
0.00029352616529231256
5.931687516238115e-05
8.211659947704828e-05
0.0003461731346227361
3.5770254560142766e-05
0.0002732970735258815
0.0001321798497326636
0.00034912497293499947
0.00013165510878057786
0.00026182233153965
0.00014624770976083464
7.639917444851278e-05
2.980389509345191e-05
0.0004547001893631449
5.5269694998534704e-05
0.00045218070948562715
2.8499798459963467e-05
0.00011588248640062994
9.627417989494198e-05
7.075168741502853e-05
0.00010404877331109538
0.00018171822346316964
7.099464159389598e-05
0.000412770075649648
0.0002095845300161446
4.7743943437150736e-05
2.5976652934872134e-05
5.364765713147725e-05
3.825530497812975e-05
4.5494309551586155e-05
0.0001509090855227165
0.0002168875095501345
6.347130483768712e-05
8.00720136679438e-05
0.0004492908274752772
0.0001449861338381985
3.7122803275450125e-05
0.0002489306180896821
5.293397764823262e-05
0.00022658195781740807
0.00011600498274921878
0.0001912726140717152
0.0001685983382203067
5.43858308847199e-05
6.870543840061754e-05
9.940641597502629e-05
0.00023867998023051085
7.120379939214368e-05
6.248278748541534e-05
6.61656646053224e-05
4.835410135967171e-05
6.656639914174566e-05
0.00010660992865372341
0.0002442526742537553
6.095232611959912e-05
8.392322043134263e-05
0.00023774681347169362
0.00045176877938259716
9.1077033153883e-05
0.00014403054201154056
0.00014210375404017218
8.557686154465e-05
6.424568316090196e-05
0.0003579387717565967
4.791429309636261e-05
4.027261886815274e-05
0.0001327305188293871
5.719326448789762e-05
0.00014172629728066564
3.8120136017355264e-05
0.00013069965618996255
0.00021414797332051772
0.0001708083675179819
3.7664531092960446e-05
0.00022577461845404076
0.00010175588481327526
0.00022255424056102067
0.00014834525066211084
3.805638987682335e-05
5.7531801933192596e-05
0.00011323445774450867
0.00022898153382905231
0.00027598902476716204
6.942810744686738e-05
2.9424672278201503e-05
0.0002090918579433958
5.633558948268321e-05
2.844035287507588e-05
5.533647753277312e-05
0.00021366946987516324
3.342555026167468e-05
0.0003159019355582332
4.03191489338496e-05
5.615952755467802e-05
7.628278033130349e-05
3.509601759236773e-05
6.735535788159619e-05
5.0654287624861624e-05
4.643789412628341e-05
0.0002122421737059008
0.0004460126239167016
0.0003189443235876897
0.0003353341734670738
3.5875606721459746e-05
7.337810687678454e-05
0.00038449244226061214
0.00011552768804741203
4.7183027825025364e-05
4.2651573422575315e-05
5.7272446910890066e-05
0.00017330226460119226
4.907353488794415e-05
0.0002793822567645084
9.465975880032596e-05
0.00017038304547317286
0.0002143531891468359
0.00021512505777667752
4.689555578489908e-05
0.00016577579407165782
0.00011089992885690167
0.00011010471023592225
0.00013282219416746284
0.00011366357987035533
4.096835929586865e-05
4.974579940888137e-05
0.00016665819329966938
7.285554973954514e-05
0.00011812928977135195
0.0001293058050265452
8.028427300831393e-05
6.313743269037413e-05
0.00026065541697864686
0.00034521313623005537
0.00016565933438708128
5.0935152220736375e-05
0.000169603357611381
0.00026273174661510046
0.00010243731569021771
4.829917857997857e-05
5.6011324445653174e-05
0.00014493816964416872
3.658875783592305e-05
0.000190291948195142
6.798337805781814e-05
4.133882470219959e-05
0.00011028210560493296
0.0001909760432305409
0.00011955350331731065
0.00013789107445161695
8.835221423417995e-05
3.568166728341437e-05
6.220972713344918e-05
0.00016569620226460956
0.00014636941609782596
3.751997297055424e-05
3.014948488932403e-05
0.00020189302265233986
0.00015425424223960266
0.0001913425176313099
8.524203233528561e-05
7.477923531205383e-05
0.00034542704203766343
7.279133012140869e-05
0.00017504320477296638
7.902719582036116e-05
9.877929172736032e-05
0.0001672321384310301
3.221272753639579e-05
0.0006685176009542707
4.348218650982945e-05
5.91626717806872e-05
0.00010829352402362744
4.450026106652031e-05
2.4568325561569656e-05
9.584647514260181e-05
0.00024529259996562436
4.112824481640719e-05
5.0883829140064855e-05
4.589931532049854e-05
0.00026245280605318306
0.00033706355055306204
5.773060800843282e-05
8.291735244019651e-05
0.00018453403832571275
8.669156672967445e-05
7.54692593029851e-05
0.00012651352194049758
0.00011325384122716861
9.877080883867161e-05
4.1016904025849136e-05
5.8052558680337045e-05
6.44449252257448e-05
0.00010860184429721944
8.442063952427275e-05
0.00018756743472815782
2.5065999608109097e-05
0.000185650874230549
0.00010203059780378501
0.0002657877069901841
3.3416061665281015e-05
3.8919924657990886e-05
9.246303772119559e-05
0.00014253967582735882
0.00034259408522056833
6.487517872716542e-05
8.824455861277727e-05
8.240112469394256e-05
0.0005073997361409377
4.921150828284091e-05
7.056216163911738e-05
7.35979466323072e-05
8.070197860556353e-05
6.222971005951623e-05
5.160333082063239e-05
0.00023020500492567305
4.35434908040536e-05
6.321191212170487e-05
0.0003567694075281816
6.0173769173264016e-05
5.759357569974976e-05
0.00017405988091009835
7.409149531901523e-05
0.00011283202786009476
6.549546321447225e-05
7.039836538841839e-05
0.0001531780355013193
0.00030522537273913915
4.668418333552965e-05
6.175664093969322e-05
0.00015209405142772959
0.0004898103879290828
4.098317321091781e-05
7.606420295918343e-05
5.6947594920615174e-05
0.0002721627883918904
3.056762046531291e-05
0.00011626630707021388
0.00019479542967402435
0.00016321153681626374
0.00016663168448730306
0.000168914959979155
6.395863622353707e-05
0.00011130258205554014
0.0001625821548506321
9.866224789914854e-05
5.060597984416732e-05
0.0001741220767525725
6.560783115945601e-05
6.0812104618581566e-05
0.0002139810126326243
4.018182101332394e-05
0.00021000827928426385
0.000115527759941194
0.00013654102353909776
4.2251544719488793e-05
0.0001083132843551444
3.085796382602565e-05
0.0002952542918385257
4.3400342874504096e-05
6.865640341878761e-05
0.000255043759898908
7.430847650991287e-05
8.825970164905228e-05
0.0003098015744138914
4.54055773844714e-05
4.552703303728765e-05
3.2807228160814934e-05
6.869779940644678e-05
0.00011415261902006898
5.451053801320192e-05
7.648363048068618e-05
0.00020535202625113967
8.090983368227187e-05
4.526528890612289e-05
8.219439084226131e-05
0.0001450725337406727
0.0003940907678034114
7.779823353927965e-05
9.687328337712552e-05
8.544726568326082e-05
4.0204281574732304e-05
5.745517120409174e-05
0.00013051088446751352
6.122489844934657e-05
0.0002184100391165718
8.83568819806269e-05
8.423743134337302e-05
5.660500911487431e-05
7.448614230960337e-05
7.600326945041312e-05
0.00012534208150301443
6.445715918300312e-05
0.0001208557154501933
2.9500334328687167e-05
9.927043644405455e-05
0.0001008682729561842
0.00025877845491093155
5.309882270195642e-05
6.936104137645715e-05
0.00016416834294226575
6.566630522884227e-05
0.00018616471699731062
3.6557826791547365e-05
5.8945585495163676e-05
5.100829491671113e-05
0.00025850045431444435
6.666635284146567e-05
0.00015757640328541858
0.00011742657516460138
0.0001135851098145892
0.00011609278610372827
0.00046679990167121155
8.955778133447941e-05
6.53043173471411e-05
5.3815223191507735e-05
6.973493842897372e-05
3.1128977636069536e-05
9.137645735593203e-05
4.833747249419486e-05
3.897628591005806e-05
0.0003569706192327353
3.371192930412372e-05
7.161500116348722e-05
0.00020306598147313784
7.377446864031487e-05
0.00014406983940827342
5.87671206700782e-05
4.849123303711826e-05
0.0004309452337137553
7.883192800515866e-05
0.00027159283323829994
3.0453466605876995e-05
0.00011551146859075332
6.510430921220207e-05
0.00010850303961018876
0.0002431930494025652
5.8544875519393096e-05
0.0002582553772725646
0.00011468888624069228
0.0001755743228947398
4.135474732316212e-05
8.677377305374083e-05
0.00023879113447196432
0.00023279098422538319
3.956989926819448e-05
0.00013694902923557108
6.93473245856054e-05
4.253094023602275e-05
5.9181033219080964e-05
0.00021772769556812596
7.661144350403619e-05
0.0004316991771410976
0.00017342799560164565
9.217618964172276e-05
0.00015304286960087874
2.7582782035460177e-05
7.248310163128164e-05
0.000154248078797502
0.00015650526688669268
0.00022350911818406715
0.0001402324076323111
0.0001091785230354179
9.891463617523003e-05
0.00013071413934306306
7.17258813494555e-05
7.543917816914507e-05
0.00019128916611542434
5.646894765196617e-05
0.00034102197691055836
0.000138196359880042
0.00016777443674121078
8.16504162763787e-05
7.680665925826249e-05
5.747646577915055e-05
0.00021398620685935034
5.8125578855081906e-05
7.658713597541884e-05
0.00015224457138157468
3.8801844991120304e-05
0.00014171812411818805
3.829953413948839e-05
3.241444890436253e-05
9.637111623572547e-05
7.48991276581639e-05
8.099981831113149e-05
0.000168861528464206
6.725470572377678e-05
7.409946774235275e-05
0.0002467701253924629
7.137028875492346e-05
6.494055832932093e-05
0.00012170407211072798
5.448896513105898e-05
3.568975336811435e-05
6.231391763257866e-05
0.00013082442215573716
5.808226935978069e-05
8.562367958652742e-05
0.00047376554901343304
0.00014161709552180552
5.434431969470118e-05
3.24767894957737e-05
5.631335029290303e-05
9.448657061344058e-05
4.4257951058847067e-05
0.00011545814146053998
4.779780395613166e-05
4.5328040617946625e-05
0.0001642932096706127
4.845208019781448e-05
8.34887302989795e-05
7.541778464503666e-05
8.146006463932258e-05
0.00013579855756876594
0.00011567471509599944
5.3477847089132105e-05
0.00010372015938794638
4.1121442111965996e-05
5.453185715219651e-05
0.00010420061871427694
6.348746072177079e-05
0.00020698718268438344
8.535929353069555e-05
3.0080448418881207e-05
0.00010336478636366045
2.5057224035972195e-05
0.00010495805429933374
2.7604333745151156e-05
2.7759605744533773e-05
9.147821445636592e-05
0.0003042457611318088
0.00011432722818190449
0.00016894536517604914
0.00025309720889097026
6.940523478854175e-05
6.892639326551679e-05
0.0001373422378315796
3.262488568584059e-05
7.94197684730503e-05
0.00010247108518840447
6.377544202294732e-05
0.00010411914137420173
0.00012595714625515556
4.2028469423872174e-05
5.550732856127376e-05
4.635510071496001e-05
0.00017759567516169742
0.0001410690519292414
0.00015253548555164902
4.054909235208264e-05
5.9067049803412624e-05
5.277670871594871e-05
3.5785551455582327e-05
0.00016054980901718585
9.059446753195382e-05
9.673175362580658e-05
0.00013484007654450915
6.786462036894942e-05
8.778261649256847e-05
4.026843323195204e-05
0.00013968774375605465
7.430334121365024e-05
9.417846150833976e-05
3.8104892710068804e-05
0.00015688518329064883
3.614813245807172e-05
0.00011483106334387101
0.00012929442106939716
0.00015871101062715326
0.00023669306524726804
2.965602294094653e-05
9.160136798630485e-05
9.270762387216197e-05
7.976413686005084e-05
0.00027190446611685085
8.461097185962255e-05
2.8922732056176852e-05
0.00011169452779099303
4.069198526668951e-05
0.00011714618524878168
6.134117299021778e-05
0.0002555073263454456
8.516836365952298e-05
0.00011318818349522765
4.6403772757776845e-05
0.0004324481717128672
0.00010794544559382476
5.7297762196746795e-05
5.468672562315019e-05
3.8403663851744394e-05
4.0412064208905024e-05
0.0001126769135052683
9.167853366581111e-05
0.00020577319306929902
0.00014157901643469358
4.536726646072893e-05
4.875586356397718e-05
2.351411030029541e-05
3.90811152595724e-05
6.070190912824937e-05
0.00020988400665353715
6.240619190506107e-05
0.00016646894867391326
4.305419727793235e-05
0.00023576619236361627
0.0001649870768051693
7.815469599431493e-05
8.921366033768562e-05
0.00010414623879442185
5.626715624651456e-05
9.187839739272965e-05
5.205838773767621e-05
7.302797962534203e-05
3.3913697542494007e-05
8.851537910653633e-05
4.740632081736793e-05
0.00016835173066475682
3.0503520814472315e-05
4.40630335152916e-05
6.103649750644852e-05
0.00026395089834368134
3.1210317697460015e-05
9.349317039273171e-05
0.00019763013614264795
0.00012070992889264275
0.00011967747010933586
0.00010692842875689532
2.6475328686024754e-05
7.134616651417759e-05
6.809166999694303e-05
6.320286061953073e-05
0.00015518343345972187
5.255169760682675e-05
7.304206307109256e-05
6.810585947069604e-05
0.00019678687083596227
0.00016438074733201224
0.0003118065968331853
2.468034428014852e-05
0.0002433304941357341
6.579745663557256e-05
0.00011844155349684638
0.00022573879231138072
0.00021241705573734216
0.00010184418656068114
0.0001524817087178367
4.826526921851896e-05
0.00017843579636587218
6.775543569700948e-05
0.00011596859040149028
4.7354034244057664e-05
7.507105619992198e-05
9.466748876987053e-05
5.112470958129195e-05
0.00010340177163138092
0.00011112811902370826
8.837226498733855e-05
7.192265971333644e-05
4.3235772233777604e-05
7.259232921794217e-05
2.8953920077154387e-05
0.00016183927483243333
6.423346350528036e-05
0.00016111043324810523
7.404129970647495e-05
0.00010148909199542596
0.00010105923474761975
3.5529610935179885e-05
5.8020068030367096e-05
7.399535718525842e-05
3.723962640672318e-05
5.5879552563794916e-05
5.980739746913516e-05
0.0001246117825068375
0.00016589366447244798
0.00013610756720736853
0.00013334464478020493
3.6281238502020976e-05
0.00020010833217951125
0.00016895287704837025
9.150325095776657e-05
3.171798736407903e-05
3.0104713269703228e-05
0.000314405088347767
6.182609966839839e-05
6.211192393732742e-05
0.00019423586821891458
0.00018222562625648544
9.966180831845249e-05
7.3356053013036e-05
0.0005211610792857332
0.00019863180028205753
7.654535232848383e-05
2.4056581808198317e-05
7.69263939060618e-05
9.968339259943286e-05
0.00012143723139359879
0.0003046226439535237
0.000119983200290212
5.977851443401288e-05
0.00012381193324732573
6.924710459922637e-05
0.0003052750474135434
9.506511103264372e-05
0.000462645120700578
0.00034407738965113106
5.097501872685078e-05
3.761103585190777e-05
4.433234957293048e-05
3.699279870990621e-05
9.354617669026398e-05
0.00010510327965035287
5.575648555376215e-05
0.0003686127240570454
8.374371166405021e-05
5.064467909202677e-05
0.0001284094396343049
7.79023122586551e-05
6.83294627811263e-05
4.0735689508719443e-05
7.930276245264069e-05
0.00016394894320078242
6.118781829681015e-05
0.00015844469728994273
0.00021149859769620935
8.22865190414928e-05
3.504184081704428e-05
7.151630448137337e-05
0.00011136008133018471
7.070974645166955e-05
1.875760562323338e-05
0.0003746663075242696
0.00010437349032940128
6.855287273156414e-05
5.2542040501364475e-05
2.770375617064662e-05
5.9587987079934476e-05
5.316233035979987e-05
4.7195691758763096e-05
0.0006523444591600624
3.410353121292216e-05
0.00015254440884865565
0.00017770126663805145
3.4001666585210276e-05
0.00023938565764580996
0.0001096151053909231
0.00014332189006424924
4.185482976939013e-05
4.258904199962554e-05
7.19289436500726e-05
5.6319350459059296e-05
0.00011098444152058537
6.144823574307952e-05
7.317347139237513e-05
6.0781626082217374e-05
0.00014722671107131818
0.00035319071844206986
8.307116251302771e-05
0.00013393686306973309
5.863071705396901e-05
0.00017703705115465617
6.744664598659443e-05
8.11421412642924e-05
4.914631137668198e-05
3.144724062608668e-05
4.747039161854127e-05
0.0002326621855541769
8.05589862543135e-05
2.906024137440046e-05
3.39766196307388e-05
6.805962030233504e-05
3.109190713077855e-05
4.391098479390389e-05
0.00014315836330251625
8.742341338088454e-05
3.984715061922528e-05
0.00016514914133205716
0.000156497892365777
0.00013188000314200734
0.00031121419367550026
0.00026442865625983454
8.579192618875349e-05
7.46941910971367e-05
7.115612747545456e-05
0.00012615502511712328
0.00023121426047530394
3.536185655985094e-05
8.55389833178152e-05
5.136607937187657e-05
7.015782800250154e-05
0.00016738804146891704
1.946875546508842e-05
0.0001082507149864457
8.692081150550395e-05
9.819651035644049e-05
5.145366455601691e-05
4.816992764617156e-05
0.00012138422099759231
0.00020051615333172538
4.2436381764700214e-05
8.958568373013382e-05
0.0003492366969082318
8.2559781238539e-05
5.8179769777974205e-05
7.686750522227526e-05
8.332162546735003e-05
6.908485356334536e-05
8.762142968037802e-05
0.00013341406820867137
2.831399477420868e-05
9.704302432580432e-05
9.493725868923868e-05
0.00011647701859035138
3.974377103900318e-05
9.075031667291437e-05
5.7747412312565235e-05
8.450336989704522e-05
0.0003095883668573598
9.34770589793223e-05
3.4307801347424183e-05
2.653489875403132e-05
0.0001608014561109303
3.122867630782176e-05
0.00014804592117461795
7.779137672668349e-05
0.00015919016991135262
0.00015862102996466496
6.817517161666881e-05
8.289365627622417e-05
3.815277081574382e-05
0.00014704203965056425
0.0001667796616431057
3.433041194223733e-05
7.00076428001468e-05
7.620109481594215e-05
0.00022225311455182492
3.53402095938943e-05
6.502565833659426e-05
7.171712906291023e-05
8.505970421771841e-05
0.00010977604684444346
0.00014350782271875322
8.155362498550126e-05
5.249348097639601e-05
3.612238056972559e-05
4.3710144661795346e-05
0.00020226491460672154
5.1013204937191696e-05
5.11702485858956e-05
2.4416424997293605e-05
0.00016268967363467128
3.04851170959117e-05
6.99134802898052e-05
6.381581379945947e-05
0.00010926743477671782
5.869226465852699e-05
9.998444498146905e-05
0.0001738597976475354
8.999384229456552e-05
5.362514385886808e-05
5.014744457163373e-05
3.894613632588939e-05
3.411806869385488e-05
1.3422010038388358e-05
7.25019200906704e-05
0.00015145809866315895
7.949104897445686e-05
4.2342794030505215e-05
0.00014146658545641173
4.712889571670991e-05
9.794594393120486e-05
4.378849390312363e-05
4.484340579511243e-05
4.525265556564872e-05
3.936832194732318e-05
6.467127032621157e-05
3.770901615711684e-05
5.5524032773607476e-05
8.324663958504241e-05
9.257227050289585e-05
1.9246460568683054e-05
0.00012546515259218659
7.267735110285024e-05
0.00010972223487780968
9.760398112210327e-05
9.410117920406957e-05
7.051851323326577e-05
0.00011176988886295165
7.558635657488932e-05
4.164317790320589e-05
4.703288680601347e-05
0.0001661841327003124
5.8358982893590424e-05
3.547623178438746e-05
5.1617557924311105e-05
4.838019020501361e-05
6.474717490876863e-05
0.0001232702744538213
0.00012942299050519235
4.895115893901838e-05
4.170854860402273e-05
4.71276438613191e-05
0.00018075451946561574
5.873037011488324e-05
0.00013276462002298007
7.604251429580266e-05
4.409692303694562e-05
8.035291579478758e-05
4.06733182358963e-05
7.953651812058496e-05
9.851223199530445e-05
8.068408887349521e-05
0.00022257042377263605
7.947017880945236e-05
3.2136649083156816e-05
5.730719207486974e-05
8.94507403430369e-05
8.13561692480921e-05
3.4782100445417595e-05
3.302458501825858e-05
5.630340537026938e-05
0.00017269780209241235
0.0001704587039887165
0.00013646683500806453
2.6297208678103066e-05
3.97661211444418e-05
4.223666162030129e-05
8.961805210481534e-05
0.00010123073779742123
9.738090433075287e-05
0.00018762498562062402
5.246139698042997e-05
7.713243427168501e-05
7.708447431381087e-05
0.00016571627582202388
4.6710439755868864e-05
5.106383008962865e-05
0.00034190601027464426
3.1041744397758214e-05
0.00022910534010910522
9.402153875386586e-05
5.152826852941351e-05
7.369401997642457e-05
5.7288112178723156e-05
4.930023992724477e-05
0.00011373489375182994
8.49978903766807e-05
0.0001610974512928961
5.439839867970309e-05
9.459372923574741e-05
6.791800225294881e-05
3.0654383672666833e-05
0.00013430337370967692
0.00013600518826383326
3.986731503549684e-05
4.092427847948657e-05
5.8808159730086224e-05
6.0089458675991475e-05
4.165569308787669e-05
0.0001582631434154112
9.204927558298288e-05
0.000136467888216458
0.00011877697497166966
3.283803110194258e-05
0.00010405715738835158
0.0001308919101869696
0.00018366290920706832
0.0001166579321583365
9.328601553408471e-05
0.00016941941349297155
0.0001363881204305384
0.00012378790463483358
4.6746244143436156e-05
0.0001547097668255105
5.12339250602282e-05
4.361387362904429e-05
6.0912773201372376e-05
8.088033054267216e-05
4.737682784452817e-05
3.657897556603665e-05
2.6705307257540797e-05
8.548313364599482e-05
8.411891420150684e-05
4.137981537921045e-05
4.3500710705758405e-05
4.939783143664747e-05
3.995728621585782e-05
2.8416238512984154e-05
5.891759859480576e-05
0.00031284285120213186
5.098253112997782e-05
0.00011945656216937942
0.0001622703359180885
3.7638246905456314e-05
0.00012297266882265552
0.00010400047661823176
5.9506895774402505e-05
0.00014561863561239765
9.066813603962509e-05
5.168980607325873e-05
2.999931984401227e-05
5.6195086343743624e-05
0.00013989647374399548
4.074579426676134e-05
6.461641619955332e-05
4.263516804346922e-05
4.2819854110564045e-05
0.0001006806805428847
4.5147152257041197e-05
4.6861007081544766e-05
3.7845900799711794e-05
0.0002661254606279632
8.342340002814783e-05
3.49759615009463e-05
7.122677299284169e-05
7.692988191308338e-05
3.9707049871057816e-05
5.797565619163327e-05
4.241191145967291e-05
8.212313682343439e-05
2.6213664722241864e-05
4.1395463349562914e-05
0.00017704492800520126
3.114206382391406e-05
3.150260287392072e-05
4.433854861910699e-05
1.9111933190891735e-05
5.380704705877144e-05
0.0001689596282964503
5.665338401500532e-05
5.535251159440269e-05
6.630540377426394e-05
7.118485228176513e-05
3.3500202802267866e-05
0.00011933335832877634
4.4275366308580743e-05
3.230350525674691e-05
9.092416750139761e-05
0.0001088612751404305
3.5040351914913344e-05
3.834248926703605e-05
0.00010315167894664111
0.00010615315043598974
0.00020547580763698983
8.174128185996847e-05
9.558065632651586e-05
3.104933263577938e-05
0.00021463104266786272
0.00011283226669452591
9.322184966910364e-05
7.940119287581594e-05
6.26071617049032e-05
5.2211384162664115e-05
3.3427753687359664e-05
6.401923808424398e-05
7.659383564754078e-05
4.811581221096584e-05
3.32037689665673e-05
0.00010728666568492784
8.435776129478911e-05
4.147356714435681e-05
8.350655403335357e-05
3.339166818644249e-05
6.69478721247774e-05
6.62947330992333e-05
6.477415228298002e-05
7.754024564288756e-05
6.166261509512965e-05
9.36839716319751e-05
0.00011661440060887949
3.6951584431773056e-05
6.025768250067908e-05
7.309346036448236e-05
0.00012371510934689614
9.484922892734773e-05
4.0199727280123534e-05
0.00017655755134975127
7.685419426034703e-05
8.478135002886527e-05
5.170309346529492e-05
4.8104970187640626e-05
4.6399202701392984e-05
3.9430549763519106e-05
0.00011296357484142599
0.00011091137684689281
8.626419119216797e-05
6.469265524671028e-05
5.4592715165620546e-05
0.00019048302228296635
6.150914864893131e-05
3.9313545999833624e-05
0.0001563971281800726
5.504515359348497e-05