0.07741161057436508
0.0008070599836686648
0.06284360425995941
0.06518441125219308
0.10725802010781345
0.08293145952497841
0.05141381722812645
0.037491649771498936
0.06760659718685547
0.010649032312522401
0.04435909237175516
0.009709803856592368
0.009388718269256377
0.012222561012527777
0.008674420091557595
0.027892294160698102
0.028952587410058444
0.009586848546291693
0.005490576088640548
0.011735148463150814
0.003421030877414173
0.01584607131097479
0.009965744165014612
0.019076317513026263
0.006525230743308714
0.026393102302299548
0.011352180434500286
0.003001849153283364
0.006058178096745559
0.017875103177967967
0.007100157503582659
0.010530215868369067
0.01744493300764119
0.005081840036653912
0.010293482742020386
0.010490682252408066
0.008957189491867006
0.017231726593526363
0.017383987321185082
0.012737587426465743
0.0076676086778995935
0.010879802855636687
0.005133899719565284
0.023101919079149578
0.005955637951472749
0.00715241924097983
0.0031733481749078593
0.0042914810179758775
0.007438110085819749
0.004383933197472422
0.0046992546683604685
0.010918407487074858
0.007082456823261235
0.0006404821827235306
0.005745963680621606
0.0020202798478211937
0.004760267525629997
0.006749715627920778
0.003757920278435607
0.0027323866830063926
0.0026050116121773804
0.005686234194973768
0.0035277869870211642
0.003534588380289333
0.010432749670231363
0.0035538947605236464
0.003519313609228867
0.006566861219175558
0.0058026877337550705
0.003040177306135523
0.007968122877734452
0.0020075153097349504
0.0028923819301647467
0.004283279104341418
0.005520965934635203
0.0011420925803941773
0.008031738780956131
0.005424976791834579
0.00338329156373928
0.0026482260614627776
0.0025145238241789363
0.005961744282914971
0.01649271780370488
0.003096447799920641
0.0024734390597433405
0.005921476601262362
0.002811390257211266
0.004551535704166973
0.005629938936662581
0.0012461257374774715
0.012648549463758787
0.003434840785197926
0.0016908718856698958
0.003558037922289702
0.0035752072032024145
0.0034139112581319754
0.003712294251819579
0.003115180959755728
0.003314044930450942
0.0021047435693254306
0.0013407644371920147
0.0009678762142624451
0.0008095612200107315
0.0014458874714412177
0.0020695111148236315
0.0071148721141486085
0.0021480771548585886
0.006144756336011763
0.001568477980115663
0.0073911363153988325
0.002410247230015901
0.0010896197706463016
0.0019316489996786669
0.0009297874228283361
0.004771079803700903
0.003471766105892961
0.0011289336571236814
0.0009595965843277721
0.009281664515780596
0.0041020427351234675
0.0009925784431907365
0.002621711703427387
0.003669601042320476
0.0028361253417663076
0.0027858393238163514
0.005965281904800338
0.0035641735438665385
0.0006830223291118345
0.004334454140694626
0.0019159489025073748
0.0038134256141882507
0.0022417379681666685
0.001281105314374217
0.0008192175624509501
0.0012061875720406207
0.0025863475616225776
0.0024470857427412404
0.0029075451730943536
0.0006428285137472686
0.009326455054452001
0.003495941127397788
0.001094130714019748
0.0008404643803348467
0.0016968281952150315
0.0006117705585969478
0.005808363081972116
0.0020878701423835185
0.002178480894948179
0.004000416085327587
0.0009106903817808123
0.0013564222664503114
0.0014268243368392851
0.0017177725306684077
0.0014844103413048874
0.002349257318666869
0.0025643543242667923
0.0002711012659089635
0.0019191753951547186
0.002863532639200645
0.0012343993069972039
0.0035416809637655324
0.001791473067673438
0.0016504197156308438
0.0004595466401161487
0.0016364327464857586
0.001813566666483391
0.002175302614778178
0.002088087960661288
0.0011670058966989393
0.004534344528841553
0.0014993467485811772
0.0023258823724315054
0.003095062873330688
0.0014709495992190694
0.0031032928098776173
0.0015046626061885247
0.0021369097235327175
0.0033915375049386703
0.00280986635691863
0.0013267877441870107
0.0029634156556735593
0.0018660784473715942
0.003104677824436146
0.0013594419769691474
0.0006340910592090821
0.0011581552248270844
0.0029160561191087222
4.96107625535656e-05
0.006011922028204175
0.0002972308952667358
0.0010385386567372955
0.002105742081446412
0.0025952767496164467
0.0031761256315632853
0.0025394521825370647
0.0022468334289137077
0.002220730116366941
0.002112868710582798
0.0005752542653836751
0.002790314236262069
0.002969204676023428
0.0007998216737277348
0.005637524725522713
0.0012373247292393281
0.004838171733625093
0.0012253359982158636
0.00045319509977210034
0.0007280550933014359
0.001940299726139374
0.0010371162695129975
0.00019080910753498388
0.0016530945618387762
0.00196627638263459
0.001780617356622835
0.0005657341999172866
0.0011412692063881768
0.0022193735623162953
0.0015560766959841284
0.003921144257290374
0.003337655678480149
3.747280113748553e-05
0.004585766462113873
0.0007800978523338901
0.00364121532258725
0.0007176284398365288
0.00168386430565658
0.0011036611970955072
0.0010522387800139768
0.0006647964282139607
0.000674561549649764
0.0015242417552585816
0.0009391923424018646
0.004806858179566104
0.00393238029497756
0.00181208150254413
0.0003037800012856026
0.0011716134714906718
0.000695427711579471
0.0007106406100777688
0.0022981890433066187
0.00011667765444760983
0.001173239947312236
0.0031112222796622685
0.00039305410007392657
0.0022948076099542866
0.0027469940763608118
0.000613693504280195
0.0033920399290224366
0.0009165118755515239
0.0016646574802189446
0.0026154368541294196
0.0025877125781056205
0.004391898938666504
0.002280075555843672
0.0009867890389391508
0.0016958863938689457
0.001035924649504461
0.0022120276385053455
0.0007158729083208878
0.002420446806366133
0.0004424078179609995
0.0016207782369269312
0.000498477233946346
0.004535719126997719
0.0017652359427204193
0.0024653543011330993
0.0010630496315352273
0.0011535961779297404
0.0010776300732866799
0.00017118870712288053
0.0003150352332739669
0.0014270574919949543
0.0005163908793884319
0.0009978433277484846
0.0005280653649086834
0.0013997295483019723
0.0008067321593671251
0.0012148429759182683
0.0005861729211296217
0.001116710530471039
0.0030776845050654224
0.00023286024985735127
0.0011070012756289479
0.0008452463541150592
0.001206509829367725
0.0017767323909910486
0.0002052564779793473
0.00040000086699989177
0.0014958731167041472
0.002014663352818997
0.001953118899056571
0.000864158418417203
0.0005534987569812056
0.000534311437415608
0.002255419063340648
0.00046564831063921274
0.0010931265696026559
0.0008229835925910063
0.0012786054996531467
0.0025470838168438798
0.0009333392124710451
0.002630008938814891
0.0010474775145723663
0.0012099527475785295
0.0013499943233935355
0.00162929222748301
0.0006030151158966483
0.0004541776405758487
0.000717450509996801
0.0004552084287859351
0.00043989050362017027
0.0031143631302473196
0.0012247343282671588
0.0005923769509656324
0.0024877453109293864
0.0010131820182155888
0.0015079204499014653
0.0005608767173268449
0.0007638730794035709
0.0032716566571429954
0.0009109296892188543
0.0005780932784128215
0.0013470461780315881
0.0005358456196500773
0.0011801123143866193
0.0003748689431753678
0.0008395713995749416
0.00023796382278632356
0.0009284918916093029
0.0016654029482528162
0.002240973909769478
0.0015643528786278454
0.00041240241296646476
0.0008870246940118398
0.0006992935677629778
0.0019347190884582016
0.0006987043611210461
0.0014899640386002414
0.00044462676571273117
0.0015788134519621106
0.00098251344467348
0.0013156274391643008
0.0011126171372767698
0.00029506588113499375
0.0005284123333330893
0.00028695822533880954
0.000292979876024204
0.003059469565070323
0.0011523552853394735
0.0014365074375051958
0.000501944877899285
0.0015221261301605372
0.004115963471199198
0.000732764199206758
0.001022900966149399
0.0008167660633430747
0.0014322192030555231
0.00028877192132169315
0.0008406594390055594
0.0024618916763215455
0.0009974080198096719
0.0008299618597029654
0.00029202851777598816
0.001746721634252829
0.0018225586806547129
0.0004282570757289237
0.004197888939735092
0.001513032244753283
0.0009770435020911513
0.0009085760705806481
0.0007711162710898077
0.0009093168710867078
0.002765521196278243
0.0016432847845977913
0.00032602605359668935
0.0003488313156006838
0.00257148172951254
0.0005408034530883089
0.00019520673398646093
0.00025917381271356053
0.0018302838891998106
0.0006106564528105121
0.0010646833180785206
0.0007414996142977488
0.0007506365705878638
0.0010974661506615907
0.0005750708015782221
0.001192153358873759
0.0006101926583549188
0.00012562979093026745
0.0007419354410561831
0.00022130787235782583
0.00041569087368851756
0.0013970399684977222
0.00044499934088184376
0.0004339880797142695
0.0005964883411130785
0.0006956566864431392
0.0006860014020010284
0.0005472976043903765
0.0002957534326339619
0.0011723365100097425
0.000557419397686284
0.0015921558309611567
0.0015229110387211307
0.0004677207892732876
0.0007051178804342525
0.00035382996179009104
0.0009706419225955963
0.0005295033848591478
0.0013778602997834139
0.0004166968406486073
0.0013556301168535976
0.0011414591047497825
0.001061377795030778
0.0017294961632954814
0.0012499267962826743
0.0007265776316419076
0.0007657152158997801
0.0006505916978394825
0.0005576532790905251
0.00040820810170085327
0.0007677235376360433
0.0001288828038392053
0.0002951817870462143
0.00014372160818373918
0.0006333312532068588
0.00044019910557057496
0.0007332160987378882
0.0011903519872268912
0.0006856359053872506
0.00035818907779781856
0.00014485906992859406
0.0014719454076686752
0.00011783276982446996
0.0004436493554800635
0.001215669359044596
0.0005511917719552571
0.0003044124094879065
0.0018511590814990772
0.0009576397325486107
0.0010236671451775228
0.002291477264127962
0.0003377659622532639
0.0007345364713756414
0.0011684165387542882
0.0004458226771451125
8.134705044867203e-05
0.00012378411519302414
0.0010926788336687396
0.0004940754274164284
0.003659170519060677
0.00023960032993815375
0.000474815296870995
0.0008284258863122906
0.001289705897383849
0.0017576576456901705
0.00047501478300464306
0.0005214824865617882
0.0007350512988043978
0.0016561398610582439
0.000630754926386342
0.0005286108881297327
0.0006806875407369859
0.001014859836138291
0.0006299131784840073
0.00031125964292885825
0.000267274654741086
0.0010186574530062812
7.372613089601526e-05
0.0009228911789517793
0.0013130201889590336
0.00035621097495424394
0.0003619227693795468
0.0003863186485810376
0.00041100978430744657
0.0004913653971736215
0.00013912094421590063
0.0005321462077755941
0.0006057058874664163
0.0009129620373182561
0.0003713693615836172
0.00022832584290209516
0.0005665019745867714
0.0006060045395535466
0.0008661350016426226
0.00033920218393471244
0.00019256612795324424
0.001303600825105557
0.000489155536375976
0.0006699267205682575
0.0012369686031449736
0.0005050129268874032
0.002217174671924592
0.0006159809544598813
0.00040171139369636063
0.0004431635845606739
0.0005391935479886692
0.002002639677263722
0.0006332641829224438
0.0004910612730104147
0.00024686637750507786
0.00017803067234390348
0.0011414177765416542
0.0006482365571755352
0.0006008565196196752
0.0002578708286286275
8.357988316122455e-05
0.0003486562464992779
0.0010294763838558374
0.0017968676033708409
0.0005554293559856448
0.0013734608508824755
0.000606226354112545
0.00048607672635238617
0.00035214749291679335
0.0010294236374715862
0.0004977103460272441
0.0008861738763014101
0.00015559027067263924
0.0004839612142744218
0.0003485519764366222
0.000683581784906141
0.00015035935406119847
0.0003850132222449357
0.001034284500149806
0.0005908206347936309
0.0009523220701869104
0.0005637762593652121
0.0005883325378016752
0.00032094999961871973
0.001259515861149148
0.0005428610273694436
0.0015762862587648968
0.00036818424707655846
0.0003422885861531566
0.00258707937465376
0.0005072942901582328
0.00015285800808615164
0.00021397630106845435
0.0001913679311918899
0.0013854545664278226
0.00011533823269309164
0.0006713443902066355
0.0022340976747076114
0.0006831048501629671
0.00048406576640313637
0.00037323054197775375
0.0004879251369207364
0.0006133806574613861
0.0011661830096332398
0.00100496481495275
0.0008253849522515167
0.0011741505286966332
0.0001831276481883337
0.00046247867805386094
0.0007474762572043818
0.0005064271088307112
0.0008441085549603587
0.0009048595863372735
0.0004824607643673114
0.0009698646888599675
0.0005666129976787213
0.00012021943919241568
9.136052212101653e-05
0.0006039103864768846
0.0007660125253854072
0.00011007525068050688
0.0005400394758256916
0.00047467755745607453
0.0003744538824468413
0.000705683014401826
0.0010058630319672718
0.000948951824183076
0.000165746971891413
0.0004278345151115952
0.0012538037775102616
0.0005810916742179972
0.000945718860972263
0.0017533495701454343
0.0004793922124698894
0.0002815094028627076
6.887708551132087e-05
0.0004697600109124642
0.0009860647858023772
0.0007270168679095123
0.0008122014817747324
0.0003256400375564009
0.00011547351162905357
0.000522511625139059
0.00021747696723744482
0.0005526964752110486
0.0007475099829472108
5.8223221908379714e-05
0.0011986438856575077
0.0008930023319655732
0.00016520111596432432
0.0012665243358355128
8.684422086711083e-05
0.0003621820825220934
0.0009389513087314618
0.0004791929600152336
0.00020563694189793514
0.0006825653706489733
0.0005153715227653877
0.0012931899157087115
0.00013598526617245195
0.000665984087220213
0.00044854931603939357
0.0003722138784705881
0.0006594476513501856
0.00011065357515558947
0.0010459114086088482
0.0004951985355995383
0.0002472989712292038
8.176324931640405e-05
0.0008632338765766513
0.002512776137063583
0.0006085932048305106
7.922641713462878e-05
0.0003970291702149926
0.0007085080439798235
0.0001909852642000902
0.0004999026892679252
0.00032143040655406563
0.0005453216146932599
0.00032351630987405283
0.00023983550434064727
0.0003409748671583635
0.0005506860348236315
0.0003969059543088844
0.0006633752225473175
0.0013332936760380514
4.424736486898333e-05
0.0002538533044387624
0.0007363684709706823
0.0005879996071849037
6.631995802250662e-05
0.0004133317086071906
0.00045279778266431905
0.0008364039719819033
0.0008883997397794723
0.0005676659254171124
0.0006339606034324956
0.00023253855908569597
8.059097517362517e-05
0.00029389421961471926
0.00041091622520568715
0.00047179280160856074
0.0001615417851020505
0.0012311599174200565
0.0001896155446275214
0.0007033044683088001
0.00011054567677997509
0.0004776144907978043
0.002939635295020479
0.0003006012532126264
0.0002677212742570856
0.0015222273850974966
0.0003857269360780674
0.00042119840510393105
0.0003282085718909308
0.00024036566543879687
0.0010929985925312521
0.0015560120052406253
0.0004973129349462596
0.0006469896738198818
0.0004351648823801389
0.0010808256275349733
0.0005977028241882546
0.0002492253228762196
0.0001940498757942386
0.00018562999876960915
0.001038755848777319
0.00018556476798182686
0.0006498467906457476
0.00031243994697403935
6.667301381273754e-05
0.0003181242753494704
0.0004700146261370887
9.240670258596255e-05
0.0004061132985879788
0.0003972001072994291
0.000723625036062377
0.0007476887092983037
0.0009066943553784624
0.0003509188060345926
0.0010842576198260773
3.797354173317289e-05
0.0010766175405755782
0.0013873623595208385
0.00028171899488156014
0.00043282844148188676
0.0004034676327303182
0.0006376484936720208
0.0007030347451154499
0.0008794486308601439
0.0006460747602984689
0.0006964337755265456
0.0005139969288579519
0.00032274444939613123
0.00032089796454661744
0.00021301730525988117
0.0005861494845887336
0.00023879728122355693
0.0005262857063665036
0.0007925706499400694
0.0002488427816945964
0.0001964466315351411
0.0006479632477874027
0.0003143250864311047
0.0009948935029547217
0.00012084243987602091
0.000566783832205651
0.00029357829922829726
0.0001275115182494635
0.0006937257036176155
0.0008730621556445438
0.0005706281643970038
0.0008269294576718551
0.0003227386200579085
0.00023516183739874898
0.00035571834418909334
0.00046658803892804686
0.0010309068111343331
0.0006719957614365574
0.0005246321408924131
0.00013668059051249556
0.0006208856839345299
0.00020062252363203055
0.00040545041028497967
0.0003107413667441266
0.00044371056825279626
0.0007518061598670435
0.0003043034404975706
9.642664241704514e-05
0.00015045979896943342
0.00022848857257531892
0.00032942781473658324
0.0016512360806302646
0.0006795997148419205
0.0004126077653757531
0.00020010682998000651
0.00022078022632012812
0.000290546571581352
0.0008498451528257266
0.00045594575386509814
0.0011824971026513308
0.0006043489572882075
0.0002927197511002641
0.00031620667186963347
0.0002422317244048758
0.0001852403926139451
0.0010690846712608898
0.00022797903633072007
0.0006621551786269466
0.00021907723856680935
0.0002816660486542133
0.00027016880943962594
0.0002516362907543994
0.00010717717488555757
0.0002476311996831814
0.0005921580677264179
9.596881182517402e-05
0.0004284407312332096
0.00019697533232172356
0.0003283484169566374
0.0005906651690637229
0.0009463760060151867
0.0008883751027399372
0.000259942663066025
0.0007713068779890562
7.177108444809308e-05
0.0008400835748595348
7.155530962794423e-05
0.000655995480902805
9.251498741805211e-05
0.00032299830639171795
0.002098842108340338
0.0008220783683096694
0.0001308722642909632
0.0007411021364408735
0.0006052841165448262
0.00020492715075637685
0.0005193012605254139
0.0004901889400422279
0.0005078665633756936
0.00045268872377695154
0.0003028980271241373
0.0006639038696246423
0.0006324844852372888
0.0006563918681179515
0.0004260345019573391
0.00048546240687030826
0.0005448733463513455
0.0001973493745312345
0.000512698049316343
0.0002924652982126828
0.0016373889187139233
0.0008974727290336745
0.0002883871265091987
0.0003906877604346926
0.00036259422921430383
0.0002006328666743023
0.0010769933025565979
0.000445828204698858
0.000379794189869667
0.0009741580148678591
0.00027165992669574797
0.000271150900995664
0.0001552422547864073
0.0005900627355821451
5.0227311574768914e-05
0.00047520676963860273
0.00048587705278853294
0.00013400411608688613
0.00041801137993291985
0.00016829214695857956
0.0004727505378594616
0.0007253312624346663
0.0001322332310221274
0.0004624054969577116
4.7882085048756855e-05
0.0008808647120969592
0.00027228317079264306
0.00039794839332122094
0.0001658130209781663
0.0002850665312098448
0.00020923695752723826
0.00020478180005309695
0.00010764679922485162
0.00041068411734410614
0.00028079320461496087
0.0008500487886278138
0.00018484021049476772
0.001287704583883666
0.0006292665110298177
0.00032874390643484655
0.00016938608643824978
0.00032789658383037157
0.0001837951392129448
0.0002517992287069138
0.0003914150790831467
0.0004963297250711935
0.0002058693997176016
0.00018659493137520707
0.0003224821193998581
0.00031939426839756554
0.0004117932277546572
0.0003474311433021965
9.560054983383392e-05
0.0018045985706177886
0.0004800933600053965
0.0002693901441908045
0.00028410369387868315
0.00044936620161414273
0.00017224561701316226
0.00024096962941320645
0.0005523529681392507
0.00011248173769945753
0.0004651615397823494
0.00028665806016038597
0.0007434414501518653
0.0006558999071957002
0.0010931390214965174
0.000173525694374112
0.00025026910379948193
0.0017255537725533513
0.0008701290688748422
0.0005357436405539345
0.00032637943292542767
0.00028925803471189663
0.0005089468859311944
0.00018838648265688128
0.00037077093040583216
0.0008282411728845934
0.0007468013061404329
6.535915934347689e-05
0.0001918330126895981
0.00033429608050123994
0.0008570276620363833
0.0007411549667318509
0.001078723676473344
8.722462728103186e-05
0.00027168486357445084
0.000518616680743355
0.0003019556567966228
0.0006979398954988726
0.00029266653858718317
9.450088052685426e-05
0.00032702715699968286
0.00018755088799265183
0.00010601902755198412
0.0004896002150282282
0.000307980071104162
0.00022854541394997873
0.00022230483678908688
0.0006247164422911378
0.00013020063051879944
0.00045740444585799653
0.0004453245363503977
0.001102527503328769
0.00011570819466152163
0.00036810325743403334
0.0004603564373893739
0.00012723521317691992
6.218358749327927e-05
0.0004129121667963915
0.00041540662081543226
0.00010863909787081188
0.00021247227287098008
0.00046269550887982744
0.00041477362095058973
0.00026113361392790074
0.00025808957249092346
7.469787728833602e-05
0.00037422040356823794
0.00024360667431890906
0.0006599799357479948
0.0012556055293256791
7.99061648731198e-05
0.0005939450413108528
0.0004943766528730095
0.0007942063375435665
0.00016975871059129934
0.0005856344984829136
0.00012069819752980834
0.0005510061544572787
0.0004949501511407791
0.0005744346570946415
0.00021653639668027733
0.001236143835397764
0.0002363596556883292
0.0012274560195329022
0.0008707979712854794
0.0002979352205373097
0.0004408395838195999
0.0005682445316496767
0.00033658198845047254
0.00023429795148449954
7.246561439044234e-05
0.00014074775351326699
0.00024201508684705775
0.000906548635266059
0.00041616351695076
0.0002060917575075906
0.001092700816194377
0.00014052578530036742
0.00019440245103384486
0.00021289520363762366
0.00016547870302598806
0.00011927813636363943
0.00028599697841947234
0.0001135860668044421
0.00035862768722563375
0.0006067334473536408
0.00046623214182046815
0.0003494782662823585
0.00031923218616532867
0.0002211012710022674
0.0003647146429749352
0.0004426704979345755
5.881400058659744e-05
0.00011565497462816526
0.00029802770584850125
9.034959953374001e-05
0.00041841134177691167
0.0003184029059687758
0.0013043358825595873
0.0002588287412739098
0.0007226479411547782
8.363174970009764e-05
0.0009325229339031218
0.001247829177842385
0.0007460302088923652
0.0004962413321991725
0.0001516467360368028
0.0003533086315499485
0.001072339932164027
0.00038042012077379696
0.00015433547157809547
0.0001454357618806155
8.072368614374513e-05
0.0003551532621321986
0.00021481864405688899
0.0007194391406960115
0.00023650473680673123
0.0014630214967962284
0.0017541079841052467
0.0004035480307804089
0.0004752002586381918
0.0003352869546504604
8.770669191081132e-05
0.00046259599561650547
0.00033416284158598405
0.0004413211174625052
0.00015190090183728162
0.00023220774008217226
0.00040384589692073837
0.00043092997841646567
0.0006070318249761395
0.0001428320381620827
0.0012176504626336352
0.000496555878644989
0.00027851268291846594
0.0002949749583666344
7.102330708446597e-05
0.00046264380887979577
0.0002733444465510796
0.0003703873778409995
0.0009693103853055915
0.0001346646358924894
0.0002831412926930645
0.0005240423712864099
0.00043638917710097573
0.0003421541445051712
0.00029786111881947006
8.779307035873359e-05
0.00010925239687264756
0.0007938624869926241
0.0001277777990521124
0.00029924722494596565
0.0006174629630970409
0.0008189294820349644
0.001406530809722377
0.0007604590845633651
0.00010989940659253579
9.332477678131775e-05
0.0004465168503105328
0.0007198981766209468
0.00014993711376540101
0.0005366550025660215
0.00017365260742235403
0.00018393255940250044
0.0004259606325007927
0.00017708502073917435
0.0005741598769708154
0.0006336425861556606
0.00031579241452852724
0.0003207466643757106
0.0001417721494000267
0.0017328148333246225
0.00031171409268510866
0.0003242528306550904
0.00024555344648064545
0.0009295793083850237
0.0005312271921922716
0.00028470350818743064
0.0006591072730669255
0.001014952639974712
0.00040796128254762937
0.00011585005320434825
0.0011716808306421606
0.00016862891243140567
0.0009534437042042728
3.990983286037233e-05
0.00019329680231892256
0.0007120714244862617
0.0004291001378640507
0.0007222378680183471
0.00012979775430183144
0.00010450831023040114
0.0007874237695315976
0.00029345605160307277
8.127111466033487e-05
0.0003510397612624889
0.0008772861595387874
0.00037761714176814753
0.0003603112507612673
0.0012697060117695931
0.0003041612398400812
0.00012700997058106604
0.0014498397363949722
0.00023696654737949242
0.00020467682344961702
0.00025299732403673313
0.0004667733404048396
0.00034248248738888437
0.00022101109250172347
0.00011482798511262013
0.00022808033709714628
0.0020006029203128743
9.770408296243808e-05
0.000613699621871893
0.00039680470562738286
0.00024971836731230715
0.0004573554754865117
8.70465748854689e-05
0.00011569317401670597
0.001180541099107828
9.163330947436498e-05
0.0003493896897398913
0.0003480255501402647
0.0002537052234907102
0.00022516893460914605
0.00019942357068778395
0.0005615017198404216
0.0002820226991782112
0.00017376491929798013
0.0004293737509955974
8.214841604203238e-05
0.00010621660701750362
0.0005702534114697987
0.0007208319921683069
8.444580455468128e-05
4.691379630106966e-05
0.0007348765413859914
0.0003159884877984148
0.00031689180130625797
0.00014088636748073405
0.00035151063160826257
0.0005163378276265305
7.264352385223126e-05
0.00020153074527934703
0.00021403893489086774
0.0004399467544614073
0.0003745361446191814
0.0003793803583096456
0.00035656575300330396
0.0001758782133979498
9.370398840217625e-05
0.0002730157168247529
0.00035602294455200047
0.00013136566368605898
0.000204781386492528
0.0007426011119099022
7.548058227011925e-05
0.00019604048561046978
0.00021163379753257226
0.0006250419218188717
0.0001574642990829509
6.235441532881265e-05
0.00043107494589367587
9.587368836553671e-05
0.00010779408047484832
6.233192257317799e-05
0.00019729467098672775
8.868594810332719e-05
0.00038571626648188997
0.00031314748971648677
0.00019160560049139196
0.0001440582951061168
0.0007379060163838014
0.00034934664672353676
9.011336263568894e-05
0.00012384246324109754
0.0006489174290257467
0.00014670691635538144
0.0004721299165031042
9.214511309478874e-05
0.000173689275836674
0.00016616511555081983
0.0007531829260700774
5.232407023652209e-05
0.0004514789534687665
0.00030948978713732627
0.0005997050700039903
0.00033585248597084954
0.00018190102490521105
8.894163406566876e-05
0.0005125937500707255
0.0004934575004154228
0.0005299663900084767
0.0001853776530365122
0.0003068409081570523
0.00023456365514486823
0.0003613376511796937
3.2959838250256995e-05
0.0006472949096157081
0.0003193496657003937
0.00036809394202115634
0.00017745010636412923
0.0002810382188714872
0.0005259721586423503
0.0005213864744126167
0.00015610060347060094
0.0002749432390784946
0.00026104564436064254
0.00015133447499456762
0.000555302638023186
0.0005401906848669554
0.00025630870194007455
0.0001547348782476089
0.0005047883396379579
0.0016392264721897568
0.0001264780874977479
0.00011334327222222245
3.566657015792532e-05
0.00032448488363488704
0.0005323422788771136
0.00031361542734978316
0.0004350386391184294
0.0005981773916575912
0.00033624026370337226
0.00027792672164215354
0.00016691367358131703
0.0003338078502426847
8.937739170959378e-05
0.0002668786514520628
0.0001593524198583541
0.00014656755645548342
6.73784820414908e-05
0.0001758321356499834
0.0008218220749062517
0.0002848789149268648
0.0004275070360526871
0.00020410067704343824
0.00020918523150312456
7.731684336604599e-05
0.00044954367758970456
0.00012914562561616426
0.00020739818737071814
4.792489508649235e-05
0.0003512152783557196
0.0006745065498611483
0.0003233981865736595
0.00024346222671010867
0.0007290892422603771
0.00032855685629961577
0.0003668833050628653
8.012888799779512e-05
0.0009263442748020161
0.0002251686397019198
0.0003967472525881012
0.0007087974787013385
0.0004945565657657653
0.0006608973905109603
0.00033708734073516254
0.00035251126516745365
0.0006391875228317453
8.311225529985511e-05
0.00046224980606125455
0.0005176397713911646
0.0003599457616582129
0.00027163853866384193
0.00048273692857748015
0.000173663397643543
0.00030372130778382085
0.00038727004591851107
0.00017868099758640226
0.00016553182914385645
0.0007342760260743581
0.0003843582584622157
0.0001700617327459905
0.0005008636773717668
0.00011158395471555052
0.0005408971582837246
0.00024178670701738883
5.403686422804755e-05
0.00022878787974686587
0.00028801447980240555
0.0009613006883348383
9.476035453146456e-05
0.0005261068389325295
0.00011341563333297601
9.494901264155846e-05
0.0002791552925490093
0.0004375925511310929
9.513276100153328e-05
0.00047305993837304605
6.745029783955128e-05
0.0010387407896742748
0.000863281386114376
0.000379685488085613
9.072254696492487e-05
4.5259830979236466e-05
0.0003421433320422997
0.0006126890438730985
0.0002810410308812702
8.397090305382245e-05
0.000188922947124554
0.0005356138164585414
0.0006206304292260098
6.824586199858167e-05
0.00047969442532916736
7.444722323551617e-05
0.0002114535982791452
9.968644293017322e-05
0.0003820112192391833
0.000748204225824495
0.00020803009009641782
0.00013479453810018915
0.0007656993287089097
0.000664536200337864
6.627160006759733e-05
8.434741654504155e-05
0.0005190257689769845
0.00019268398175943424
0.0002109870050499809
0.00021741641716022393
0.0002012857952929291
0.0007886158700778327
0.00017225864732481962
0.0002198208315312876
0.00033603293242382836
0.0004728683016215703
0.00038162614212999005
9.957445871887652e-05
0.00025420973259802064
0.00031930204779427606
0.00022333723659858986
0.0007932518134381794
0.0001989652818183468
0.0002849964441286581
0.00015863628330897259
0.00032510843162032087
4.8358450661107173e-05
0.0001689794259999071
0.0005286303555873776
0.00013944347606196055
0.0004422745702696471
0.00015975476789021465
7.053836021736403e-05
0.0005551191856382219
0.00038277898703823913
4.8879362729043915e-05
0.0001136997689008558
0.0005336557613786739
0.0003010996771575048
6.655252771010564e-05
0.00014005441052494054
0.0005983982401883502
4.455834233566092e-05
0.0002527311351310373
0.00024206639669728235
0.0001909406548841825
0.0002832751625374336
7.126332591820292e-05
0.00017468345350585626
0.00018470246478945694
9.900071924177938e-05
9.016122492190725e-05
0.0005744494133737508
6.238636426015075e-05
0.00024325141416976987
0.00022726451613970842
0.0004510550608808651
6.527296212321685e-05
0.0002877342902802177
0.00032015745641729405
0.00029192668842972265
0.00016688901492538884
0.00027938252715518957
0.00018792865581398753
0.00010359128846484875
9.219712739963411e-05
0.0004925750337968121
9.787007330889729e-05
0.00011989873789146536
0.0001242194907305856
0.00038705113471391826
9.650838861729464e-05
0.0007162571214641396
0.00010564855653833305
0.00018060142122689707
0.0003095357384576219
0.00025185194089002495
0.00025385579543902356
5.264468036050034e-05
8.128669584299552e-05
0.0003479620160154304
0.00012063003877846463
0.00014709690141150893
0.00020212920075537118
0.0001349246808015351
0.0007807978728072136
0.0005748974218431433
9.409355023762968e-05
0.0003145997297642026
0.0007886099603812193
0.000543585581380668
0.0003756565012224576
5.471404154961853e-05
0.00024508618755449054
0.0001821426110844534
0.0004686070785275949
0.0002910442862989548
0.00018139203237399433
0.00012102156721523403
0.00016151392052415358
0.0001219952939357998
0.00014276703152039905
0.00031439571272129423
4.024591783856907e-05
0.000280837640309554
8.421985856557476e-05
0.0007302083984317194
0.0003053814172571895
5.5726396828011296e-05
0.000310154047832709
0.00041062478242525133
0.00021595163975996563
0.00041923189822023896
0.00021565124683060367
0.00010798867687953384
9.428624416864725e-05
6.562109471477647e-05
0.0003298307749581982
9.96097839418845e-05
6.892355432897829e-05
0.0005146540541852102
0.00015175480198433917
0.00018145263098069965
0.00021256495982708602
0.00038339916891905407
0.00013879299037621354
0.00010311788858751465
0.00016008027254984698
4.100577791524828e-05
0.0001373334838558218
6.450593866624878e-05
8.776866314244115e-05
0.0001875646934900638
9.968617151401662e-05
0.00020845251927989654
4.112446543157311e-05
0.00015933921352053886
0.00013609994273880357
3.873049571640975e-05
0.0005158631078251203
0.0006510624579046
0.00044583297594575125
0.0005315468036862534
9.722611415332595e-05
0.00028369022232828096
0.0003377170042329089
0.0003456074047822906
5.5006348813049735e-05
0.00033667604782719826
7.148875047079571e-05
4.823024775581521e-05
0.00030578465941470055
0.00020307050074501584
0.00038929217847451144
0.00010167430156300793
6.164906900867974e-05
0.00031134864506068334
9.192494205833283e-05
0.00023608881678740997
0.00033535202719360243
0.00019457120606501977
0.00012261628814370172
0.00022115070837133997
0.00010402809364422605
0.00011113983393267688
6.51971682339062e-05
0.00012440413543534281
0.0003657660251320581
0.0003259182723990844
8.417791424287555e-05
0.00025799717799245643
9.499340596115681e-05
0.00011779706575372909
0.00036011791682577374
0.0001685259033158079
6.82056001442541e-05
0.0005648159694532133
0.0011248418100029253
0.000252839592922828
0.0003193255959416734
0.00019678957882734855
0.0005901525895797512
0.00022920323317432472
0.00016547294813207166
0.00017243686766117458
0.00033317916082365796
0.00045322076452543054
0.000548115880991616
7.399950265317425e-05
0.0001983403281868337
4.549729903444622e-05
0.0006727454725027726
0.00019079294278681938
5.8510950413927016e-05
0.0003461070665554575
0.0004249125704515758
0.0005614408400750161
0.0001455109395576541
8.155550656047105e-05
0.00014026544564381445
0.0003983693486094368
0.00015470113276720569
0.00016896003334723714
0.00019079596229363356
0.0003109025266828088
0.0009606238212830878
0.0002150366173776421
0.0001003437231788576
0.0007395905349110307
0.0007239316300829295
0.00010245936661053954
0.00014723035851286394
0.00023630275073144676
0.0001794249854581183
0.00013243046513590812
9.32308661684237e-05
0.00020381065761949344
0.00015142551719025317
0.00038859768296495344
9.035528443043209e-05
0.00012847335061107366
8.137477250464356e-05
0.00021487937535576772
8.988819602316142e-05
0.00017132482576281798
0.00012649604903488835
0.00037273274650012823
0.00016369921245998605
0.0002650978733698165
0.00012135590348214592
0.00026695698351758215
0.00019663271164076167
0.0003640718712025256
0.0001470245815164598
0.00032476144018220835
0.0010237433340446378
0.0002406600483455598
0.00011732430266169256
0.0001897442374144278
0.0002607284208071388
3.876985544880381e-05
0.0001497802978744766
0.00014219304250033996
3.646437621232737e-05
0.0007624651401299565
0.0003081135327379663
0.0002037990983601167
0.00023832133412989644
5.9665722373253126e-05
0.0005742968172779344
0.00010775267648462578
9.77235397145091e-05
8.67629603721802e-05
0.00014996435561923742
0.00044815087464599053
0.0001392584068487999
4.8855235964941636e-05
0.0001303330768196202
0.00021207968513129366
0.00017354360956443884
0.0001579273736461326
0.00016564417762306448
0.00010196116530770125
4.238070551260391e-05
0.00019980246064482598
0.0006148375114861269
0.00023205405462432802
3.199659995862242e-05
0.0005586582135474196
0.00020671936783436972
0.00028862492318752867
3.8519691505450837e-05
0.00025950524155338986
5.43690529820491e-05
7.279661762836235e-05
0.0009690471278849865
0.00022206725458163764
7.29773018342897e-05
0.00015616988788669527
0.00037313148446924143
0.0002339784899931263
0.0003180046483803063
6.957418973911809e-05
9.954875471787532e-05
0.00036545443761176055
0.000455511314738001
5.066975013462494e-05
0.00027897522830168316
6.168652088106149e-05
0.00012881450665707086
0.00020196497344551322
0.00016676076367959055
0.00018957042153285765
7.624445576527499e-05
0.00032772075290609564
5.021509062602449e-05
5.004885605067455e-05
0.00013481906352481022
0.000225283489583646
0.00016700690815662584
0.00019613162341781718
0.0007946098687386027
0.0003754440966985866
0.00039590961488141153
0.0003528814039461631
0.0002147786713690983
8.734362255370734e-05
2.575143559827733e-05
0.0003946651472806625
9.826785678040743e-05
6.301906055000427e-05
0.00015349027037002763
0.0003214132793619788
0.0003877599851313027
8.139378316979949e-05
0.00035630489095451616
0.00016413525854955206
0.00029692413635369353
0.0003679701332379802
0.0003770221786408281
6.484474771858151e-05
0.0002463049334699463
0.0004785223164924852
2.9973885600413704e-05
0.00012789295879685666
0.0002873529830006698
0.00020117350249619994
0.000427745725618092
0.00022048943122406975
0.00032876682024910386
8.274928377160017e-05
0.0005273768976205897
0.0002054200118172769
0.0006617910145747165
0.00015990244210437843
0.0002479976509438259
0.0001057832219215028
0.00021228528067660643
0.0001406502694889436
0.00016442262538204162
0.0004229394489390005
0.00023922786693062424
5.3699534555122405e-05
0.0007468853833422902
0.00015586283875201635
0.0003273222545862167
8.883675540541349e-05
0.0001676319953990308
2.7665245120641883e-05
5.4030597634251667e-05
0.0005660654303395595
0.00029848425160579144
0.00017073009617653547
0.00023986361511783177
0.0005974242749265889
4.8703603839591486e-05
5.803846373153686e-05
0.0003542034221216743
7.045700500950016e-05
6.529791442265737e-05
0.00036929982807766407
0.0002523544817299862
0.00030004733742016875
0.00021218562941179334
0.00015032274269857093
0.001330163737853394
0.00012865181225399486
0.00020163982633037377
4.4861977613083235e-05
0.00026112016947091614
0.0004404598830918395
6.905333931812495e-05
0.00022961489657156254
0.00011807363261580149
9.553045735918872e-05
0.0003010847122260873
0.00016317824536012896
0.00020170418370842348
5.734436990107516e-05
6.69340855784293e-05
3.1801474898924604e-05
0.0001618612335744805
6.390867103300887e-05
5.957591758036386e-05
0.00010440633007143201
0.00018471064925628885
9.664920060687341e-05
0.00020780127092860512
0.0003014637223492438
3.9467381870915735e-05
0.00016427136729938382
0.0002485629279539502
0.00011080667142723323
0.00018638823532817522
0.0005548287046874638
0.0001513870050020219
9.625451702275876e-05
0.00020110852626594136
0.0002058236711924776
4.566736496709584e-05
0.00012826305223201956
0.00018415754143904936
7.346621171635248e-05
0.0002942002103565447
0.0001760018074049741
2.617017585189992e-05
0.00022051947171634157
0.00021942494824948072
0.0001660667417356331
0.0007713211844370392
0.00015468480433921048
0.00048146143577966027
0.000129365081423236
0.00013348199346659931
8.947356339423573e-05
0.0002145709065145733
0.00010659921300935667
0.00021919104937719684
7.264396265297696e-05
0.0002688217120128336
9.059785210128852e-05
0.00024126156289832804
2.4477644423112986e-05
0.00018304571934750862
0.00031499717889660225
3.900235398292787e-05
9.46493781573589e-05
0.000194657248682514
7.818283659628135e-05
0.00031136506392035964
0.00013144136822698568
0.00033086165262403175
0.00033607755940088526
0.0003591030451895561
9.563773508869794e-05
7.851562075943954e-05
4.1015575672233915e-05
0.00033080481349914617
7.904972136318869e-05
7.203158549260134e-05
3.315228575859404e-05
4.559704446714224e-05
9.729084943818422e-05
0.00019168612349838567
0.0002499301773671092
0.0004304666216507189
0.0001331357820707346
7.595392853848157e-05
4.492679690432332e-05
0.00025300782327934
0.00010176863744967871
7.062866546094377e-05
0.0001381662556190151
6.637613427391736e-05
0.00025792885830133445
0.0003054598338972396
5.689115834302817e-05
0.0001395558481044469
0.00023814225870423403
0.0002552787548438408
7.578394788299493e-05
5.036657254310741e-05
0.00010307693175783505
0.00017277868303176253
0.0002849327418319097
0.00016763895154430438
4.7856171736923284e-05
0.00017595135004132878
9.195788279367066e-05
0.0001621771239030597
0.00047301517962740087
0.0005840108875734241
9.585463272623792e-05
3.506981404997491e-05
0.0002198610271697457
0.00020317386863664952
0.0001160894174928458
0.00017605599837274395
0.00027830192561037654
0.0004159759941797813
0.0001794859620642064
9.757949152381444e-05
0.0003957560859960748
5.816809471382912e-05
6.688995625753095e-05
0.00022861051734369544
0.0002572464869977231
0.00023745990533369625
0.000372392773135362
0.00020287445920474866
3.454747914293042e-05
0.0001494408649985619
0.0007164531446076037
0.00019200180979609977
0.00031812994591429525
7.107394568035065e-05
7.474958858958623e-05
8.04123114785544e-05
0.00017157063200956237
0.00034263436616099386
0.00014071563495713052
9.4786259790918e-05
2.9447370408669992e-05
0.00012227528459832373
0.00034183076516047545
0.00045590693454724835
0.00033801877992185804
8.797444035620751e-05
0.0003064883487067045
0.0007742238479788638
0.0002807984861220031
0.00020568660075397644
0.00020583729883854893
2.0933835583319846e-05
2.7823676508569034e-05
0.0004911066676883685
2.638671377545365e-05
0.0004066435203233131
0.0003775895710521792
0.00035124406999580176
0.0003672853465612944
5.667978993341077e-05
0.0004044696911894887
0.0003935267758481527
0.000408664531094796
0.00014184554581483618
0.0001778594567560971
4.688182545775334e-05
0.0001704041784330544
0.00011678621688153494
7.704049066574933e-05
1.678951860299406e-05
0.00038826007834592423
4.654795478667309e-05
9.968434798632654e-05
6.465310419722627e-05
0.00048077949407943803
0.0003361260411368524
0.00020436170491821182
9.543333679168244e-05
0.0003017937861900454
0.0007844559408431476
5.2447377657608285e-05
2.831355038203559e-05
0.000274234313753885
9.126087128200676e-05
0.00015516420323033925
0.0002096424895981748
0.0001445370675873341
0.0005588323476559945
0.0004234189671474185
0.0002462240390840951
0.00010168597207805932
0.00039415923568129435
0.000564359206202615
6.901343309233048e-05
5.6806020882995946e-05
8.42328412687256e-05
0.00010664908444419234
0.00018026588895844975
5.9648569533853146e-05
0.00021906000063341604
0.0004672465932498874
0.00015856941326661568
0.000245882000831905
0.00011394160160342835
7.630118564923143e-05
0.00030256063104350104
0.00047125705137646
0.00015691841315425072
0.00020934771480602814
4.97340452431977e-05
0.00013764427936812748
9.038530880994148e-05
7.819047757929277e-05
0.00013920028407241552
7.440424289391357e-05
4.8868268820963794e-05
7.773783253442465e-05
0.0001035543216046521
7.984369800919354e-05
7.932157074426346e-05
0.0003006476290455784
0.0005531583418771902
3.550254374297607e-05
0.0003667104381475832
0.00015270927640628415
0.0002057160655846357
9.771631605533195e-05
0.00013581006743034342
0.0003992156406176448
0.00023068471163293383
3.7370374291323124e-05
0.00019462413373937001
0.0004183433833718858
7.967077580275242e-05
0.0004686692588454913
0.00018597022403818913
0.00011284233907952555
0.00015010830475568882
8.528129173720075e-05
0.0002405891904998017
9.419590939414063e-05
0.00011580046562845862
0.00014567550544626829
0.00025099503203212126
0.00026616280105645426
0.00017163950293724826
0.00037968672645736937
0.00034808417182708237
0.00013428102868104003
5.055283901807355e-05
0.0001854763783351253
0.0001223645975402928
7.256659993614893e-05
4.436419847717289e-05
0.0002007548690724387
0.00028739794405155145
0.0005005250331419062
0.00026201436964111077
0.0002505476643480312
0.00013333939133429738
0.00016885143300292822
0.0001750803053697179
4.458418527745952e-05
4.18431929359892e-05
0.00012827567776490235
0.000153248532253792
7.815261121715982e-05
0.0001289494352994358
6.679091389610414e-05
4.2223296354815544e-05
0.00043780616517881464
6.487042263442285e-05
0.000639468556612488
0.00016151849617824894
0.00011432948714594837
4.11443983942964e-05
5.3762372294612854e-05
0.0006683480614377938
8.186261475997762e-05
5.267663916477511e-05
0.00022983300688303934
5.514798532350525e-05
0.00014860450020168442
0.00028058802992818836
0.0001265657372034529
0.00017876688473957678
0.0007360377075828123
0.0002566300891923761
0.0002900127095014542
9.810453212015296e-05
0.0002770675536346653
0.00035456868850002493
7.868174542025669e-05
2.319948737330953e-05
0.0003824467656080083
3.043290106997634e-05
0.00026937481119108133
0.00026452411429761345
9.523900161000679e-05
0.00023010313318578212
0.00017215254085301308
0.00028187360434538323
4.8768696348426144e-05
7.115502013884942e-05
6.628297716886708e-05
0.00019830669907922987
0.00033419879191626625
0.00010874189211699242
0.00017572883747291065
0.0004807609339566273
0.00047620498675773616
5.5123737457993164e-05
9.928484121930164e-05
6.21443483257966e-05
0.00010418808222108214
4.261789748434051e-05
0.0002933497993748982
0.0002510230495843344
3.243268592531329e-05
0.00012195467978972957
0.00014311037146160809
0.0004006313735580017
3.571051100655853e-05
0.00011719060908580539
0.00018627429380924833
9.643489707405984e-05
3.4937940488361216e-05
0.00020330268532471962
0.00021762174141181346
0.00016082991058911285
0.00011836202178726159
0.0002170454930218438
9.068187475780934e-05
8.394304675969221e-05
3.0275601083723984e-05
0.0001530281492647113
0.0001995705999992525
0.0002230604422345414
0.000522585116942458
5.831532903315359e-05
4.152861655341311e-05
9.148173419174263e-05
0.00047074369477129445
0.0002567506038911334
0.0001526816367263579
5.7503961602954214e-05
0.00039018612150669614
0.00033115900548327055
0.000194074903206404
0.0004625803422142315
0.00011076562003596761
0.0002787746410981247
0.00026317530286238923
5.0199319811677356e-05
0.0001318358011554251
0.00013665888887053483
0.00028810054178737235
0.0002021106483048545
7.096480554925495e-05
0.00012205097316513121
0.00021526634863157452
0.00044914056522637124
0.00010004388971662304
3.3425392577917825e-05
0.00023040319039472235
0.0004527735630368821
3.626647265720131e-05
0.0003514111513308066
0.00028344443055987887
0.00020951022573005974
0.00024283099443790974
0.00014951710325886852
9.488302328499483e-05
0.0002818145542521597
0.0003165858941820592
0.00013395271146028886
0.00022953041942325056
8.94525372438055e-05
5.9353985221434125e-05
0.0004029315063551211
0.00014931652655173446
0.00010528663584889816
3.3722402473475717e-05
0.00011996110783681782
0.00014469480300417136
0.00022222918032528097
0.0004063418150184952
0.00023805050271484803
0.00019674426574652258
0.00011028202531959105
0.0001139740637873844
5.450279493452221e-05
0.00023667422115829096
9.960348098434143e-05
8.455884556993619e-05
0.0002269247120162976
5.7709729954518135e-05
0.00012716376226558994
0.0001149127026087204
0.00012077825173082714
0.00011861487148884752
0.000164706145177476
6.411613815852258e-05
0.00011139480992060985
0.00011383381055959567
5.435453742839599e-05
0.00019771383230725797
0.00014997312308852036
0.00018526542653175235
0.0002204263349832782
4.241206609279002e-05
0.00014736933852258977
7.258086297793541e-05
0.0002209030651570635
0.0001283958029639422
0.00045968815096082975
0.00012505400523451265
0.00012400240405298623
0.0001320412668713586
9.691768983173033e-05
0.00019439368123689186
0.0002776068404712339
0.0004858724793656347
8.29690225537352e-05
0.00021816463314370423
9.699503175570445e-05
0.0002542154658167064
0.0001316038587108359
0.0003503538864820488
8.698304819046977e-05
0.00016606676215412123
3.6579463945499284e-05
7.31509081638115e-05
0.000337516236113128
0.00010436337078411008
0.0001451117819460169
6.127125424306732e-05
0.0001159579470495352
0.00011947152325168129
5.447840374168097e-05
0.00027752195735137523
0.00020430367277800496
0.00010423619615516985
3.611607892325807e-05
3.172673907694936e-05
5.7281314731262566e-05
0.0003623114079135561
0.0001116153136064899
6.036118958481628e-05
0.00024255604806194697
0.0002989610554309306
0.00010835513059380919
0.0002936319384871932
0.00014509620500756544
0.0002028634903851614
3.4643563365705635e-05
8.23264095594743e-05
0.00014761853937007372
6.690245063419973e-05
8.767884519950633e-05
0.0001465644426941342
0.00012408983899418245
0.0002398093904639235
0.00020410426796962447
0.00022107729145561441
9.88983880008946e-05
0.00012985626630334008
0.00015653865622852468
0.0002473434321213543
0.00020124975213136953
0.00010593318172255798
0.00043101418574748685
0.00018737865882637747
0.00025108602897110246
0.00021496942167292574
0.0002090091752581967
4.507508146286752e-05
0.0002454375905283181
0.0004247980533222489
0.00020106346866192442
0.00034100586496307834
5.116250647915599e-05
0.00028703133674638125
0.0007315628684382192
5.138786855255856e-05
0.00025353476577900393
0.0001524578658643654
6.033253154551011e-05
9.753916917435324e-05
0.00019837336097018517
6.233361490117983e-05
0.0001407925706410721
0.00013270826793518355
0.0001991689964202442
0.0001001654645566349
0.00015628835535778669
0.0002141352989894862
6.007481990326651e-05
0.00011935219843357544
2.7418454202622986e-05
0.00038582834142897814
7.014794031863894e-05
0.00015488938442484733
0.00013886945042144996
6.639544390794281e-05
8.09432082276733e-05
4.8432968848513636e-05
0.00016507024349392933
4.300116835034689e-05
8.442886830057571e-05
0.0007203530732674732
5.550246118074249e-05
5.9477012578125485e-05
0.00019078965180961845
0.0001838303679166319
5.9867724193644114e-05
0.00015870449023572416
6.389170346261406e-05
5.7511007777936266e-05
3.6619381081328626e-05
0.00011543310730802231
0.000128519296872412
0.00011801201484254124
0.00017644801560249475
9.444740938813603e-05
5.5211067926350285e-05
0.00035306137563216296
0.0001563328633208026
9.227024443035826e-05
7.012361532743883e-05
5.155542454458932e-05
0.00026734552454270457
1.994662028706241e-05
0.0001332699651980176
0.00014676266839988152
4.322079125810704e-05
0.00015945950897744584
0.00026727622125647337
0.00020943976363672705
0.00037927893502014316
0.0006248616529230329
7.108675644621441e-05
0.000536081070916929
7.139718276642762e-05
0.00010470822521223723
0.00010237116046736762
0.00017792915837902098
0.0003530216251993867
5.352608159099089e-05
0.00012434266035196692
0.0005700280619170732
3.1491538824666675e-05
0.00015116242533368625
3.372977592253668e-05
0.00031770389666326904
0.00033797231688581394
0.00024219649204853578
0.00023610311438436798
0.00014932245154476443
0.0005011455648755809
0.00019669117126624265
0.00020456758954490593
8.000967430272131e-05
0.0001451744304209932
6.71585092416495e-05
0.00010363928268432865
6.997437222362014e-05
0.00014575466005651064
2.9772877491995392e-05
0.0001723541510377508
4.433442199681137e-05
4.9601674663272814e-05
0.00024551992874533105
0.00026884648326985756
0.00012007262983560724
9.785206478975964e-05
6.442558303130152e-05
7.920575472739206e-05
7.825882697271533e-05
0.0003937162883030235
3.8209976124650896e-05
3.7904350912822686e-05
6.378658902632419e-05
0.0001570074315469929
4.331030719965221e-05
7.265711821271804e-05
1.8674062798862567e-05
9.869769084475202e-05
0.0006875780772750101
0.0001874652778776149
0.0004284645201569462
5.5267315089583085e-05
0.0002872050593032984
0.00035104349557585693
9.504839752094092e-05
7.458119153180831e-05
0.0002778455824461385
5.532609274525489e-05
0.00017305857531610205
0.00017458040775829227
6.11515178782896e-05
0.00014851496443784361
0.0002519523734061276
3.743929882497766e-05
8.433236263454395e-05
0.00023311923208575933
0.00011194641471253696
4.1337343884472385e-05
8.823459328423224e-05
0.00011088576797605045
0.00014785212360974028
9.887560082655274e-05
0.0005358796823917599
6.062433269422376e-05
0.0001253357563187719
0.00013548301411561044
5.7228104121275846e-05
0.00023890608062113747
0.0004756744871040543
3.305778189689031e-05
4.975254774674028e-05
0.00021559229181834671
4.453441504083628e-05
2.4273689544440985e-05
0.00011372150266250703
7.073101554494101e-05
4.911864953479564e-05
8.839623708045875e-05
6.433422251530415e-05
0.00025672130701149767
0.00016682449899305425
5.676153430118178e-05
7.759305835791725e-05
0.00027808110823582114
0.00023517498280710867
4.0855658192795006e-05
0.00015091871793759072
8.746701558286878e-05
0.00015439263670431484
3.8689033584812017e-05
7.707340506006279e-05
0.00025187474795206174
0.00013140769328763785
8.600862240903212e-05
2.7001532084425532e-05
0.00014285900075549678
3.4743212452383264e-05
8.636632631018488e-05
0.0003590012215878987
2.573691267436234e-05
0.0001781082802751089
0.00010142988144624438
0.00021038898361550843
0.00012542785313786217
7.230308596999172e-05
0.00018821522206754763
0.00013369719775900015
7.60310238094972e-05
5.3885487141865214e-05
3.713516668378859e-05
0.0001652442801501526
0.00017421949493577713
3.568709651126216e-05
0.00012964947605024379
0.0005267741559420423
0.00014662825700869004
5.0719842659112925e-05
0.00016533907401187936
9.11272720987081e-05
0.00013676684234447965
0.00015981475540377614
0.0002536927528811568
0.0001128360560302431
2.2032549027039365e-05
7.320993866776234e-05
4.484906112789328e-05
6.0302627370092006e-05
0.00015839436592129873
0.00016404854110988246
0.00018858128286249195
7.266487122387398e-05
5.3698118937709006e-05
0.0001162980633052648
0.00010905376296118735
6.820606440537457e-05
0.00027613903571016617
4.365154255652861e-05
0.00036444499653266033
7.882883210460948e-05
8.436495660251273e-05
0.00012636890390668574
4.368506575354187e-05
0.00028427271714189336
0.00017380830133960302
0.00011803376663813392
9.049992918055483e-05
0.0002816953338755447
0.0001318917459783801
0.00029548974824362403
0.0003423930435433002
0.00010550301614766174
5.264577189885215e-05
9.254627129939706e-05
0.0005867529357400049
0.00011012688818639159
4.115136800569592e-05
0.00013721234877967712
0.00012319358140611966
0.00013447331455161454
4.064498698903519e-05
2.107376244671212e-05
7.329286860213525e-05
0.00019781438993691656
3.857265645803621e-05
0.0001375516302154175
0.00011702501733894747
4.9582566376914905e-05
5.5800825803996367e-05
0.00015689716759539543
8.93954590962169e-05
0.00010407946085382433
9.982462682820623e-05
3.1443881523863485e-05
4.5290595484608396e-05
0.00011349322235118096
0.0007675178968650759
0.000625341508667272
0.0004246938105520586
9.452435731200775e-05
3.775933761544912e-05
7.671078953300752e-05
5.094830165324146e-05
2.506083193240422e-05
9.127825519862096e-05
0.0002702137547036062
5.992623064109967e-05
0.00039062496947767555
4.6942752908386053e-05
9.254832929457605e-05
8.986431778290342e-05
5.091946981368234e-05
0.00011707391193370603
7.515871206923526e-05
4.9713883386805454e-05
5.273361346164564e-05
7.808428671254705e-05
0.00018458315643997268
0.0005509945620951939
9.646585727831368e-05
0.00023865365923540516
0.000504454420224182
7.445220679169226e-05
4.81539960312671e-05
8.448318857425954e-05
0.00021870198359446807
9.231235527600658e-05
0.00011188846704525543
2.8107734826286012e-05
0.00034160047944298684
0.0001301878147599227
8.10451757437294e-05
0.00028977595031090585
0.00012702724882217715
0.0003741646111829223
0.00037576411251722704
7.823101667110784e-05
4.5425083969106766e-05
0.00012528605663551047
6.845462140988545e-05
2.8763423084439575e-05
0.0001861360052332697
6.477538010854634e-05
8.755177582598833e-05
0.0002407944173573865
3.7079851268705485e-05
0.00023831207598050665
0.00017919875953211335
7.472224323781037e-05
0.00020309753322163008
0.00027559147335274616
0.00010131249881070389
0.000193594936105899
0.0002454810629516118
0.00022802797859983442
8.725805223200286e-05
8.285124069501849e-05
3.062733369595628e-05
0.000154564453201186
0.00012329729141053993
0.00010176490811594928
0.00015766850358445527
0.0001512707411539914
0.0003280941659357004
6.687327613132457e-05
0.00014033303886810386
5.9719531927245945e-05
3.6057827353720504e-05
6.064680198986093e-05
0.00013839561793748163
0.00018441117436859334
5.6886360177221785e-05
0.0001959435197715679
0.00015253290864202795
0.0002413696606375828
0.0002607927493973077
9.404426729636914e-05
8.744474111483381e-05
5.76476703500388e-05
6.775622132563766e-05
4.531217264588183e-05
0.00011615554213190443
0.0004031485269916119
0.00015548143399620913
0.00012210159810803744
0.00018537662654707847
9.097307963562967e-05
0.00016227357109729396
0.00010828033891734688
5.95129354044369e-05
0.00012419610855993895
0.00013909105893358716
0.0003244980168499721
0.00021519350355467216
0.00024350266202455094
0.0001229200182436149
0.00018198900619413193
0.0005532590701523703
9.363861710151155e-05
4.0993200050140975e-05
8.725434806230923e-05
0.000316950994241412
0.00018658206755395475
3.156316007957337e-05
0.00014857166586476766
0.00012460734033685654
3.325470046404533e-05
9.691290903080391e-05
5.0033660709939444e-05
9.011585717322304e-05
8.226725051479096e-05
0.00013860154933705048
0.00010669624960723416
8.526465034858396e-05
0.00013964512102608104
3.705567521656593e-05
0.00018013021206502908
0.00014471602929871092
0.000118972898766578
9.940262240878286e-05
0.00021436782851524087
8.846674273889855e-05
0.00028201168861660393
2.2234949338025415e-05
2.332363421595319e-05
0.00011405507677569458
4.848809065731456e-05
9.31308598493285e-05
5.72702968866005e-05
0.0004696287784105296
5.664055756381947e-05
0.00011334614268801559
0.00013473260561147585
0.0002055742470219079
6.102153068560396e-05
5.0396817744659656e-05
8.202047756244578e-05
0.00014407198010174007
0.00012338505862568143
3.6459802449883774e-05
3.2384324035825394e-05
5.9883373277024005e-05
3.386943195053012e-05
3.992965827389196e-05
0.0001634178044018354
8.012606664560444e-05
0.00016843615316942026
9.812537172112571e-05
7.994779198067161e-05
9.881320495704434e-05
0.00013183814860100515
9.568089256198985e-05
4.4123126658270234e-05
0.00012425938351169483
9.267158695438995e-05
0.0001235676401175548
7.741164750905827e-05
7.145105913787841e-05
8.133200914982037e-05
3.9845670507022946e-05
0.0001243342933665011
3.2503807407332464e-05
7.499886773982738e-05
0.00012368966688518495
5.870220494464362e-05
0.0001038412633099872
5.631765317761842e-05
7.188291234488417e-05
0.00014746370987980332
8.262512053960627e-05
0.0001753985329272108
9.846162521512206e-05
5.6346142994610794e-05
7.447031955995091e-05
5.620715819480226e-05
0.0003066790475508023
5.520038516191618e-05
0.00011573868204818545
0.00020195653118761068
4.4205199843378785e-05
7.09153919527832e-05
0.0002928179964221004
9.835517375419147e-05
9.254105324273185e-05
0.00017759384598572037
0.0002652159408078862
0.0001249905608231489
0.0001542524798150189
0.00029880491923185427
0.0004066657086871515
0.00024493318453716243
3.681603838316319e-05
2.8896936150987864e-05
8.789330956737193e-05
4.78069658692504e-05
8.208439935090442e-05
5.4397947945099926e-05
0.00010857161202389048
6.642547766402815e-05
6.930927921276693e-05
0.0008249620769959331
0.00018270570117783568
7.776632947217644e-05
7.742869421351333e-05
0.00015140564423901467
6.313015620219685e-05
7.517304409305547e-05
0.00028460290709823383
8.416367226029448e-05
0.0002795338693433435
6.171403178754493e-05
0.00017276898219225142
6.701793612291284e-05
3.8719172225483156e-05
4.881655585841437e-05
3.2673248597573025e-05
0.00011530761531410945
0.0004807861351160732
0.00015852537947388674
5.827374065308591e-05
0.0001635804421995943
0.00013938294383322857
4.344413362434683e-05
6.817659684412476e-05
9.794215429527154e-05
5.341340570498458e-05
0.00010508458690773053
1.5540557002700108e-05
4.82327736658657e-05
0.00014280918318096877
0.0002638880506200792
4.279983766700395e-05
8.386686251621418e-05
0.0001122547818541277
2.3610152256649037e-05
0.00013984748970704674
2.526308927110107e-05
2.0611847268100507e-05
0.00019716994459478387
0.0001240132242839125
8.65609851351089e-05
0.00019926197936671942
8.559236080871872e-05
2.5681635203942343e-05
0.0003630442815158835
7.469216682037487e-05
0.0003603831907951539
6.433239350966694e-05
0.00011167900013829511
5.750454948009284e-05
0.00013022899374155248
0.00010372048683893854
4.1510447075081844e-05
5.907376517128766e-05
0.00015105268590011277
4.5927240779003915e-05
0.00012776037869354704
3.0276846326180476e-05
6.20965545146556e-05
0.00026084116502017276
4.2915283253321445e-05
4.767007823622745e-05
0.00010742263806549652
0.00013465095597112723
0.00012007943934111457
0.00028856345695502144
0.00022501028589391037
3.9406627111983526e-05
0.00011040007699835099
0.00011202958938305645
0.0001609922442971285
0.0003332542851361326
0.00013613812143731583
0.00021365237491543482
2.398237913559053e-05
3.8977456513938823e-05
0.00013836964889352873
6.075523800940874e-05
0.00013590997879470978
4.8912631185484984e-05
2.7876567551066093e-05
9.854157052531435e-05
5.626792386758469e-05
6.0231818086237696e-05
4.399713801600268e-05
8.17538421597404e-05
0.00010535135336703561
3.945795245765498e-05
3.493717278658343e-05
6.488152428264923e-05
0.00010266859251246055
0.0007062022124301295
3.8294840293925367e-05
8.329777219443799e-05
2.0477865637347343e-05
4.858295550963896e-05
7.085239991178361e-05
3.0228707529416886e-05
5.9194304481948914e-05
0.00013776171420863258
0.0002066135847134604
0.0003585163400064055
0.0003915344573964291
0.00018826481490478894
0.00014908559257467236
0.00020108901916137824
5.272658830823335e-05
4.81352456555925e-05
4.20668849312717e-05
9.196227068859586e-05
2.4240550341498188e-05
5.0176192311810284e-05
0.0001661055589556983
4.606802652105104e-05
6.450078941273247e-05
0.00020646246205363665
4.967135604093557e-05
0.00020017327991730434
0.00011977522815424324
2.1071360536098547e-05
0.00043260968019082985
7.384973508777322e-05
0.00017845901638701954
7.658930872217324e-05
3.7442086654323445e-05
1.4608951968512748e-05
0.00023430606903623342
0.00010566626899618103
0.00028856558719562
5.58464817223638e-05
7.845441431513354e-05
4.94202755633975e-05
8.249696050695475e-05
0.00017779372905922408
0.00016800948069274973
0.0001282722013551504
6.251818280927843e-05
1.540539866401644e-05
4.12288244178626e-05
7.73870143440626e-05
9.825561285613434e-05
9.594154728483486e-05
4.143519779047219e-05
9.885509633159247e-05
0.00011786601732914594
0.00011259747854725615
5.3493203289670495e-05
0.000156587673829527
3.7803715806256245e-05
0.0001620788622313962
5.531178463635516e-05
4.1032273733848844e-05
0.00036452790406906946
9.680782812901364e-05
0.0001028276331111508
0.00022813386159251244
0.00027349114713179395
7.974514642562838e-05
9.515217341071726e-05
4.535877524573035e-05
4.040411870767533e-05
5.799900299274259e-05
3.507107001708065e-05
3.528302860414588e-05
0.00016838832669939218
2.608856298611152e-05
0.00014367307951783088
3.937636529112614e-05
0.00012202369671216274
4.1136947757484554e-05
5.779886077104973e-05
0.00013710863260976063
5.882091676798698e-05
6.657995626884444e-05
0.00021314459242812207
3.842833213651361e-05
0.00014358569943601085
7.029271397017516e-05
2.7085492010058857e-05
7.539861268230948e-05
0.00012918849294493148
9.308517015198855e-05
3.500045437383946e-05
8.463349837223134e-05
0.00010213299693244249
0.00012361222345707692
9.937675584801538e-05
5.528299700644772e-05
0.0001278426914294144
2.3741209616750856e-05
5.851380849674685e-05
0.00013558522249479865
6.945669286690872e-05
0.0002584461256833219
0.0001262617554965469
3.8096749305597085e-05
6.214629798451885e-05
4.515602068785602e-05
5.8299809602219045e-05
0.0001346375844040318
0.0005316904648758251
0.00023501468363447623
8.79057660575077e-05
3.429757116677564e-05
2.4206836064406558e-05
0.00015415025856948977
7.89903561294286e-05
6.371102827258234e-05
0.0001618110141911732
2.9707539782028904e-05
5.811539367891579e-05
0.00010257197330956008
0.00012786764048402933
3.85921182996296e-05
6.832849342061472e-05
0.00012075658508388784
3.67665179125384e-05
9.823519022428227e-05
9.808474152564104e-05
0.0001230067908660118
4.6318699251764495e-05
5.877811217467011e-05
0.00013811865200022655
3.0744773721384294e-05
0.00017048028343675267
8.941909510435783e-05
5.509940600077747e-05
6.78285434414798e-05
8.202905311085442e-05
0.000143348122341561
3.8769313652473454e-05
6.437775376653782e-05
0.00017479654241256
6.129199750026967e-05
2.8756062192453827e-05
0.00014753275483653136
4.9940400537309584e-05
0.00011666421293702437
0.00022017041179669066
3.9716831502626e-05
0.0003722618375647797
0.0001327490801707759
3.614687768522707e-05
8.457154132964872e-05
0.0003249486961079672
5.185077047932964e-05
0.00013079412819934198
2.9716145684051948e-05
0.00019782026181728717
3.584545874953822e-05
0.00018167532828948916
0.00027434692765186127
6.458246159219035e-05
7.12215410216571e-05
0.00019050833743915516
3.919694077027349e-05
5.294400942923125e-05
0.00017219175874266853
0.0005743947310501137
0.00018286801755450468
0.0001033063682007278
5.195471461205145e-05
0.0001337256709776276
4.346837292539821e-05
7.992572919836157e-05
0.00020585248412710282
7.235563048050051e-05
0.00023062524290976753
8.177951228577029e-05
7.987806265035181e-05
0.00018258655573885258
0.00031292020733564557
5.6349872633183987e-05
0.00010166938796356106
0.00023332372995282352
0.0008973378405891482
6.370061145146433e-05
0.00015649369897976283
0.00016918075211127566
5.561110140000322e-05
0.0002084062184045648
0.00013984546747045277
0.000127152909215582
0.00020549108941111876
6.490940248556685e-05
5.3880420669102396e-05
0.0001978317993499613
2.0531703782799495e-05
9.578960975319211e-05
6.769031382116744e-05
0.00038286812174634144
0.00011894343732649898
5.55100311927561e-05
2.462234693888993e-05
4.127913282409149e-05
6.603204191013687e-05
9.667055674072148e-05
0.00011471068109585335
0.0001729103479350049
0.0002337108050792014
0.0001761226037260244
0.00011355321278495308
5.3504152846565436e-05
5.949142974053293e-05
6.26185411538467e-05
4.9543905460650654e-05
6.272531171803369e-05
3.181392142993492e-05
2.72903427180246e-05
2.706395331217255e-05
0.00012592049755517074
5.7271025351903385e-05
4.98893367536084e-05
5.622891646363687e-05
6.476582618350637e-05
0.00010739210927281096
2.7424075953359898e-05
9.783796669650986e-05
0.00014763204344150929
0.00019870003505400604
8.894020830890264e-05
9.315583751157825e-05
0.00014831435843866634
5.697034779306647e-05
0.00019875836371243514
0.0005383950459373438
0.00014462162835178176
0.00017387020560515997
4.6573404973361116e-05
0.0002850592616119468
3.811190151335419e-05
3.329859040946356e-05
7.86751338020474e-05
8.616634136005969e-05
0.00020264846542690268
8.176357921492886e-05
0.0001854288772011177
7.007436810958064e-05
4.593207489180498e-05
0.00019003087449200826
0.00038495772116661406
0.0001213804193772594
6.840591933114674e-05
2.5031655291636506e-05
6.346105836104722e-05
0.00015316524453960355
3.71366217233372e-05
4.6040226996807134e-05
2.894167435381139e-05
3.858529185181833e-05
4.639217790968338e-05
0.00020675958126812073
6.727983944445948e-05
0.00013994713882824932
0.00012925141546273126
4.38794687407951e-05
2.5042387445270598e-05
5.618823123219128e-05
0.00010945112032548981
6.86970968281194e-05
8.606178226595044e-05
0.00016557244789426235
0.00015466333473045953
4.315059424918135e-05
0.0003247800475366818
7.323858954812797e-05
1.388629266175882e-05
0.00016060518960771375
0.00016414056765902258
5.2067438798661606e-05
0.00011047754703407569
3.82958216220626e-05
3.701346579501822e-05
5.012224785633921e-05
0.00013095392800067623
0.00018082938121894698
0.0001790607397215995
0.00022550173174639202
0.00020986991844464662
0.0004853569472065261
0.00010869686991341718
9.930525242263677e-05
2.8588191303530764e-05
9.302862151099103e-05
6.183333895066363e-05
8.95544199572223e-05
0.0002040157702710869
5.4400889503244804e-05
3.9321581137066425e-05
2.7238454604152627e-05
0.0001432017909434757
1.4099885581335904e-05
0.0002256156812734328
0.0001273413072227432
4.5610989880270084e-05
0.00010761947565516256
8.041546307694492e-05
0.0002226815665640188
3.21661553127476e-05
8.772629263755517e-05
4.458730490596879e-05
0.00013753480754319136
0.00010401560634464597
0.00014683693720331353
3.003095248011722e-05
0.00013019273884847077
9.324297212091016e-05
0.00011503920468186128
5.418298817493946e-05
8.686567897627495e-05
4.3025165727668644e-05
0.0003871967732706203
0.0003163005451277444
6.121721046915616e-05
4.3456074386112665e-05
6.955031241860051e-05
0.00025821334456462285
6.135470341041959e-05
0.00012518069323782196
2.9743231222063685e-05
0.0002419496546653554
4.2460650628149206e-05
3.908802119964232e-05
3.574268897482425e-05
7.703285235866922e-05
0.00019804857227430472
9.18183734353564e-05
0.000245624543021269
5.232174745790215e-05
7.143945165023455e-05
3.309998423105946e-05
0.00027066670658115483
8.593076138407983e-05
3.539169795482477e-05
0.00015618712744223603
6.663509343216301e-05
7.359720346454055e-05
0.00028216080480458755
0.0002269406109580694
7.15103344071391e-05
8.105166991087754e-05
0.0003486879052429817
6.957572215836412e-05
6.796552721160168e-05
0.00020454371707797324
5.32878830999485e-05
5.52653786069262e-05
4.260030523253986e-05
0.00010076673593922988
5.1431267168496164e-05
6.981946161897577e-05
3.639812177710588e-05
0.00011143556477530907
0.00010891674977426908
7.264351851089517e-05
5.811756149017858e-05
0.0001590080034107064
2.15400291922169e-05
0.00023574180411725624
0.00033075444113907123
5.78539692222991e-05
0.00015129871474049516
5.699465920456045e-05
0.00011865434949238487
9.40262494563813e-05
0.00014577592971918568
5.4956725610018875e-05
9.857956061979128e-05
0.00022117155350693756
7.17303139762012e-05
0.00017192933014976595
5.342500099171232e-05
3.587448042825854e-05
6.374869847499037e-05
9.929982627432686e-05
6.30694927912669e-05
0.00024038564697964686
7.628961766438363e-05
9.028001547461432e-05
0.00023841295365794758
9.43741226360316e-05
0.00023636199464123137
7.622562361043999e-05
4.5417237157206195e-05
0.00031623671930999336
8.772634217101755e-05
0.00011693786818285918
0.0001323607597565838
0.00011987818840047329
4.5493408339792216e-05
5.211245079345369e-05
5.7458821892342566e-05
2.9065088762016424e-05
0.0001243988360356433
5.958558073576059e-05
8.867475208291809e-05
0.00017964627307352153
0.00019932332613560748
7.018197555162033e-05
0.0004269815596972951
0.00019712266469068776
8.152773906753927e-05
3.4836332756185016e-05
6.331624833710748e-05
6.180768209504454e-05
5.3373677888452707e-05
0.00021709585038863684
0.00013234110735140328
7.604237975477372e-05
0.00011834038699850554
7.680198217440024e-05
0.00011295099607316073
7.130103473754745e-05
0.00010402509963274388
0.00013180657937053502
0.00024572102707378117
7.375073813029307e-05
3.4141396412785705e-05
8.629702569101512e-05
8.083929452690839e-05
3.592541232053889e-05
0.00025405549547623626
7.086596432225603e-05
0.00027865236191593077
8.482611817892401e-05
0.0001978430645930926
7.594564008671199e-05
0.00021544179585820795
2.5051130143759045e-05
9.93436732094883e-05
1.7185058144915066e-05
0.00014771760338610698
0.0001018286948809089
0.0003516850152721896
6.773708082949283e-05
5.904873838426522e-05
0.00019196244212223244
9.19551526890329e-05
4.209201457529722e-05
5.271537612306138e-05
8.805141392396455e-05
2.549071701199261e-05
0.00012106246793245109
2.351381415369809e-05
6.011992777917084e-05
0.00010059551271262443
0.00014591264005193644
2.7012736827217674e-05
3.690625009128656e-05
5.589106344360399e-05
5.7798606256479485e-05
5.570819477431299e-05
9.629726286155542e-05
8.835811469593839e-05
5.882379264882234e-05
0.00023104272470783908
3.2418004704634706e-05
6.25114741527912e-05
6.678779569217055e-05
0.0002305046711560451
3.883359100444601e-05
0.00010633681346443909
3.8137163464368964e-05
7.230931924588496e-05
2.122601011080221e-05
3.422442187731892e-05
0.00024775780616497514
3.2375152748959966e-05
5.528888013456198e-05
0.0002812340226733903
0.00011996546537702548
0.00011499634055991388
2.667462162190326e-05
0.0003204663403947614
0.0002513296656347231
0.00019348057072285317
6.842577916093878e-05
7.887650719335407e-05
3.1408074852506356e-05
0.00022130359763683163
0.00013180526502145983
2.8601245794239863e-05
5.5007737338121315e-05
0.000419397698701527
0.00011082876097504008
0.00012356934507822464
3.942471568898609e-05
4.685526394241089e-05
9.29853951668893e-05
8.021167790378474e-05
3.066465523022428e-05
9.636617141132673e-05
0.0002505134379203779
2.7420865218864448e-05
0.0002911035107530462
0.00018063700907372223
0.00013050648629562555
4.7788064719539214e-05
2.4198398691804446e-05
9.299164573366801e-05
5.222661583117164e-05
4.918430870009564e-05
0.0003351335782531244
0.00011658923808083499
0.00010238290615773275
6.326307631719019e-05
6.0643665282524805e-05
4.52387977880017e-05
0.00010598276775122417
0.00010452814671033451
4.1488927532629404e-05
2.9765840203233496e-05
6.187769446853424e-05
0.0001487043921409656
7.974224050553873e-05
5.713249065661296e-05
3.347886974898228e-05
0.0001302174972200486
7.755619509106695e-05
8.131329856941627e-05
3.373048721959581e-05
5.7842915647514475e-05
2.0692763217640997e-05
6.450095272530053e-05
3.131207315612314e-05
3.6671208889165224e-05
3.5690584762260334e-05
5.6171466907747594e-05
3.261250840932504e-05
0.0001649385162366272
5.57720478939342e-05
4.503087943795075e-05
8.309079325474411e-05
3.6733568513345784e-05
9.565424254735812e-05
0.0001283272049590626
6.176665669125556e-05
0.00019008098347420314
0.00012433023636317314
2.606629382934134e-05
3.9996586932715626e-05
9.272864885459981e-05
1.9120420016394118e-05
0.00011850230952007966
4.986336004715993e-05
0.00013315155329240048
0.00037302289280577
3.6036078512233124e-05
2.211754740696154e-05
6.454939112897693e-05
3.901087604808242e-05
0.00018563953735199222
9.820132538098953e-05
4.740304387473521e-05
8.957615128983833e-05
6.455096308502157e-05
4.394552785708357e-05
6.187165478094113e-05
6.011928467722779e-05
9.158656596130182e-05
7.47932741563876e-05
2.8640572968320938e-05
0.00013332754859094397
4.852058028743701e-05
6.695112071702754e-05
6.894736409073157e-05
7.871530068290836e-05
7.131094651161258e-05
0.0004699230046340135
0.00012342049140883762
1.878244594533053e-05
5.7042635844851753e-05
1.472959855273602e-05
9.986716386855403e-05
0.00028218835167498845
9.61693646971429e-05
7.100878832442745e-05
4.863602419376863e-05
2.8002432923449037e-05
3.383005215880042e-05
6.469402396003635e-05
0.0003084190168506319
5.650715458019352e-05
0.00014664004497279672
0.0005589807666294327
0.00011007908657012001
2.53868241593074e-05
6.0384396455031954e-05
0.00011004972772123965
6.411015325691322e-05
4.1704174616616243e-05
6.545090035269391e-05
0.000188686657431053
8.899046094679807e-05
0.00011924468759186822
3.651276540738674e-05
0.00010378664690856872
5.1070193224039413e-05
0.00018804984918736306
2.8031201394806593e-05
0.0001007955761984215
3.412367380502698e-05
0.00010286489231360866
0.00019157058100566213
2.9755699969045605e-05
3.669701605944771e-05
0.00013256209230196205
1.7908103952503274e-05
0.0001174806235424106
2.3463129375288777e-05
7.78722414747776e-05
4.572606887489741e-05
3.736997805890797e-05
5.721738805509823e-05
5.769755971011097e-05
7.26104351098769e-05
2.57555054430084e-05
4.42110786064782e-05
5.196498649319418e-05
4.743760139132284e-05
0.00010029055004808482
0.00011533299629623608
0.00010068192562880138
9.182292634001872e-05
9.238287706862866e-05
5.644185060218595e-05
7.696901480662514e-05
8.72680941392507e-05
4.358509990382527e-05
6.187810274245744e-05
0.0001293580610194515
5.9903781751327164e-05
0.0002087006564080473
5.295499323588666e-05
4.0786064451866416e-05
4.4910548026609114e-05
7.054040793003693e-05
3.523232381180835e-05
0.00010868888270214547
0.00019729639588036158
3.207655851625947e-05
9.133771572641871e-05
7.586159414874166e-05
2.8561228431746385e-05
2.8518242143636448e-05
2.0473062092496782e-05
3.8154334500157696e-05
4.4128633450330846e-05
0.00011247407003087632
5.485089171947997e-05
2.2477973959379088e-05
1.8119005778938408e-05
0.0002703124445248317
8.460497383857418e-05
4.466398582572051e-05
8.428966432247662e-05
6.488950674190238e-05
7.162608539077448e-05
0.00021892347670510615
7.340618792456287e-05
6.31841237318861e-05
8.580190803960622e-05
8.18865021175256e-05
0.00010754914517036332
2.168972156414893e-05
3.6673588299530394e-05
6.23500620232516e-05
3.772125282245208e-05
4.666167506901544e-05
5.928116010844705e-05
0.00010146881435200174
9.080078655342296e-05
2.900553648768472e-05
0.00018892091638661617
7.253116022350222e-05
0.00017076097645270618
0.0002837632100601036
0.00012148549397892106
3.960386571460697e-05
4.007306279094036e-05
6.851718810834706e-05
0.00015927445568774518
0.00020181261320194788
8.710642893249333e-05
7.620720730558563e-05
0.00023429016885567698
0.00012284221710706208
4.651976358400799e-05
4.662309830918156e-05
0.00021583553778694556
1.677794960179704e-05
6.747384846358006e-05
9.309465000405203e-05
0.00020034857400417827
0.00015257162527717818
9.297583195620511e-05
0.0001433730726314458
3.575468981757753e-05
0.00022737394711973725
6.14387427950176e-05
4.998690672844626e-05
4.75093180272693e-05
0.00011819736137835298
3.4326535642277924e-05
3.626199393274511e-05
3.757721048961817e-05
6.335733866399174e-05
7.295819222414895e-05
3.0749058553520403e-05
3.3418627324567195e-05
2.8661146572395912e-05
2.7835588868450116e-05
2.5620543751876813e-05
7.498384307380257e-05
2.9407263055429834e-05
6.68563015504539e-05
3.2130841226714595e-05
0.00017961671414059473
0.000169349272902164
6.168287006351796e-05
6.044927645956207e-05
5.083991114829005e-05
9.058346366738183e-05
8.149628765806402e-05
5.160483700776449e-05
9.394799566808299e-05
7.847591255821706e-05
0.00014761488956477982
0.00020394750237059028
5.011781280431876e-05
3.4559640517011946e-05
9.565609233966598e-05
9.292243652071183e-05
4.636347725361074e-05
3.435353271311315e-05
4.213092472399184e-05
4.005401907385957e-05
5.894595963225008e-05
0.0001434676251176762
0.00015133793277718162
4.8089560924114306e-05
6.0235973486421e-05
3.769366595229364e-05
6.345235217506232e-05
0.00023408658249913334
0.0001498718694338493
4.737934647539498e-05
6.813220215491312e-05
0.00010894611523315529
4.5592887779250646e-05
3.448143833079742e-05
9.386060897908168e-05
7.692630250677702e-05
6.161116262221739e-05
2.231187803218771e-05
2.243983084129848e-05
0.00046397366526825044
0.00025331845365203466
3.534219471794364e-05
0.00012023723327065626
8.409951625513013e-05
0.00021756831596043483
3.7053203291333446e-05
6.453982541986904e-05
2.6450743089472834e-05
0.00024147151501527852
0.00013047153557213813
4.415584792924774e-05
4.6951838245525155e-05
3.6634045699971776e-05
0.00011685182145347268
1.930031323413699e-05
0.00025308820442787133
2.7252319412404637e-05
2.174879074346086e-05
5.416545923843802e-05
0.00010908172755787095
5.012211052716894e-05
6.301019296057365e-05
6.734063189638803e-05
2.8786284212595456e-05
4.133307753400218e-05
0.00015110673566337405
1.9849152103529193e-05
4.471113744932904e-05
4.978962510339707e-05
0.00018533301280293995
0.00011719012517280223
2.4561130521794098e-05
4.6443498477615836e-05
3.646259422566788e-05
2.4406604727836284e-05
8.126274000845704e-05
8.143196381195253e-05
0.00012154879823465953
6.45265532587747e-05
5.162503104439461e-05
3.2037035449963174e-05
0.0001004146198819861
7.09092856037067e-05
8.28480749274114e-05
8.489831885011677e-05
4.7922203127055276e-05
4.280898696897259e-05
3.916939549533477e-05
2.2176136079199215e-05
6.663134685417421e-05
0.0003234927915370705
0.00011669966603720952
4.121636543532096e-05
0.00010652038025624891
4.314991842809667e-05
4.5219124053368904e-05
4.613816305401086e-05
4.099020784449569e-05
1.4439446934712692e-05
3.0260333426784143e-05
4.2752082010355924e-05
5.263432926445479e-05
3.699612917949702e-05
0.00015657369499502946
5.566382341073094e-05
8.348131346885066e-05
0.00015432019084140434
5.771533268979392e-05
4.4502844175515144e-05
3.874893486539434e-05
3.575936617258433e-05
3.904231832059727e-05
0.00011193548554051954
5.397209380514685e-05
0.00013351158023720865
3.511771402616517e-05
0.0001149119758233707
3.0263364194624e-05
8.692888072190112e-05
2.9978655644655118e-05
0.00011089497592155507
6.0266339569161874e-05
3.8417070323829295e-05
3.7833797553380674e-05
4.9419095409317656e-05
4.792329352760512e-05
0.00010107950329667781
2.0519889195526886e-05
6.82678583038304e-05
5.010810908573146e-05
0.0003994033104978528
4.763349347758249e-05
9.760164525034568e-05
8.621099982791283e-05
3.678906947600171e-05
5.671232765233639e-05
9.145042999256543e-05
9.484415900980943e-05
9.912219554352808e-05
3.0512553238770447e-05
4.745255195224933e-05
1.81048451679403e-05
8.392016773470622e-05
2.8163243084437285e-05
0.00011934166296133945
0.00011642278356378049
5.184184542542969e-05
9.963101089135846e-05
3.4895903897476165e-05
3.013450104743542e-05
2.7953600716632407e-05
7.22974174770103e-05
3.131910352198694e-05
5.736708746315055e-05
3.124864002008195e-05
0.00013155661879575467
0.00013225730953565887
6.261367194693614e-05
9.805414112356881e-05
2.5106338940454438e-05
2.3457950094623146e-05
2.3865735290196235e-05
4.1480977134430494e-05
8.764587666090616e-05
0.00014340391106683545
0.00017278663597794904
2.7151989426885568e-05
2.055597465348222e-05
3.5688184044614944e-05
9.82439236324497e-05
0.00012728335508263163
0.00023868286061004752
2.879587078777695e-05
0.0002606325608687191
6.306706395627835e-05
0.00012489674090830538
8.677002848506965e-05
0.00018835116062357137
0.00013306054828988575
4.3526463019727624e-05
5.618539672191831e-05
3.059900549921246e-05
3.367268513480839e-05
0.00019728252411606493
4.7742086478432194e-05
3.508414784582182e-05
3.691177225898264e-05
0.0001111048443037195
0.00015579378021082934
0.00011037299831364796
7.685495986247247e-05
0.0003318512906611482
9.81805795509305e-05
2.159860534156746e-05
5.212852560357959e-05
0.00012027488295198938
2.256707114625373e-05
0.00018152455153439513
0.00013334715266745972
2.6965614165562388e-05
2.5727616460972926e-05
2.5735925439327533e-05
0.0001548355069268259
5.145604816194559e-05
5.155060682199059e-05
4.3339780141912794e-05
4.4307600863785615e-05
0.00016546955989226112
8.344929522349372e-06
0.00013327562600417707
6.922329133825173e-05
6.205470512288708e-05
0.00011953983208812301
4.9738814874090626e-05
2.8393157897524226e-05
7.429176502122357e-05
3.0105279980366156e-05
3.858156550242477e-05
7.287735189267953e-05
5.645483828112549e-05
3.880570290785077e-05
0.00011320758503414342
4.355742592551097e-05
0.00019310700469462634
3.7512057488725974e-05
3.066925473976985e-05
5.382150127600464e-05
9.734011590691745e-05
9.229193812475208e-05
6.013880848902703e-05
0.00013198324359466423
4.0243333035133346e-05
5.1134756811452986e-05
0.00013336082375865163
9.878088938417698e-05
3.614219797830415e-05
8.737761099448978e-05
6.25965969652821e-05
0.00021631222541335524
0.00012042515714200766
4.510364972158675e-05
0.0001138899447374843
6.008951962726112e-05
7.379169345360572e-05
0.00010721439454060946
3.6362761860343017e-05
4.1203468926346184e-05
0.00010369319989209306
4.8820924147264224e-05
2.8793554017562885e-05
9.096604146014858e-05
0.0002644926436582272
0.00012104465131074803
4.986354095376514e-05
2.3586973064655203e-05
4.36967842255023e-05
5.267170709842524e-05
0.00010213755050370604
3.956288665247775e-05
0.00017372503337539558
5.350818033489993e-05
6.505281227418948e-05
2.06006939235201e-05
0.00010052467927159617
2.2397169963617917e-05
3.703134464980872e-05
0.00014122080652555333
9.48425007243577e-05
5.345040518432992e-05
3.2512320585004117e-05
7.711908099557515e-05
0.00011170588576090585
6.45724845239803e-05
0.00017544846158188424
3.286324821697489e-05
4.968666052666634e-05
8.972599514789695e-05
3.804795231641517e-05
0.00016376056390297793
9.557352336661662e-05
3.908084731352971e-05
0.0001282768118485704
0.00011445528456819419
0.00011395775354619022
3.479804462176036e-05
9.434334200430674e-05
3.9719124327796685e-05
0.000131169548511715
3.282662993301786e-05
3.1364752664567634e-05
7.512165790174323e-05
0.00010251016243859137
7.648056763479498e-05
0.00011509084333786334
2.3484734311703285e-05
1.921270654329049e-05
7.193553839181517e-05
3.561775981392226e-05
5.494052072244095e-05
4.3122271608171126e-05
0.00015984398219769956
7.245690356404804e-05
4.116778808564772e-05
3.7817830884013834e-05
4.9862308804163635e-05
0.0001498695117926208
3.133407560512775e-05
9.908765531972876e-05
1.960720327628003e-05
6.723794660019495e-05
0.0001026764476937628
0.0002181722175394413
3.623978422996128e-05
4.181118020898011e-05
4.22300611458605e-05
0.00014268589629033688
0.00012192473660248222
7.881521755664434e-05
9.049705747546544e-05
0.00020548171764442707
4.614797907042212e-05
3.747255410897393e-05
6.608059395629019e-05
5.8162011473299426e-05
6.804319593134493e-05
4.626025178807289e-05
5.647191848148613e-05
0.0001619250768837409
0.00010033595434060868
2.7822662931095905e-05
0.00013850226949881428
0.0002967659452974811
3.239193222001296e-05
0.00010689055581522921
2.1751983572494554e-05
6.33684134220554e-05
8.139002313054413e-05
7.968338200518786e-05
5.5393368512986365e-05
9.378897594941832e-05
8.308815910276911e-05
6.320018547895007e-05
0.0002793138276532836
6.43076142072077e-05
3.928925818690422e-05
4.0747162381078976e-05
3.7653748130841016e-05
3.76345682830739e-05
3.191831644429438e-05
0.0001517032143939223
7.876516175939166e-05
4.224114435246864e-05
0.00016763256553825286
0.00018331188698746557
3.170135273582872e-05
7.095405220816615e-05
5.487158264002242e-05
0.00010898772680862409
6.211574620341163e-05
0.0001837717549805484
0.00017647677598597075
6.572604122084386e-05
2.669364836283506e-05
4.508887363000899e-05
2.1185640216467644e-05
2.3917547560472175e-05
9.687671151804877e-05
6.0069142522818414e-05
5.944615113603608e-05
9.059913204006487e-05
9.610580385233482e-05
8.373492375538975e-05
0.00012540326715864718
3.258879707607839e-05
2.7661024358396713e-05
4.035345733453198e-05
5.023741394540483e-05
5.873279044719395e-05
5.1491331833356134e-05
4.9818414618483274e-05
3.133345310565323e-05
0.00015317292898630995
5.8227486374695114e-05
5.409372145347312e-05
7.332480377232176e-05
0.000194747546537157
4.1942700669839354e-05
9.447387294660292e-05
2.9127611809296798e-05
8.37999954742773e-05
0.00012292202658208132
2.6424038083697816e-05
0.00011323595699913059
0.00010887564513366358
0.0001562730194230473
4.714244792508482e-05
2.9153290480175775e-05
9.950831353632911e-05
0.00010150634939630095
2.4931150127424166e-05
1.7941124594084e-05
4.892793807987706e-05
4.1706806968604315e-05
3.5943119643956754e-05
5.870904094747361e-05
2.7073554729805073e-05
0.00010825805175883735
2.3305918591738392e-05
5.855171763881635e-05
3.520955222657699e-05
0.00010636516411253459
0.0001626101397723798
0.00012527908911345512
4.770123312213911e-05
5.158563653399471e-05
7.30297749551714e-05
8.638087686344901e-05
7.718149181277413e-05
2.5596249982436932e-05
8.957622140924536e-05
7.112311227090986e-05
4.460788559485463e-05
7.895275517288382e-05
8.695099984778586e-05
6.728986101859769e-05
3.0623184338031555e-05
6.544213154165513e-05
6.4162662903149e-05
4.608152678064979e-05
2.4655114710432698e-05
4.570196754474272e-05
9.362163758256322e-05
3.694449846710648e-05
5.377765344565851e-05
4.479378503006527e-05
4.1103950590877e-05
4.4081446964673633e-05
7.804303659866245e-05
3.538022629356591e-05
5.121869710919837e-05
4.321818717922942e-05
9.818522172138944e-05
5.865359626539461e-05
9.823188519858399e-05
4.997231805793186e-05
5.068469109565347e-05
7.246883912204972e-05
3.647051001514233e-05
0.0001549216443811963
3.3661313189095455e-05
2.935022956431609e-05
7.443279662123603e-05
4.1497247758621486e-05
2.2838272616949154e-05
5.5562110330004424e-05
3.923194268671042e-05
2.831742603612169e-05
4.711885493545354e-05
5.7496770481540534e-05
4.2326776133106576e-05
6.57202612656737e-05
3.028063368627353e-05
0.00027577567784664597
2.6118027153067165e-05
0.00019865311792396223
3.7755237874426e-05
4.648875596088283e-05
0.00015164971200554522
2.0514356540170967e-05
8.64462246644217e-05
4.2984663899299475e-05
2.1101083113069788e-05
2.6057617584525886e-05
5.4023888866907285e-05
5.2761726980455515e-05
7.140010516106612e-05
0.00022831400990312535
1.893109023747286e-05
8.491556521603229e-05
2.948231499815742e-05
3.331187785014772e-05
2.8085697216111728e-05
0.00011432632395552955
7.369824328096651e-05
3.635690401026756e-05
0.00019473754930888937
2.5830174709525186e-05
5.009658590532552e-05
7.156863453800129e-05
4.860098682640509e-05
5.084835446953286e-05
2.6371487417995307e-05
0.00010329706266441861
8.97530042891772e-05
0.0001094129221689412
3.36634630790146e-05
0.0001673785959362781
4.3103664080693136e-05
4.530822009437587e-05
2.3199714518283752e-05
5.587403631707247e-05
3.160720623806948e-05
4.676720763200512e-05
7.047587920150647e-05
6.471978684062304e-05
5.659225488915193e-05
6.193875122515291e-05
3.563773747166e-05
3.0783783026979614e-05
4.583444146467581e-05
4.054171477283587e-05
0.00013701428685071506
0.00015394935063178816
4.1482846432163854e-05
4.299385561158867e-05
3.754128449593193e-05
3.130395323184743e-05
8.702886104134267e-06
0.0002744606524358863
0.0001456502219327842
1.5100041511428563e-05
1.766522011477989e-05
7.392852272420747e-05
6.225341512989823e-05
2.0341245298794668e-05
1.4131012463704625e-05
5.218226634841708e-05
6.012514917261551e-05
1.7948827482029944e-05
7.993759379063988e-05
0.00011945795364121444
4.282476934454198e-05
6.73182048563698e-05
0.00020142440995304925
0.00012542195644435312
0.00011613891489684491
2.8715176964275806e-05
7.348087345168469e-05
5.6635221703105035e-05
2.965933814065959e-05
3.6622456961087916e-05
6.154490499469571e-05
0.0002424458448670844
6.834008754847184e-05
5.1362399868795804e-05
3.8652921785292595e-05
7.598642725373395e-05
1.3914071931562814e-05
9.032883567258074e-05
0.00011580724030916234
3.121677173624154e-05
3.2397196780691014e-05
3.71746511548041e-05
4.4564720023497905e-05
2.501154117400921e-05
6.754824552048285e-05
0.00016555745332932052
2.7174376619154718e-05
4.310637151375514e-05
0.00016109599865743668
3.741772133184418e-05
5.972528655221192e-05
3.36653890636204e-05
2.9618465856880483e-05
3.17475019393152e-05
2.1984281367319497e-05
0.00010942391821043454
0.00028852895640887134
7.466360713737411e-05
1.789088365270748e-05
3.5203117227145886e-05
5.5206992593869565e-05
0.00019560753025335694
2.8880600416660768e-05
5.45044563606087e-05