0.028472017281330884
0.03805485311622513
0.03395764007296679
0.036486258056457964
0.08306642285458513
0.10274674085361281
0.09760202573194308
0.026121211442661375
0.08072912116881645
0.015010008596179516
0.05666381311644363
0.02094426560360813
0.032302615862046836
0.03685428885019108
0.0328019839398044
0.007434072094491576
0.005061592179891451
0.00903466645883486
0.007072382787605001
0.018920941440157282
0.005408704941639618
0.012921209613917291
0.015483452126044761
0.008512917669525333
0.01567840957400273
0.013813806686450337
0.010806376800839138
0.0071139147093375425
0.0018830875179748677
0.03281787387636363
0.004988366696411359
0.00872545431560055
0.008479280179112024
0.009807844103796709
0.002994117770981084
0.009506100596489684
0.006763199426023975
0.016504755419106478
0.013835424970320297
0.004570649295307911
0.008196086766392906
0.0039378973936023565
0.015141623966361113
0.0011914459151185018
0.007867601262518478
0.009982120504171594
0.002696511731712087
0.012512998432002863
0.008829046016930877
0.0053917780798312135
0.008243952352406445
0.003865158063256845
0.007808432483912484
0.005101714857774524
0.009664382507208422
0.0015290266417359645
0.008599566824221761
0.004242366344106116
0.010465698131553989
0.01083385756890642
0.006623858038038806
0.011354122053154699
0.0017944643888643842
0.0022769355312969846
0.002347446901736147
0.005776263260287597
0.005015322231935743
0.0018655394890259
0.0034532479523057434
0.003966602032901894
0.001026474892036005
0.006769201101478718
0.0019142992420912333
0.0016829865462913958
0.004890290264634582
0.01804239238739037
0.0019269202541414908
0.00423785573761169
0.0034306778467771606
0.0033406444930577004
0.006550126665629392
0.002214192226284645
0.0016225282750258578
0.002443181526457388
0.0042072708200743434
0.003195841975277657
0.0011043744683813966
0.0006551742074530795
0.0043062237150005575
0.003539364741704429
0.009067713284567566
0.004712567933948286
0.002817738821246681
0.0033204855132541186
0.0006357868626940974
0.00065530356766409
0.0027691533699212728
0.002232555875525209
0.0026822083690172718
0.002038352862596024
0.0012495542048283107
0.006256852182479743
0.0038833345956054317
0.0015901609988632959
0.006490751182940578
0.0034763661323545074
0.004326342970695084
0.0017702764560177198
0.004547988326686283
0.004241452529498037
0.005426401624421011
0.0044288019070619035
0.00542528601915708
0.003153470628996404
0.0011194389672855413
0.005821460985838868
0.001138858601256706
0.0011227201115369264
0.0013021698911496265
0.005185531275222174
0.001796083225068707
0.000604363509723794
0.005138675633059378
0.006524197888405196
0.00341144403936311
0.0009087753822107034
0.0008280842717069151
0.0038046481387145354
0.00361014600844215
0.0042314645221356645
0.0010477145926366875
0.007933283853074362
0.0013374257281729015
0.0031158468141998775
0.00247663918985431
0.004477909239180786
0.002364644951330103
0.0009712476069376871
0.002004103026944906
0.005932862830165092
0.0008001362183786648
0.002265255247345751
0.002295070678531759
0.0012646529981445765
0.0011912610954116585
0.0009974820539540802
0.0016220746172216712
0.001881304254227627
0.0015925775073782158
0.003054073426827342
0.0015450779614565573
0.0027546591959090264
0.006980820030773254
0.00270543007297253
0.0017080439832103955
0.0025763165326306322
0.00243719946645796
0.001984503004095415
0.0012465863805244993
0.0006382281702249414
0.001927981596943986
0.0060290615702411395
0.0018490818935248709
0.0010270027464911
0.0033902333360698255
0.0006728492712178671
0.0013035707422367295
0.0006468578769923327
0.0015360888328955667
0.0016436782555756702
0.0008412729740465089
0.0016375589254952049
0.0016884056710551618
0.0018927573448712567
0.0007055110673214871
0.001502501279406299
0.0013967839904718443
0.001028459878594739
0.0003484031212885545
0.0006130291686843026
0.0022623022975391373
0.0011863677989467974
0.0030581000310599175
0.0013332355860850174
0.0017912873617339602
0.0019070533302033678
0.003964926774428329
0.002820625535993952
0.0009646210712788472
0.002251648608370333
0.002294352253495062
0.0016750061259066971
0.004332837257977965
0.00251790932702685
0.0022117574518234883
0.0005748521722456874
0.0017420775195475836
0.001404839483047751
0.0008607948962396179
0.0005447207878479218
0.0015582309974983884
0.0055806071449199576
0.0019173758872326925
0.002129484512985743
0.002394060085655165
0.0031371341107174393
0.0015676045861110317
0.0008682366477930409
0.0031596184203472404
0.003060665244581839
0.002309391419770132
0.0012091988890043622
0.0015475054836300577
0.0007308535932098868
0.0006303752699165344
0.00013415469233432828
0.0017374531005761658
0.0018194746018073036
0.0022405134087463176
0.0005247588571745121
0.00248505559501459
0.000610092808657774
0.0014517071177376462
0.0008714576061671826
0.0009747465692636464
0.003543678062889679
0.0008039975923433025
0.00218280866396736
0.0015467366980447214
0.0023805790067185917
0.000983771949291789
0.0001689303061595054
0.00024564634111005874
0.001748750841975891
0.0041302677941037575
0.004294036257747041
0.0009316978979604923
0.0006901573166861272
0.0033443527941362005
0.00040139732693393105
0.0009127235397684335
0.003687285019625442
0.0027042164815387812
0.0006195791277662621
0.0028035348719094716
0.0006192762045850134
0.00042748291342899414
0.0021765375894858136
0.003727788855825463
0.0013704719922348904
0.0019174180094787513
0.004109421471214134
0.0017344263788913346
0.00044940240723453305
0.0021543214874126144
0.0007972386350268172
0.0007921514266816062
0.00016618402943539777
0.0016929345442144251
0.0008931263077845007
0.0013883668527492276
0.0006400138293531439
0.00017488685241410202
0.001311589774942585
0.0013254060820973022
0.0015690558277159465
0.001108277031235324
0.0009626106786337203
0.005101292405411921
0.0006574730718455587
0.0005957079035473503
0.0020585363180461174
0.0005369970262252682
0.0012410214833115793
0.00039406792203993063
0.002549759933588804
0.00201404196763869
0.0033038277420799
0.001674550012215512
0.001414235747794303
0.0025085123029593612
0.0008283355853879647
0.0009614667622575851
0.0010953310708413917
0.0008838478381471569
0.0003020680757980403
0.003102258607537201
0.0002542613982900592
0.001517672426499067
0.004358813382680967
0.0024257928260272284
0.0049052939695689995
0.0009329047927694175
0.001925828374806166
0.0018549727031254492
0.00017575084642266852
0.0021109120749838663
0.0008747323277575526
0.0013617635293076825
0.0011178669580883239
0.0013419502499238843
0.00024074789047169159
0.001762627251824838
0.0007575721772067162
0.0014171585830849009
0.00012900830296026013
0.000426206950765454
0.0006507471988318029
0.0020124289187278123
0.0013327869576724985
0.000281430058562068
0.0005464140489400763
0.0008904630539743211
0.001338202900096075
0.00034327105703520097
0.0033707376886839
0.001232108462709953
0.001513775465814157
0.002337776817271106
0.0007314293248968623
0.0017000625921142253
0.0002853524883605097
0.0006186799190967934
0.0021604349388448774
0.0013548858356959646
0.00037265317932417294
0.0008630407812109492
0.0008393924287712075
0.00021516635847258528
0.00019800653508027086
0.0007830995260582384
0.0004947553385526086
0.0037516440657007553
8.512570740759813e-05
0.0010685377005418503
0.0017736389956511042
0.0013375064025965553
0.0005198582541791584
0.0007460959805975466
0.0007187057797390192
0.0022996022191959413
0.0002620604993193045
0.0003101130574709865
0.0006801455077908539
0.0004705383974800273
0.0005412688048199506
0.0008366738300485496
0.0011835970197662333
0.0005887406599459223
0.0009825142361139807
0.000794586169327577
0.0016252257092600512
0.0005776322583912363
0.0009718562157226241
0.0024412345422476296
0.0001539049576338629
0.0002706232397795578
0.000378114912072656
0.0006597805039995297
0.0006415708251100671
0.000504568789472708
0.0002701128982103471
0.001368820180545637
0.0005027550605414194
0.0004440499116494023
0.0007639399963571761
0.0007227182383181532
0.0011446040209552553
0.0005660343668073544
0.0007656573627341978
0.0006656458533987024
0.0009127199569113545
0.0008501452153738548
0.0007915897629054928
0.00045169202772494605
0.0018159658087454993
0.0014228205303771695
0.0024872800336132516
0.00045478185925559123
0.0016143650687548657
0.00241931824090563
0.0006371151085567675
0.0007065828066753701
0.00017841765257068035
0.001165705113141287
0.001347548221161119
0.0015262395711369851
0.0014670642884742507
0.0033768112014030006
0.0008527919023118404
0.0006779882072232549
0.00038043814038124865
0.001371288229566191
0.0010071356302389968
0.0006073153976722377
0.0004608056668580933
0.00035125780938615445
0.0007209244632627505
0.0005796147662460694
0.0004680777074148385
0.0007819032903046831
0.0009053790688774594
0.0021113699505083254
0.0012300217129240802
0.0007503862101247512
0.0023406008783944513
5.958547117815643e-05
0.00029188864146306167
0.0005471169547163197
0.0017986439922899726
0.00017191017744373977
0.00030751556030353806
0.0012196445966921139
0.0012258379647910147
0.0005995716785136742
0.0008699344084654408
0.0009040751215150836
0.000745246086522351
0.0006287688717835974
0.0007978907471383783
0.001240071365134653
0.00026557791120723463
0.00022218108989073592
0.00038445946130424846
0.0006174327321173108
0.00028981376873099996
0.0007381078498997883
0.0017423866746403402
0.0005266056306638106
0.0006527816198736075
0.00022637726995249636
0.0002575746019760456
0.0002550774124076083
0.0006638126827262647
0.0002198374032738757
0.00031492050436938334
0.0008328553515118586
0.0001382529295753243
0.0015357392045658115
0.000388456509693226
0.001067173529945283
0.00015461218571776158
0.0008039642776534326
0.000316563633145537
0.0005955162937326248
0.00038715380174078986
0.00016505720866611323
0.0011088343972546495
0.0013232043621342004
0.0017538836830349096
0.0005743820077142973
0.0008232548526043301
0.001188229384203056
0.0006423158146580791
0.0012398701555417536
0.0007892498035053354
0.0015160036523589953
0.00044375290065458667
0.0003213187143202682
0.0010244606343422441
0.000735323797287624
0.0005452691514353349
0.0014478343412140883
0.0008543897858314523
0.00014520430849873506
0.0020252163481778687
0.0005660550552337829
0.0008552684414583294
0.0005987175594415805
0.001820147760772527
0.0010794854674100317
0.0006034177702879234
0.00162202513722108
0.0018948810773878554
0.0004340713233948837
0.0005615887393548181
0.002555203819515647
0.0005848092490688783
0.0006862889994860182
0.00021799421655849962
0.0015985844690151942
0.0012073376328067338
0.00021104632804750927
0.0005055759453934106
0.002173943806556424
0.00043683682762931894
0.0035718957182396855
0.0010381764243853479
0.0004960911535504288
0.00030189232543112427
0.0012093292139525437
0.0018203829797320144
0.0008768159648721037
0.0009122786242545612
0.0010488259213419122
0.0017271673431112473
0.000905594806840174
0.000529928074007407
0.000654455041683592
0.0009063976462757679
0.0002361228746573469
0.0002583044358608748
0.0017575172594499913
0.0005153390750270428
0.001512969184059167
0.00019056083403902428
0.0007949808373091959
0.0001682245061912806
0.0005117583959777066
0.00038562905514234665
0.0004893078561450318
0.0004066222779388445
0.0005980596426860183
0.0014701706739595006
0.00023099540954411927
0.0008748076287586618
0.0013853199694358487
0.0011866897941783124
0.0002676420306962612
0.0004438992389121402
0.000393091888996095
0.0005033946063470438
0.0010603712094594193
0.0003783246378863988
0.000523519848037613
0.00015240502839861594
0.00044288510322313014
0.0006643689490423206
0.00028601921536152786
0.0005464979099513597
0.000514610295031725
0.0012787153131946238
0.0016514317152464429
0.000617422212955736
0.000283059424345851
0.0021489123966090583
0.0003078702895709145
0.0004486025477766651
0.001101406393432608
0.0002445932556476448
0.002106296461782176
0.00038283641368079877
0.00042075638370565627
0.00027553128485604525
0.00047756141927689715
0.00039716295662557764
0.00016232771959136385
0.00031192123306163005
0.0006054312075481957
0.001487420305158545
0.0004495036138761388
0.0004123657932116183
0.0005546591311563086
0.00019582490995895588
0.0005088691387881109
0.0007378801966307589
0.0006615147132647747
0.0028384638177108303
0.0009912654705335308
0.00045685988981946485
0.001678604864225603
0.0019788151359695365
0.0006653708603934066
0.0003716321048550581
0.00041054297749176696
0.00018186368729466561
0.0005437885151302869
0.000788764864276559
0.0021997859276388907
0.0006394736513070038
0.0007989549749011384
0.0002696755826443628
0.00021589382327297376
0.00037007240344494975
0.0010367373917853832
0.0013714856385780361
0.00019894654152117868
0.000818213728052645
0.000589819054237005
0.0005332922046884851
0.0008183952178229504
0.0004459662047985899
0.0006202269135849646
0.0006784254903494977
0.0012662758283861666
0.00036175087383049737
0.00015835537001749171
0.0010228179429858557
0.0003444474285181819
0.0007727623779291271
0.0006600530505852214
0.0008185891851575068
0.0014682771209232743
0.00034613393424009597
0.0006203713618464778
0.0008447627677795395
0.0005692542656810579
0.0001354478332319258
0.0003791481571654198
0.0002588702371573361
0.0002145640534093862
0.0008359827225860346
0.0014889416895907505
0.0023878726782990824
0.000373571913274975
0.0009609257065049108
4.8149792766113555e-05
0.0018628750871736862
0.0004783805369287324
0.000531599371288764
0.0005929446823955175
0.0004560542088067542
0.0011476287322111209
0.0005480502604121842
0.0003181360874014828
0.0004498824318159632
0.00044250890715403823
7.334950207612696e-05
0.0017674687664210207
0.0006182357608646569
0.0002402605568873133
0.00014368517434169023
0.00037052199638288154
0.0004998211016505919
0.0005751413898587177
0.0006408935462433459
0.0009502728663313564
0.0006844989484801127
0.0006744758924726755
7.650227269373316e-05
0.0003425277237616506
0.0017987590839709468
0.002111494995359769
0.0005869528759630574
6.242396229118385e-05
0.001390041361956817
0.000728847579842339
0.0008293482260139936
0.0003230420144412059
0.0008962430637787711
0.0012162087725737845
0.00040967977514219097
0.0005701735643553133
0.00015981338969133036
0.0016320362851187985
0.0022563771387543044
0.00030500639711027525
0.00020722505191730494
0.0008551827963620163
0.0013268495240062665
0.0001637879495502745
0.00037168818287120576
0.00033547093673033976
0.0003707127956838552
0.00026131446134496506
0.0002205702110198419
0.001257066465373849
0.0005863744835029767
0.0010622559797368435
0.0006233272507483417
0.0010717513759950087
0.0007229053856754091
0.0002833513598825166
0.00023333466121408468
0.0005707616684417922
0.000553421735628816
0.00015403908296493044
0.0004317480204283051
0.00026212835807927563
0.0016560212188405996
0.0002724656544965984
0.0012016745247012376
0.0007692395184368226
0.0005713098963079921
0.00031163504868624145
0.0021708973984245422
0.0004875392206807139
0.001292801792754942
0.0005702928150894081
0.000375282813163421
0.0008228936849905406
0.00031208071021272723
0.0014273302393771332
0.00030335741061020326
0.00035991294421584195
0.0008270439301994953
0.0021787085717287426
0.0005635466080628048
0.00023103147828317167
0.0003304959307587802
0.0004724735122334184
0.0003529623866249817
0.00011387745429399921
0.0005930966740099986
0.0012719500347489299
9.478847094587235e-05
0.0006647775588906528
0.00030766816156207734
0.000591632494218592
0.0006129669160890509
0.00021580672442910064
0.0006685576311423475
0.0005437598503895816
0.0002648955020824614
0.0006038611663642791
0.0009075385045065049
3.520023563885561e-05
0.0004661715368023627
0.0003088719519331611
0.0014079721038177675
0.0005403232077083121
0.00014209272438328577
0.0005385969826921361
0.0012129736667930312
0.00024134569606804764
0.0004901090252978475
5.024952370041261e-05
0.0006811980818725658
0.00023446540334451358
0.0010081657277673664
0.00024258560871627763
0.00114636333909557
0.0001790944207268706
0.0007740911647188328
0.0007323853749030248
8.36334353907873e-05
0.0006816433197908849
0.0005467056605326826
0.000289895237684149
0.0012431352956521462
0.00011906936702490355
0.0012583750141425324
0.0008016714492136051
0.0009354374955518979
0.0004475870887217285
6.658595452585246e-05
0.0005751532288424565
0.0006808643252452492
0.00014115280945888942
0.00045533598045796733
9.545233886844922e-05
5.3648976132947115e-05
0.0016587751729789612
0.0008101232963609472
0.0009956750100960448
0.00022597306305481655
9.054802211749359e-05
0.0008422733472830683
0.000221569910899683
0.0008157373877828803
0.0005083414085582423
0.0006721026070425714
0.00032361605161504697
0.00015615893742242882
0.0003046320023266078
0.00037426025897137696
0.0003316679225101994
0.0005374039453760389
0.0006609320827605429
6.0909876940932715e-05
0.00031406392575710363
0.00026364086089697924
0.0011883075687923418
0.0007898393897699821
0.0008711066487756775
0.0004814278897492409
0.00016065523142581167
0.00010621781530889165
0.00043054158144706925
0.0001297905647553105
0.00017765452905723334
0.00021416806614290597
0.000662761524048404
0.00016216249772090283
0.00010917741571625947
0.0007360456174833047
0.0003517737912005254
0.0003862796308602999
0.00013488432646227398
0.0005971228024254123
0.00020910643409624208
0.0015606317848152833
0.0012087650547282518
0.0003474687680352876
0.00013890932670119314
0.0001831606220760979
0.0004522549244480255
0.00011867123521192659
0.001027418932810715
0.0001282449153445081
0.00014014940310409367
0.0010075843029946692
0.0012631212626293183
0.0015412723398470845
0.0006739152442798747
0.00026644292719880963
0.00010513881712676475
0.0006759104250961997
0.0002403839224668363
0.00030463135373738436
0.0003191988390476509
0.00020209487743197315
8.643713430086805e-05
2.797457028998276e-05
0.00041723860530242744
0.0008065124724304217
0.0008682102245357195
0.00042588584811518624
0.000876617215045372
0.00013574927304796106
0.000935031724476581
0.00011493300855938529
9.151938868233457e-05
0.0002863517890502623
0.0008553472498311648
0.0004197147177393331
8.286788945743474e-05
0.0008010342667665198
0.0004996209866646567
0.001405657961593291
0.0005564182658482216
0.0011442870150012443
0.000366823991497126
0.0006942818152126049
0.0005583155443653398
0.0004273230201652147
0.00014526675767168233
0.00038132270654745565
0.0001510368993508674
0.0002258805246158676
0.0005349475727378991
0.000288455373291922
0.00011109858580457362
0.0005679958841997708
0.00045952998535653115
0.000398484769250195
0.00011449563674995643
0.00020261740445203687
0.00011145842083356244
0.00033304769441347984
0.0007636976766042755
0.0005458150009029138
7.000561490569778e-05
0.00045733867890226384
0.00012164520218520656
0.00013225571531577389
0.0003060683147141525
0.0001471047775844999
0.00016169774344835012
0.000690534716846447
0.00011074881588033167
0.0001314053650236212
0.0001605032114928789
0.0005800629637738326
0.00033854916829040516
0.0006018513797816856
0.0005702970471687665
0.0001123431306974328
0.00028082853364659317
0.0006109254053181586
0.0005474475651233415
0.00036243248431807435
0.000374880685485965
0.0003012108090135889
0.0005157081005031542
0.00010358277526798456
0.00032203926832947006
0.0003689053579733232
0.00028385985428923047
0.0010331876542888942
0.0005191980656838835
0.00015590794264395706
0.0008782842936463463
6.117585680275583e-05
0.0004195301374800204
0.0005293857700856395
0.00020369483336043467
0.0010738418274424876
0.000592751082983558
0.0007210094725534448
0.00013456154564826415
0.00017697755560615113
0.000404019282168745
0.00017610826950865976
0.00021975661719938236
0.0003230436578270666
0.00020459657822699518
0.0002471323724980065
0.00044694472631202724
0.0003422536826938401
0.00038207103936869103
7.916988675439367e-05
0.0006938070050565102
0.0001212836361191843
0.00043178099941734965
0.00023366608441972636
0.00017824288291930291
0.0002922438905267131
0.0008920129488884954
0.0007108781123184356
0.0005331110975828714
0.0005678720338061152
0.00016118804380758355
0.00033881562730824996
0.0009588460021821873
0.0007344858857926311
0.0002756370751158672
0.0001435508298408546
0.00024365689100458988
0.0008198848175859469
0.00042398111619199903
0.00045448489490440574
0.0004487403157118887
0.0005874315426025649
0.0001590522082779071
0.0003974380323439452
0.0001320237257854997
0.0006126157575804991
0.0007114935237967883
0.00032843795317393567
0.0005126718226396706
7.200065149661488e-05
0.0008886580908301422
9.273260141190879e-05
0.0006438813287416719
0.00011655769742357969
0.0001713534988582178
0.00047910136327983623
0.0011029850833221536
0.0012010778266073907
6.837135761199462e-05
0.000931007556694224
0.0008580231898717792
0.00044415080181811574
0.00017309874263659632
0.0003204947545092749
0.0008348152915770276
0.00015302868632562493
0.00015985876647371252
0.00017826841455607096
0.00028014621326965486
0.0003870786464872665
0.00024728685504932886
0.00025409430522569656
0.00023971578298624934
0.0007954291769230569
0.00031366478053444465
0.0002582149787946777
0.0007521636943669469
0.0001938650785342928
0.0004897260400952225
0.00010430976956244337
0.0010611627205590773
0.0008569127481619628
0.00041879090882452035
4.470287094200573e-05
8.486883760060074e-05
0.0009218796076573969
0.0001210233582372184
0.0008166965892452782
0.0004768349949126987
0.0003410533374693775
0.0010010134080496679
0.00017154128217393788
4.614322291772532e-05
0.00038579174535665494
0.0004020072635127785
0.0013616785520046961
0.00012033093552836499
0.00048291147972460925
0.0007105524890177005
9.885677134081693e-05
0.00028918203496450956
0.00027277722746890594
5.372799963173329e-05
0.0005056578930887155
0.0002643201222456023
0.0002270536441760673
0.00017803051626079478
0.0001552319497190511
0.0006829085417470386
0.00029988392763530334
0.00024066421021229622
0.00018372219922997474
0.00024345627517891158
0.0005364676712894278
0.00017804434808739442
0.00011342237689425819
0.0001931522345183581
0.00015800716634508925
0.0007212505009845122
0.000880272737819859
0.0004345121189312429
0.0003754656515836313
6.92749586223825e-05
0.00040353261223675555
0.00020031820690380645
0.00036902321468602
0.00017667973278208293
0.0004002202331750739
2.9490683357188392e-05
0.0010438689134124083
0.0002852057109152221
8.912273648555186e-05
0.0006669114497723886
0.00046340132176108875
0.00031963221686107996
6.650461671414182e-05
0.0004237658560273154
0.00020826846527514668
0.0005573616347281403
0.00019908736124525374
0.00013195202775825014
0.00029484238966679186
0.00041417033078950636
0.0004914192032083052
0.00039024997042112113
4.9703270989457086e-05
0.0006923348055524113
0.0001285535699841991
0.0002838513355958237
0.0001840921747266103
0.0002475241369915608
0.0008824706358980568
0.0007851842907318832
0.00016231166606167554
0.00020300860979053853
0.0004410519160247132
0.0002071340801295309
8.445591492695641e-05
0.0008839377357957593
0.0010995695865155676
0.0010604273360375845
0.0001227949151483654
0.0002612891097585513
0.0001538560450879381
0.00023553765799651366
0.0003647973095180308
0.00020775731671167358
0.0008105693182298721
0.001116612286125334
0.0003042854887357768
0.000173991442071219
0.0006436824859660069
0.0008439324015235776
0.0004270572904798443
0.0003707458817187038
0.00028099676812940117
0.000359159888377418
0.00029701356173807023
0.0004674616574863662
0.0003441237617427328
0.0003535542987373641
0.00037060267433228477
6.597643788932402e-05
0.0005357368066470497
0.00017340866221044786
6.808907419556174e-05
0.0003314698231459063
0.0006027180256625857
0.00015432446164834686
0.00031628687538926996
0.0003009992069467193
0.0002157487970230934
0.00025572832183137106
0.0001939564770288046
0.0003887333958471618
0.00012564128190046408
0.00019907505356822017
5.726115039727047e-05
8.997700053404824e-05
3.2761038466339035e-05
0.0001722731487171283
0.0002896911940936417
0.0008723904821270367
0.0005837094013894146
0.00013125928576232399
0.0009543143881398256
4.892859965523072e-05
0.00017115827258090064
0.0003469954418539396
0.00035535909215439097
0.0002051051122587587
7.088278455891574e-05
0.001173198352617251
0.00026885977538589794
0.00026887854814804183
0.00010826719795549862
0.00032664796385481964
0.00019960202893225539
0.00012231840769798518
0.0008059588882787155
0.00029422216023321663
0.00036468858471249706
0.00017884072138462233
0.0002126531677659918
0.0004187765880617182
0.00021736335492057572
0.00023351264704965654
0.0003275868303425039
5.008883915398693e-05
0.00014421752129519528
0.00012687113443860264
0.00038345817322365394
0.0005671700081501028
0.0002927453884571192
0.0003776447053834972
4.4785941587870396e-05
0.0005564216279174818
0.00013708352432832192
0.00016736654660713763
4.029879614907432e-05
0.000566091081306399
0.00016930798412024805
0.0004387340565924244
0.00033296391156192444
0.00043666560349875746
0.00031315791270284445
0.0004556571487042794
0.0010578816899599669
0.0001877680189976801
0.00029777596436865504
0.00011707296907955868
4.2336536854824805e-05
0.0003841464921416252
0.0005611791892741989
6.085129998246665e-05
0.00012544700471918462
0.00034228157909525975
0.00017788215031677704
0.0003403909941005438
0.0002013484766348502
0.00011760954224969072
0.00022533316833674415
0.0005188339924359388
0.0008768234257944826
0.00026955801667917376
0.00020429344150457146
0.00011126963154210078
0.00031047593979757065
0.0001669798173611324
4.0404931300009287e-05
0.00019807209648781815
0.0008718876827024347
0.00036139186133482895
0.0004298229787253218
0.00044337895309790455
2.959306847269293e-05
0.0005381162728159642
0.0004248484016448651
3.218482360284425e-05
0.00026146801519217114
0.00031576208907742114
0.0005620550501080744
0.0001791341744480041
0.0001899925437120139
0.0005244181868730525
0.0001783949819220284
0.0003569549498339707
0.00026030080256996815
7.12260545231803e-05
0.0005143031201539364
0.00028920866719769596
0.00019782624011691752
0.00010698859459748645
0.00013482732017027453
0.0005589547356678134
0.00037640556228754493
0.0006143387013391617
0.00015747954045502806
0.0001926355494790703
0.00018326646813969803
0.0001858009798155281
0.00015162670786441756
0.00043582518981976644
0.0004685969650944742
0.00020858664943583554
0.00017390061252580056
0.00015872556976113426
0.0005986645488555981
0.0006596732784560873
4.8888398132531185e-05
6.577134301409577e-05
0.00019230721829664182
0.00030176629818854083
0.00044768913971082936
0.0008811533589783106
5.976725699381537e-05
0.00018264971292189928
0.00014695136470511624
0.00024477709663281883
5.4153727478037244e-05
0.0003976547564275062
0.0005739623477441581
0.001331010614138154
0.00024870399683708485
0.00029123845691757857
0.00046254498233160984
0.00020495800807073656
0.00015608568818058577
0.000532943586640476
0.0001986376710249781
0.0006450392413320584
0.001785688109373288
0.0002696273706382147
0.0005548355971124898
0.00017814193218463912
0.00032548864526611926
9.494824137478126e-05
0.0001742959703135953
0.0001622753443434672
0.0004119600875267662
0.0002590841057993055
0.0003732501142824011
0.00026806614118980216
0.00024315782261675982
0.000298324350082777
0.0004674857697778343
0.00031486733313394635
0.00041063463424686976
0.00032319345246788444
0.00019349625950184217
0.00013587153961283394
0.0003315692909547201
0.00016881671996784252
5.144024612101139e-05
0.0002966235533253481
0.00011681967268097672
0.00010196018787792746
0.00035404906574706984
8.101493050499224e-05
0.0005350705789277258
0.0008364655443096178
0.00030829389115548394
0.00022296003534372544
0.0002643371017161443
8.895715193788878e-05
0.00023735573922412348
0.000374881001109606
0.00022446787615679027
0.00023983285668247224
0.00021005705874764253
0.00014385865204253042
0.00021010839468568342
0.0004410611672315319
0.0003308020328313593
0.0003551709835877419
0.0006507935111369183
8.39435495554221e-05
0.00018468547575366533
0.00013413227254470883
0.0002233811448505364
7.530404263011009e-05
0.00017863756016353819
6.116695548472933e-05
0.00011582518488770723
0.0001795798532490754
0.00039470338450580425
0.00010259027969965362
0.0004653821520713968
0.00037083739914530557
0.0010689424685803642
0.0005130944919074707
0.000543100471533346
0.00011703484408038308
0.0001769455926465607
0.00017593253217948677
0.00046023104137211815
3.2502542328240694e-05
0.000529536115725172
0.00023521142209579382
0.00032190916655242224
0.000283255572112158
0.00037440959406065665
0.00011838414531759381
0.00013508360417538242
0.00017409705113158604
8.975700090200823e-05
0.000495360882982641
0.00011033176493949195
0.0003822294192279722
6.103880454515094e-05
4.513812077277374e-05
0.00042479481960960776
0.0007528068808843249
6.265474558067283e-05
0.00018329314467135715
0.00047632275626006287
0.0002642288939967165
0.0006252913919956202
0.0007049182154200127
0.00029247739386424365
0.00020949962912365314
8.804314712371326e-05
8.093616421255267e-05
0.0001013479470191478
0.00024868295038590085
0.00016343365774997685
4.678073642641268e-05
0.00037425543929057363
6.002020948414322e-05
0.0005890905984593257
0.00013665048171386093
4.369780439444563e-05
0.00025582771669920945
0.0002678468254727926
0.0001345142294833457
5.0465933039347924e-05
0.0001371955998677929
0.00041394121645906923
8.926189014798637e-05
0.0005142956371596321
0.0001481489229148396
0.0007792357382455687
0.00039259849276694874
0.000760497895257124
3.8679842037673556e-05
0.00047499548074527803
0.00023140541265336215
0.00020138425162263685
9.247051491448346e-05
0.00019518909505947385
0.00010116065685074204
0.00038613582605970953
0.00014756071259928948
0.000419371138837952
0.0004111393093540206
0.00015521390452263197
8.423635614522044e-05
0.0001859638438593389
0.0006996557690811829
0.00031192256531743285
0.00027642594607740913
0.00017798062262018889
5.417584623834158e-05
0.001029131764606478
0.00010178677530975011
9.217545280391191e-05
8.042518746978109e-05
9.653720475510111e-05
0.0006534288783977844
0.00011205723314348007
0.00012227444101578977
0.0005009377973939162
0.0003091484672542296
9.327224115791574e-05
0.00012591013785903082
6.009562015164182e-05
0.0003173118530514023
3.877920595974382e-05
0.00037153604106587005
0.00022921836606590987
0.0004952972588887103
0.0005159171675129199
0.0007697887109281931
0.00035223327998654786
0.0006077592175252216
0.0006118610198540489
0.00026072712257406265
9.235820085408842e-05
0.0006200746794756937
0.00022931994389439834
0.0001360633875716659
0.00030806829853939437
0.00030354516718623123
0.00011393850251443355
0.00019318044155121157
0.0003144978508070295
0.0001748589401654506
0.0003125642882620987
5.9324688095736785e-05
0.00041478844968153845
0.00021577676492018924
0.0009698676784247068
0.0006378390967465203
9.488238532251873e-05
0.0003109744921939169
0.00017454785229426494
0.00012183073015142538
0.0002721002651030302
0.0004794609233602111
0.00022560472956015726
0.0001566100542510191
0.00019624915358647027
0.00020928594873091276
0.0004070103556851931
0.00026984226481511684
0.00018134391178831777
0.00018202957234380294
0.000335825385919085
8.270726286785378e-05
0.00039497729615970296
5.6001860786246895e-05
0.00020663550416135865
0.0003366381432036884
0.0002566471330119277
0.0001752083057706313
0.00010986466639977227
0.0003562456230165506
7.398299089373281e-05
0.0002968813259131205
0.0011062341167292317
0.0006904491062792581
0.0012681817114428336
0.00022388731687133815
0.0004610171710354415
0.00021306858821169608
0.0003120103820855472
0.0001978961091339793
6.304046853769708e-05
0.0002528148824041915
5.689674648992304e-05
4.8354245778231105e-05
0.00011884744766169695
0.000564577401615736
6.518243645635642e-05
0.0007659874713658937
0.00022127977006459768
0.00015886738365022754
0.0001338158335841317
0.0006428069542296423
9.112332086829628e-05
0.00027152875243877914
0.0002509929718602166
5.2722157778772016e-05
0.0001176461755869762
4.5374298338327116e-05
0.00021549022479119926
6.173744081639822e-05
9.17539805959267e-05
0.0002959154801925491
0.0010914000982971295
0.0005389519539157887
6.918002284902061e-05
0.0002210944481838102
0.0001982056528781746
5.770526699186003e-05
0.0003448340398866925
0.0003997749323825685
0.0003752948200090861
0.00037562523719182584
0.0007070106346782398
0.00029261302961985317
0.00011284936591069876
7.858240498102224e-05
0.0001127659939992366
0.00025440428971870954
0.0005190479757513309
0.00011452493223904161
0.0002524509069015523
3.984682740698856e-05
0.0009751924334727723
0.0003555152456731441
0.0005033888547090571
0.00017446699038576628
0.0005698755717180943
0.00011253264105324841
0.0002810093286939707
0.00012016942337805968
0.0004647448697771508
0.00016362851271819537
9.42507953629026e-05
0.00024748268076582326
7.218459127044612e-05
0.00029180650126136264
0.00011268102740276021
0.0002112715146511328
0.00011598262883461856
0.0005678531434396368
0.00019255262557814893
0.0008885964255559087
3.723009045956556e-05
9.199167440899303e-05
4.718317237387358e-05
0.0003973552575189732
8.988902050822418e-05
0.00017756438379285265
0.0001918173597040733
0.00017024797129888035
0.00039175049950109035
0.0002167428620363549
5.963139578033591e-05
4.485349910350347e-05
0.0009924642597227836
0.00026242284705000214
0.00027017539515400375
0.00010669702356952366
0.0002454518384528556
0.00045313684847887183
9.609759069511229e-05
0.0002168118935256611
0.000621126086122526
0.00018385966836364148
3.284423735732607e-05
0.00010938507534536215
0.00013915569448161874
0.0002687478394451155
0.0006207082603184272
0.00024740378293016356
0.0003167235743945654
0.00017892113818423428
0.00024224389557038207
0.00035679710881670544
0.0001852612096223277
9.866178872407705e-05
0.0006230932013107557
0.00029937320480090716
0.00014259521427939474
0.0003572838263663606
9.654680478745607e-05
0.00011242371169159557
0.00014596089784280465
4.212773540702877e-05
0.00011607875095661733
4.6031958246286404e-05
0.0003371936584496559
5.233189044795818e-05
0.0006703219211308349
8.746409892145691e-05
0.0009938057134749375
0.00013104525662949661
0.0002530801090358516
0.0006917998235890419
0.0004349051313301177
0.0001790209276945729
0.0001847641696824088
0.00039597099705336825
4.831718593124915e-05
7.562520168717153e-05
0.0007902079820189567
0.00011535018874940697
9.927589130854326e-05
0.0004783762693075499
0.0001273009657948098
0.00017262603783077857
0.00016762062153528645
7.757244225601329e-05
0.0007282660121534579
3.645873312173131e-05
7.613390667101036e-05
0.0001347731338772785
0.00010823519604013147
0.00030278304704051
0.0002879777385116971
0.00029361983717287183
0.00013497555089450104
0.00016386363662999027
0.0001305172678728676
0.0009363564263773098
6.892300419761779e-05
8.546217301813091e-05
0.00017198397676866615
0.00022059628627747602
0.00013319574534718045
7.731180347838152e-05
0.0003874179718396723
0.00025411107566928817
0.0003617799571779436
0.0001328307704661308
0.0005170199439081869
0.00012098481049631848
0.00020197039952665128
0.00018095947426715367
0.00025814409036546297
0.00042903365769536036
0.00020061915506619298
0.00014189214835194075
5.752282640856739e-05
0.00010162044375707778
0.00021706983156936024
0.0001587730919030931
0.00041584827581914933
0.0006265827651298717
0.00019742671267076182
0.00015202585062420708
0.00020606567895252984
0.00015780841776861937
4.792982279366412e-05
4.0369704522499394e-05
0.0002712743855120046
0.00013322316459699602
0.00027880871675333005
0.00019453101172312048
0.00026320779175536657
8.238090040826552e-05
0.0001021596055066734
0.00014734512821781384
0.00020914175731354917
0.0004108374924751682
0.0003019074838453143
5.905509322773027e-05
0.0001259123293555663
9.762396148810228e-05
6.154789949587092e-05
0.00024521832667656656
0.00020755357207636986
5.6521983568123984e-05
0.00032221897871461845
0.0001531223163670877
5.725967142494795e-05
4.4086127915652386e-05
9.76104500745367e-05
0.0002682957882908504
0.0005423538478162498
0.00020871193458304717
0.0003857191282946478
0.0004353254408484224
0.0001738019346119296
0.0005135544577546593
0.0001838806821062598
0.00017907404765020508
0.00012115179399415376
5.0660997949891526e-05
0.00018626969658944466
0.00022783157866266426
0.00021574372999272952
6.776555000707686e-05
0.0003588397698050287
0.0004840366149395929
0.0001568176549896167
0.00013099662477522312
6.547242423803579e-05
8.708663649178628e-05
4.5935490440760655e-05
0.00021320645143484804
0.00014940170556088553
0.00012291202475264438
0.0002471084176127239
0.00025078924825590207
0.00011451885086884773
5.8760534702148775e-05
0.00013791387770140557
7.816744229673775e-05
0.00043772469161310556
0.00011302025974979837
0.0009675123385418093
0.00034921154872850647
0.00017596583741944942
7.089729078219411e-05
0.0006363945406465203
0.0001502259368262326
0.0006152607084106665
5.0658443530154344e-05
4.525897046671873e-05
0.00022020059593683594
0.0001223388013441648
0.00019934021244541212
6.421017097032923e-05
9.228454911187516e-05
0.0001736728446804125
0.0001291845395324459
0.00017632939406614994
0.00011676982338527162
0.00012525029932425368
6.751657746494614e-05
0.0002591090050390288
0.00011104649531079445
0.00013130300673787603
5.102143759680501e-05
0.00016844948848914135
7.105821578911932e-05
0.0009234471500868278
8.465023039207206e-05
5.221171293452102e-05
0.00018455207852437083
0.00048741677820581463
0.00013442187969380981
0.0003532229273739569
5.857575019160803e-05
0.00037849136884669505
0.00029679176753194775
0.0001298023311739094
0.00015619943015248043
0.0002813678424854467
0.0003407683637893927
4.726657058403944e-05
0.0004881534657461386
8.73250984748787e-05
9.132920438768974e-05
0.00011712448875750906
0.00015885802998031711
0.00019657083832561812
0.000305860199653727
0.00018438079641049977
0.00035900474926580994
0.00016449456273097445
0.00019175434747390136
0.0003702475502328293
0.00030154869140266543
6.815999798264862e-05
3.252196927914777e-05
0.00023203558826757057
4.2518841124433384e-05
0.0001845784133823406
5.5174565296198534e-05
0.00010378613078947598
0.0001957029582969508
8.413449061713206e-05
7.669361163321488e-05
8.806801260584189e-05
0.0001865321546181384
0.00012712071662368562
0.00016718008550024608
0.00021666649294457588
0.0002516279491422358
6.39670865534772e-05
0.0003076918460958299
6.512256402556092e-05
4.058092951324408e-05
0.0002991376736897362
4.429161778332836e-05
5.1210622370592595e-05
0.00010680475149196297
0.00010370843615819099
0.0001456756808856006
0.00012858008154255273
0.00011728070798692611
3.7546458853367475e-05
0.00010520382059851113
7.142424202967306e-05
5.0137404613701326e-05
0.0008539360342880132
0.0003389353241953752
4.1790048481447906e-05
0.00015843205756878754
1.1972192354630728e-05
0.00017834965224700224
8.942968980229356e-05
0.0006162155539180957
0.0002258119129182865
5.555108520566934e-05
0.00015889823137847262
9.380385053659188e-05
3.849489366129892e-05
0.00015027921492093445
0.00017174946412625697
0.00023236832868824922
0.00018127761897673603
3.131248305904706e-05
0.0003023312577265873
0.00021561386928833923
0.00034275780445831107
4.257106895172539e-05
0.0004681538166278518
4.2852066130440095e-05
0.0004992553589356967
0.0003109199601450023
3.734451723276531e-05
0.00035120103203192056
7.867723026263604e-05
0.00013889098831660926
5.745458214393568e-05
0.00022776254601530673
4.914201020686381e-05
4.871709328583415e-05
0.00018392961278332237
3.884049720783865e-05
0.0004126404541924815
8.888002879032165e-05
0.0003881922788537642
0.0003930572861153457
7.393219577467564e-05
0.0003528288383886473
0.0002772921770918346
8.08134569156542e-05
5.471614845520486e-05
0.00010239874336451813
0.0001699750777807724
6.889020372286914e-05
4.9324058253366904e-05
0.000172333286244251
8.148084123731558e-05
0.0001903514936240798
0.00044130745669186916
0.0001802765933664627
0.00011481735336351982
7.335239383349343e-05
0.0001055975985483206
9.599489470351671e-05
0.0002070517169729945
7.978202064940734e-05
6.315287471557118e-05
8.513918880183822e-05
6.281472422622723e-05
0.00014887905627358183
0.00012114430084395671
0.00010877837487925381
0.00010346453030074902
0.0001716434158434432
7.630525386848153e-05
4.554261503600984e-05
0.00014712608135826792
0.00021112272700397273
0.0002825492148139739
0.0002475695889081136
4.15099245483915e-05
0.0003395132033379139
0.0001224226638291128
0.0002562252698061584
0.00032249811102193644
0.00013061213224643025
0.0001448169516711367
0.0002313709655672599
9.060463150432002e-05
0.00010391509203977597
6.155111189254114e-05
0.00012996931712612345
0.00019208837194692257
3.340937512394834e-05
7.681961684378132e-05
7.367728911031707e-05
9.627248486994803e-05
0.00016758576926893313
0.00012828199088027128
0.00020645129698339154
0.00022635928652728059
0.00011494737298563143
0.00027456059562528046
0.00023999481873251374
0.00011425482359521359
4.0162835623161675e-05
3.676590535626821e-05
7.88898696863537e-05
0.000107245384069313
0.0005997489210665084
0.0002973638696990634
3.8876908059143116e-05
7.0827898197642e-05
0.00010785781430832011
1.9676346680732223e-05
0.00011379080812783504
0.0002952689302701454
0.00021176548080234785
0.00010260685649878443
6.830073276006444e-05
6.567063645891431e-05
8.267048486001385e-05
0.0007634995540875218
0.00016238720613968228
0.0003779244213480117
0.00043970486229185664
0.0002750022051976524
0.0001595912260795215
0.0002468350591283097
9.451852818169583e-05
0.00034420797191014716
0.0001996002774655742
0.0003745679721432331
0.00027105083907351927
9.845302595678875e-05
5.902860162624536e-05
3.0420303796745857e-05
9.682975579272782e-05
6.59600018624436e-05
9.838625840936143e-05
2.075009381453019e-05
8.340506199722381e-05
0.00025136009336026966
0.000551058556728792
0.0002151910554677615
5.1421461063037976e-05
0.00016848970241591704
9.424586715105419e-05
7.623614887154334e-05
8.290375843700735e-05
0.00023750364986762444
0.00014103123667429888
0.0004299419707328026
8.397482601651287e-05
0.0003215619863404224
9.560108794595528e-05
0.0002653788022403577
0.0004845875710987066
0.0004129529663718843
0.0005706539408089587
0.00017838692597373724
9.914735440823046e-05
0.00012230115219063808
8.372590647314614e-05
0.0004938377018877746
0.00037422024916729875
0.0001370023441845416
8.584268767183766e-05
6.109253230624779e-05
0.00010538116460388212
0.00010908476661184562
0.0001235387683898897
0.00013758847174985233
0.00012212008165156014
0.00023282028301384593
8.303440380395396e-05
0.00016710880609336771
0.00019226608577400706
0.00010887518920070227
0.00012500566784992787
0.0001338480819801791
0.00027683940261152194
0.00031605458623874507
0.00021588042140559933
0.0003875787859340247
0.0010557922470808296
3.867119525783517e-05
0.0003997873963563373
7.297750855576982e-05
0.00010833948238956118
0.0001387784165873335
2.5835612080673444e-05
8.689563233033767e-05
0.00012378001034138615
0.0005005486827436498
7.253733602354758e-05
0.00035805587738990614
7.086522219714204e-05
0.00018762091726432084
0.0002005326241071351
0.00030037834650514545
7.162440885871151e-05
0.00019705429210561986
9.839546435576686e-05
0.00012693794357278589
0.00020427323507136273
0.00017716211955642988
0.00015481810801674272
8.2259921107115e-05
6.276326799046716e-05
0.00035467010682289923
0.0001750824926544289
5.7496670923677515e-05
9.132541715059068e-05
6.122954755213297e-05
8.207178495029357e-05
0.00020744358894450877
0.0002037433584635205
6.857318115132354e-05
0.00011717644576853556
0.00016597416502516185
4.5955275524698607e-05
0.0001397529172248402
4.8518414746134245e-05
0.0005000799509023819
0.00023333765321301787
9.151764756061975e-05
0.0003186003123860774
0.00018963408314925814
0.00012250752127373557
5.891132361148604e-05
0.00032019951025046017
0.00010064802021943716
4.0330741947407316e-05
0.0001465019590672283
0.00022892043384920954
0.0003579511088953309
0.00021329416225224974
4.3067817693634204e-05
0.000151115859935882
0.00015659883722735839
5.2409241328235254e-05
4.076962266856308e-05
0.00011142402312339951
9.129397336061384e-05
0.00031495240430744247
0.00012139795317612596
4.3086283816704067e-05
9.683343472752431e-05
0.00010194739495789989
0.00015812804879354795
6.84167976860358e-05
0.00011861336425841737
0.00014845354768438997
3.051032402617869e-05
0.0003525357845219913
0.00011572823219910855
0.00010890893401715918
0.0001285959769084904
8.877482240996813e-05
3.788177137736402e-05
0.00018910827766022644
8.163873409820588e-05
0.000420727610071562
6.820465663671527e-05
0.0004873328278404207
0.000760427232605253
0.0001797564927716477
4.725221764761416e-05
0.00015585623562422798
0.0002534939320156567
0.00014836189003204233
9.977210587121738e-05
7.191822043657306e-05
8.22128812368975e-05
0.00015579303636750763
0.00017396340635697564
0.00016326744690445835
0.00015810304321872129
0.00011626156593094594
0.00035460736717357513
9.016537851765861e-05
9.634698830433075e-05
0.00015321875885657447
0.00018603199422715595
6.111291884158463e-05
5.448263084717357e-05
0.00012504055271130197
0.00018729583450896326
7.031298483106322e-05
0.00015009206346930308
0.0001077935847925332
8.050199489056905e-05
0.0004825169741004045
4.411619033943465e-05
0.00013888555679842534
0.00015251646495831412
0.00011546833520996967
0.00013402644951824707
0.0002123074511529827
0.0005262252733976893
5.219117987129065e-05
0.00011478831772492829
6.483434577478864e-05
0.00022521740151461146
0.0002072961573348891
0.0002257772818667121
8.766878376812787e-05
0.00014233075106137173
0.00012201194938323897
0.00015026488677203574
0.0002639541552688542
0.0003767187045785991
0.00016103748004809939
7.475569271331512e-05
0.0007197215386265073
0.00016046837381534078
0.00028693040208673594
0.00010062313295520302
6.7996227952146e-05
3.6474460815057604e-05
0.00010127741054133018
2.812231579710857e-05
0.0002252740793694648
0.00017663089432742166
0.0001143690318577204
0.0002502403400629923
0.000139272149381125
9.307708565557816e-05
8.221145383770762e-05
0.0002543426694994799
0.00016230627697021483
5.328597809824292e-05
9.829059034092372e-05
8.740494714229606e-05
1.8868563481544834e-05
3.892056519244044e-05
0.00034569802501747943
0.000178235584809083
5.4494367200977426e-05
0.00032356709338255335
0.00016363150291118456
4.860750432034012e-05
0.00012170956260008944
8.470352027005208e-05
3.98108423646558e-05
0.00010264487702809269
0.00010214910574835816
9.550185208332356e-05
7.430039519314679e-05
0.00014763760658726427
6.373018997173528e-05
0.0001297682023765844
9.491636829933538e-05
0.0001609882751960229
0.00011428646180263161
0.00010960551531450255
0.0006305884694109867
0.0001460212516653839
6.908385717206422e-05
9.862122752917935e-05
0.00032022377624513193
0.0004461598580630448
8.062714131177891e-05
5.292713292847455e-05
0.0001058747619078877
5.7543173740030305e-05
0.00011132489506543707
0.00019186904675938226
0.0005717382467484439
0.00012663392354858122
0.00012909072374016713
0.0002083906887251448
0.00016045097941966085
8.274610226103502e-05
0.0003138511468481101
0.00015235554507578894
2.0473335533441213e-05
2.287753574533339e-05
9.482916389684703e-05
9.410395458511853e-05
8.544585543012609e-05
0.00025053518646687327
0.00016458410312711284
6.497349600957284e-05
0.00012254527804809646
0.00021091849379577894
0.0001167889057915518
5.036955483410606e-05
9.860206755686248e-05
0.00038454043858942384
0.00013953410343520647
0.00020431159844219168
0.0001221530545049652
5.658683876267573e-05
0.0001150957100605463
0.0001186222099596208
5.413691065739501e-05
0.00010682621104721965
4.96683712939612e-05
0.00012018213468430017
0.00023242913505714004
0.00010631423810680199
0.00022370090679056526
0.00024134565576214417
0.00022146959097422435
4.9259599623126614e-05
6.436840835626661e-05
3.6310663008738205e-05
0.00026961749296391073
0.0002836487959151681
5.3592202582850876e-05
0.00010452129714268341
0.00017299348877007381
0.00029105314823271483
0.00018259626789979367
0.00010756869140297555
0.00010175272003400479
5.203227461632198e-05
0.00016007175522880188
1.918531526572768e-05
0.0001530340152855512
2.3316090421563214e-05
3.9192858582610424e-05
0.00015261097604824726
5.121372659741299e-05
0.0007447491854754863
0.00022765623699255578
0.00012110576473315817
5.4487991159606086e-05
6.042698534809677e-05
0.0001654582674277996
0.0001545718154170281
0.00030185609189402514
0.00012566472889575503
0.0002743070517110679
6.660595767704346e-05
3.316106532094974e-05
0.00014816631318527272
0.00012394752258639572
6.91699791001951e-05
6.750737619337473e-05
0.00027164406772700893
8.17908848171215e-05
7.420741167593282e-05
0.000334274727549713
9.974334886279776e-05
9.521414265578459e-05
0.00017031120991998808
8.519244140653481e-05
0.00016573929358068757
0.00023287573578047706
4.27320700936043e-05
0.0002636030672854996
0.0002984234462470786
7.302104825986242e-05
0.0006378816386284362
0.00015189969681724964
0.00013359435812799366
0.00012178659015495696
0.0003389361129891032
5.522287318605433e-05
4.6052864790527104e-05
0.000280392353179783
6.43579675464131e-05
4.543937365667365e-05
0.00020179411250534736
3.606736497430063e-05
6.896929456879534e-05
1.631157176754843e-05
8.806375358743224e-05
0.0005190160504647864
6.49578855822742e-05
0.00011284055356372039
0.00011239414679488203
0.000255134914738548
0.00017052318055728343
0.0003071901518546975
0.00023160964664177037
0.00023890093450279487
5.0601219532430624e-05
0.00010413699509919969
6.12190186085466e-05
6.835575923195731e-05
0.000278460388699945
0.00021841423686595662
2.9325487242471337e-05
0.0003194337519082054
7.34045942287035e-05
9.592543029884278e-05
0.0003009896551709023
3.999412380093023e-05
2.6311817459791467e-05
8.646367869053026e-05
9.289956975041649e-05
0.0001857703125660939
0.0001532393724172895
0.00019538429976279493
0.0001339498238109016
0.00012911313038504226
0.0001776465619836072
0.00022755621019583677
0.00010649693094306468
5.218187578320059e-05
0.00010131862370733099
0.00014058026788135622
9.804410582811752e-05
9.244520563848163e-05
0.00017178832385154796
0.00031813649400072683
7.010019399159712e-05
5.962449026984271e-05
0.0001582883275055049
5.36871407748657e-05
0.00010923278082682022
0.0003110834993708693
0.00012488485672731373
0.0002707183459947259
0.00012256419499535504
0.00029791141329214333
7.764243246282208e-05
6.467538481096391e-05
5.539671867325987e-05
0.00039875470242466344
3.206340687139115e-05
3.369298579365019e-05
0.00018937010862285568
8.121422643398879e-05
4.37688056270002e-05
0.00020236279094214531
8.82130468892768e-05
7.58617196208122e-05
0.00017909553769554016
0.00017355542905475382
2.6438805685963997e-05
0.00014622520780146152
0.0001490701474991285
8.524252628882222e-05
7.707654675607579e-05
0.00010295674146551279
5.0960175706539284e-05
0.00027151891261047395
0.0005725851316579878
0.0001939956641028244
0.0003099135655111536
0.00014136983046735276
9.060487308806678e-05
0.00043264705264580187
0.0001854393024123842
0.00010847884699105752
7.032494215304183e-05
0.00018405057592939342
0.000548330650013357
7.053116757943261e-05
0.0006703567663152917
0.0004096130231970342
0.00010816739985522842
8.005983281902296e-05
4.599668065932692e-05
5.107304079984024e-05
8.778554880579978e-05
0.0001000332746365879
0.00041439514554463805
0.0005079996865152792
8.644081559793922e-05
0.00018882617432270895
0.00014228186431260889
0.0002319089960407902
0.00031621848450600465
6.441096023988446e-05
5.5711495515360856e-05
5.9786570974729594e-05
7.603739120812251e-05
0.00022278224110411002
8.238900945546163e-05
0.00025062529515433915
3.085290354126939e-05
8.964584104925879e-05
5.1587343160071694e-05
3.984836641421472e-05
0.0001218585195416191
8.296240930709215e-05
0.00012813054170374952
8.339334369678243e-05
0.00020810282366098788
8.713898089750903e-05
0.00010143980631709907
5.16095055343084e-05
2.993833995188085e-05
0.0004405947026039803
9.032594397456276e-05
0.0002305425595567677
5.654951342556542e-05
6.630621710941119e-05
7.278208432601414e-05
0.00011063670238365596
0.0005090492179171981
4.71235226213803e-05
0.0001016003633098136
4.401187673323094e-05
0.0002895419054900761
0.00017729394909380151
0.000188765651828559
3.3262900473112675e-05
2.464951310738284e-05
8.39366517221779e-05
6.257195345127813e-05
9.653811960796908e-05
6.760885030380994e-05
0.00010775405785645032
0.0001038083345118979
3.02318655970997e-05
7.689512286002096e-05
7.825169679303856e-05
3.3420118482022616e-05
0.0001252575506338469
0.0001900132042518175
0.00012571544358518777
0.0001935809795272248
3.864357370368073e-05
0.00010780063204827794
2.464202820976916e-05
0.00045747328517519657
0.0002725487178653532
5.541665480000647e-05
8.921648690856952e-05
0.00012496852373628995
0.0002671074562577421
9.746248460373848e-05
4.0328881352143744e-05
8.744307525494013e-05
6.615277126702233e-05
0.00011470319701182778
4.297893584215734e-05
4.7535042764617854e-05
4.61449489340637e-05
4.8381078331441786e-05
6.109533420986678e-05
0.00013164265921067317
0.00019314251562616355
2.828072542310797e-05
0.00042963607526696644
0.00026311191192243606
4.930987664500952e-05
0.00019335514694235808
0.00010357472580127717
7.302182215749666e-05
9.47169890369278e-05
4.449425646934788e-05
0.00022956983271985403
0.00027744617403558996
0.00030613638648903634
3.242656461906925e-05
0.0005007178021877591
8.964470503000634e-05
5.38516393331512e-05
0.00019231594462201082
7.104388708987862e-05
0.00017335483744986084
0.0005685891170299556
4.2139032118304975e-05
5.6957683902270756e-05
6.793167855771164e-05
4.814920185052753e-05
0.00021701550085804783
8.327338085135015e-05
0.00027573188605203343
3.9769527869553195e-05
9.482328033377079e-05
0.00015608291384528556
8.06771823961392e-05
3.2774228154724404e-05
0.000339681629334652
7.755666972537005e-05
0.0002606915828698169
0.0002054949220350961
0.00011394781005855617
5.3599220520165984e-05
7.983421041336037e-05
6.592474970974403e-05
9.204230184624544e-05
0.00013319174207573182
0.00014956635504099195
0.00016942208394627383
0.0002573064253776384
7.31729993205868e-05
0.00010291473190400665
5.085317569692842e-05
0.00024203867427913822
9.81685745828919e-05
0.00037868366322725187
0.00011149816505451684
6.107416430255591e-05
6.582148849760016e-05
8.848348752404491e-05
9.579843921311863e-05
0.00013142965949184958
0.00012355853641685151
0.0004475025211942353
4.15897966771274e-05
0.00015326345138744118
2.314760711295837e-05
2.7196181354929895e-05
6.090451968755968e-05
0.0001255894872897447
4.911199231579252e-05
0.0001040350355144453
0.00024002516110226761
0.00015970893386992927
0.00016564309210967946
3.8767400636173566e-05
5.8255625835664213e-05
0.00010601592944212383
8.818201400714496e-05
8.21279807862211e-05
5.065769546197092e-05
7.76122891206452e-05
6.2299059922218e-05
0.00024099135104636773
0.00011138421163832872
2.6439306325894896e-05
0.0002692473374709912
7.286628330142295e-05
5.1156979387021904e-05
6.541370417942375e-05
0.00017933737511662226
0.00015017039801434995
0.00032373803773310403
0.0001366091718139683
0.00016437697918379325
3.889177102977377e-05
6.770978497352357e-05
0.0005613865098554697
4.16576474851058e-05
6.878200385515637e-05
0.00010502400506293873
0.0001478320908048836
5.317936696299008e-05
0.0002982081061361002
0.000255628288598599
0.00029387458609755613
8.94466664497251e-05
0.00012842135327469396
0.00011419187589710514
4.134178583224768e-05
0.00018889960182332655
0.00019453082306184486
6.888106079244343e-05
2.5466081270893447e-05
2.0770762751633047e-05
4.693853644723201e-05
2.9482851543321957e-05
3.88700343649931e-05
7.615349616683203e-05
0.00010466920824767428
5.497042026859145e-05
3.473457219823343e-05
5.755434580718474e-05
8.76234951774267e-05
6.407835545639367e-05
0.00011378224340613256
0.00027493736834377085
0.00024348289858677226
5.79961929694574e-05
0.00015657451260622153
0.00013772173696688245
0.00020933608814965282
0.00018193022181844535
4.370170320424814e-05
9.340023938691268e-05
0.0002718556647248807
2.9641678520629483e-05
0.00031983940466966994
3.758648195818462e-05
5.33687950003968e-05
7.518786523559569e-05
0.0001534460213901627
0.000124697476784529
4.4779532645098044e-05
3.71526689859995e-05
8.839598798128233e-05
5.361983627339585e-05
6.892506424705523e-05
9.10542139508541e-05
0.00016990062880573026
8.758964541857742e-05
0.00011913294542271602
2.713553210998667e-05
6.90795345982677e-05
0.00019135211348397704
7.602385256597989e-05
3.985366003892613e-05
0.00015606665262688134
0.00012944149295688435
4.7189020300326685e-05
0.0002352764798772711
6.502355347166703e-05
0.00015823137548538115
0.0002712321934957534
0.00012542724194035892
0.00013884905986514078
0.0002884053018609984
0.0002254757521147436
0.0002592173857030464
7.727826190106167e-05
0.00022133004847804327
9.076194590514429e-05
0.00013033162019789908
3.409335526914568e-05
0.00013321862740907722
9.219017047823333e-05
0.00010677095302404608
0.0001473670155195955
4.952606491713372e-05
4.213126242713196e-05
0.00023308090431614227
0.0001297150818702313
3.097643758054926e-05
7.3457455612449e-05
4.648846788942041e-05
5.676709557302427e-05
4.0999031509466956e-05
0.00013206421837669052
6.621875155696325e-05
0.00018122764265150133
4.8680686113096935e-05
7.15792641815178e-05
4.2541791883177654e-05
3.616133909888764e-05
2.4976688098843803e-05
0.00017021367429879774
3.409938105957797e-05
0.00010305363407347248
0.00012219949856054547
0.0003520558846656709
5.8982256816985916e-05
0.00015441814584374254
0.00010708485968620126
0.00010583749085804446
6.832668897702669e-05
6.152378273265013e-05
5.381752968957068e-05
4.708242367638204e-05
2.7710300420461336e-05
0.00012025725065141272
6.216542373128834e-05
0.00018617252570362304
0.0001641346798556444
0.00012139639584980546
2.769680473632158e-05
0.0001242883180326888
7.269691220691097e-05
0.00018639598656239946
8.699109281990207e-05
6.129169111149723e-05
5.1307778225059e-05
0.00016678060029776795
5.657308001159742e-05
0.00014585837351547922
4.26284262876334e-05
9.992148638909273e-05
0.00016639153545828966
0.0002729367315145004
8.701357639365679e-05
0.00019534729305099754
0.00017334587654946955
7.095850881775387e-05
0.00014472099694112667
0.00011461467475579788
4.0817633907755666e-05
0.00032534080242687465
9.625758311799471e-05
0.00015220802371248852
5.987029511667272e-05
4.836028057172545e-05
0.0001867624071262534
8.250761701211835e-05
0.00011790268844151974
0.00011696291176811639
4.449850242501992e-05
6.27451801180976e-05
6.256118918800966e-05
7.69085180980573e-05
8.859262793414e-05
6.721603557439994e-05
3.155776293584653e-05
3.6758019133441037e-05
0.00021825607160602155
0.00033428142719992525
5.7749564018811065e-05
0.00023213054418963554
5.768913623421137e-05
0.00020282561390402856
0.00012201050695933776
0.00017933879735443692
0.00013453318346582307
0.0002707959180648331
8.171417637534727e-05
7.997156929231199e-05
0.0002115718021382638
8.936361830226672e-05
7.466874728968705e-05
0.00011160150563407758
4.170159957243328e-05
0.0001496303144415764
9.075578270803331e-05
0.0001351969107265678
0.00011449138345855706
7.988972167217001e-05
0.0001380804574022605
3.8680316968619675e-05
1.812196072132581e-05
0.0002208891943036349
0.00015369562994438902
8.845249247955961e-05
4.5952538684772824e-05
3.7269292361920594e-05
6.848488907934975e-05
8.401490814314402e-05
5.54368190198053e-05
7.988345005440177e-05
0.00011758759685576313
5.0792079676761714e-05
4.405067956947081e-05
9.033402820813107e-05
7.594641092981099e-05
0.0007232842442593065
9.778443470356481e-05
0.00014710248541532572
0.00031177026769538664
9.888371806715266e-05
0.0001454117992475871
0.00015970522247652687
5.895221377242506e-05
4.57019966489042e-05
3.212283472629423e-05
0.00014294637450777277
3.5341149942374095e-05
6.186148133282548e-05
0.00013593855385254762
3.432891983242707e-05
7.439315658219508e-05
0.00016175106666474392
0.0001521371713521608
6.334365801134046e-05
0.00011860208413623762
7.555879099868857e-05
0.00016542685916994576
6.906168805608816e-05
3.7218260174651044e-05
0.00013834785774526778
0.00023865673202247734
6.416290555823015e-05
5.384334912218469e-05
5.948633150082751e-05
6.457841763394088e-05
0.00016622228765536464
0.0001991252026165482
5.069234094049372e-05
0.00013575578671251945
8.578344343930706e-05
0.00014329768686198604
7.480887765832853e-05
4.564536833181246e-05
5.0771528580278714e-05
6.24145881527657e-05
0.0001142711303300913
8.776674704095434e-05
0.00010405578284211758
0.00014545698992604427
0.00013174397879785202
7.327523416778589e-05
3.566890711772831e-05
9.132815956019869e-05
0.0002774883239800349
0.00011460916530066466
0.00012518348068180885
0.0001688086713961031
0.00023440070944161898
0.00033658382687177027
0.000207531802634877
0.00027951366714935004
2.3886180570195608e-05
0.00011640920896096511
3.7234950788537294e-05
9.549871475229979e-05
0.00040964271003389896
0.00018264261977930172
0.00012394113624726396
0.0005311202712477873
0.0002397470470944986
0.00020500820115431563
7.73250926428259e-05
5.27429911984079e-05
0.00012878415269852408
0.00010459834833861506
0.00014079968880049496
2.9470863222723324e-05
4.1116622056235634e-05
7.626581103028213e-05
0.00017190599400025697
0.0001743075020668281
0.00012330911530848796
5.2146687081569216e-05
2.4028891201507324e-05
8.61136951758674e-05
0.00013200520100400135
7.435565015771007e-05
0.00011192577740055683
4.074791765393086e-05
3.08052729126314e-05
5.112733906329203e-05
6.412857393477863e-05
0.0001216772452096604
5.9314190365324885e-05
5.99222477619085e-05
4.782903819648246e-05
0.00011108322572387231
0.0001255502046588662
0.0001497560831116508
6.537155408702317e-05
5.838034388911716e-05
3.342823431879189e-05
8.47089263111615e-05
9.041554889832753e-05
6.750445288303116e-05
5.615008659593267e-05
7.578254335710048e-05
4.563920149259646e-05
0.0001630806459655501
9.683849898420825e-05
4.6546503326928237e-05
0.0001465631583393948
0.0004552792801249249
4.9491824304538626e-05
9.552283407460398e-05
7.758901954352578e-05
0.0001577727524496947
7.28654016300603e-05
2.5141065408595453e-05
0.00012246508064218587
0.00016870820768584449
6.0073225068142745e-05
8.467216925528453e-05
0.0003122597599307436
0.00029171275651382474
0.0001310180888683555
0.0002992164243354321
0.00010628990582191955
4.2333171021810675e-05
5.926168454097431e-05
8.909904114454062e-05
7.101675189181076e-05
3.8431785891078714e-05
6.021606973872975e-05
0.00013866851378183036
3.705832467247623e-05
6.675132666928155e-05
8.794117122659252e-05
3.8539404177411454e-05
5.731815443880615e-05
6.122609975768821e-05
0.00012027540887802066
0.00019615420798112132
0.00030373513043163887
5.236923894105311e-05
0.00010090594667708646
8.988541533624909e-05
0.0001410463665751361
2.6158526879448388e-05
0.00015063127517042955
9.450146223881043e-05
0.0002340809989633361
9.002030387273544e-05
5.611015349333663e-05
0.00010955484233506627
2.825279462640622e-05
0.00020754981339395195
0.00010180727571625246
8.770257771323532e-05
0.00010602439229256997
9.173557168705357e-05
6.352230841066329e-05
3.100539316750267e-05
0.000111443763305004
7.475977086705645e-05
0.0001373715406637442
0.00011439552881629971
9.830587354192742e-05
5.920770000222887e-05
2.8548947867732507e-05
8.623712179977825e-05
0.00018273091289183562
9.850512792375063e-05
5.556489308315742e-05
0.0002705000847675339
5.2233035263151224e-05
4.5152365477906806e-05
0.00011190868260594796
2.8447376343730804e-05
8.070468550576122e-05
6.528999818744624e-05
0.0001292739960147891
0.0001216537579495481
3.505742577729442e-05
6.955186437513836e-05
6.119866511749472e-05
5.278079235763476e-05
8.904322463021851e-05
0.00010444198391901332
0.0002025176993760163
9.878772915144876e-05
7.585259068199873e-05
8.179797711144253e-05
0.000280750496731504
0.00012847565552453845
0.00012949885832375896
0.00033786130776636785
4.1999600834581804e-05
0.00012145057292613661
2.076526674248063e-05
6.54855153167613e-05
0.00011186249481456399
4.191013789496623e-05
0.00014562585184271928
0.0001353890084574602
2.6591530909954413e-05
0.00014768908100152133
0.00017617268786969574
0.00011362741474584636
0.0001807020072192054
4.0355687651617874e-05
7.548918100388741e-05
2.8023346679430195e-05
8.834714867936491e-05
0.00019802348730719823
3.26971036724404e-05
0.00018123570225124833
5.767471334225804e-05
2.096930615392065e-05
8.093917980019564e-05
4.286775964013029e-05
7.562848487445847e-05
0.00035777164090822276
9.816326336294033e-05
7.418550619913391e-05
5.320756282951833e-05
2.998453003042777e-05
0.0001034166219238247
0.00028738761267831645
8.896625547800747e-05
3.9100993467542805e-05
0.00011773766162635569
7.244173001368777e-05
0.0002456980940655267
4.844092156757818e-05
7.942420545093422e-05
0.00010551345994767182
7.389766098952462e-05
3.414981967484802e-05
0.0002796784264394842
3.882068462959332e-05
5.781411799393748e-05
3.893097557666511e-05
3.3423147694408524e-05
0.00011302555664858737
8.28736641431672e-05
0.000159760903580488
9.86928003673932e-05
1.899536944172373e-05
0.00011076545294625284
8.458594004805523e-05
5.098070053902811e-05
5.3164827517025255e-05
3.4886101027311494e-05
8.991064591323881e-05
9.014426688162696e-05
4.229765990212358e-05
5.399710579134752e-05
0.00022771578548803797
4.3510321086161547e-05
9.536390193204313e-05
0.0001014783469898052
5.108124665288856e-05
6.8959274878299e-05
8.0310010952869e-05
0.0004453021871913389
0.0004043566822404858
5.7132974738456096e-05
5.7721637455523905e-05
7.819464952111008e-05
0.00011501674596542169
7.904627552937591e-05
0.00016803756390691528
0.00010689415294312984
0.0001764971174015848
8.766857806615618e-05
3.074865041900725e-05
4.7001836159921785e-05
0.00014040307431457244
6.452733743052412e-05
3.804681343390781e-05
4.7733410063348964e-05
5.7789185156353525e-05
8.446352774714554e-05
0.00022614601166428722
0.0001023971235839563
5.3768751764742374e-05
5.18574543919765e-05
7.399670260976884e-05
0.00018313267095689846
5.460603171677538e-05
6.614157055986378e-05
8.092099265617668e-05
9.702974319196611e-05
4.064915020581227e-05
0.00014563063083452549
0.00018292541616596618
0.0002009259956057892
5.478571192176198e-05
0.0001761011939691071
8.10255934692947e-05
7.276785357417112e-05
8.305934843871059e-05
4.7589354991140875e-05
1.9470707066518936e-05
4.104012237924869e-05
7.372662782107432e-05
3.177032911947345e-05
7.17172792748781e-05
7.720533029931935e-05
0.00020192263918385693
4.424732229481742e-05
0.00015566461739256838
5.4235598793379245e-05
5.568011810895285e-05
7.423408678645909e-05
3.915233507664227e-05
8.508633859219479e-05
0.0001100582507494612
5.27229208217153e-05
9.078426394612825e-05
0.00010699278228830023
0.00041847606391174404
8.000238291105262e-05
6.450641915924317e-05
7.41226391824671e-05
0.0001744743938330944
0.0003184729506101383
0.00021931951623812283
0.0001316823962093898
3.609213770057689e-05
3.0076493539484442e-05
8.929220702729732e-05
4.0174968662562676e-05
1.947313509272517e-05
0.00019380343766399165
0.00014721940926918178
0.0001915399250355305
7.024790404471353e-05
6.790236664261781e-05
0.00014832587128546932
7.077471595309887e-05
0.00010519597250639849
0.0002363336391461585
4.905579728753814e-05
2.7460766042436124e-05
3.85214181380763e-05
5.816211021600632e-05
2.8058542709345564e-05
0.0004836230927522936
4.792129882388476e-05
0.0001717135710509906
4.042806323787802e-05
0.0001229758496728855
5.877687249128985e-05
4.392247300484566e-05
7.088014927385372e-05
8.761531485672237e-05
0.0004211421461110872
0.00015501166334510759
5.338574048679045e-05
0.00040584214816348783
0.00022134955555198267
5.490128404053466e-05
3.401907468444459e-05
0.00020043509646502848
9.66764137843528e-05
0.0003918625060090055
0.00010165155550284395
0.00019616853410203933
3.340527683022458e-05
0.00010899715084419605
0.00021502887436640407
2.425515569705031e-05
6.847079701474244e-05
4.037332619347518e-05
5.674389191482659e-05
0.00015558985440730592
3.612233901625897e-05
5.845721719671827e-05
3.171615532022768e-05
4.76721438874793e-05
0.0001404904457655302
0.0001059655559891393
8.89944475272984e-05
0.00010466887329660094
8.365184721898577e-05
3.4014862546716184e-05
5.221238640185668e-05
5.4141538113154536e-05
0.00020150326672126927
0.00019200824958930072
0.00019461063774714094
3.694726844313301e-05
5.3733390539333954e-05
4.591735610796168e-05
0.00015374255383047896
7.851952865518706e-05
5.371084767514552e-05
5.236520218705426e-05
0.00010283682821695334
9.221209445862819e-05
3.072298482709292e-05
3.8351165203899164e-05
0.0003125935040342846
6.459681250813391e-05
0.00018151327080588082
7.290472315408661e-05
0.00016626845608883804
7.713028726249031e-05
0.00013595863751242814
8.748574691299117e-05
9.670960743166394e-05
6.663935714716817e-05
8.127316292134993e-05
0.00011696549613377011
0.00012912283045442025
0.00014228818996532243
7.108206914310294e-05
6.148850188799373e-05
0.00010850086782556551
5.9835958610447876e-05
5.791121352784119e-05
0.00010372798727514314
0.00011586902552122656
4.3676992674416564e-05
0.00011997053951441054
5.785657762619261e-05
0.00014568858018006848
2.5518650566572424e-05
0.00026466870500345174
0.00012953714985099182
2.287978522599052e-05
0.00014583862046590944
7.19285692740776e-05
6.618016220020145e-05
5.6668325473078746e-05
0.00012293557739274645
2.953977870650961e-05
0.0001900078424493789
7.356782931683928e-05
3.662164697215617e-05
7.222679410751008e-05
0.00010827408761981199
2.521978428076164e-05
0.0001614719914765977
3.548482658197217e-05
5.5025445184904866e-05
5.4485842596900216e-05
8.787440061498595e-05
0.0001557166600044489
4.433744482283106e-05
4.5599572226498555e-05
0.0001377576261129501
6.380827050510459e-05
4.477355240290452e-05
7.249137846019395e-05
3.944313725230307e-05
0.00019708767023728774
8.064448917492706e-05
3.432608888146303e-05
0.000265905047672439
1.6155014564433424e-05
5.325977127643573e-05
0.00017761860581368653
4.7900633707589014e-05
9.051555083967006e-05
5.524636014646606e-05
3.786103122871858e-05
8.583965806874426e-05
0.000351865167047694
3.59996344104195e-05
2.3146299282590902e-05
0.00011211265507591867
5.0380886914537786e-05
0.00017178194923024177
2.921458118365751e-05
5.8311473525921244e-05
3.3077758631505247e-05
2.6035138079122826e-05
0.00010777390547060294
2.4260808070042976e-05
5.0407477915681185e-05
3.676390937440161e-05
7.820665688869779e-05
2.527331126136903e-05
4.445181647348727e-05
0.00012553816277081645
3.799008087087792e-05
0.0003527105095274126
5.5226625537387415e-05
0.00010557371710378018
4.6415795886627275e-05
3.7170573437572964e-05
5.6173746284509646e-05
0.0003367101807192855
0.00014077616219751248
6.998553286226469e-05
7.288546863627343e-05
5.902535684337934e-05
5.637010810625387e-05
0.00011500012389900824
0.00010416832884592913
7.761099876106945e-05
4.0716707918807235e-05
7.248289356365342e-05
0.00012204559134656643
8.384395206032418e-05
7.07945994452721e-05
0.00015996635073641324
2.8587657916244436e-05
8.012012861457111e-05
3.738736936520505e-05
9.723960391803987e-05
8.012783197411891e-05
0.0001452647998190741
0.0001946758291449066
4.9399141651335605e-05
5.2269853400427735e-05
5.841408281251791e-05
5.22901531035236e-05
6.128745670079689e-05
9.904651091683475e-05
0.00010125227828977104
0.0002320954006772124
5.568069458444574e-05
5.930489715285567e-05
0.00017134685531872043
5.68419178826253e-05
8.548248747692881e-05
4.902399955241062e-05
4.11636089785225e-05
4.6661761582538034e-05
3.364574684973264e-05
4.0992813186286534e-05
9.054004200083305e-05
4.342293813874912e-05
0.0001319584836556645
0.00015287740593024438
4.620309197292259e-05
0.0002458946286247983
6.997957878251298e-05
0.00029915695178188954
8.997773062875518e-05
2.7643228609746367e-05
0.0005590600254737276
4.375125752917767e-05
7.296352388256279e-05
0.00019111358798831673
6.648087603109058e-05
3.5449213056471295e-05
3.804084850154374e-05
0.00018536828593878203
5.0898839719323325e-05
7.915020934931096e-05
5.1210441545720925e-05
3.267919104184805e-05
0.00020233810626539537
1.2382160242971576e-05
7.354323182064673e-05
6.26016378820158e-05
6.893157537696712e-05
6.215276259914624e-05
0.00017043837812883063
3.454658405702482e-05
3.5490800961548294e-05
1.8745548932632118e-05
9.052957388855395e-05
0.00010114647414783368
0.00021698253735497394
4.700685809946638e-05
6.856741493178808e-05
0.0002992030346098447
9.951538395805144e-05
3.431636277553174e-05
2.8815514951913726e-05
3.271338744934596e-05
8.690794297694836e-05
6.073445643039534e-05
2.2478538629307542e-05
3.2478155530713745e-05
4.4974167853500014e-05
0.00010238927781779833
7.074001002170755e-05
6.231490399115872e-05
2.218855927757419e-05
0.00015175964496923086
2.6808548941444917e-05
0.00014122574876314944
7.711169670382354e-05
7.884621058796385e-05
8.655133153486982e-05
7.54692182091887e-05
7.168113602488231e-05
3.499946646917127e-05
6.24568516349656e-05
0.0002159917189912786
1.8826993723807213e-05
5.9544825395766246e-05
2.9633931825670775e-05
3.0220650456778634e-05
5.351415656093838e-05
6.455056091941637e-05
6.828698221214125e-05
8.654269173120621e-05
3.614975315905342e-05
0.0001790581564134917
5.564175652606217e-05
5.7120203297297184e-05
8.978239697797541e-05
0.00012195149847283343
0.00014395808399536716
3.837709043096576e-05
9.537515194557987e-05
4.60542639112908e-05
6.950799732333246e-05
7.470287598549422e-05
0.00035441719941062836
4.4508542132752476e-05
4.265622587676691e-05
0.00017148384249102985
0.00011186048836864297
4.80951170077704e-05
2.7618901428134115e-05
2.8340504797409968e-05
8.169529442436763e-05
5.621976908281553e-05
4.5647342737408284e-05
0.00010897425923291673
0.00011275305760962593
0.00015960640566524696
8.186230206589551e-05
0.0003363067024054264
6.338889416783802e-05
5.2431222088192305e-05
9.694050863851209e-05
4.1368834893383385e-05
8.725605384917831e-05
0.00021866334728527296
6.381037533854391e-05
5.237619330393047e-05
0.00010934702601716864
9.007536961362987e-05
7.526997003143812e-05
5.938264801983008e-05
0.0001077810423817137
9.670695018922902e-05
6.966363827530381e-05
7.212190890430311e-05
8.363853082442002e-05
0.00010509423329621096
6.053981406796717e-05
8.251680704825127e-05
2.1211209253390925e-05
3.801883391313872e-05
3.335986187128702e-05
5.206457071121783e-05
4.281422367845479e-05
4.233765228006673e-05
8.447777115049292e-05
3.739536535020953e-05