0.08267573108985352
0.028520058323802784
0.025898106732127835
0.06636719324247493
0.05223302592251784
0.07458777206346277
0.024817546219592205
0.010625283780356105
0.030756547539059154
0.08034917742655767
0.04703605490394418
0.025568475201327764
0.015531496087444628
0.013966347495535276
0.007072710323581182
0.0024169189040992166
0.05900471319374629
0.029496077975751527
0.01301341183834736
0.011438985924993558
0.018016211493039783
0.008387435227813298
0.00919095128827685
0.009733757936672421
0.008533268062088956
0.024123231936725314
0.016755149681683956
0.005051319162524109
0.019740413284357775
0.008405928511904918
0.0130197404773327
0.0038784048435821557
0.0070847432244081935
0.017949394054512142
0.003445599140479046
0.005043003637479988
0.001611171218329065
0.006122368243155222
0.0033322477793365324
0.0037088855826247664
0.021821127327497067
0.010416774980494807
0.01927263650906867
0.009714905344576915
0.0018676873889184162
0.02247284262090962
0.017439150766889372
0.00458342138693403
0.0030186199935579236
0.006652279142935094
0.0029805094615749654
0.012844334835045932
0.010671926129216977
0.009306949997406219
0.003601134063218464
0.002105195039538877
0.007353725430993865
0.0002221624373391337
0.005866580958125705
0.00791018122962324
0.002873416329909124
0.006195633194878384
0.006161883524482253
0.0013401389411860888
0.0059397498863318025
0.00814002085726427
0.002533075235555809
0.008042715090725155
0.0017350026794917975
0.00465858499351408
0.0020283250817707153
0.003080189647768553
0.004021776205818768
0.0061417886543026195
0.0030294913877955036
0.0031202095207102506
0.007569860591441752
0.012677727034700745
0.0026039024627563484
0.0014933031936573504
0.005364111031806227
0.01025265475374906
0.00785822933681798
0.004234989986566244
0.004298003310857715
0.003029269850699146
0.011487881075447955
0.005126683594199109
0.002621201746750272
0.0029628470168512567
0.005173607059800468
0.0013479803898854606
0.0012305866289821857
0.0036922547072467515
0.004099792929989072
0.0036920332503488657
0.0034880063595131515
0.010735721174818988
0.006101993737058394
0.004192381854037937
0.008280940914884884
0.002400263862081666
0.0012368015862876131
0.0032878484321684463
0.0063839029547218245
0.00193492690661931
0.000560357928582648
0.0016285057925592569
0.007409279082833643
0.002388895081605584
0.0035666530616462106
0.00541532006936673
0.0006685584135070885
0.005289099503567482
0.0014685553744425764
0.0008984888284922376
0.0019052202189120354
0.00271950298316544
0.001998861082834513
0.0035509767072473045
0.0010632071993221224
0.0031553536396573038
0.004756875898149276
0.0014161907119133181
0.005286765752867064
0.0008764827984461626
0.002668365447675079
0.00398754226790347
0.0047446160975951794
0.004033469895731958
0.000982390167886285
0.003312050066917604
0.0037029872936134613
0.0014338973623010069
0.002582649292003521
0.001818603233149053
0.0006056511339665641
0.004566741119462836
0.0020937977102972014
0.010201487713767696
0.00204817281340405
0.004783932474944924
0.006082501020162684
0.0016184390245826904
0.00634107483687618
0.002003395338052896
0.0012829081265873015
0.009077776961512251
0.003477632792908246
0.004207607356439224
0.0009140203813760774
0.0017083546490158385
0.0015906073576208352
0.001058011266062624
0.00330283310819388
0.004563616518638975
0.0014169894405996182
0.0010768624123811297
0.0011444488545457362
0.0008665499701096399
0.0006683739183102901
0.0009759455004637064
0.004779877419449975
0.001639487198783488
0.0022240908062847275
0.0032247423774738057
0.003225400903673435
0.0015456143355159371
0.00040888743610630475
0.0006304076380629184
0.0021950410645147902
0.00047942864254273067
0.0017888895280854713
0.0034209844294519794
0.0011212426582460156
0.0030937967755829453
0.002210869222532047
0.0016267290925939973
0.001076156633836713
0.0016763282099900546
0.0028409080567032793
0.0009514209095097426
0.0007305454989739599
0.002749408664255471
0.0017933827332444435
0.0018642073695823256
0.0008118047748718809
0.0012956592942843623
0.0019677963724928
0.002477509410842093
0.0010430227245071405
0.0010515044396676707
0.0009089626841527283
0.0020709650336802653
0.007314189607901778
0.001399027196455847
0.0018245411825181656
0.002231700215695601
0.003450669982305942
0.0017446041930546758
0.0007558676359933763
0.0009138924753284669
0.002333069724159015
0.0015512751920593764
0.0005221278293886642
0.0007374723956227216
0.00017435568720433893
0.0013153887947298876
0.002042350310188067
0.0010368477245558973
0.0004958247201019359
0.0034521336615330393
0.0014825551672177897
0.0013588878109162678
0.0005652274277840645
0.002181214584089713
0.004629953479877785
0.0021165805199222097
0.0020485288471348904
0.0008599219703242521
0.0010820327661901585
0.0006663730852584317
0.0016168536739434047
0.006088283202721615
0.0012120285658317733
0.00318642567409341
0.0022102608147402153
0.0032598650402477867
0.0030708759694377838
0.0006199714795884846
0.002040989458421842
0.0006619615241508359
0.0004120621022159923
0.0016556788570275397
0.0006959143883531614
0.0006352758516738302
0.0008633157940041451
0.0012630152711144206
0.0019384168505778014
0.0010177079751738755
0.0005773721463687294
0.0034935926214283357
0.001633507293615072
0.000876207886538958
0.0033555545396564794
0.0027769326116312905
0.004014485440479092
0.0014479547297186256
0.002927720219059889
0.000836523578857456
0.0005252311476531851
0.001246124034266197
0.0008454383583668659
0.0006062309198197283
0.0018170244654272594
0.00024235436810595052
0.0015529211965990483
0.0012379355572525658
0.0012977068867232246
0.0021178022456976348
0.001785994014916899
0.00033048536391026243
0.001251376214687719
0.000699297329534055
0.0022479998891730153
0.004140499830513838
0.002948650283284747
0.0004159161026966831
0.0019843639832871937
0.0023724655200991532
0.000696935358701188
0.0012374098313332083
0.000808178762744697
0.0009765142835925944
0.001254587974177405
0.001825734843481425
0.001117909910155427
0.0012947057610205313
0.0006964708989534894
0.00053207828598076
0.0037722937272869172
0.001344597533773396
0.0008281786785139997
0.0002112956356345807
0.0014478848153275164
0.0003657064859998673
0.0010848485273082086
0.0012264698275211454
0.001884582926673221
0.0023955594076520235
0.0021833230472066453
0.0007799783272093457
0.00044197629552346595
0.0025215835040299684
0.0020804042850220716
0.0018284820908280879
0.000482541144401229
0.0006282278105280353
0.0022771262177740427
0.0008284825871910597
0.0006083643173032156
0.003015462297017115
0.0009265312400638577
0.0002514545207527039
0.00040697618867846573
0.0017036210367782079
0.0004866537100697007
0.0036448162942186416
0.0020417609749892453
0.0031419498731403315
0.0009885918531989835
0.0010643258332607931
0.000556941622821386
0.0009580855347790949
0.0015749604747134476
0.0013404094447553344
0.0005425429015847963
0.001090106614158458
0.0005774723154091161
0.0004275277464223793
0.002008784790177855
0.0012153313326182206
0.00020089565785176528
0.002264307801158873
0.004350543386927993
0.0013526329206044005
0.0007909843475257097
0.001622135951176098
0.0020522069349340226
0.0017830039464294468
0.0004188384977250441
0.00135165286923155
0.000923985315253136
0.0013613513754187744
0.00028336003696266554
0.000631238692797728
0.000569322437606242
0.0011595366868039523
0.0029417001723223636
0.0013915811935373142
0.0012610611671672455
0.0005315456231758646
0.0011437740569103137
0.0011899725874171497
0.000825636863422235
0.0004812436472390474
0.00039207141196780174
0.0009923015337496492
0.0010495608372272291
0.00038234701898922117
0.0015043909633471657
0.0015870820204402225
0.0005450835094452434
0.0007821796923128207
0.00030509340119635976
0.0017155403033287631
0.0038314090517702166
0.002511017469499449
0.0014733373674908107
0.0008305375638647413
0.0013522652390860763
0.0005253267486091316
0.0011464042617109233
0.00033687203867148946
0.00030849780256398215
0.0007669134212475232
0.0012162635394575997
0.0021349814497216343
0.0038173404897948147
0.0006799930055603361
0.0007340338434270574
0.0016577627384099828
0.00041553509370783953
0.0014226012458820054
0.0005936674809288542
0.0015491116279919964
0.001138195725960686
0.0007790710769328559
0.0009025674645978439
0.0003784390376120889
0.0015713770858915117
0.00045899517391066757
0.0004557356186022705
0.00022999428698820235
0.002201527630138852
0.0009804698656048546
0.0008826401508324401
0.0003921474030370346
0.0006669359679798731
0.00048448724587606915
0.0007701512355129746
0.0004808765483491166
0.0005228034525422968
0.0010265426675164285
0.0007367134017234036
0.0007059076367764706
0.002718229524493605
0.0011396795251669937
0.00022381406803412545
0.0009395532839285852
0.0008121836605604858
0.0007607570405470946
0.0009748209290312416
0.00106805844962885
0.0009657730246627543
0.0008786662089740135
0.0011838349572025374
0.0003442713531149133
0.0005533159119326811
0.0011514155914390254
0.0004937477500916057
0.0013121223492383938
0.0038293064807489287
0.0012233762677867658
0.0008794922551873137
0.0010510230556247855
0.0005414053320492073
0.0005145820887853465
0.003305939516139777
0.00013733440957320702
0.001166172645912819
0.0014860578480925205
0.0006448864427066669
0.0013590850838975856
0.0013475706359406651
0.00028068838451449866
0.00063622230330681
0.0006796274803471276
0.0007155476310330375
0.00042278631895752535
0.0007906010572197246
0.0005302866249527027
0.0019799110188547637
0.003819675927922002
0.00202886825037267
0.0005027188646656967
0.0017933125344033012
0.0006873822947137365
0.000861547194771351
0.00023796675031651163
0.0003721520690334519
0.0030060671602100413
0.0008961367685945313
0.0005707787674400124
0.0015893100277594063
0.0007772510165162732
0.00024618205659089333
0.00015522513462108223
0.0009773130615123578
0.0005987529239552858
0.0004395185975319392
0.0007483173475841495
0.0012107991745124384
0.0004913386124027562
0.00034515067700959586
0.0002187451324742719
0.00012878780115085274
0.0006047454787610744
0.0021642627050159646
0.0017691419908623313
0.0021337958076642384
0.0004592781066321442
0.0031253857515632197
4.499438221065731e-05
0.0003305259205775828
0.0014152992184650927
0.00047506141095667004
0.0001943070989365284
0.0005414615627698343
0.0008702108851983353
0.0004940329255350588
0.001053736157798663
7.412426829717398e-05
0.0011904645311759865
0.0006475559316986093
0.0004756342901352715
0.00020661130544173524
0.00263270082791776
0.0006908254260370478
0.0002879677266319885
0.0008604809222636805
0.0005927904128025365
0.00047558307490440653
0.0004985949208002163
0.0017017010599636843
0.0007721551226890146
0.0007434979449260097
0.0010068643102144241
0.0014341845602014707
0.000515617321197507
0.00012819769097790972
0.0004960523360831462
0.00033141838146889883
0.00030052735606629703
0.003122279860975974
0.0008041747383067212
0.0004911342656441712
0.0009118938129546741
0.0003366447426384725
0.0003763297760369841
0.0009189563357513765
0.0009521430792353748
0.00037186899584849755
0.0013056565404549554
0.0012054209093907279
0.002025334074883728
0.00012345252868641344
0.0002898109038607102
0.00021870589015143311
0.0009756402895399346
0.0009959834810605618
0.0007670915056013502
0.0001967313776814554
0.0003699794905762253
0.0015280156153568564
0.00047159820939677086
0.0002955623695837199
0.0008838735562028477
0.00036612796356692287
0.0006931001982879143
0.0003495594571176119
0.0003209192271383769
0.0005298184081442992
0.00041987264527828535
0.0004883188714116854
0.0016674523763927662
0.002084391824275356
0.0004934489774822935
0.00018846352617999466
0.0005840897655595361
0.0006609179506077813
0.0002731688829928408
0.0006338192252876463
0.001219708652813422
0.0010227174786800602
0.0006423413839558336
0.0015810545072323465
0.0024297023986955386
0.0002862323126299391
0.0007271998784460884
0.0003587097926113311
0.0007764095163154539
0.0003468541347307039
0.00047624510055425934
0.0013772669372139072
0.000443299551261711
0.0005687935275710485
0.00021379300852800208
0.00046905496946290497
8.798514473169481e-05
0.0004622096600908654
0.0007252840351936895
0.0004616387107990835
0.0004479809152864395
0.0017562231377639876
0.0010652088472908436
0.00043377669503514004
0.002694969323602734
0.00036129159678674027
0.00018266192176601847
0.00022044659960143432
0.0013382802418078108
0.0006355194899734849
0.0008816388032503885
0.0012411959172930354
0.0003252114336659264
8.196153316768417e-05
0.00044287183934606597
0.00043128346279438883
0.0012788521541439277
0.0015318178164607295
0.0014416907783211495
0.0009098790964682269
0.0001756323710710604
0.00022645379130096686
0.0009587942094969676
0.0003470812724170763
0.0011513608287316013
0.0007542041808651901
0.0007075176200192622
0.0002837326659998094
0.0015614753461658452
0.00041720885261499154
0.00019061273656858788
0.0005663024726866693
0.0005921187896721115
0.0009782382933123284
0.0002854808523731151
0.0003826341793355147
0.00033387310370023974
0.0008576344313632034
0.000237140520658266
0.0003373109337612969
0.0004480389075423602
0.0011815006181846051
0.0016981853043744374
0.000753731374528221
0.00046372611008142246
0.0009447849288046736
0.0002448211279828202
0.0020758295834309055
0.0008301468975693894
0.0012331057464442829
0.0010042123959398824
0.0005731547360777395
0.0006929314457437527
0.0009387893374257113
0.0009478153815122535
0.001270565392544726
0.0008467683690014951
0.0004387541147629462
0.00033312285359235266
0.0005080556981461928
0.0002229225735446314
0.0005260777313211304
0.0007869295973435056
0.0011642842879183212
0.000572171527980435
0.0003099687382513718
0.0002061034271351492
0.0009320694598196366
0.0016368297045073143
0.0008979645612465607
0.00031171635704172986
0.0012653122147018834
0.00016338192004060792
0.0008163093156479711
0.00014153972095289085
0.00036521509217935384
0.0006315802480965336
0.00024437499620507243
0.00029343277052928506
0.0007641445996218365
0.0004836990036759718
0.0009314223385859197
0.00040319181380992354
0.00030833558595951037
0.00045144424292151045
0.00368088814779995
0.0004318676074583088
0.0026562559681878282
0.0006419297976776104
0.000269845489047717
0.00031725687285926726
0.0002239310873275853
0.0003549332660222125
0.0007643112171140746
0.00012244990612892792
0.0013756858678739038
0.0005248529817592031
0.0002973714630289837
8.620318633670452e-05
0.000613863525237381
0.00023229483094671323
0.0005761044050885144
0.00017334157551791442
0.0004612159179985677
0.0005416338863237618
0.0006765458463985378
0.0004922681330665744
0.0016727376258871504
0.0006316059013271469
0.0005208166878603121
0.0004372655208007418
0.00046612454525232983
0.0002987320553462784
7.609524218124409e-05
0.0004985230157995879
0.0006706861905772881
0.0004349231637137216
0.0007627858979068073
0.00021431024806380862
0.0003096231851358836
0.00011157742302110849
9.121519595964883e-05
0.0009110627917841012
0.0003202288612180151
0.00018517164341592162
0.00017449463143548785
0.00038565738023180006
0.0005427537984213851
0.00014550493184491614
0.0003145090786561646
0.0018271103491095035
0.0007739884463145578
0.0006382788101162246
0.0008170035243204402
0.0005241427765295299
0.0009082738244161059
0.0013497296555046684
6.825391193525702e-05
0.0005068515712659614
0.00033327903886031315
0.0008137381694504772
0.0007393656593512444
0.0004370660646930603
0.0002967391404638391
0.00045128130002000216
0.00016391932701992682
0.0008953340024898793
0.0005007720033601138
0.0002563421730483219
0.0009090401217116325
0.000255433046027286
0.00037393900537865125
0.0019185604073218517
0.00041286535321723595
0.0006389157052689628
0.0003529409585738694
0.000801057496138344
0.0003117195040365354
0.000368967775747692
0.0001592299840433006
0.0004460299994883506
0.000538264024783795
0.00026746890085812874
0.0009040087365223099
0.00015827479218410013
0.0006139908392405853
0.0007496493227900925
0.00037831139781669966
0.00013801668102344768
0.0011565149081684337
0.00044131385313017326
0.0003038991058662533
0.001290033083207415
0.00024107609179054536
0.0005163415895882093
0.0005613405220339396
0.00027553890317441837
0.0004288308264003018
0.0007254796704072654
0.0004018742976424773
0.0010138331591286254
0.0009523378599031545
0.00016076736903960787
0.0008503258652862959
0.0003277041830685834
0.00038889001274575695
0.000669287860956467
0.0002100497779753668
0.00082010648761509
0.00023755963222952045
0.0003144552044148224
0.0009414872293538524
0.0010617929811444222
0.0009879718960782806
0.00013724822362228665
0.0009519496375850546
0.0001911512404197823
0.00029267285834441535
0.000333070073499363
0.00025991310073668973
0.0007891864046162633
0.00022833927607844118
0.00040410947921795773
7.862720793122204e-05
3.669563123223097e-05
0.00021553393664624959
0.00043968082655731924
0.0004919970481960992
0.0006233187589557269
0.0007674685171890803
9.387206845641974e-05
0.00014144256287317882
8.967878537049113e-05
0.00040842682925274246
0.0004351276451033736
0.0006319318781791681
0.00024784386035451537
0.00023576732428854877
0.00011835178484034084
0.0002050385655939815
0.0005758051622385703
0.00029119061218711153
0.0005606111228713758
0.0003180081747593493
0.0009554427805017491
0.000306371739232757
0.00103220032913499
6.89702497782505e-05
0.0004587017337304612
0.00017949100477019609
0.0007774589081002703
0.0004446554605807852
0.000354143866879414
0.00017053438062149487
0.0004125593805802983
4.573339806571952e-05
0.0008411532173207297
0.0002296824017274982
0.0001468950441252264
0.0007548345398863334
0.00027171865095407705
0.0005573877301261454
0.001028047880901958
0.0002193361066056144
0.00011509386106876142
0.001266452946543797
0.00015620963695865743
0.00017714390124214292
0.00035891428849112026
0.000242039064481094
0.00040812876957818683
0.00028450909066879827
7.401333998104455e-05
0.00045798421740019473
0.0006094446327205562
0.000678275074443384
7.977339010399618e-05
0.00010088492690694038
0.00024728690850246997
0.0004952765608496381
0.0003998370467174135
0.00019074795496256409
0.0005878818566521116
0.0007289321833201338
0.0008409176604351653
0.0005002912437467323
0.0005233013050936839
0.0006826174851073813
0.0004802829127227795
0.0007337909433358365
0.0004099715463137581
0.00035198262603010946
0.0005660412173100128
0.0005528881084005062
0.000228324476178563
6.59041860981517e-05
0.00042300128281509534
0.0006785257955972191
0.00019880561581194
0.0008143914033518602
0.0003491351128898474
0.0005489770878085413
0.0004336575528534862
0.00039733126824212156
0.0007227536422342911
0.00015073959009273425
0.00019356166159751806
0.0002980417122616055
0.00011382433993743562
0.00113763250443966
0.00012090115531261809
0.0003175738873951093
0.0001399124605803507
0.00017198322345247217
0.00015946878348001945
0.0002498107821776239
0.000465167381373119
0.00026153556548159023
0.0003870531897257622
0.0022141973511065065
0.00017912551261694542
0.0002456583389307101
5.0882648390103346e-05
0.001685344709361525
8.152582397158609e-05
0.0015018732704543925
0.0001517014892908352
0.0006846865982658599
0.0005674096298666591
0.00011729482414129859
0.0009235876605183109
0.00029876663725754605
0.0005855383192390727
0.0001959083960609046
0.0002320749735411105
0.0007683733723696977
0.00015175530839259008
0.0011095003744938262
0.00012443344780112
0.0003625307749149372
0.0004256875319502006
0.0011757115905144304
0.0003757069704476756
0.0004100098486799486
0.0007652117216636657
0.00023819278460028678
0.00026353195249043923
0.00019212654991795575
0.00011684298802163576
0.0005902796158082003
9.831538863351632e-05
6.048999491698756e-05
0.0004974759503845225
0.00019597646237201925
0.0004075800273707617
0.0007312062566740032
0.000738141472517558
0.0008820176750263179
0.00019782828018838366
0.0006863402303157207
7.437931904382532e-05
0.0006158389995682173
0.0001067740742474916
0.0003027874050384136
0.00024113023321686738
0.0004109281547479575
0.0007440107306188855
0.00033540779313785435
0.0002548534408182457
0.00017274814043581849
0.0002025522098919509
0.000454483674502351
0.00024830706648270077
0.0010142857629025337
0.00028449596327742013
0.0005375831451007238
0.00027103106876536344
0.0005147221051420334
0.0009593421337132747
0.0004706969320949285
0.0007402339393719317
0.0003149365507456886
6.468726308751053e-05
0.00018454321582475256
0.00023912910118077752
0.0009993344049560077
0.00014566665043210694
0.0001813773997065232
0.0008143213519609281
0.0002897437089446729
0.0002289523696620193
0.000645725476824178
0.00028911160498924787
0.00011941072164195978
0.00027979906944879075
0.001357288342170125
0.00029208767382546576
0.0006944028788368428
0.0006564373628806327
0.0003463180074667999
0.0003050902843875026
0.0009398576273270827
0.0006371600304057771
9.751604751204303e-05
0.000390306922393364
0.0003147964324722224
0.00010755153283646253
0.0002434900596664279
0.0004241326371820234
0.00025922064157899886
0.00026517601112270426
0.00030365276724470897
7.844291502537888e-05
0.00019557010333723495
0.00023318922664551715
0.0004918042251628776
0.0002241432204848847
0.0004558806567117012
0.0001825580552914007
0.0002907582635896609
0.0001526903791733954
0.0006504635753336036
8.789940558516457e-05
0.00034198927139044344
0.0004004839113860158
0.0002927521540448228
0.0005204873715841065
0.00016917562197894725
0.0001044707099583981
6.899493183217632e-05
0.0007771226855417939
0.00020028987676740708
0.001029127598316971
0.00033656154170721384
7.829906266773032e-05
0.0007758737264989669
0.0004993681281164634
0.0007765674538543803
0.000679681443271628
0.0002665862334861964
0.0005763921765110248
0.0002847353363675792
0.0005299019879336941
0.0006126277180448116
0.0001421503586064927
0.00021413479807798227
0.0004261677318962988
4.975496742297333e-05
0.0004595343767427264
7.192440049898682e-05
0.0001475215209110408
0.0003199949576079362
0.00017638065772845188
0.00021629375411361376
0.0010165916537807143
0.00046984150232906417
0.00015316061215603715
0.00031306690261989883
0.0002552019735535105
0.0003360113315401482
0.00037258046448099854
0.0005573842540305543
0.0005346704000667334
0.00017240238770400371
5.675146461239166e-05
0.0003120261259796255
0.00013267309082249957
0.0002591996717581327
0.001157235098916649
0.00036311498541146656
0.0005317278981492004
0.0009644686605368762
0.0001640868358353813
0.00016689908420101465
0.00012646158929942194
0.00028185208766590185
9.540384719549778e-05
0.0006752430822754307
0.00016246704734207312
0.0002556726167147606
0.00039718774028180885
0.0004757532282885824
0.00034549880719388326
0.00031141200570855955
0.00012050158241528597
0.0004941609253331063
0.0003371782700845847
0.0006360074578220298
0.0001403570784639286
0.0006346955730908305
0.0003340686286545689
0.00014817003047601596
0.000341941784346173
0.00030089980020547814
0.0001542203191957637
0.0005270563848711564
0.0002862145072288855
0.0003163028419934727
0.000295059856357894
0.0004978187559055768
0.000448844950063265
0.000989400090090175
0.00036355130327575145
0.00038837101528878737
7.991579114902276e-05
0.0003174895640080487
0.0007479760083728927
0.00013201236435498974
0.0002179249442007655
0.0005115479118737758
0.00024886999099806993
0.00026846403348956577
0.00018430734643558634
0.00044936583617279265
0.00025367400304100756
0.0003829124318185347
0.0001389890610256065
0.001317379829636636
0.0002734512962324745
0.0003068835441003512
9.433008625867006e-05
0.000570179559921613
0.00010948331455411974
0.0004647337625103448
0.0010745897678563552
0.0003991923116091888
0.0003679176976032278
0.00023756223878618207
0.00027476205927763224
8.963488068314977e-05
0.00026652519765654715
0.00022825862276633298
9.811133878629486e-05
0.00013997428863248736
0.00020451984494970706
0.0003364410810079629
0.0003660788807689399
0.000149949411372767
0.0006973841947367864
0.0003255111501611243
0.0007197832295732035
0.0005238326252650336
0.0001498217654595643
0.0009709446425626159
0.0003419072486764554
0.0002431161716398413
0.0005078738094825247
0.0002931476678786002
0.0006564326893322122
0.00024166400367889708
0.000190104752116694
0.00011002459144241584
0.0005509679524202137
0.00015751356550403086
0.00040722473701312574
0.000755649009010097
0.00039929628472549204
0.00010691628867843003
0.00018141162251328376
0.0005505177114848205
0.00047085033603898134
0.00015842428517533262
0.0006209874793108866
0.00030626838259636133
7.47400349103178e-05
0.00019822677049618454
0.0003348582987545061
0.0001359948510942871
0.0009745568330636551
0.00042975370932887185
0.00033356572970229313
0.00013435714347874865
0.00013355679305878716
9.475856691193993e-05
0.00026757581182158206
0.0002727777258800292
0.00027825787617042394
0.00012011262926583859
4.933297496937558e-05
0.00020700217530467035
0.0006347262532799497
0.00013748748555293753
7.472165863782034e-05
0.0005207860428401264
0.0003403841786307563
0.0009462758815199498
0.0001363095525417084
0.0001368628826240293
0.0006733032478500685
0.00020179376016853502
5.5995031304897485e-05
0.0006797830694239183
0.00017554511118688773
0.00029750346314574654
0.00021956512515648927
0.00014252284249582033
0.0007526076100573069
0.00017847406171523226
0.000385501791474997
0.00013826464289374836
0.0009191083859435744
0.00017211871337985315
0.0006850954646741245
0.00012843928317611585
0.0011210354312628202
0.0004819779632458976
0.0005001345439638861
0.000187601102239105
0.0004316359126164456
0.0001044441996882471
0.0001262189182666503
0.00028481525990553265
0.00038887473861195577
0.0006204805890202508
0.0005434991607921525
0.00010035664052653168
5.8606821145730155e-05
0.00018710714122730784
0.0016409834713757559
0.0008083337793279985
0.0008556208988306012
0.0004824674907831642
0.0001180948877418519
0.0004851841411188747
8.738020004921208e-05
0.00020599993304393633
0.00012095301385043136
0.00011845434308299085
0.00047515831538223546
0.0004106735149428669
4.94540131645942e-05
0.0009957219558303818
0.00016823674668178074
6.476400804688088e-05
0.0002345292285061515
0.0006887453354929372
0.0005123282787824143
0.0004809142057749024
0.00015856952620707027
0.0002885722461043978
0.0001575665563976539
0.000289304801986512
0.00023458117447229762
0.00015539728934168534
0.0002933507649597832
0.0001915283235646021
0.00019335718345234474
0.00024084455638158554
9.582874914849589e-05
0.00013754045399537543
0.00010102314518899334
0.0005404266591087883
0.00014273319909220846
0.0017944646592357608
9.313368085606707e-05
0.00018722340425835236
0.0003629067008819027
0.00032154450975409467
0.00038098680606385465
0.0005729949600561292
0.00030793254926522707
0.0004991956329430468
5.6502948869764034e-05
9.321951611697104e-05
0.0003176421044988906
0.0002912139577079268
0.00010054515040562527
0.0007115528120191926
0.00029526094155275556
0.0001804616421337357
0.0004821407098980977
8.612964790915759e-05
0.00021210147965505701
0.00011810151945853197
0.00013255054023843772
9.026611964367028e-05
0.0001478578485837672
0.00016676372305742394
0.00010929521133479824
0.00037635883295085795
6.790626227746819e-05
0.00027057530360500426
0.00025211132318282123
0.00033463813488671264
4.4578950515559036e-05
4.359361515137366e-05
0.000493672949365169
9.936680521008284e-05
0.00023931102990954915
0.00023289881287769326
0.0001303366636529739
9.479047524218273e-05
0.0001571150622854648
0.0004487379584041019
0.00010161351189868957
0.00030437010476129137
0.00024621902114746165
3.8683727456654656e-05
0.00030643611478985985
3.955640275084966e-05
0.0007816827485124054
0.0002766076834340022
0.00028398279461998267
0.0003535835547791752
0.00047796763541234263
0.00015676851628234356
9.965027490406866e-05
0.0007726200190687327
9.064079963321762e-05
0.0004958822299261094
0.000998344451843999
8.143244370197694e-05
0.0007597253839822425
0.000335508701427063
2.627370566675927e-05
0.00019606227623459796
0.00031896661658634037
6.201763180891057e-05
6.015935719432812e-05
0.00011114750007548726
0.00042748796878151903
0.0010405728299356675
0.0001262161294883295
0.0009251872279371133
0.0006374411643314461
0.0005444445637286994
0.0001519988898633873
0.00021240180960535175
0.00014780177478466612
0.0006289111120500542
7.512522270115686e-05
9.841967493598073e-05
9.481913757287555e-05
0.0003801918965620097
0.0001833995803423329
0.000472033923639766
0.00014344615096177437
0.0002084570589325575
0.0005937274528228177
0.0010990232741201777
0.0002850542967761231
0.00018368008879009022
0.00036488729658633307
0.000102015045699066
0.0002198166825372024
0.000359654091480989
0.0001514083328709404
0.00015528975666475708
0.0003698873739807306
0.0003137969157902315
0.00011890151755457871
0.00021056804349478135
0.0002073289418966066
0.00030074336192681265
0.000223561496478602
0.00022417097686596533
8.535646657541997e-05
7.16661492043006e-05
0.0003780572977275348
0.00022443841661015242
0.00013992418605154435
0.0002185653188430293
0.00019785660425267245
0.00017511053826551736
0.000302121441345226
0.0002918409502425943
0.0005253958333295425
5.342350753543492e-05
5.851742160694637e-05
7.927216962692634e-05
0.0001593696689448936
0.0006880176729401158
0.001398268758668671
0.00017824305448290023
0.0011755575837929743
0.00019496550765956433
0.00034368861728568565
0.00010634626957772047
4.4177202962994455e-05
3.1689343798880926e-05
0.00019155471880000037
3.364198005338878e-05
0.0005759688980877668
0.0003883402438783609
0.00039616360813371666
0.0005273201706724412
0.0003229178607977206
0.00019649552663553667
0.00011247872493687315
8.591536210862761e-05
0.0009444553140095828
8.910253856174159e-05
0.00011909402273636026
0.00019477319595761559
0.0002470388334508877
0.00012988258999928248
0.00013079789382578364
0.000271281050881537
0.0002491276465329063
0.0006960804187255599
0.00039769234487271345
0.0001005332594575179
0.0001403616295010716
0.00024156197150246674
0.0001262041911466722
9.73605363860375e-05
0.00012062915176398438
0.00011819913971966387
0.000497040726412508
0.0004293223758226774
0.0003196824583540249
0.0005172965028890459
0.0003397748600073301
0.0005215981390624525
0.000364700608474213
0.00020291526156214487
0.0016177234245705618
0.0002731194560860489
0.0002989615475604886
0.00024506713008969077
0.0003057205314432729
0.00010574558973388247
0.00032614303206666067
0.00017657938796036555
0.00010636241600105321
0.0002460134466156141
0.00019464245976263204
0.00015644766489207002
0.00026611123549573075
8.355873362332355e-05
0.0001757630917686241
0.0001591482501781904
0.0001342263681928809
4.2801703969447465e-05
0.00015862312502092248
0.00012388135836814362
0.0003059395228625736
0.0007981872682261788
0.0003404095544884949
0.0005556941588262604
0.0002529293182093758
0.0003409824407227577
0.00037820021792359343
9.332199825429842e-05
0.00034008447259024904
0.0001547876591834803
0.0005986656889895586
0.0011406485716379492
0.00029120075250722806
0.0002770533694480117
8.065024292219306e-05
0.00028178856469005193
0.00010221404737685183
0.00019171591201997174
0.00010874791721719679
0.0002876293340461278
6.650657108036669e-05
8.08769205108184e-05
7.665197314002143e-05
6.564586019038795e-05
0.00022976741157023465
6.676497601175374e-05
0.00023817863214681988
0.00010618242210327495
0.0003738096336563217
0.0005060825382540544
0.00014201161987816217
0.00020908748089189195
0.0001085861817037367
5.300065437945158e-05
2.420520269697634e-05
3.922168524937742e-05
0.00031866566562580945
0.00017388348832415835
0.00014597881466303392
0.0010477904097951026
0.00021820044094073625
0.0002540544664868452
0.0004001501601021449
0.00032825206174968237
0.0006297341190225238
6.730735454977184e-05
0.00043482917220958597
0.0001529214626009219
0.0001722542627465385
0.00021538388891001933
0.0005570494815790586
0.0002949360154963449
8.573484452498235e-05
0.0004620469212935169
0.00014995765682462956
9.398403511405565e-05
3.6296028123460916e-05
0.000267252369690003
9.694905890105246e-05
0.00029255394912547676
5.808630185201812e-05
0.0002633812400890746
0.0002636048210381997
0.00012649009046547657
0.00011748793414055927
0.00016142147117960076
0.00022600653195918555
0.00027751011370777157
0.00011385308670511342
0.0002722327177800545
0.0002935219333244816
6.300261004343706e-05
0.0007144234678711906
0.00014315809613553348
0.00020039757175330995
0.00034552907985256403
0.00043299942687651373
0.0002619125483638986
0.00011070403442635898
0.0003056725067236185
6.96119102493837e-05
0.00042780420723696104
6.772319632526776e-05
0.0001931009443703843
7.550933495038015e-05
0.00023210545453073288
0.0003652853067939128
0.000373115733689215
0.0009786721340262281
0.00016084121276149188
7.827435628693292e-05
0.000200367679711983
0.00051417002631794
0.00017955302489437632
0.00031033661243113833
0.0001652719166143727
5.964625110607378e-05
0.0001773868068884587
0.0008948773314032371
0.00030258399457501597
7.42589526077303e-05
0.00010688524797234917
7.903756929613256e-05
0.00010278190286933732
0.00022905466845607147
7.546494106638002e-05
0.00010540564358412344
0.0003078149504156304
0.0003069445903655449
0.0002133096695115658
7.193268535413088e-05
0.00013328047344216337
0.0012373870813532518
0.0003266042545919861
6.824337942085674e-05
0.00014393761206271539
0.0009224217907123538
0.0001513092624553757
0.00040953293751543144
5.623308131949578e-05
6.238267813214443e-05
0.0005586080525631508
0.0003564757782617804
0.0003315533413086507
2.317409395295791e-05
0.00034326669089592104
0.00033562634140778307
0.0002370374604799035
0.0003622050932227442
0.00010596839678944592
0.00040938688255384416
0.00010130137870505057
0.0001762232001276477
0.00028604378002230617
0.00022626319262992778
0.0005542326242162168
8.293563416144388e-05
8.631925369166991e-05
0.00010116049920529838
0.00017942141540989678
0.0004027520607564089
0.00014222327633680367
0.00018425946296706525
0.00017125252794821923
0.0002830893284232024
0.0001715501760662081
0.0006293772589512803
0.00018006348444749476
0.0001709751467775112
0.00010039692564322288
0.00010126152502367764
6.507185947068039e-05
5.070700122209087e-05
0.00047027343490394787
0.00014879797224795618
0.0002592752589355897
0.0005983125084172934
0.00019125882763026093
0.0001732955975979137
0.00010903233997678237
5.321707609462639e-05
0.00012403463284127022
0.00010556442575411902
3.356545220763224e-05
6.873077687249815e-05
0.000409756560532846
0.00016095137070372157
5.59829522789841e-05
0.0008577476814831943
2.5921824657614363e-05
8.759656101927755e-05
0.0003328101625058735
0.0005108430886982794
0.00017671548619542922
0.00020769071330715988
0.00012441632582137742
0.0003508966397934344
0.00024695810003248065
0.00021557007559685205
0.0001038229171878158
0.0002043063657325938
0.00028404796154546033
0.0001483931120106104
0.00013872774879359004
2.8588615862877146e-05
0.0001434275155763707
0.00010155437209654894
4.857801375220161e-05
0.00010533371557423526
0.00018907353850270553
2.570007852616758e-05
0.00012973496456335966
7.47890081318098e-05
0.00016303370900944258
0.000532475448044939
9.487663668181955e-05
0.0004713920343846366
0.00037799010845914746
0.0003635087866651258
0.0002622517774630143
0.00011718867466213222
0.0002828482425585155
0.0001847633431373937
8.222687120131622e-05
8.472110743635806e-05
0.000209671590579735
0.00024150689160370875
0.00024278607338497997
0.00018456380909597634
0.0002990585313579289
0.00033989614512359284
8.539688694004212e-05
0.00041756214599103454
0.0006071122424526653
0.0007175709440807314
0.00010363561462496093
0.0002766045397361942
0.0001994349448499749
0.00016839627277513895
0.0003631531788689142
0.000259063462871698
0.00011753776018307432
0.0002558265811921521
0.00018187098435088993
4.108569938041422e-05
6.354509745806204e-05
0.00019628772127804598
0.00041388293307574223
0.00020155425561406475
0.00019901398390169298
0.00010465966503199459
0.0004843708698836567
0.00014735847563286157
0.00024789400686116563
0.0001440162309795713
0.0004686680125721302
8.618038043189552e-05
0.0006373186211198862
0.00032968202360055384
0.00012232668158849175
7.34927970843351e-05
0.00018770228197153473
0.000188608442881858
9.790897458004126e-05
0.0007629458395423715
4.875569796979716e-05
7.984060287354287e-05
0.0001966764925690874
0.0001435884959422206
5.451315467470471e-05
0.00022083166278631747
0.0001405564621694703
4.798421489007432e-05
0.0001195773509271049
0.00019878727027216635
0.00024210894890877615
7.912826056527605e-05
0.00010978068753033838
8.05544078740044e-05
8.53350725304608e-05
0.0001841620373974874
3.787315487474733e-05
0.00042937536292989595
0.0004371120980732637
0.00015428396627523944
0.0002462585631574523
0.00014514751591499875
0.0001993618099789143
0.0004433932252260581
0.00012881706698148713
8.718307316421076e-05
8.36155076181047e-05
0.0002016300833876151
0.00026848337941100687
6.335027421478544e-05
0.00017129258425250616
0.0003018096587758195
0.00013856348842453012
0.0003147834085760887
5.217350274036854e-05
0.0002812087697954095
9.378211665643838e-05
4.719353455387706e-05
6.604448647265686e-05
0.00010342302997874255
0.0006081269232226151
0.0002680761207226738
0.0001983948876595723
0.00018332890970629244
0.0005600242193075652
0.0008005360729777117
0.0003251221209945201
0.001068647929388871
0.00010214904336237405
0.0002013438835618634
4.105895330839236e-05
0.00020600680032121664
0.00016734559366105378
6.99659783861043e-05
5.6496855071135705e-05
0.00035017274690452905
0.00022587144419221916
0.0004015835498380532
0.0002817032215123733
3.082718806545917e-05
8.962332714386318e-05
0.00032383989854755697
8.357566339262648e-05
8.426627617434347e-05
6.865741400526917e-05
5.234913708822546e-05
0.0001520086853911282
0.0004770496222163252
0.0002582915268232557
0.00016672385628180715
7.339506883359758e-05
0.0005154906094366101
0.00032683017051296005
0.00016074966157902625
0.00029462261985487215
7.167564417186042e-05
0.0002423174950231033
0.0001351164745475115
0.00012928553543217907
0.0001421849777990583
0.00022597783812488631
0.00023146569615317128
0.00014285123421241833
0.0003292252675221807
3.8314214365395795e-05
0.0001215520427604936
5.295279113298627e-05
6.536276021120662e-05
0.00016935127194936002
8.212155752106525e-05
0.00023942578471130113
0.0005351929056403883
0.0006743443386444986
8.442103210457842e-05
0.0003040979070413154
0.00010666815683858082
5.909680422350626e-05
0.00018824864844286035
9.732524840086281e-05
4.5556464189137326e-05
4.7449182904588196e-05
0.00015192881780959745
6.204756879133877e-05
5.780533311185091e-05
0.00024081532549163263
0.00013531479788071442
8.438288630343186e-05
0.0001767472054200936
9.52549115913884e-05
0.00023360525990227492
0.00020106067794087616
0.0005816144701805466
0.00011341640274781195
5.238984489157133e-05
0.00023348629554271314
6.64608154869506e-05
6.000688113974139e-05
0.00031012800939986414
0.00024047122587957044
0.0001436863933457767
0.00019172771707761153
8.849035097604055e-05
2.1804572378040912e-05
0.0001463849087346155
6.207817187991721e-05
0.00035614051976568184
0.00014123163041565093
0.000384348425173801
8.468008325871459e-05
0.0001075110505407381
0.0007000110555369605
6.203686311370376e-05
0.00022179174520748124
0.00019389566798016491
5.849333665600908e-05
0.0003537392548328813
4.010397596281446e-05
5.1231375802588414e-05
8.39806973488486e-05
0.0004697840808332473
0.0005214276446001125
3.1060350054888414e-05
7.587324924153804e-05
5.2719436086777015e-05
0.00016358710788582295
7.110900784505452e-05
0.0002698839562334868
0.00024288876664982844
4.849768996403375e-05
0.00020684667075345663
0.0004470676221220243
0.0002131865937577449
0.00075496774195952
4.675795818920444e-05
0.00016840767081063512
0.00010895920701402155
0.0002857488394054151
5.290800729131752e-05
0.00014764085931248298
0.0006456451978262742
4.062346956658653e-05
0.0013687637174141826
0.0004586897935201909
0.0001913154507733181
0.0004548032324789155
0.0001184458908601931
0.00015430066585546176
0.0006168612594774819
0.00010915790029196388
0.0001259726046629089
0.0002817437079706128
0.00012273535368061502
4.355037994485967e-05
0.0003910714649291921
0.00012231186044271472
0.00021016304632851803
5.357951479778526e-05
0.00012465055155151835
6.568474997307418e-05
0.00032705939544160214
0.00019397050708744643
8.13597014074516e-05
0.0001492176298385562
0.0005812934455999867
0.00010826781191129672
0.00015501382440210893
0.000395844195982827
0.0003947580352865198
0.0006312949672972884
7.986680595982246e-05
0.0004383685966558521
5.3203157310156e-05
5.3644107721337475e-05
0.0009114059474266102
0.00016595255633421044
4.578519026085389e-05
0.0001889722802713062
0.00047516844332834754
8.822140449877071e-05
0.00011017340522522531
0.0002524610473332548
0.00026820510907447903
0.00014018539848631046
0.00035304844076482434
0.00020259071231499328
0.0003659219272750985
7.176370468537011e-05
0.00026521799087715316
0.0003032285559663821
0.00010286545240343463
8.178735930615236e-05
0.00012106594632125033
0.00020800346419305705
0.0002065321507765797
9.457806604319205e-05
0.00015977787497630744
0.0002318017091659555
0.00012350092292743412
6.995666836162456e-05
0.0004795131873823118
0.00016467704284917498
0.00010608707528804613
0.00017708840556456896
6.033824263296503e-05
5.0801203632939894e-05
0.0001119681991845542
0.0002859865454562192
0.00039266906184369645
0.00018009176663842053
0.00011023933053858233
9.326442997996863e-05
0.0002990329501009384
5.0761914835493774e-05
9.063562662195929e-05
0.00024304035154514833
0.000135033110105384
0.0002771282019769176
0.0001165788201809403
0.0001800409820914226
0.00013744586501963446
0.00015680781979875063
0.0002246743828940179
0.000375533117490582
7.124207885612488e-05
0.0005820325604203243
0.00012033259611621965
0.0001156658011012522
0.0002507651508543128
9.50472502612127e-05
0.00041717952025633974
4.073336190035081e-05
0.0001319175123938866
7.232566336006596e-05
0.0001462127996922731
2.047981833809913e-05
7.572219109960888e-05
0.0001311915176137165
5.751102065102638e-05
0.00011233280607101832
7.732497656636986e-05
5.348763276513688e-05
0.00012507050445276558
9.58998636604331e-05
3.913299675643302e-05
0.00012294327273267098
6.339056309367244e-05
0.00015158818216806655
4.768724580109575e-05
0.00019712085476921633
4.305809842480112e-05
0.00015516467243177523
0.00013219712321443987
0.0005351662022458842
5.302066950551261e-05
0.00019092893454095058
0.00026137060670924624
0.00015803510491462487
4.403400580404439e-05
5.315474185171876e-05
7.520969970094869e-05
0.0004578957527085018
0.0002140727632896555
8.483763957613741e-05
7.761117736261308e-05
0.0007744782203097471
0.00010112694902070715
0.0001419220072374956
8.081766368934611e-05
0.000677191644364051
7.422300414675187e-05
0.00043610201699658134
0.0001641665236605078
9.151647851112791e-05
6.728446442603573e-05
8.942466362732803e-05
9.121487353084177e-05
4.1573898055260084e-05
0.00022140120215658556
0.00016081618620104329
7.661827395875671e-05
7.524773505041234e-05
0.0005140099918979127
0.000145836966259276
7.702810346101071e-05
0.00039848025811411726
0.00024514652676773025
5.5756325131280066e-05
0.00023282203750064727
0.00010606543372369714
0.00040928225078235627
0.00033159185411005585
0.00010355340777567234
0.0003327577855698639
5.102521141433331e-05
0.00010130941329478
0.00010601588216348471
7.211698449801562e-05
5.2119933308102006e-05
4.244862420921065e-05
0.0007143434360474068
0.00015316040151421028
5.712508287674104e-05
0.0001415869414125515
0.00012335385598021944
9.077128597288187e-05
0.00011985687857795014
0.00010521851506443234
7.139370663232339e-05
8.449486747101548e-05
0.0001988254646930407
0.00012176845802640392
0.00010309078262149803
0.00020052796344722978
8.35839731158202e-05
0.00018837352886772021
0.000329958444278948
7.537248839104986e-05
0.0003476304451307656
0.00019654580310117363
0.0002489251037029581
0.00015944996297084817
9.05960430112992e-05
0.00025934330488945487
8.588474541995747e-05
0.0001244184814881434
5.972350376998565e-05
7.633337715921363e-05
2.9844058203545246e-05
0.00018959853357787725
0.00013517175900673893
0.0003106962734542105
0.0003406113738583764
0.0002132833759605613
0.0004097922137663158
0.0005453626151081104
6.780392935442531e-05
7.547888389388983e-05
0.0005889617746952821
0.00014944777702334365
0.00012396274328377294
0.0001163506153235334
0.00022894352179567978
0.00012231778172741608
7.763852279534177e-05
7.527846924205173e-05
0.0002748637399244939
0.00010554935906993516
0.00011242703161882591
7.275761581852246e-05
0.0001138411655096575
0.00039440150774020807
7.94273836167648e-05
9.464800489835888e-05
8.216259999085484e-05
0.00012310850087533315
0.00013270083244255963
6.31206029144423e-05
9.061308999541281e-05
5.075062546217343e-05
6.539705363587989e-05
7.860751446721265e-05
0.0002379159006961105
0.000647380847453211
2.4290241755550318e-05
4.587301579740176e-05
0.00012616267781468977
0.0004992491768089025
0.00016071567421122385
0.0001355193683805081
8.617859200796742e-05
7.062818073265691e-05
5.9752761261151765e-05
0.00012102085982228874
0.0002401235522847716
9.772807748770256e-05
0.0005725979599777013
7.995568635566556e-05
3.777453448002043e-05
7.885007169704337e-05
7.1720491982856e-05
0.0001622990391702883
0.0001734217910963816
8.595658062031241e-05
0.0001141382986900516
0.00022939622819477328
0.00013320264775587
0.00021142700817944124
5.776616924029805e-05
0.00016423903348271543
0.00011095695728823998
8.578194568106339e-05
6.911794978066533e-05
0.00030220439252024833
9.076593562718227e-05
0.00029578273808965425
0.00030852506489002714
8.543364632122173e-05
0.00012949718493805945
0.0003523352370449406
8.014348685977093e-05
0.00015572483140132855
0.0002071491920973976
7.251342718867078e-05
0.00038833104412708773
9.031658683306655e-05
0.0001562316487703314
9.186182678500181e-05
0.00016922561479911042
8.148021984718194e-05
2.6231207368425616e-05
0.00012461114234915403
9.286409953798527e-05
8.605798132226624e-05
8.545459589134796e-05
9.162851376961584e-05
0.0001359719605829216
0.00040837143220259087
0.00014181784017348455
9.802875587819638e-05
0.0002694981659126595
5.9247413028532834e-05
0.0001230961212920923
0.00027829967558166713
0.0001107387440491415
8.568517100244875e-05
6.509329026849263e-05
0.00011475460325577066
0.0001210870976921564
6.328535091918233e-05
0.00013408805416419302
0.00015739591406753513
6.306472858112283e-05
0.00012344476288281977
0.00015333065914236455
0.0004653026952647606
9.955526268383602e-05
8.46121007375837e-05
9.53613283634295e-05
0.0005794360152740966
0.00019858707484307823
0.0002021909603674812
0.0003069090650593071
0.00020957325491161637
8.139720383432127e-05
4.942723282212301e-05
0.00010590718962298444
0.0001156738377942146
0.00020822009459835634
7.930465384010808e-05
0.0002699520825408209
0.000322914711073266
0.00013722120784631045
2.724589757271576e-05
0.00017924930258649064
0.0001913817301266218
5.03038573270932e-05
7.138417748631447e-05
3.982327042297953e-05
0.00018738141608114057
0.0001186048049703922
0.00019083237626497192
0.00017956124371569312
8.546476752479087e-05
8.445389175953407e-05
4.420808591019566e-05
0.00016364508937931013
0.00015119898466547878
0.00020625446830027026
0.00032326318048905573
5.434919498343629e-05
0.00044187493759924366
0.0001135487291120944
0.00015185427139522795
8.84074252517781e-05
0.000611488643012663
0.0001201551747771976
0.00015601596061833657
0.00013295040790527494
0.00025308067616920535
0.0005348570153390659
2.504277501543964e-05
4.9343651053248326e-05
0.000105414392795602
8.722044708152513e-05
6.135830019462963e-05
0.00014881948781286485
0.0004002265320856866
0.00018969093091315684
5.26192220633184e-05
7.598037037387243e-05
0.0004280551659355504
0.00018138875613066206
0.00016764788166894883
0.000113111534848136
0.00018290480313722565
0.0002297327528209456
0.00010316703016600691
2.447812390677279e-05
8.196083196911965e-05
0.0003217986792757804
0.0001791301537532049
3.25517500118236e-05
0.0003018842015084467
7.358666700140975e-05
0.00015127527195086542
0.0001354104778860743
9.987631432979202e-05
0.0006382860872222075
7.585003635423238e-05
0.0003653602661274421
0.00026743615591971124
0.00018429245014696808
0.00012296396229413218
6.343671065742872e-05
0.00014122794786513768
8.267278405877065e-05
8.874855349231311e-05
7.169808421875053e-05
0.00014095637666494424
7.237757826482393e-05
5.390867361058944e-05
0.0002983375116689344
0.00024232008053765613
8.257234334949592e-05
0.00016241299957897993
0.0005063535949375913
0.000177980712289627
0.00034833493337307886
0.00022104786325398323
0.00041576689382327145
4.254054153574072e-05
0.00011619355663799525
0.00013225606244006633
0.00013466776277108088
9.123629352814247e-05
0.00014465786219493634
8.982260258676459e-05
0.00011268464551088576
7.621868416434696e-05
0.00012145264484804173
0.00016849822791085425
6.302965049398148e-05
0.00017196637582855527
0.00023976121000784421
0.00011111544439847141
6.722877732321654e-05
0.00022426935171943922
0.0001868859313378559
0.0001131147535994094
6.765340425541197e-05
5.355162621337124e-05
0.00016864800922278234
0.00015985009442147748
0.00028594423841922
4.802617724550034e-05
8.268345593396992e-05
0.0002452654234419286
0.00010190081848476381
7.760776199805774e-05
0.00023999768503965747
0.00020098721900683124
7.457532571043749e-05
0.00017395567302997805
9.711228674035494e-05
0.0001414828227449729
0.0003018184247610631
7.190383254091573e-05
6.417184873752622e-05
0.00019887216204114277
0.00013326949551697873
0.00021199360970349345
6.998712727974319e-05
5.115649100729732e-05
9.464594992065868e-05
7.906164406603666e-05
8.223469322227246e-05
0.00016767177387334276
4.871431717637355e-05
0.00010246224102688967
0.00011555468827031425
7.924950328875449e-05
0.00012687349025250122
5.71672019688276e-05
9.121121478014765e-05
3.9260376122285424e-05
0.0002094053452803465
0.00016061174503095044
2.715530158730191e-05
0.00041181507949697834
0.00010984488354306247
0.00011539628370326249
0.000140877384293563
7.200413756867685e-05
0.0003141077181961163
5.308702301423684e-05
0.00017995545639546808
0.00025253503807122696
0.00011671803157109188
3.888274682141149e-05
9.409360609399506e-05
4.476257552381751e-05
0.00017398217258157505
7.678348535779497e-05
0.00010475059697764126
0.00022366362484091
4.8754111426459674e-05
3.152901346216464e-05
6.280065326745173e-05
0.00043348612315769977
0.00011562071921854924
0.0003209819415669662
8.040758908403718e-05
0.0004361107251992102
8.867100887144274e-05
8.227009226207666e-05
7.716722078459985e-05
5.393767501477915e-05
0.0006272325711948655
4.1865523130323036e-05
7.99759339507396e-05
0.00016378267725022984
9.095328445987264e-05
0.0001379073622038211
6.131627090336035e-05
0.00012908428938988403
0.00031427655568150255
4.625529700214615e-05
5.23565839509897e-05
5.706356945189465e-05
0.0002538292927325061
0.00015685046822020058
0.00017444932041448373
8.310664823839459e-05
8.623393181097716e-05
0.001041197086807281
7.06782602380331e-05
0.00012372973176954876
0.0001405077214591307
9.167246480128371e-05
0.00018866670797763925
7.764461845538633e-05
0.0002881157344399061
0.00032113650789765636
0.00011781917237004598
5.857370521097421e-05
9.336030737213202e-05
0.00029663615689895327
0.0001692250290145952
6.011928939474744e-05
9.785068432077589e-05
3.053810995755934e-05
0.00015246508790722234
0.00017304296216987122
2.8047780048760724e-05
0.00011682739812539039
0.00024166025561235785
0.00042439923433870437
6.443303820483941e-05
0.0006663758418660227
8.08643677530988e-05
5.267686369957764e-05
0.0003748449956840467
8.406285135504401e-05
4.8308780560218666e-05
0.0002028437314393177
0.0002502059310823328
0.0001478537830990476
0.00045873033444178305
6.437800884710167e-05
0.0003205620823107455
0.00023778899764818922
0.00010126377314248651
5.524900086384506e-05
0.00034237080920542596
0.00013998265747127453
0.00025398554352980317
0.00015989486104239943
5.784382445950651e-05
0.0003592903025684255
2.2124161701415e-05
3.477250268296054e-05
9.786104619014125e-05
0.00034985434952554905
0.0001323549200314084
0.000292030200729083
0.0003060540244283008
7.696466149391366e-05
5.527209090916016e-05
0.00014079164632483323
0.00014276478099557735
0.00015602229615731185
6.0777873247525313e-05
4.385420427156036e-05
8.247322216752015e-05
0.00012799691124521932
0.00016677957496091466
0.00024421215694583323
8.96467920304056e-05
0.00030740389271482604
0.0001581452738827851
0.0001517962094964522
9.651995295673134e-05
0.000295644287988629
0.0002709060346428326
6.0230713239489216e-05
2.5555384095536072e-05
7.88869677233471e-05
4.451504094633442e-05
7.203503346829386e-05
0.00010007213991371569
0.00026062598096346877
9.007484376090455e-05
0.0001066313960058937
7.265141245780139e-05
0.00044335332977453446
7.866797655605374e-05
4.174225356563301e-05
0.00013632348151795527
0.0003649853899401019
0.0001946752036168276
0.000171263641187567
0.00019841789265153165
7.463428629907057e-05
0.00036477368042821273
0.0005699063666720247
5.9410738256937444e-05
6.431845623647406e-05
6.398654526214028e-05
0.00034388037647838565
0.00010340734584481589
9.786476048361293e-05
0.0002944631366116002
0.0002138878166009347
0.000254756406675495
5.4496187681568354e-05
3.5610003820102024e-05
0.00013877512522576666
5.087792305212367e-05
4.578217143208034e-05
0.00012626628425011478
0.00023964630912097563
6.0433223712504246e-05
7.316712789338955e-05
7.878156662111841e-05
4.3398646159505676e-05
0.0001994415859651245
9.891621931418519e-05
0.00011266388485809949
9.930589825747209e-05
0.00013527732608598414
0.00017448411035201212
0.00017002127278163695
0.00019066696995791697
0.00016465145117526984
7.800777389282744e-05
0.00013575277988629942
0.00022169115493038044
8.602578505445164e-05
0.00012127428517349271
0.00010771103287208126
0.00012220461026038248
0.00040529189230750323
4.990045175618319e-05
8.481265583916718e-05
9.032790730359089e-05
8.105584642954173e-05
7.265141518077826e-05
2.692027101585863e-05
7.067535861152006e-05
0.00028000108512340403
4.721705536342129e-05
0.0004648031179944335
0.0001007199359362124
9.903788121884112e-05
6.66284033591139e-05
0.00012767278738414208
0.00011104136183132203
0.00010172494951101376
7.078761034535927e-05
3.103237503086853e-05
7.81966004281877e-05
0.00010251233959541823
7.455805931872551e-05
0.0004686046240749939
3.7725807314179445e-05
8.075507092054921e-05
9.949125131529303e-05
0.00014964757171902795
0.0004729376914542865
9.785422930068261e-05
0.00017332305787147142
8.205649297285194e-05
0.0001646518052276825
7.490273442942741e-05
0.00018811088938554182
0.00010996425618678384
4.090827172404793e-05
3.811080825255473e-05
9.960265464575522e-05
8.549279261146569e-05
8.823172149758728e-05
0.0002543982151160302
0.00010035457005208691
4.6395448806556954e-05
0.00014830517553153548
0.00018496230764272658
0.00014188696751984848
0.00021304663223391794
8.385846056326176e-05
0.0001705900167140332
4.0742536036043756e-05
6.57946619817419e-05
8.455758228956323e-05
0.00012425716637006392
8.340168605885904e-05
0.00019740056341446217
0.00010824513441831967
8.977578659662834e-05
0.0002463548054982373
8.550366865689375e-05
8.769293195929482e-05
8.97373512152751e-05
0.000226926415141398
0.0001089521442830414
7.698771588891133e-05
0.00017778141674273647
0.00011706848275824027
0.00010588389962322584
0.00010270978445604302
0.00025966020255972414
4.3057439856267936e-05
0.00015600263584999866
0.00021487482361835878
0.00011447281408335392
6.112710858895129e-05
8.688409163307971e-05
0.00013997422656224538
4.0620374628069296e-05
0.00014403848279140148
0.00013975114538581477
0.00010813090047881243
1.6393094231483748e-05
0.00031751850532430495
0.00020411110416472685
0.00013883849299596134
4.1731230739011906e-05
0.00018634407991317738
0.00010218095891001411
0.00020195336892085745
7.403330145313469e-05
0.00019037372538850548
6.538410719072313e-05
0.00023425354961576977
4.001697601644247e-05
0.0001849220147069626
4.035820393391814e-05
3.067258614387848e-05
3.874175314116896e-05
0.00019972531704069192
0.00011330596801171748
0.00014735337159847852
5.762012574429192e-05
2.56450409702623e-05
3.053706036098704e-05
8.354178571045925e-05
0.00036946148519590246
0.00016785760020214226
6.75703869097833e-05
7.943173768384231e-05
0.00017767718309478998
0.00020548702543480608
6.700061009573258e-05
5.7884135790215406e-05
5.48398439256313e-05
0.00021993344384606904
4.884154694435219e-05
9.592531828469796e-05
0.00011923445274467968
0.00021239341539397232
0.00015499776373511812
0.00022564830377477964
3.420741213521539e-05
0.00012482194175265308
8.063016229316536e-05
6.394873351071237e-05
0.00019912330054743383
0.00012241190859560856
2.379020626978507e-05
7.56478610235543e-05
5.625706082924592e-05
8.647176455965699e-05
8.955566173790913e-05
3.800447915765422e-05
8.185452938119312e-05
7.38175478118572e-05
0.00020691054250593897
0.0002572447257013046
6.579813905404166e-05
0.00013245255586505865
0.0001491067090855494
0.0001538032939015711
7.363923903324112e-05
0.00010078642157272614
8.43551860258679e-05
5.12692645569748e-05
9.644595946106267e-05
0.00010191404019028654
7.421805957839143e-05
0.00014922141714918764
8.638966399427835e-05
8.214264414373541e-05
0.0002122640879440455
0.00019159820766659891
0.00012680655224707124
4.941214610835659e-05
4.1933933383172734e-05
6.715239636073782e-05
0.00011310907964874245
6.133637996772399e-05
0.00011542725371062337
0.00018910713855847932
0.0001327593547959177
3.390954636767734e-05
0.00013896815391574644
0.0003424844077589757
5.1229889852813275e-05
8.81674142211941e-05
7.768753534537872e-05
0.0006952611679819989
0.00011539028506943971
0.00015919629366354353
0.0001498521663131997
3.509190518303181e-05
6.279776903632072e-05
0.0001739702631755923
0.00010153335535992552
6.673393978042346e-05
4.6867706599399363e-05
0.00011145568102149806
8.761668350777343e-05
0.00012863473131550872
0.00021502995153373556
8.305762716319852e-05
5.716660684702563e-05
0.00019207553003834565
3.050436232051218e-05
4.681321113018236e-05
0.00011739013436648606
8.197326346706599e-05
5.7254105625061795e-05
0.00010370310609005087
4.309112538305374e-05
6.822907737948718e-05
4.5071133067432496e-05
0.0001345114326042303
6.930434309361542e-05
5.795329690280774e-05
0.00016589612189704076
5.8885968822818455e-05
0.00034225436467127577
0.00018881250732255173
4.8754493817212024e-05
4.008894823844095e-05
0.00011353303880938115
7.203346168995197e-05
4.598619506232771e-05
0.00010355942429123026
7.780095049821926e-05
0.00014601833926680945
6.035595888403162e-05
0.0001266660374481635
6.047089141060734e-05
7.176505921236604e-05
0.00010433783679646097
2.412026541988017e-05
0.00029427585717833437
0.00019894426780656582
0.0002517970990769028
6.706987133041538e-05
9.891606669423581e-05
0.0001268451954763543
5.313377278721676e-05
0.00019874728343040196
7.880417207867038e-05
7.373674187206984e-05
0.0001812486554515422
6.365678020826083e-05
7.962286842622183e-05
9.180732797772271e-05
0.00024675058408279505
0.00011769651364600921
0.00021876021533885932
0.00010339867413032555
0.0001807679111362858
4.9151312942910874e-05
0.00012202873046915771
4.3844254994319736e-05
5.603288417563379e-05
5.051315509263022e-05
8.795167899052906e-05
0.00012151928917009847
0.00012670014992498266
2.2862226390931313e-05
8.576693346084723e-05
0.00021079855130755375
8.491868887029146e-05
0.00010232252403119936
8.267648517348078e-05
0.0002393866858808349
4.771497183250913e-05
0.00012713441668773823
9.13666747196991e-05
7.509311271808558e-05
8.090128698559295e-05
0.00017876266655307012
0.00014090768818724855
0.00016183119077482167
7.574411248989808e-05
0.00014203428456883467
4.721129241763404e-05
9.075212674935701e-05
0.00012876193397441454
0.0001481161516519238
0.000115753014268433
4.23996552660529e-05
4.412770015784215e-05
0.00014270881162121955
0.00019002352883928602
4.2828762179528506e-05
7.24541407797603e-05
0.00011006338135821455
8.72453723767499e-05
8.64458896586104e-05
0.0003308773846068923
0.00017229258020283673
2.0217053261915457e-05
6.044431866769657e-05
0.00021696359326373426
0.00011185317532100004
9.994768668009935e-05
3.6862005238158256e-05
0.00018693352735092383
6.774824690795971e-05
6.269649161675536e-05
0.00013663969270744376
0.00017453187109692608
0.00013807773533937553
4.030520982594813e-05
0.00012037177438957333
9.607177994768274e-05
0.0001507694420712313
4.3962611560677625e-05
7.803994555994079e-05
0.00015972582584294066
5.0892592113457007e-05
0.0002887297957398168
0.00015393702349859718
0.00018826506668482583
7.1157736723375e-05
2.89152671171169e-05
3.4489502668227864e-05
0.00033791512862184884
8.426911643023515e-05
5.651501421121317e-05
9.460652687063056e-05
8.616946220908899e-05
6.855887882306081e-05
9.55181556633228e-05
2.8914663317593582e-05
5.809697007317593e-05
0.00034041729294290526
5.404862233864507e-05
0.00030686094451079857
6.669236936013498e-05
0.00019358243502967098
0.00012115608047298006
4.88276458790867e-05
2.6857603171671285e-05
0.00015220578725650522
6.359625358171906e-05
0.00013100170664994163
0.00012395497892142177
0.0001241866860410936
7.947921231773352e-05
7.700776188849238e-05
7.276439499662225e-05
0.00017147385216486336
0.0001159940688774361
0.00020115874041957938
8.166652924500725e-05
7.272381343987011e-05
4.49932985485541e-05
6.767902701869854e-05
8.418265962345018e-05
0.0001259915227918632
0.00019545030309889392
0.00017823054189610785
0.00019567703921309314
0.00011530425025756159
0.00010937608693386815
7.477746260059678e-05
4.7729474805174686e-05
0.0001222510348358141
7.674813811859508e-05
9.325448941489987e-05
4.835134550545404e-05
5.439181116534328e-05
8.167776174899343e-05
0.00012131712801362263
0.00022907479848380686
0.00013227302456860843
7.621352979272283e-05
0.0001508395177939328
4.165249849071902e-05
4.2255317152177006e-05
0.00012084176316236049
0.0001308346757309291
0.00012035608360402764
4.181122109276221e-05
0.00018148029375788
9.353882634146854e-05
7.108353679442061e-05
5.903209199716248e-05
9.156313733391722e-05
4.435001996452123e-05
0.00012737856634308488
0.00010232165948879476
2.642287579353008e-05
0.00019919940233250978
5.233013482583585e-05
0.00017320495739817562
0.00012710281695196005
0.00014920262395072445
3.1865493126298693e-05
4.720997913435562e-05
0.00021028412512001193
9.071468946361517e-05
5.11191863671146e-05
0.0001418038620011766
8.35328017643009e-05
6.914770677269269e-05
0.00013050050617899024
9.722829001365881e-05
0.00020312697447388286
8.345668677283425e-05
7.507647238831425e-05
0.00028010852082171296
0.00019922517688371265
0.0001563856689513183
9.399431754352199e-05
9.768801781659549e-05
5.774385510409159e-05
0.00011669088297519754
6.704409869236448e-05
0.00017816853691910326
4.784055438393699e-05
0.00019754007687563258
4.865008136604949e-05
8.670605481832451e-05
0.0001274864483051284
0.00011189510233364384
0.00011665693768912939
2.879630027573341e-05
4.889486065234307e-05
5.505525828228363e-05
5.3223519455316565e-05
0.00011679452713034714
8.471322385126413e-05
3.449946237633053e-05
3.988787256428455e-05
3.546989580393311e-05
9.146479698896124e-05
6.75783789726589e-05
0.000578333860732356
0.00019439557293524077
5.198879794415862e-05
0.00018102477566938455
0.00021320871666792143
7.630323610704927e-05
0.00013671031999164075
0.0002595873229222291
4.42047715764511e-05
6.87770766109586e-05
7.94523980643666e-05
9.737011724803314e-05
0.0001723240533117827
0.0001837251994571255
6.125410431794215e-05
0.00023146853938209614
7.981972902650784e-05
9.197344894264553e-05
4.5199381560518375e-05
4.393018734942996e-05
8.418589412550368e-05
4.6613294412069975e-05
9.998098325404912e-05
2.5081270221010562e-05
0.00012002392637328345
0.00018225987608104545
0.00020912580017620633
0.0002657062453235185
0.00015460546281141155
0.0002946157388514691
9.036618940522539e-05
6.371976689191e-05
4.425682072463085e-05
0.0003892937249133374
6.939566160313134e-05
0.00010269193489080885
0.00011057449544943216
0.00013423655686639274
0.00010482821679839584
6.125514913848456e-05
0.0001242938687660684
0.00021975279951993513
8.159604262395669e-05
4.889985006351221e-05
3.804570445450132e-05
4.669445232845517e-05
8.589250991784993e-05
0.00011460912437505595
4.591927960155428e-05
2.6904291737464094e-05
0.00018252999236926206
5.2852477826758705e-05
0.00020177847274455664
3.488318146539973e-05
3.5196413493183066e-05
2.7565406143309564e-05
0.00010751559882950399
0.0002636228505336371
3.480962573465992e-05
0.00014890934920818127
6.831525499950305e-05
5.486318466327368e-05
0.00012154001804077712
5.297350552320349e-05
7.253909085514942e-05
8.069795315833385e-05
6.27288519768946e-05
0.00023119415016244774
7.855101726376929e-05
0.00012566522589836586
3.0107303206020792e-05
0.00018316910830873967
8.276080525226945e-05
8.536789732986429e-05
7.01772651016091e-05
9.746878790132788e-05
0.00013133484768384997
4.82060816841571e-05
8.568007768624102e-05
7.604512194161071e-05
0.00013463647950681868
7.126335967299855e-05
5.402569726298443e-05
2.9608856949603382e-05
3.7292395157762856e-05
8.598270690053052e-05
7.927517336656476e-05
0.00011492276422294234
3.508643437404002e-05
3.833698068491735e-05
0.00014373222501615985
3.183498858566647e-05
5.4952391904891486e-05
8.960323570080234e-05
0.00012992108361597682
0.00011030452353874123
6.631041265827064e-05
0.00010235217019747756
3.3460281188337556e-05
3.693894463202995e-05
9.793624122759925e-05
8.012817201574784e-05
0.00011322352882245266
0.0001259416896108376
0.00013754046301738985
9.151050628377219e-05
3.428986707566855e-05
0.0002262253580813083
5.7356824361978e-05
4.061563805177773e-05
0.0001736758537424733
9.732091680650736e-05
4.504304932989071e-05
0.00016805310561724676
0.00016742152881266012
3.795938020859393e-05
6.0066140360741615e-05
3.85097003630897e-05
7.974248158924533e-05
0.0003511185411323847
0.00011202270674479895
7.161572958280751e-05
9.425395138407899e-05
3.0294914420598755e-05
7.746634796462235e-05
6.990267908425095e-05
0.00010346978800633341
8.207037334426415e-05
0.00011454712028450478
9.716632859390077e-05
3.9163970122620004e-05
6.72727271628295e-05
0.00018502107303393952
0.000156518866938779
7.86835035438011e-05
0.00018800533597604604
0.00010304782689563504
5.441548821871114e-05
3.220287913124445e-05
0.00011033147157845864
9.907547020899802e-05
0.00011774714996822929
5.107746512292213e-05
9.324194903238035e-05
8.734895514917039e-05
3.883676108189245e-05
5.126102112191708e-05
9.568057797229821e-05
8.840499267425688e-05
8.361252342685562e-05
7.380318909264772e-05
4.1062483787749744e-05
5.4689486131384616e-05
3.5037161030019224e-05
4.6700575998485396e-05
0.00011940243088343755
0.00024448116532757244
0.00015218002781302895
6.829805933290175e-05
6.348970118427918e-05
8.301511371675879e-05
0.00013668530293720532
3.9161344195310335e-05
2.7268892198860233e-05
0.00010820666353699503
0.00020395858236331693
4.949191103006067e-05
0.00011291974751350932
0.0003731551011141017
4.480277448634496e-05
0.00016660518208255003
7.01723640506545e-05
8.687055580033985e-05
3.9116881585662445e-05
0.00011524327376387722
4.688380547354954e-05
0.00020811026516957023
4.498062660538187e-05
4.879526221213894e-05
8.780319033703265e-05
0.0001309846478557189
0.00025869628413176726
0.00012555030536000596
0.00011619807877878791
6.647281951548688e-05
0.00016308082217654458
8.917545801815246e-05
0.00018920309394838747
8.432668055649402e-05
0.00011043247200218514
2.8096904669936982e-05
0.00034043093586397623
8.425210177219686e-05
4.274849730383267e-05
7.760537200768495e-05
7.268270386861731e-05
6.159812329821094e-05
0.0002512559955806914
5.914317062985684e-05
0.00011377489918792294
0.0001683096775429374
0.00012295399001721778
8.747608846015408e-05
9.293764154160486e-05
0.00013738031235812655
6.137243265523283e-05
5.234194486630281e-05
3.4960410614274235e-05
0.00011510547204346709
3.410392913444958e-05
7.868302471668994e-05
0.00012703963752149923
0.0001344920632846086
0.0002662554705029147
6.31346049613165e-05
0.0004559670228407478
0.00025792013655464386
6.0067952787793554e-05
7.641965588111288e-05
0.000236444248860058
5.9006804209328346e-05
0.00010467921996205044
9.92152519920397e-05
0.00020326460888932395
5.881133434742445e-05
6.33192514922006e-05
9.674766388625939e-05
3.738079005154176e-05
5.6894925779708395e-05
0.00014791395916420222
0.0001523244775607411
7.393183724000818e-05
3.8571958239697525e-05
2.3548186541311663e-05
5.3647133757483046e-05
5.7724332364314535e-05
4.035431348193989e-05
4.550986303367809e-05
0.00011469151832827772
3.402729899051943e-05
6.315408083779227e-05
2.8603702617993975e-05
0.00011240636835591872
4.946177662445305e-05
4.806062114094488e-05
7.524359504974481e-05
7.250915415485665e-05
0.00014205795408650447
4.414649394365078e-05
8.805166844176663e-05
0.00014221157332661922
6.047777094436786e-05
0.00017046470027583816
3.6515332374428034e-05
0.00012955008786075307
5.384548319083959e-05
6.531136265000963e-05
3.252371849146713e-05
7.741141773479548e-05
0.00017985933878445954
4.887770614774003e-05
4.19321273892276e-05
9.570496279936311e-05
6.783708559833233e-05
9.484446354182316e-05
7.102114980471759e-05
7.713473255299484e-05
0.0001410340394505541
5.75341200950546e-05
6.808360255503348e-05
0.0001300884033184666
9.875168081283299e-05
0.0002105618490653514
7.787520270579838e-05
9.778653085626288e-05
0.00010440634895915854
6.322197314048052e-05
0.00018346407501377505
0.0001266884916005824
6.87510933876638e-05
0.00010366952161728326
3.984691891776627e-05
6.510991215332922e-05
7.399864334601202e-05
6.02950964051712e-05
5.197334451730848e-05
3.706281469006868e-05
3.880133106361959e-05
4.4687388640933984e-05
7.69553246315497e-05
5.069417774025262e-05
4.528739807172387e-05
7.356799657794335e-05
3.073527152097785e-05
0.0001446724540715768
8.14767098058442e-05
7.115149984888298e-05
5.2385084537481725e-05
4.285370732348038e-05
0.00017021310880845552
6.368454917233384e-05
6.336001673155472e-05
0.00019410491137848953
6.39568994880616e-05
0.00019809700115431755
7.440135871773727e-05
4.209023534145259e-05
0.00021472882004128915
8.735941093370045e-05
9.97311719525878e-05
4.0099830750945706e-05
0.0001056488585588032
7.523499190084474e-05
3.314925033337734e-05
7.862429257516006e-05
7.810882882904334e-05
6.257049608223526e-05
8.710693079961913e-05
3.8423618221272435e-05
5.100010113200298e-05
0.00015505042857106368
5.47508945269729e-05
8.965508374970274e-05
8.152132437735414e-05
4.574207306563132e-05
7.641396197772387e-05
0.00019147263904416637
0.00038793252387192133
5.498011766403982e-05
6.238207004096962e-05
7.842803940325505e-05
7.691211056230185e-05
9.03171155570459e-05
4.271786738900707e-05
0.00010718544976511455
8.225102193697179e-05
0.0001348020679444729
7.508142837384313e-05
5.477607323544096e-05
8.509602575486673e-05
5.931967144374451e-05
4.500471982223045e-05
0.00015395385019187753
0.00010931957344628503
0.00013124028106002865
0.0001529360614571926
4.6517252323039296e-05
0.00013078823166279348
3.996577216946761e-05
0.00018632791622309077
2.8368170017828375e-05
4.669229417706143e-05
5.182036043535688e-05
0.00013090709836441932
2.6141671335116542e-05
0.00014513158194889446
6.744109223909487e-05
0.0002463538793223598
3.0504424848108646e-05
5.847339962358499e-05
4.183601041083462e-05
5.809182531859188e-05
0.0002819766715534946
0.0001334911300554622
3.168646508765921e-05
8.607147802590378e-05
6.417276392421534e-05