0.05653779119996291
0.006248854143717466
0.05114886940773114
0.03088986512942838
0.08484313868263986
0.1568899000172655
0.04067967764743616
0.04284509034842523
0.03472218884081051
0.027446871853263347
0.029048373129350446
0.019630980900957117
0.018966197408156547
0.008945745194738742
0.01562326706889222
0.007392544797058283
0.017015254704524186
0.019565625213595443
0.03240763612105702
0.01344066134213828
0.01506166019687339
0.005089579226253901
0.011648507567742982
0.024862155962647528
0.04436424512337104
0.012334575789118542
0.023763971889631526
0.015595692058626077
0.008642132702233189
0.006920051086148397
0.0017767901685104255
0.003400902048928875
0.007592917992384049
0.0006448048886826439
0.023238416547899907
0.010473790608843656
0.005291416554207506
0.017345332235526287
0.0074566099435086595
0.00739877180051945
0.009196835054029823
0.0026938448577796723
0.007340467391771223
0.008319995350289499
0.008909892493299505
0.006248992102000567
0.0009979057988393036
0.007082581826631224
0.006172740783159677
0.013768799640515647
0.016554288717438907
0.007136515395419609
0.003366880482741486
0.004981949730923505
0.0028435178725457915
0.009338675824302334
0.006308178824543547
0.004216185206407825
0.005589918634687328
0.008408605463141953
0.0035528489108360307
0.004885536290348798
0.004959385055057849
0.0023477530617227026
0.005025933162709943
0.0027415028775033554
0.004004405879271669
0.006837765166835868
0.00348054860132369
0.004535749590487847
0.0020921535075252118
0.004257193049592082
0.0108400104008038
0.0031935726450823218
0.0019746129735408726
0.003955476190660742
0.003705153792958187
0.01581031190701773
0.004695858152933317
0.004146474136288206
0.004804223825246141
0.001436799998713035
0.008641152099497541
0.0003918332390496519
0.004863606899812795
0.0013942948538315722
0.003654261442775237
0.0012311639189444745
0.0027325188723417355
0.0030155403914926154
0.0032914720314453916
0.004257458482388515
0.00309812265092218
0.0012892250978785767
0.0020213738701530064
0.005117634021888662
0.0019967757453531803
0.006909986014310474
0.001641382623463913
0.0045777094534674035
0.00616400168035839
0.0013880661380087516
0.0012576608013647678
0.0027136955026187963
0.0030538756126680527
0.0033790299385483905
0.008729444387802824
0.000712687606813886
0.0005334311942933533
0.0018010525574023199
0.0017641042717546707
0.003490846134560535
0.005379966463965549
0.004235479705975061
0.004177515944563294
0.012442201922272274
0.0054854622130929434
0.0019535682631240344
0.00372379207208087
0.000817313117829922
0.0021764958619553865
0.001184724115923969
0.002912092864969711
0.005289684366302645
0.0020859974783958113
0.00425164128477742
0.0071318709825525396
0.0017662658996698802
0.0054216541124631
0.00239579620756514
0.0025521648465179412
0.0005186982126218547
0.0012984896023609663
0.0009206837151136516
0.0010740445600697836
0.0012511231936203008
0.0025309378835800976
0.0012113540152750369
0.001719990101543951
0.0014466761787842405
0.0034581596062602834
0.0004118497685485252
0.001158446184988196
0.0012106700543168534
0.0037045347980275973
0.00037062124953852945
0.0021103256400972375
0.002283066226084125
0.003098248197784795
0.003394155408954745
0.0036714460346642013
0.000595202791099612
0.005135202327087031
0.0012154456501046163
0.0038586511327185114
0.004057543690292551
0.0019486518399933683
0.002612809078102598
0.00011225687614701908
0.001021563912004816
0.005022572260097935
0.0014354017595102904
0.0008497358884359417
0.0018108573481029294
0.0027079740099010497
0.0030423652716414307
0.00144376754546532
0.0012140690951717773
0.0005263717864126013
0.0019043035088741514
0.0027733341690011504
0.0064504796402732835
0.0024126113132626565
0.0012651730012084104
0.002144636194233539
0.00152400315257359
0.0015584656223259544
0.0035519679768696247
0.001558371114712048
0.004024439506052439
0.0008751471700315743
0.001016580293264181
0.001937084211372708
0.0026940648864901572
0.003745900597366089
0.0005186996521692227
0.0022424419474019997
0.0006993504948255362
0.0007243542972715541
0.0009217101200433011
0.0015723722814281467
0.002230746815204929
0.002367805765389483
0.0009064806251711258
0.005769492488657301
0.0029323891118589202
0.002856282501808651
0.0018593842027735626
0.0018830625653106494
0.003239158538329837
0.0057073868397234506
0.002001475834860735
0.0005846833101666032
0.0018885487982057006
0.005401738922005879
0.0022478932285314853
0.001405740386710185
0.0011824491798852611
0.00013644743423999028
0.0018617369434644683
0.0045062771872297685
0.0005371126214031982
0.002041580188384097
0.001800964701621508
0.002567094982568907
0.0012148806268148678
0.0002601494163714606
0.0017019599565607677
0.0016311042704967187
0.0016195801258326195
0.0008262780235523664
0.0016212472662526104
0.0021114068346389622
0.0021048166856871475
0.0016567710702728082
0.0006484170794840687
0.0014153547867560318
0.0017769887256698148
0.002321437876121098
0.0021474437112374784
0.0012632333725575936
0.0005272265312187952
0.0004853722023083404
0.0014483386137365602
0.0008360233173407559
0.0009668735935771394
0.002037831295956877
0.0015664176188363809
0.000747642750886097
0.0007890915032533987
0.0010631993795474325
0.003079041307100387
0.0012284578759957385
0.0010220747056180052
0.0014024724448943714
0.0024660674552443042
0.00024733471034624985
0.0007937408745887454
0.003591546632454414
0.0008735450013638835
0.0009464322800384986
0.00244072828299056
0.0018625847575486985
0.0010879985783413973
0.00012964490860178167
0.004355922043553568
0.003330519729300522
0.0003954009855569095
0.0008082206832910141
0.0007087002387061048
0.001067949619935482
0.0018175807184784398
0.0010601568275950901
0.0006356556169543112
0.0030272120214188325
0.0014095380718045808
0.0007743808187839288
0.002724750573046275
0.002667880466138016
0.0015591623251473333
0.0005126067710545146
0.002859321502351073
0.0009267549237741484
0.0010147141913203202
0.0013524233863096348
0.002108671207125065
0.001565074413914454
0.0020564513763420863
0.0007190545549207665
0.001804447661458113
0.0015649603876688404
0.002760212581536897
0.0004027660555743202
0.0012760664497415066
0.0006167702450647519
0.0018551942993840888
0.002766340491900519
0.0010308096130069344
0.00125418167138762
0.0005589442391047568
0.0008692544008133613
0.0010491216032430428
0.0015877384708564083
0.0006863482246721684
0.00027887780610351344
0.0002253356484821375
0.0021458438183872353
0.0018542337540992696
0.001646870701370907
0.001275775258804298
0.002264236000540823
0.001727477422471632
0.00047818868419888374
0.0013903772939295883
0.001181903049298561
0.0032828508075571396
0.0012404824300089243
0.0005158819607776078
0.0016034700681890866
0.0011116356369868436
0.000792500429259129
0.00029015989653518475
0.0018404744922583247
0.0003739385356599521
0.002015528115607686
0.0008074633599666046
0.0003768714907945038
0.0015357625145618196
0.0004015448051884391
0.00423237338700555
0.00033408577487228664
0.0005490257996807076
0.00095773346756677
0.0003580810595295198
0.0005429135961206845
0.0006447950470479011
0.0019814451103313847
0.0008869736405602524
0.0025019852509136995
0.0004438793377896722
0.0008792677033899176
0.00042206254243043413
0.0006199409251869617
0.000286737848571705
0.0012173633140782297
0.0005687790141471039
0.0015702652543707273
0.0017832617627798993
0.0004412041600556904
0.0008365966428614077
0.0010304203677931512
0.0015893057539285932
0.0019741054744885364
0.0007170459008936637
0.001629932292013027
0.0009518683300605039
0.0003510939149579178
0.0009647370824876914
0.000534945350083036
0.00034595246736928825
0.00043655252905620216
0.0010677953389899898
0.0007586766885687187
0.00025488738343408844
0.0014746143935333716
0.002700977478487707
0.0006522788924034795
0.0003138379112681078
0.001681158704039542
0.0017337253136202645
0.0019853204600680974
0.0007242841805071628
0.0003711728172300322
0.0010198984648348442
0.0015961719250733963
0.0002904539558309642
0.0004602934484547385
0.0012486970811430905
0.0016634925082964571
0.0006576690650144482
0.0015033073308094345
0.001903087893502552
0.00033214093457923245
0.0003113466272762806
0.0002953840812124667
0.0006371965794972305
0.0008430506501090432
0.0013340626052252267
0.0014782104942162016
0.0012885751219854236
0.0015758720733215562
0.0026594838441038114
0.002412800941411705
0.0007385332638643352
0.0006969366101423699
0.0009034132311526
0.00035472335698870155
0.0003664872051446028
0.000864261674868379
0.0006822152433940557
0.0003544580510958135
0.0008101643295582641
0.00035089570714328354
0.0006126706632446268
0.0003886817078345653
0.0006122357419975247
0.0010681181183299763
0.0008153307671401016
0.0015849292273791436
0.0005127244124457874
0.00031817987438370826
0.0007337456310400578
0.0021414387179298708
0.0008933859173962352
0.0008470360472052665
0.0007290181442307444
0.0010195815392651376
0.001526103343589055
0.0011928140176589175
0.0003641209278644827
0.0005490039690371016
0.0029563604849211058
0.0005753273187008029
0.0009777140545196737
0.0004449291274589816
0.0011980379869010107
0.00047530936613372933
0.0011161221516820142
0.0007259451607606067
0.002129205741893845
0.0012115230545100542
0.0022577992640428974
0.0007992429336419108
0.0011829429994613364
0.0004340477877810001
0.0004971634564365786
0.0016223752149718662
0.0005205383485404028
0.000632456296321276
0.0013933320210844009
8.878818408427096e-05
9.455071009090191e-05
0.00034958299311393996
0.0004937453195665209
0.00017861873961065236
0.0018404525434977778
0.0022419946318353342
0.000606300768796093
0.0011760896475457193
0.0002700218249150414
0.00015996721281028682
0.0005248960538085631
0.0019996359591035215
0.00024209723133929574
0.0014815733794222654
0.001784981015466611
0.0014460646629908438
0.000599407516778473
0.00048116989588917555
0.0008382452813294275
0.00031034369120422556
0.0006830285316864803
0.0015122987192527902
0.0007116307654551448
0.0004484004799209487
0.0011700618471071136
0.0006806017125057932
0.0004290708380900291
0.001285224601663722
0.001846947396456792
0.00010334026041968284
0.0005681517074698291
0.0005337059901800054
0.00028379469163171975
0.00018573829498522837
0.0019774432576105962
0.0003377826935311255
0.0010943616999181214
0.00011602121029908986
0.0013107560245877003
0.0010571276353428685
0.0007196324834203249
0.0003663734841422559
0.001846942020495915
0.0005841879587810232
0.0004684754190663798
0.0006168397653073478
0.00174833646571592
0.0012085884616265148
0.000436075602277701
0.0010959315244131367
0.000518356637138597
0.0008083284504894543
0.0005589060514935512
0.0008368972525076308
0.0005537201911446554
0.00030514958639296316
0.00037835910071335534
0.0013340869245026296
0.001309169262586945
0.0005179526434781941
5.9445751053679255e-05
0.0002453017824749467
0.002647846131890897
0.0013760530960092378
0.0026776386273143857
0.0007372197827779033
0.0013685802970012603
0.00030194442128227914
0.000683338141986682
0.0012739658514706374
0.0004634912332253319
0.0008629416493131724
0.0008533764276062969
0.0004418727923877645
0.00010902181688726614
0.0005977530859110872
0.0007204624474260512
0.0018737618701985962
0.0004090421360784341
0.0013205493061745138
0.0004801225542766853
0.0005432903701949326
0.0047989804884761966
0.001308084152242653
0.001213322311461617
0.0008505739824686037
0.001720153906898692
0.0008414453776971677
0.0003957727385784271
0.0003863073309402049
0.00032696669088767063
0.0006290570535399388
0.0014287772059151482
0.0019716908934090424
0.001401648755419414
0.00025772581391145125
0.00020856550532765967
0.0004852421083716332
0.0009703614991573131
0.0013995512569226723
0.00019024835958648007
0.00028195402425199283
0.0007945853991468359
0.0004688748626325748
0.00010057608422075668
0.00016428475598861484
0.002290895178282404
0.00061623678258273
0.0009651389938812532
0.0015788940258806734
0.0002786582703034244
0.001264876102850447
0.00022203804224130722
0.0004484403362741043
0.0009639668246888844
0.0013382156016274029
0.0015362135609072068
0.0014107901088720274
0.0005925713528183452
0.0009354639689472386
0.001282308627710216
0.0010581924668829575
0.0013526455482053197
0.0007360824607127475
0.0005029198963324046
0.00044868018348022257
0.0006778054426211187
0.002399170779540783
0.0007747747881539673
0.0003020014332291703
0.0003346248119333318
0.00026388384280078426
0.00046639638242820244
0.0008248026368130194
0.0002210303465084838
0.0003185226706221566
0.0005302529454185295
0.0003347372416334751
0.0006321635365244314
0.004242001767972818
0.00018009110038137152
0.0011933732133020585
0.0008172429059138875
0.0003786234460339309
0.0003583287025975652
0.0003426022248097739
0.0007505241257264399
0.0002589789517965464
0.0005528596880028151
0.0007057531604378326
0.0008183614780831063
2.7101352961611643e-05
0.0008443293054488263
0.0014361281323769714
0.002021022531056743
0.0011494113343238233
0.000512289573786165
0.0015238206149561485
0.00027181241587782764
0.0007619199417742805
0.00034992343201343585
0.0006668577979177681
0.0007099984261963486
0.0009666223076930636
0.0007015008412656624
0.0008257346831591753
0.00020354705164797886
0.001010708612747701
0.00015184772668470973
0.0004093317686166533
0.0015407289627292504
0.0007097543870434568
0.0016008044253988988
0.0006223117843903315
0.00030148667158507803
0.0008699708601770367
0.00041658314851556697
0.00021230400154866305
0.001912780898698439
0.00037963572793864466
0.00032390993944665024
0.0006837523649414858
0.0008813867321139855
0.000352571997153709
0.0010669027911872624
0.0006593852732880897
0.0004611710369159602
0.00037878514933409037
0.000408308214994777
0.0005598924451717782
0.0010008963043797077
0.0002563775224144403
0.00018440599067099728
0.00015413477080363606
0.00017313090410210475
0.0003791630450130538
0.0005293111426005911
0.0008295423273895223
0.000341647241322631
8.789984711824573e-05
0.000150677377627001
0.0007929452901959887
0.00030182383787157323
0.0035342880326899202
0.0002538825278625523
0.00018762162422741258
0.0005871704171086044
0.0009364190788595661
0.000204581919159887
0.0001667058085752341
0.000857972329229214
0.0005305336767851752
0.0011936682503905977
0.00043045038156020696
0.0011120474898389434
0.0007361006989897319
0.0019530560214930809
0.00037684590076120006
0.0005752043445431144
5.7905860110597425e-05
0.00043230944314694034
0.0017383027811307904
0.0002604720666072644
0.0010691917171159245
9.891548331105998e-05
0.000809691475491097
0.0005938598114738762
0.0002588651091520235
0.0008384407063048293
0.0003708432199307239
9.448946026042585e-05
0.0009636443522199714
0.000989573214301696
0.000496562049258168
0.0007536488858252291
0.001321404147089224
0.0002388026375194804
0.00017838495308662933
0.0006241109842626225
0.0004224052873137373
7.193937591880523e-05
0.0004848142267462424
0.00021206285034675571
0.00048704058709163263
0.0017951334668607926
0.0008629359388858443
0.000839904458315872
0.00041413002880097156
0.0005393684605364833
0.00040659418309276537
0.0009280287906573251
6.126907081623428e-05
0.0005311052806622478
8.919500909533766e-05
0.0005024335018558399
0.000572714188067688
0.0004868659187811693
0.0010957155324220144
0.0002764380547598842
0.0008953985241628033
9.626913961984351e-05
0.0003503180689975812
0.0007303670054006447
0.0013105676216919164
0.00033288950145698586
0.000736355662298382
0.0003249327509524375
0.001316151711948506
0.0006259716551248898
9.5402309971589e-05
0.00042724567507485244
0.0003619986487381971
0.00030074912981787076
0.00033766605109500445
0.0002721254439214086
0.0002630482090614172
0.0004687232927115126
8.462804823244927e-05
0.0007298263027630114
0.0006665832949715381
0.0006940360843704997
0.00040798546748237175
0.0003941778973560029
0.00044213787058710517
0.00015889894760277864
0.0003549739310273057
0.00021365664226669277
0.0006492233347460872
0.00024970400565041363
0.000495880871998281
0.0005478662095372872
0.0003712493714891932
0.0004353660262343081
0.0006464095066054229
0.00038639288369973697
0.00045357627913862494
0.00014362729343025588
0.0006348602578773564
0.0009964483041339728
0.0003447002794719434
0.00033086716108343575
0.0011870698931335999
0.000475418043914996
0.0002833551820804211
0.002133189268468012
0.0002950367790760589
0.000547277086792712
0.00020747818263817228
0.00016786889160066016
0.0005671614899339284
0.0005080364948626124
0.0003332599575428723
0.00034492782511179055
0.00018536282506548949
0.0001859085903479494
0.0006094042508456476
0.0007068842098658204
0.0009145305367551627
0.00024839471389027224
0.000803305621316237
0.0012113323843749792
0.00039583370710874856
0.00028160886133439793
0.0003174222205586704
0.00031607578613268393
0.0002889217245031887
0.0009284010000325168
8.136527054984192e-05
0.00023659137266770247
0.00017102928687742717
5.810984192766613e-05
0.0008625542788235837
0.0004024891861050263
0.001008246042564525
0.00119546622625434
0.00046631657139303617
0.0005276541918650581
0.00011860114806788772
0.00027470073392137437
0.00012426750081992902
0.00014230605147162807
0.00030157214094556734
0.0001410053360419282
0.0007143409843504022
0.0003714897165513207
0.0005055387331807736
0.00044704809879255055
0.00019609754941486224
0.0002543141409547363
0.0006528355561144073
0.0008681274302020732
7.863245463417551e-05
0.00032805973637456415
0.0011322937661461605
0.00026324461950671816
0.0002885699345584484
9.515980048025115e-05
0.000517120376371713
0.0003424604057801213
0.00044563645285449285
0.0001292923699608092
0.0005177799285608695
0.0009637738758244456
0.00045896258186150666
0.00010207456917517207
0.0007012885458404644
0.0009490780671325479
0.00016585360964400917
0.00034138551189321064
0.0003700329061157858
0.00021179219521966686
0.0006687116329805196
0.0003219869633083779
0.00033394416129885256
9.701406372691386e-05
0.001223300961811157
4.022232068568335e-05
0.0003375021339314574
0.0008725874742692459
0.00079228201863826
0.00016608057695223204
0.0005593817001422705
9.740559632046559e-05
0.00011371214089179805
0.0001524293142319167
0.00024563227376337544
0.0004094589226068077
0.00055332013662845
0.0007985796654970633
0.0003301984270785323
0.0005660623022644618
0.0010321656888671155
0.0007123623529253297
0.00026947452048927816
0.0006196585163356873
0.0003475043247718595
0.0011553129166495808
0.0005116437754761361
0.0004234153345374245
0.0004730642859272561
0.0002687488358092493
0.001926336388230954
0.00017036701905532198
0.0010570296767225752
0.0005335392567475668
0.0010606693307051184
7.449691906318603e-05
0.00034692037749814377
0.0002728869746867871
0.00016207513176699483
0.0007536760017825668
0.0004892506416186154
0.0002677636333680063
0.00015257447262414462
0.0003307361425930145
0.00019674329038589766
0.0006263664905550448
0.0007179734984947197
0.0002072058928642255
0.0006864808505035597
0.0008705319211975382
3.416966994047426e-05
0.0008559430258305135
0.00031063707225912035
0.00011478495416896073
0.0002714883028904417
0.0008545082868236805
0.0003701220444412145
0.0004692400676060481
0.0002257650181332934
0.00012307496461408404
0.0008337396014029119
0.0004639335939272956
0.0004759574614848125
0.00016707753343176421
4.715851788570918e-05
0.0009382108274287468
0.00033556042239424143
0.00033394572798504414
0.0001512924144010045
0.00018670699402111433
0.00017358364289819195
0.0006853440742427147
0.0005360784502804283
0.00041674728381081353
0.00027400977843858483
0.0005901766329594688
0.0006146185182793308
0.00023134998001873126
4.99319199990151e-05
0.00023895215608230204
0.00011868197941314648
0.0004339440254709769
0.00031445794749047207
0.0014900994598970492
0.000488887100109527
0.00047170175580954797
0.0002036883903684751
0.0003215347659978265
0.00025394482395279264
0.0001879654463308206
0.0004640584975493714
6.558472200123094e-05
0.0004027034171867238
0.0006265803864852394
0.00031678538725085734
0.00048243916744565124
0.0004423146650031318
0.0002760286867727168
0.0002247098118856187
0.0010845339075155743
0.00014929067862339362
0.00016714125238616158
0.0011070419668538485
0.00016684215475283828
2.6859845279627317e-05
0.0008504809603779313
6.0092142061343205e-05
0.0010715055600251397
0.0005050278639550343
0.0002022665591474435
0.0003609206792145006
0.0008619157410038242
7.806309646560657e-05
0.0002910994867935614
0.0006992804713784112
4.6472523414317034e-05
0.0003638520401804831
0.00034043114214929443
0.00023306750158139265
0.0006486353778170365
0.00011873084564289639
0.0002869898421065853
0.000567399985606329
0.0013662589179349717
0.00022016298003688022
0.00050400390131632
0.0013319121099742638
0.000164857071566865
0.00011242551012529001
6.976278875133173e-05
0.00042627782604135123
0.0012096331338152598
0.00027848008657212046
7.218348787929053e-05
0.00017336034820765515
0.0002836460034171009
0.0006984213726683197
0.00015697073825529382
4.3336057725976336e-05
0.000331107094072175
3.242971412228491e-05
5.1617459129199826e-05
0.0018437925946463954
0.0013719718288556194
0.00018742012395425804
0.0005328998140136337
0.00020420455203747694
0.0003943230234371732
0.0002014250441830029
0.00017799244697855844
0.00038977390579043343
0.0004627940912424701
0.0005446966649985352
0.00022567484554441057
0.00046694062600798205
0.00018382435959586987
0.0002496424854859743
0.00038243385687402595
0.00018889471885825704
0.00010724120876879309
0.0012251994483211642
0.0004286630560398653
0.0002716684393204815
0.0008253023513449956
0.00087042498594486
0.0003815542244523267
0.00011925368123706234
9.229347298942946e-05
0.00021663275687552698
0.0007911116939539446
0.0008429347484729582
0.00014093460510893985
0.0003828473316771568
0.00011756333689654901
0.00026624371740137934
0.00011224879829947989
0.00013963381595853068
6.99379223122962e-05
0.000485624782948393
0.00014523935726691275
0.00015402859026631432
3.8194275498351346e-05
0.00030399437462120063
0.00031877761447803287
0.00029737112541294814
0.0005978515290595701
0.00014061519206627407
0.00025568447894168064
0.000981943545066204
0.00020541424249880452
0.00027000344960257923
0.0002690713885527418
0.00014659575569091248
0.0010475449784466265
0.00037970659443460386
0.00010719051779542462
0.00022143059588208684
0.0003693095711736237
7.064656831403758e-05
0.00016518111189856065
0.0020569846683499518
0.00043247731318549697
0.00018780634656899385
0.0005362808048154644
0.0002810200742141905
0.00012853721986538425
0.00039022042376740185
0.00021899625536288384
0.000191529043247434
0.0009807543889146604
3.792386053645619e-05
0.00017140050657318798
0.000689211054903991
5.879114624851258e-05
0.00019086564854067315
0.001001922847020976
0.00047551686435689866
0.0005793929210333345
6.261830293667164e-05
0.00011827621612087374
0.00014004570924185434
0.0003311267719610498
0.00031986211183062627
0.0003795437809666544
0.00031241670352150227
0.00027561294678366856
0.0005527229461310254
0.0006127889301694574
0.0007089068698435102
0.00015962421843408015
6.949676550527308e-05
3.3878095301693345e-05
0.00041053073528996535
0.0002329507970708893
0.0002613425175939716
0.00010406764413665958
0.0003848938826591377
0.00017298317302345267
0.00034506153600327466
0.0003066705300972817
0.00048818289803063123
0.0002729976922402473
0.0004513443254634137
0.00010811476412315352
0.0006460812314817017
0.00018979062732419027
0.00017130335697517388
0.0004489634418114644
0.0006583512465511254
0.0004957300623039696
0.0006135340707101051
0.0002789411284942237
0.000448172139176376
0.0001279189908517084
0.0004348362488162301
0.0002314930155283909
0.0005101328533625817
0.000211241472164312
0.0001449437076549497
0.00013327038769737654
0.00017660302192976752
0.0004995093015975246
9.418312370536758e-05
9.139976009925799e-05
0.000912816128402568
0.0006239438590764341
0.0003303398444298437
0.0006460337806940545
0.0001531894714643065
0.00028256046407952503
0.0002979855761143317
0.0003938859770570779
0.0004270393900296316
0.0003492876377525309
0.00066997384863841
0.00017559228289027682
0.0001550868087174109
0.00018429293202376715
0.00026149459843468145
0.0004145812120409392
0.00015837371834355707
7.185175162300571e-05
0.0005014980254211965
0.0010696672165220317
0.0003983736226865397
0.000544168854779352
0.00023120250107869895
0.0002854823907635961
0.00018182427848533367
0.0008990124848772101
0.0007190108470945903
0.0002618015277488197
0.00046147661528797503
0.000385967808181978
5.103031373423951e-05
0.0004966511176361909
0.0012758857872995086
0.0006118413735667862
0.0003977046488403709
0.00036642582395788844
0.00017786446737474206
0.00012295172675126748
0.00014369686195765303
0.00031650573108922103
0.0006185279845728319
0.00010647197108892817
0.0003785703781987009
0.0001457165015404356
0.0003483129026714641
0.0001123326596272931
7.936761671190126e-05
0.00030925795168377504
0.0007207649717472249
0.00011812639691631798
0.0001402092095284296
0.00017496768025741772
9.744428270141084e-05
5.063162811770681e-05
6.760735145867987e-05
0.0003134796143854811
7.780206577042486e-05
0.00034736852178555327
0.0006227131054812663
0.0007434819528652025
0.0005004786007359636
0.0003918222349816762
0.0002743446678566435
0.00016652159522071033
0.0004989129490265078
6.683749402758869e-05
0.00014846403994605068
9.88743886815024e-05
3.435184135368903e-05
0.0002530326824963985
0.00043547873764928177
0.00018366095109445044
0.0001297548150844818
7.202055346149257e-05
0.00019689280104280186
0.00040632609053586937
9.984500045725095e-05
0.0003078581028046696
0.00024638324663751215
0.0001960183350235142
0.0001768592746724052
0.000887328238405633
0.0001488846949343644
0.00011604520930572548
0.0002349766009811812
0.0001487313376871381
0.0001682555363230175
0.00024278987183299966
0.00017745190008065765
5.8333328192717596e-05
0.0001236232399946203
0.0001458803392671084
0.0004375769630609525
8.908415021090056e-05
0.00022215498169752312
0.00010745262166672095
0.00015855730883217978
0.0003572646988628067
9.4676496933263e-05
0.00017129433399019046
0.0004304772004240059
0.00047045458899015177
0.0002503311676137651
0.0008974716855362695
0.00027254998724213783
0.0003566902363857092
0.0008471269438269059
6.897361991266725e-05
0.00013239179459946778
0.00017889850724713268
0.0008402827554373606
0.00013014655199640807
0.0002810323398782706
0.00023888935058884268
6.139526639945666e-05
0.000364307720441142
0.00017536233448389865
0.00011514870628219157
0.0004641578190307396
0.00021282757548037238
0.0003846212496869759
0.0007589170678155973
0.0032009696009642277
0.00022082334787763716
0.0003211782854630907
6.92321312612828e-05
0.00036458258625095193
0.0004988585461528272
0.00036898116197566844
0.0002605348023361617
0.00013707412924614533
6.195901331995368e-05
0.00044635901273566665
0.0003161923752063041
0.00010963119698749222
0.00012330293695747983
0.00016624537483528852
0.000247892477578152
0.00034246975196890395
0.0001541357005923429
0.0006164110190882533
0.00045338436426595576
0.0003634777853936419
0.000537567093642923
0.0002434080724235943
0.00025723191951867585
0.00016980725051709056
0.00031941525187105876
0.0006001872893520858
0.00010480063498845913
0.0003497452283397494
0.0008915955536262062
0.0009237714213728483
5.9522578750527595e-05
0.00015901027420450398
0.0004615557148619918
5.9375051836096e-05
0.00017238534406196463
0.0003596116290733704
3.2805049050759245e-05
0.0005929299897920836
0.00015704308442680894
0.0003099956150157643
0.00032041401444366115
0.000253532561894976
0.0001080460767735157
0.0003326136471328069
0.0006095566329959445
0.00014323880878315315
0.0005434024566710034
0.0002461255638700802
0.0003055703174518981
0.00015659011353598787
0.0011084358831840568
4.764130068033486e-05
0.00033415943014563444
0.00016670127679658866
0.00024750131757888427
7.415138626629421e-05
0.0002990987648539961
9.543793214523893e-05
9.642107332584913e-05
0.0005725367211615281
0.0002854880379895245
0.00010844246233851719
0.00017395057313351333
0.00019094162617599127
8.6371991928099e-05
8.111695319948709e-05
0.0002581963210598719
0.00013257321498722882
6.267198393873883e-05
0.0004081432360592368
0.000220362777963441
0.0004854966370081336
4.250173039640078e-05
7.591039452740185e-05
0.0003395752228073191
0.00014977726088170366
0.00013172816011457656
0.0005832449885969353
0.0001809799784440878
0.000247275561697623
0.0001536935690603371
0.0005177790323801218
0.0003118427767554516
0.000438893866645244
8.627796190375977e-05
3.6944930865562445e-05
0.00013000480304224755
0.00021150096988505814
0.00028256339162559155
0.0008505722278870826
0.0001244316220640352
8.576512944819763e-05
3.9372154227497433e-05
0.0002449919492404854
0.0001311456977527606
0.00013751552769688562
0.00010512539216009214
0.00023466647714136675
0.0001508980373415947
0.0006961216649286977
0.0005201651865162776
0.00033755183811238695
0.0008312920655319973
0.0007116130437122543
0.00020883634823516776
0.0004981393730698927
0.00024403856529378574
0.00020979831698999155
0.0004464923676373033
5.459690083704136e-05
0.0008778379442453784
0.00038330741277042076
7.710946753107916e-05
0.00018646054101913452
0.00042695047619598813
9.413117146002264e-05
0.00033510584811792375
0.00033882375798757774
0.00044730908675925035
9.380877714532712e-05
0.00010701362399840962
9.367967940609986e-05
0.0007916499514862337
0.0002160630788023945
0.0001609905288005806
0.0001233447801170146
0.0006207203081158427
0.0003054913024900412
0.00011993734111264911
0.00017218517034827403
0.00023497581336378266
0.00017338157991538526
0.00014583640896350108
0.00029451511761676054
0.0004412856173149043
0.0004705617896553893
0.00014516056892203389
0.0016989974325000118
7.711714904725905e-05
4.6460848578597194e-05
6.037761049780953e-05
0.00030321009858395355
0.00020433832950549676
0.00012832820168681545
0.0004404181949181992
8.386263138925551e-05
0.0003798060642154078
0.00012055509297952646
0.00037929992990624265
0.0003032482187994828
0.0005310703320098282
4.7431666460480425e-05
0.00010204486431282182
7.628962146974889e-05
0.00015716503683953854
8.475724288675593e-05
0.00011816049155214723
7.762561981613254e-05
0.0006536779256804022
0.00019636559080362138
0.00024378269015143592
0.00028721674667346283
0.0002111892716458717
0.00011537194305895011
7.889359813796969e-05
7.358364387383599e-05
0.0006817400033607233
9.953466040803025e-05
0.00013678025923899542
0.00019377091291190805
0.00014066161511474979
0.000321293231308538
0.00017355953540535915
0.00022244397074576482
0.0004385699238865925
9.213084108818791e-05
0.0005725317330339353
0.0004109771219908048
0.00012860609029083305
9.720248444858946e-05
0.0003410465291270431
0.00021059535940629658
0.000356123726442732
0.00026383234894627664
0.00022036446639250106
0.0002867559119140042
0.00033326936986156355
0.000379943886510517
0.00013596623505297335
0.0003793303292351461
0.0002458378923263931
0.00011649162914317333
0.00017314197698176047
0.00038440751302296576
0.00035557229423664196
0.00016975867763886535
0.0001076610701835293
0.00033068385775334255
0.00021854465197829832
0.00018134628420621334
0.00019352807948235973
0.00027525520249442104
0.00015264888471332017
0.0005736265246787279
7.625723241865148e-05
0.00013466986639451168
0.00017194356485457693
0.0003376567351083538
0.00038549486465203276
0.00010891624451424847
0.0002916755391709948
0.0004339891535093481
0.0007452535420456202
0.0007920208539671629
0.00010499173174739656
0.0005996129805705537
0.00020125828367226035
0.00018727660659788496
0.0001097749977247297
0.00011744486472795985
0.0004774018051807749
0.00012973498682686586
0.0001289370724243675
0.00011499761737335633
0.0008990501443598151
0.00011827809027430189
7.038273928620917e-05
0.00021787069054403455
8.313110200809643e-05
3.492070784013972e-05
9.24588512386094e-05
0.00018970767642085827
9.978559013224179e-05
0.0001506345582364793
7.933067855556933e-05
0.0006129335611359773
0.00012852947842171091
7.440898888439357e-05
0.0003573742464222754
7.996499514724191e-05
4.150569577155159e-05
0.000178862092550211
0.00013159079166460475
6.893852206157882e-05
9.313428725604829e-05
0.00017944919123792722
0.00047721409990287536
0.00024357703631852878
9.3392326646098e-05
6.905157797957121e-05
0.00029716595091538534
0.00019354967231583874
0.0005975332636300646
0.00028184363789722543
0.00020817970438905908
0.00034528293768289366
9.231627576371079e-05
0.0002999833617611949
0.0001443717851630204
0.00023832936875034877
0.00026958812854070924
0.0007090891428221765
0.00014785608329012098
0.00035366149825453573
0.0005019931186984538
0.00018407693912368618
0.0002970876447635631
0.0003265960228550361
0.00011113255390330913
6.993610009824656e-05
0.00014329400846219565
0.0004612024038881181
7.722061564292106e-05
0.00010945618225573122
0.0002009294378934396
0.0004757662703569935
0.00030161997303098477
0.0006266634461294088
0.0003416539390677328
0.0005043806269643179
0.0003065906379192399
0.00011549477363297805
9.132986433302223e-05
0.00032252227103801413
0.0001116202395384196
8.749994656204607e-05
0.0005733539300550415
0.000790523689890445
3.438445578807451e-05
0.00014381468178007467
5.542648723788579e-05
0.0002690351740093517
0.00034841690456680893
0.0004995244193645656
4.266234629980887e-05
0.0002504278870321985
0.00031544124947929244
0.0003994902442082109
0.00019842405258103555
0.0002008011502739236
0.0002640280526205604
0.00011218497219910853
7.468091048457579e-05
0.0005184346858085015
5.936708335337107e-05
0.0003430846808633998
0.00010751392035988632
6.493122858888523e-05
0.00011193347564282398
0.00028453958323547684
7.100226167204243e-05
0.0007339812561319194
0.00036929438652544
0.00023167500677208843
0.00010280127492877848
0.0006651267419518574
0.00045360082244120484
0.00011459953058666826
0.00023379444209932894
0.00020724798082148716
0.00016090096851188905
0.0002271761325126793
0.00013204339040042023
0.00023646859393107382
0.00015573521263182954
7.54331710239778e-05
0.00020255288597543076
0.00025130009844542047
0.00032590387599199276
0.00027144659245574804
0.00024239365608163556
0.0002350880083698984
0.0010669339311679125
0.00029820148413468124
0.0003284310166499503
0.0005010876313676775
0.00047459055689134277
0.00013448084984324742
0.00019997647573310695
0.00017958900274380227
0.00013354852008322753
0.0004956090561867117
4.4039006157759e-05
0.00010303794755439931
0.0005722183898540912
0.0011874299788494377
0.00013764348763625718
8.339269976371588e-05
0.0001012163743551424
6.192486888850947e-05
0.00010843837418378727
0.0004953693697114135
0.00019715885690707247
0.00013453857709263252
7.790197408753857e-05
0.00013389975463053974
8.048755985984641e-05
0.00013785177046984724
3.986992541400179e-05
0.00035257418429113696
8.197772323561588e-05
0.00020985229374525336
0.0006816475765115465
0.00010241123617263675
0.00054351849235751
0.0001708068286734565
0.00032766497132150877
0.00026099464275156087
0.000297438506291688
0.00030066624833276987
5.21128573785684e-05
0.00025197748113702634
9.329033721601112e-05
0.0002207301101059392
0.0002609425749103375
0.00010852674582018073
0.00033076971775068817
0.0001515530618829716
4.2183346418615574e-05
0.00010282052335377072
0.00036008958104264115
0.00029020966918527326
0.00012805347892848323
0.0001876692290993136
0.0004143653775054457
0.00021524644365431876
0.00014589495689279992
0.0003037122967552465
0.0002423986007923489
8.603216285686163e-05
0.00012132472789382881
0.0003926375774671386
0.00022439425444821607
0.00021353736989929457
5.764347175433447e-05
6.365554450112585e-05
0.00025903551418639996
0.0001371033404496148
0.0001574752428287662
0.00012273520975925894
0.0003251960356938595
0.0001414434128299092
6.216100893965176e-05
0.00021999861613572095
0.00017833216105961344
0.00010225035099521674
6.5617694003808e-05
0.0001725483350985865
0.00011690565473469255
0.00033346228446193114
0.00016458975878808941
5.973693788904429e-05
0.0001593740098001824
0.00012546538257350367
8.195647553659254e-05
5.7821352031125774e-05
0.00020913610683273015
0.00015200870472619979
0.00016901154101205335
0.00029810916098233983
0.0003706487532993159
6.77046687972822e-05
0.0002336289647271732
0.00011346092974340474
0.00014494148689514483
4.879459855263487e-05
0.00010121419528056277
7.439905481421438e-05
9.016741174756036e-05
0.00024777435060423686
7.412204114645553e-05
0.00015046746074324618
6.476401944666889e-05
0.00025294126664097266
5.23835360260275e-05
0.00023270222624963754
0.00011174502664094127
0.0001296262387750408
0.00016015255920731253
0.0001886009800369895
8.77024171851638e-05
0.0001675201052678042
9.949737439903761e-05
0.0005368088119874991
0.00043346307893249463
0.00022873510969715442
0.00011160082511978249
0.00022721437094652824
8.032979683945649e-05
7.235194046214857e-05
0.0001293495894832164
8.59592986354862e-05
0.00018935676238288123
0.0001822975117754512
0.0003152509049664971
0.00010435868899848861
9.251233370677699e-05
0.0003739973741545307
5.8329105164166814e-05
6.143678857624166e-05
0.0001539322509279924
0.00043919724333696684
0.00016838230183776373
0.0004087385765052217
0.00043114388347661976
0.0001559859552114057
0.0001791220484409534
0.000323364250609737
0.00016745746979560423
0.0004708439036838837
0.00023948014335207043
0.0003572503097114915
9.610281426345458e-05
0.00014952999046436856
0.0001727870414728824
0.00019992300113589847
2.8897794030725924e-05
0.00034098713705258245
0.0005360951296168023
7.53311903696538e-05
2.7264192923249003e-05
0.00010125997577224215
0.00010482338116654673
8.365006152672341e-05
0.00015868528083000057
0.00018250573906886594
0.00043650854404643676
0.00020483461556879715
0.0001413172143660986
0.00022470010719535693
0.00036402947923813716
8.372444698756915e-05
3.572714579035842e-05
0.00010971202708938402
0.00013958251286784153
8.124155243612479e-05
0.00016390147437797913
7.263054350771736e-05
0.00038387200827489824
0.00026090124541540064
0.00015856569306332092
9.124944135209796e-05
0.0003737965889421304
9.238322481221083e-05
0.00013269305767963082
8.315025262253421e-05
0.0005601932345159643
4.4760769078494105e-05
0.00026437338423151524
0.0007057025380448319
0.00012827509275602507
3.669270571828717e-05
8.833159647810082e-05
0.00025663728551175914
0.00013604623643869077
0.00018840747411222667
9.135147730348709e-05
6.0527562584835426e-05
0.0001436952917673136
0.00012620992382162248
0.0005113685556419938
0.00032682007433708344
0.00033190172802637823
9.085426255343625e-05
0.0001926259899708469
0.000349442507548598
0.00010617239476409357
0.00010854348399371455
9.464125703379883e-05
0.0002004510380605739
0.00027174076332103976
5.171699299431441e-05
0.00020530069228474757
0.00010058098766898008
0.0001745680783711363
7.829331723806322e-05
0.00028678789154791974
0.00012640985790109474
0.00040658914743173935
0.0008517260148872412
0.00026106792708727774
5.106017762125714e-05
0.00032943299743772345
0.0003977541167274982
0.00011143478123597488
4.997008952966624e-05
4.104838819161382e-05
6.663955901665843e-05
9.906102249171841e-05
0.00012276331271130741
9.021363192464067e-05
0.00010969653552750108
6.506406831787604e-05
0.00047652384627587416
0.0002701897442416492
0.0005124961492436798
0.0002786566297911221
3.1766396031728394e-05
0.00017268050965729852
0.00023866312394234536
0.0007155865510958052
7.421292939953278e-05
6.310734277075177e-05
0.0005202207706232874
0.00010553493829559427
8.335040969837693e-05
0.00028580528440359695
0.00010126417190195106
0.00022104688788706416
0.00027800734947728726
0.000190881269650733
0.0008553989352334515
0.0002377754275867822
0.00013291636378019817
0.00011797928649666522
0.00012612295807725606
0.00011465531170150755
6.109613912830634e-05
7.654389551658237e-05
0.0001054849756819488
0.00025548424709913157
0.0004901330804777379
0.0007132023958578405
0.000174300856782755
6.351498369677518e-05
0.0003195426511272708
9.49163493829915e-05
0.00015509024528108384
4.428695373819466e-05
0.00024091205433972692
0.00044006297602269167
6.152106651488604e-05
0.00014659098803750169
0.00025062479670089625
0.00017124372810194819
0.0005139384475829743
0.00015772285852715592
0.00020217012869174194
0.0003449847066734689
7.514701185193736e-05
0.00041411160994200293
0.00021508862591315672
4.332197638299535e-05
0.00026759654704198933
0.00021286721352567497
6.315365604932002e-05
0.00021027978017950575
0.00031874625671480514
0.0001451556784946213
0.00011721985264274065
5.125749865310824e-05
0.00011644148829800693
0.0001118360814103646
0.00014754640394583525
0.0001377313374708464
0.00043008123802589426
0.00026908419281543197
0.00029650482151292014
0.00046330409061286963
0.00017558068844194537
0.0007403758425089208
0.00017343370813380977
9.516880631745511e-05
0.00014518906757054486
0.00029639031336621904
0.00046631106132730837
0.00011756982076016364
0.0002636636944654951
0.0002044701379848859
0.00015873126926494786
0.00020528053664365355
5.595950281461567e-05
6.657337257028733e-05
3.396574593719576e-05
0.00011960864669214086
4.592775231470544e-05
0.0001984067252241468
0.00011851925560815589
0.00028175138897800444
3.150860878157124e-05
0.0003206991205882778
3.0033522931500492e-05
0.0001492098012101691
7.573923808049895e-05
0.0003707322875624348
0.00011639652854550524
4.756118520337192e-05
4.937162072871513e-05
0.00010599214895738677
6.231640214963123e-05
4.525450268733313e-05
7.703261510079825e-05
6.809650059215419e-05
0.00040250947662005305
4.059316004884227e-05
0.00011846231824804058
0.00017339190988698431
8.785637085153334e-05
8.859912612773226e-05
0.00021624756880372843
8.35911767706616e-05
0.00011304277865792436
0.00031289184976439084
6.155349604447764e-05
8.330418473342502e-05
0.0002122597931094005
5.199644063528925e-05
1.9229088119868114e-05
3.864154886771197e-05
0.00014355267764246032
7.35392698707176e-05
5.663299968647506e-05
0.0003392908428507935
5.113119637535855e-05
0.0004064941830508347
0.0004548674620211998
0.00011446181308780547
0.0002941229054739925
4.978020678327624e-05
0.00013893384915130954
0.00032194513664053436
0.00011194139549200848
0.00012843289019572008
0.00010723328525249097
0.00024256770872322668
6.65824372941041e-05
0.0003057332466840977
0.00011046101194347514
0.00014302948455974815
7.002641049346261e-05
8.165714480456097e-05
0.00016629912009812132
8.880533772566533e-05
6.4790098503382e-05
0.00019515370726154465
9.14717569114747e-05
5.7171953807333894e-05
9.781151109270553e-05
2.9550970483574928e-05
0.00027930398929724005
8.664502854083619e-05
0.00011760904778030588
4.886803981037435e-05
0.0001958495166877614
0.00024522911956742277
0.0001390468587737315
9.1629069077703e-05
0.0004758645315975537
0.0004581074238922286
0.00021351664477390323
0.00016840585005452566
0.0001494417308173416
0.00015283179305211617
5.5543145115836414e-05
0.00033234527193969424
0.0003639136098284962
7.687226592534241e-05
9.048984632792198e-05
0.00048515967574094576
3.31095301348155e-05
0.00013249052641818416
0.0001022023033147688
5.487971236519036e-05
0.0005393917848088769
8.225780246520401e-05
0.00012402071536736465
0.00014369735610689018
8.998849580603689e-05
0.0004892153632883876
7.948322685474691e-05
0.0001745583355026685
0.0002193612894299107
2.5520658599211232e-05
7.368723659232886e-05
0.0003933862960123309
9.670462808690078e-05
8.086364337629153e-05
5.296044998869525e-05
3.591213512252768e-05
0.0001014890167408171
8.702591831476006e-05
5.858259637150246e-05
0.0001680655252662796
0.00011904213574919462
5.973032884343007e-05
6.719671527424384e-05
8.09060002432402e-05
5.85365437187699e-05
0.00012162359218242369
0.00013418755048037254
9.379796041023815e-05
8.309882520278204e-05
0.00011463147429145504
0.00016223383236458306
7.134155298070432e-05
0.00029133138557031806
6.920593453023328e-05
9.545409277770725e-05
0.0002233377663186837
0.0006477568694033645
0.00023900094356008093
3.7875757464410475e-05
0.0005158767002684979
3.9234365610713956e-05
0.0001586124278645862
0.00024099500875785895
0.00014523854262668608
0.0001439842668251339
0.0005984870222849007
0.001008124370056087
0.00021084904688076252
0.0004496546418111597
9.565562724764426e-05
0.00013358709376391748
0.0003004368708700456
5.055616073483462e-05
0.00013383388887760152
0.0004120906393987434
2.8615034132869243e-05
0.0009991602127479432
4.963991670888006e-05
0.00018769892118171313
0.00018653068739197948
0.0003453033785646131
0.00025671210042352147
0.00013916086406264027
0.00030111268044954163
7.98969314462497e-05
0.00013523564320365555
0.00012883521438975762
7.092783921261805e-05
0.0001920600203584735
0.00012830066488311216
0.00016156077227920805
3.335495424315219e-05
7.955846556467912e-05
0.00031665604280776256
4.3160506459097554e-05
0.00010224512305254097
6.215133562713627e-05
0.00014638767188882655
9.801256914261408e-05
6.323842804997287e-05
0.0005579278632087771
0.00025426109078899377
0.0001585779322832976
6.206477119956137e-05
6.865188170301498e-05
0.00013914151621270874
0.0002014449761176222
0.00028258699239015723
0.00012611360998666555
0.00032052121903287717
0.0001208597741214025
0.00024741625090121336
0.00025554870917390593
0.0002441981136398203
0.00022863311279242729
0.0001570901563977119
7.247620675753874e-05
0.00021139814029942088
0.0003158851694236
3.450800629239222e-05
3.1003216377996075e-05
7.148170835885855e-05
0.0005824257043741963
0.00025922968006365544
0.00010336373288977466
0.0002578196842742975
6.71384576201102e-05
2.6172595696646612e-05
6.396065029995992e-05
0.00013964264665607124
9.736658275726913e-05
2.312838485332855e-05
0.00018502981124086988
0.00014172068250070088
0.00016859278582352858
0.0002625294185747361
5.218195539343516e-05
0.00014078492755750072
3.935751192217791e-05
4.781194156696862e-05
0.0002590589135732154
5.655043214877032e-05
0.00020787003624243652
9.955406002965828e-05
3.2079040081256716e-05
0.0001095760800256904
0.00038624536532608385
0.00012219171973041146
6.294203612986845e-05
7.189797706033889e-05
5.757066399010785e-05
0.00014023624500846522
0.00022434044585335877
7.449738103344236e-05
3.0926930466949036e-05
0.00012706648995607317
0.00022926906932718835
0.00015021118149242444
0.0002931069808405191
0.00029410050043223856
0.00017389676172177858
7.54293858843099e-05
4.080589782374824e-05
8.865283902887102e-05
0.00032933617829695723
0.00031721465354898036
0.000180307122015638
0.00019793018959973326
0.00015137051325192095
0.0001091163350080035
0.00020290733063531158
5.126120737970672e-05
0.00018232843507726167
9.511052790292923e-05
7.162748554387489e-05
0.00019551747221273734
8.363428693438448e-05
9.996318981087972e-05
0.00028673974170583737
0.0005713746841054204
0.00021229095922251613
7.511335436385006e-05
0.0005080202077474038
3.148599592028715e-05
8.650926933332334e-05
8.297778579600986e-05
7.764009853932675e-05
0.00018352170725161
6.291334847304291e-05
0.000143272054942588
7.620070474809318e-05
0.00019401070229161413
0.00016552096146693995
9.845289085986259e-05
0.0002879756416448146
0.00011308568485729837
0.0002710149089817556
0.00011490141535371405
0.00014404444022561954
3.744719443945213e-05
7.08884347057134e-05
0.00012899696055594136
5.2041248282634156e-05
0.00010365948511474311
0.00014720937790987568
7.34263159234865e-05
8.903648879065223e-05
0.0001258842135688164
6.798013731819011e-05
0.0001379935849922897
5.802460365645296e-05
3.0946857996396144e-05
6.581098991353429e-05
3.246051830746589e-05
0.00017104812048654073
0.00013291665211123964
0.00012300793481536103
6.228811983514647e-05
0.00035127675289143786
0.000178457027230919
0.0007121982955919239
0.0001396382631513971
0.0002344256312799032
4.499786053452696e-05
0.00012221226907185693
8.077871896400123e-05
0.00013075431232607845
0.0005345146948049298
0.00017551979916042649
0.00024236148004274613
4.5501144995439866e-05
6.492186837036936e-05
6.187796889425952e-05
0.0003817923254364578
0.0002859985261259275
4.960761148081952e-05
5.997801548210998e-05
4.894734256012061e-05
5.686266105416755e-05
0.00012335577675625246
4.460475410075605e-05
0.00015467958970762237
0.0001274216497401738
0.00021077816693433052
3.3361274778017466e-05
0.00026788272438996977
3.6427887306633335e-05
3.88397960382178e-05
5.803925885296943e-05
7.838802558177653e-05
0.0004467282354250868
9.652401252174747e-05
0.00017806833315357442
0.0001168991311961381
9.19210455636791e-05
0.0001360203121736967
0.0001546322749992084
3.761826183720551e-05
0.00013059528171313937
0.0001286552403898535
5.05608246948819e-05
0.00014728400500827913
0.00025039865293868254
4.174775036917683e-05
0.0004404033552036003
4.0248809915190197e-05
0.00044413593615638057
9.398560149712669e-05
0.00010527067431190453
0.00014132431735993937
0.00014331774637468478
0.00024885666739843767
9.846231818521186e-05
0.0004811650564016989
0.00015316330099319702
0.00010994314426031115
8.96127479138831e-05
0.0004337901051406937
0.00017599331020169148
0.00021922382558935767
8.152650782092525e-05
7.86710976991945e-05
0.00010219143732464609
0.00010884931105453846
0.00011582423789562821
0.00020716270258406107
4.878755681816932e-05
0.00020807686519265498
0.00029057804693861553
0.00015570350843324178
3.48916984878853e-05
9.996341749486243e-05
8.97739985928878e-05
0.00036421925947248917
0.00011052067016522885
0.00016644498119458575
0.0004919886926678277
0.0003956763438423648
0.00011683488565882391
4.079353147971192e-05
0.0003581843739782405
4.8973775073672805e-05
5.047177796938006e-05
0.0001285838650790562
6.005305506585574e-05
0.00018273266987178666
8.321862339416938e-05
0.000447583423694325
6.34461568710171e-05
0.00012797094554772774
0.00017337374358602305
0.00030574022035297066
6.183170249410554e-05
0.00011992168247987599
0.00017011590834902914
0.00032449370710353005
0.0001467004107841106
0.00020167690159524738
0.00011231552041847176
7.425199968051658e-05
3.133260616073011e-05
5.42060626397686e-05
3.819855090372531e-05
0.00013164885978227323
5.319733763474447e-05
0.00012066612148785336
0.00015854955802714477
8.600245044332132e-05
0.00030532257306270847
2.1475718316596746e-05
0.00033447348898111044
0.00010000974420203264
6.803922622430649e-05
0.00045580402677176935
0.0001886715635419468
5.347988741764096e-05
0.00021706447510788058
0.00010629753707566521
0.00010351744328969628
6.463218332484081e-05
0.00014052828734215472
0.0003658080674259841
0.00032595017918529495
0.00015630277940249218
7.146406689531309e-05
9.759671421032228e-05
0.00011925063932820523
0.0002781429801494248
0.00010680215361097209
0.0002423491408006944
4.956069981766266e-05
0.00021494248719477945
7.177190329559093e-05
3.661145260930625e-05
0.00027722935130694803
6.040611141678037e-05
0.00013419910435576182
6.828328863610431e-05
2.9262662405542275e-05
0.00018287369063884587
0.0003089416568084748
5.014725090217991e-05
6.185372127604129e-05
0.000357419066603401
4.07103722469447e-05
0.0009115353197370146
0.00011873322030018523
0.00011500087965355386
4.458007613446577e-05
8.841912607044705e-05
4.339301659063464e-05
0.00024900704162005206
0.00010540979945543324
7.965327968760397e-05
0.00016636026195650168
0.0002597432002807288
3.5673423728161346e-05
0.0005321476607090852
6.172294656318191e-05
0.0002482849421652449
0.00014892606197655476
4.591098670215558e-05
6.610153099002835e-05
0.00018434303130357015
8.984671711757079e-05
0.00011610971760570188
0.00011884587569620887
0.00024204184225596552
0.00010129787179999769
8.102374405978121e-05
4.470983517260095e-05
0.0002840683223326035
0.00015647684409488647
5.012958168826755e-05
0.00022976475079501864
3.577210096360896e-05
0.00033312970943354537
0.00010386561399040153
0.0001981492815287368
9.45986583326551e-05
0.0003124832863128678
0.00011989203215888367
9.229458834833517e-05
6.136710088665299e-05
0.0001371081328323072
0.00024737788493250473
0.00016613185366225772
4.846300957545127e-05
0.00011492158677216271
5.726502628069975e-05
4.0160747551664175e-05
0.00014204417111595766
0.00016045891826219975
7.051064549762314e-05
0.000227441212500679
0.00026836232611367634
5.024150343201154e-05
0.0008175639115732054
4.7513692991704274e-05
0.00015986194273180028
3.269886924562092e-05
6.002117520114442e-05
8.54333752426909e-05
0.00017755301756513923
8.401341376680817e-05
0.00024707440062542483
0.00016919298115850563
0.00010778304895004925
8.386273379724721e-05
0.00033878707207870667
0.00019338126879509004
0.0005730803870641212
0.00010800948210360991
3.830269649721516e-05
0.0001338793440965499
8.665904006087176e-05
2.578249991360601e-05
3.921097680365039e-05
0.00010396705419307954
0.00012602609979021695
0.0002796101666056237
6.857860059490354e-05
4.617904935325197e-05
0.00019868972427260602
0.0001779380504702531
0.00010665181277545162
4.3909881297289685e-05
6.915810285916222e-05
4.301802268233606e-05
9.702118317262715e-05
7.511617901373547e-05
7.93677301195514e-05
3.3171496246893165e-05
3.2309619640779786e-05
9.230527187678955e-05
5.9108137538889075e-05
3.5479234872190406e-05
9.638619836327841e-05
0.00016413072036734674
0.0002673949004533075
0.00010086905329480905
3.725539417206799e-05
0.00023890659886966853
0.00012285823615174724
0.00023718333343552246
0.00017755638953841316
0.00013637043176440596
7.088284523314552e-05
7.009637481018686e-05
5.16808909937436e-05
5.472888193304069e-05
9.791224991468229e-05
8.920364639943321e-05
0.00016541421093830714
8.845557987283555e-05
9.686108443500729e-05
0.0001056593542617615
7.145024301212422e-05
6.377988744522842e-05
9.417844644690278e-05
8.785614236666158e-05
0.00019473524105226539
0.00015568719461263954
7.596813613056217e-05
8.578361889368793e-05
0.00014694300952424028
6.979845883820448e-05
7.313691055709001e-05
5.387235097038164e-05
8.130794507383389e-05
4.3777069783070054e-05
3.862607106418966e-05
0.00012014718024114917
0.00015317120350510455
0.0001017369657797035
0.00025510071890296376
0.00034809641609572216
0.00022953650332149984
0.00011521463488617731
0.00033689846572896865
4.019950393705781e-05
0.00033634524834794723
2.3201804669642533e-05
8.40565724488275e-05
0.00041901521572463907
0.00021375343863640767
8.172054768679404e-05
3.1978941497016204e-05
6.885872866745978e-05
7.68765474028578e-05
0.0002119478416141119
0.0001870957373884477
4.586028352441231e-05
6.120977283808017e-05
7.057959552022144e-05
0.00019765342790861918
3.857206053675987e-05
8.386594136477768e-05
0.00022976316202431534
0.00010769102472039249
0.0003097162116490181
0.0001731726905357688
0.00010176526426060564
2.927744966027172e-05
6.42611170349227e-05
0.00019168965668728277
0.00025279288208865245
3.3170441746347824e-05
4.7616994528730365e-05
7.930586126635977e-05
0.00013898730259983479
7.760396663399832e-05
0.0002063737118417047
2.8645788094598367e-05
9.230344495400361e-05
4.1018857370925814e-05
6.863974981681716e-05
9.222412843442712e-05
0.0003334931735693903
3.585152181217951e-05
0.000146216459235719
0.00011372310806234206
0.00010005646883880902
0.0002168670150937645
0.00010039775565585022
4.424842348345976e-05
3.226719925945436e-05
9.049151765904932e-05
0.00015895261329443826
9.79660360609921e-05
0.00012230197691468528
5.568532661187857e-05
0.00031628039466399615
0.00013258980166730295
5.99187671990456e-05
6.429592253973373e-05
8.562538491727101e-05
0.00011143103201539637
0.0001813477427083985
2.122170656179743e-05
0.00012929816335521325
7.928860011147236e-05
4.3200846578758755e-05
2.9988674802207908e-05
2.2566797146132303e-05
5.1787273993172535e-05
2.0542379317254524e-05
5.4241420358728957e-05
5.891284091965168e-05
0.0001503867690944514
5.958403902629459e-05
0.0001561234329605711
5.0282132142480095e-05
0.00013336359083621763
8.624954994810127e-05
0.00031299243430862655
0.00026404470377053497
0.0001094331322906162
0.00011673657137228583
0.00045509759078849496
6.493258366098317e-05
6.034203893915789e-05
0.00010925946489771338
0.00028135576161895573
0.00022775775833116225
6.075909979570789e-05
5.633565195553418e-05
0.00014605865339572044
7.430116851910479e-05
0.00011509403722847526
0.0002141434883109942
0.0002132342244694914
7.127153279997644e-05
9.869828211615289e-05
7.540345893335675e-05
0.0011338175147857493
0.00010200815015453986
1.5884824324936495e-05
7.53652443355988e-05
4.9933863086475056e-05
6.201875596357326e-05
1.6347594434272494e-05
0.00010479237003390709
0.00026155346762254445
0.00018921449850354353
6.996432414326786e-05
0.00017183652736514637
0.00011202480464867679
2.253049325678124e-05
8.626469162567673e-05
0.00015262261013910636
0.0005596959139743966
0.00018952064212803015
5.1543939829511684e-05
0.0001043210218430478
4.40986504642194e-05
4.917904350052996e-05
0.0002492264625905387
6.736849576533096e-05
8.05152316064493e-05
0.00025996082130515566
0.00016388763973307455
9.9576040640785e-05
6.072104870420202e-05
3.259782014016737e-05
6.172995145703094e-05
0.00026587305760233904
0.000613042462861952
8.760685016236843e-05
3.286927658428948e-05
0.00012017677909525242
4.85456119174709e-05
0.00025313214509539684
7.220238587713051e-05
7.087142342667284e-05
8.978423912471622e-05
0.00012592475625023179
0.00025885967225999063
3.7604179499720095e-05
0.00014387082865123074
7.679453475939528e-05
0.00010678607005647609
4.56888996434856e-05
0.00011747389987428645
8.782375799111593e-05
4.346969752860236e-05
0.00026168201605332756
9.189855852571586e-05
6.121016601425594e-05
0.0003331821965403918
9.365679825323879e-05
0.0002103054408047714
0.00025975471957643957
3.40849007198688e-05
7.929091558822124e-05
3.7171571408433774e-05
0.0001327292420213322
0.00010006364852559573
0.0001230063414840943
0.0001409659440776392
0.00013265474148565953
9.113884977109165e-05
6.467930177230664e-05
7.700140205040594e-05
7.762225674163236e-05
7.027853411257874e-05
3.41328201952632e-05
2.6686745470046205e-05
0.00016341498433037835
0.0006264900374304144
3.883356706816682e-05
0.00019455568674995544
0.0004384845025193467
0.00020272319649982843
3.629737262665795e-05
0.0003545909474471872
0.0001913135070708891
5.2946111138399804e-05
5.440966044068725e-05
0.00027146344036020224
6.080802516807363e-05
7.417489626332889e-05
8.066365897935718e-05
9.540239820260435e-05
0.00014094458444412596
0.00015215648330750868
0.00012753359853689107
6.0292954479814025e-05
4.1967525767470745e-05
0.00020301956911479173
2.6613966398415008e-05
5.563517307638325e-05
0.00016294877906287525
0.00011705287482591184
5.8556839816617636e-05
3.9134675739837514e-05
9.581511894201459e-05
8.128936319704948e-05
0.00016816853315684165
7.659221146739797e-05
0.00011371462164406533
9.763394958222412e-05
0.00017826098734196762
0.00017539793016450677
9.737304629490032e-05
2.061290925344162e-05
9.997512789452219e-05
0.00010275594954279356
0.0001840666462670148
0.0001127144647371593
0.00010663029960922826
0.0001484784041564005
4.847174074340081e-05
6.650960767407226e-05
5.8433874679325864e-05
0.0001458304859145998
7.877959225423722e-05
5.240663889132858e-05
0.00016440223011871452
1.6116390131501848e-05
0.00015727412892479253
0.00034391811722169136
0.0003908312558760848
0.0004475826509373956
8.661178269487097e-05
0.00027140481187218807
4.0913534991094556e-05
0.0001316124485640119
2.971483661655017e-05
8.569754519554922e-05
0.0003332977824851635
1.850444924476373e-05
0.00017348902733364748
0.00011757516442494534
0.00019562937906026582
0.00019980249297387852
2.537692831954105e-05
0.00031652500003922883
0.00012651597327079306
6.533622131307197e-05
5.775909281901189e-05
7.94351063759382e-05
0.000194341143439794
7.692542152727646e-05
0.000152070833525934
8.649376213811695e-05
7.793402680144438e-05
6.412486415461471e-05
8.112328099506003e-05
0.00026764145257681516
3.3505850054245315e-05
0.00015494767943209184
0.00017105981342610644
4.2889735840935326e-05
0.0003858173087144508
7.58658111648582e-05
3.915527133904264e-05
0.0002229302186921958
0.0005115783529237405
6.53031606455449e-05
0.00015892459993916173
6.56356373920987e-05
2.8873918461825796e-05
0.00023816699191908194
0.0001413813346487385
0.00027734739689023823
0.00019952386450271053
8.173437767016959e-05
0.00016363788666705126
0.0005575077457837222
3.6641382404681926e-05
0.00010686668636872553
0.00011471458989314101
5.1208124122511e-05
0.00015582989494221828
3.349030846697609e-05
3.563174500176858e-05
9.938951186776793e-05
0.00024663222200940375
0.0002279467855868758
7.483702311408759e-05
9.825187187391495e-05
0.00022384439111099895
0.0004208545144191127
4.959985986705924e-05
6.234899939440438e-05
7.754518399897696e-05
0.00014030806601429295
0.00019422858822842304
0.0002269896416776485
4.5184268815458764e-05
3.432921498516163e-05
2.3752019255230594e-05
0.00020438620451467115
0.00016722545962921605
8.390142228936756e-05
0.00026301942218270646
7.284144319695005e-05
8.880957556032638e-05
0.0001368385941867987
3.1464189262945284e-05
4.036363584484231e-05
0.00016345445549140165
8.697892605242381e-05
8.183130495047408e-05
0.00011013241651664811
0.00012305391933760924
0.0002820494757060138
0.00045652828296386533
0.000163232584393789
5.0885769006287026e-05
5.915944110073197e-05
0.0002722012556817421
4.013280864589156e-05
0.00010878024396039302
6.94101171227589e-05
4.446841606741048e-05
3.2988416594828794e-05
5.463314626599417e-05
0.00014755008481106137
3.3867442342058754e-05
5.137747852233874e-05
6.626830421660365e-05
7.428625002516522e-05
0.0001700560914730398
0.0001400914354776308
0.00012723894939127589
0.0001528766402628719
7.589602445607988e-05
3.109403735409577e-05
0.0001289147513015359
0.00036608109843879643
5.917868806333503e-05
0.00011881932168483162
9.755634710551128e-05
9.03543030503596e-05
3.368627800271567e-05
4.73049427438635e-05
0.00013197426250932171
3.5128218628415996e-05
6.63591329582057e-05
0.00017534009035794605
0.00014005821835328435
8.914046931888793e-05
0.0002780473680875261
6.819418974020137e-05
5.522346852156131e-05
0.00031882300939656006
8.567639727135326e-05
6.983525611030087e-05
0.00010791510129996647
9.077053980460565e-05
3.911565283362813e-05
6.433887853512355e-05
0.00010776504323357865
4.8219080809261376e-05
0.00019559584109977657
4.3264849271861425e-05
0.0001697121633417986
0.00011060880244140481
0.0001005260058875414
0.00011095179515382096
7.726936950842468e-05
4.305036254412094e-05
0.00011359096443544405
5.277230949963239e-05
5.757739462864918e-05
6.160387687462688e-05
4.39781783691343e-05
3.2897669217896715e-05
3.497754460285934e-05
0.00012321408488249347
0.00014739615297492455
5.891092857730203e-05
3.621713828364749e-05
0.0003342702574764401
9.380913207198873e-05
3.672056040282045e-05
0.00015059071359209522
0.00018908956968032467
0.00036018595244231274
5.122113886285516e-05
6.221160323572302e-05
0.00012892813367233028
9.408659324072329e-05
2.2218104132027114e-05
0.00016800610406309669
0.00013511063245020058
0.00015349759190417796
3.836072110200396e-05
0.0001190067583920415
0.00014854900131970925
0.00038733695846384465
0.0001432506039938621
0.00014108501802650203
0.0001482631546184369
0.0001753311030001539
9.810865707790115e-05
6.701018874125954e-05
0.00017769299156732618
0.00011699879163374724
0.00031428340448152607
7.887853407859764e-05
3.581059519305444e-05
8.228504365484942e-05
0.0002821619073476828
0.0002997372934124611
4.939347367015445e-05
6.455086950122415e-05
5.046095710064355e-05
6.996300534511004e-05
0.00010886986511664429
6.713967441083543e-05
0.00013186644444494478
3.357757118878819e-05
3.549698983427263e-05
8.921986335818013e-05
0.00018123916269299116
8.907914577826894e-05
4.4229933164426956e-05
6.54528008564886e-05
0.00022166768733783063
4.746611731179668e-05
9.387906644430657e-05
0.0003833488593600395
0.00010402052683145724
5.467415548673004e-05
0.0002488701777091104
6.974821091800622e-05
4.56159693481352e-05
0.00010854822687631674
8.860591776260563e-05
9.425142448025825e-05
3.950199530109853e-05
0.00023898450127823398
7.458477066415047e-05
0.0001337174073769775
7.585621620522099e-05
0.000240220951575629
5.652856049090934e-05
6.406235653521754e-05
5.915176413235657e-05
4.209388232414841e-05
0.0001682368818131399
3.908434337015484e-05
9.7852478854981e-05
9.038540461094343e-05
0.00011847369662781437
4.332571117611876e-05
5.0313553996932006e-05
0.00017099859936784673
6.126301457089953e-05
2.668395860634878e-05
0.00012651392413619435
4.1786745481328926e-05
0.00047735097885696513
9.617683373450014e-05
0.0001222206283301569
0.00025571671054983063
7.776938864842897e-05
0.00015770302790797802
3.0286881305969366e-05
8.675718948436616e-05
0.00017360273597229672
0.00011388880364447764
0.0002653007464983608
6.356586810246457e-05
0.00014648283462534453
0.00011392747214703372
0.00011699306776308294
0.00010815159256526956
5.8022044346215225e-05
0.000190308208782012
0.00012374771607611955
0.00011687643602485053
0.00014846043752081702
7.899895875478322e-05
9.989489329408537e-05
0.00011693702324141106
5.0724258570064656e-05
4.37256640563248e-05
4.9414697839303695e-05
8.848973588254092e-05
0.00010077511982181817
3.2769324037108375e-05
0.00031981637229693086
9.030082120041699e-05
0.00014469436867254004
4.714077877189093e-05
9.786226026526579e-05
6.909967259665706e-05
5.74308692544727e-05
7.030805137199754e-05
7.238116194142919e-05
8.371581627905762e-05
5.749085650066818e-05
7.321988236403648e-05
4.726849026591699e-05
7.661699172183494e-05
6.713101047517877e-05
5.429327783816241e-05
8.44881101402214e-05
3.926476348439316e-05
7.343986141982704e-05
6.159529007555614e-05
4.064288495080775e-05
0.00015929053797031042
0.00019917567224966032
7.53912126342911e-05
8.619444323061583e-05
0.00020568872555835527
0.00019942385623636656
7.057988340459942e-05
1.6037958022489585e-05
4.973590953645519e-05
6.826495212587918e-05
0.00010179285030214669
5.499493802266701e-05
0.00011897643669275426
0.00012874587131665515
6.766824718021422e-05
8.976236075804842e-05
0.00010377912718534393
9.95662718236563e-05
9.658457003842812e-05
0.0001432225731862337
5.243052477609481e-05
6.042516282234699e-05
8.219735022663522e-05
0.00018872343111716138
3.109766457148792e-05
0.00036041708446040045
7.609094703356549e-05
3.5106459907196764e-05
3.2286201672302375e-05
0.0001947744396144835
0.00017843750512755454
0.00013596276345763614
0.000315402486165795
0.0002375546602881473
9.576964916178464e-05
6.153559593872045e-05
0.0003508919069061392
0.000114517037589114
5.142400494104905e-05
0.00016037153745895614
8.230027545164544e-05
7.945836041073748e-05
7.900981669337208e-05
0.00011939103424687984
8.46409175144998e-05
0.00012813612494488654
0.0001424409870465199
4.388752866121075e-05
0.0004601932261119597
5.4482448599957946e-05
5.933611989672686e-05
0.00010725043332380291
7.318934275091663e-05
0.00020178025011968628
0.0002036455614478945
0.00012566762558100238
7.457730575635898e-05
9.60753052760337e-05
8.220023824091858e-05
5.207863627611004e-05
7.770547171997993e-05
0.0001339663530081488
0.00010322587336332722
7.736055821627308e-05
3.783784588923324e-05
4.977899561128373e-05
4.7564655829180094e-05
7.667539396138221e-05
6.540355558933539e-05
4.408243305940609e-05
8.096446798786778e-05
4.191211452208272e-05
0.00017497441877607382
0.0001816073115414603
3.128066998275009e-05
8.471325331996785e-05
5.724972168002272e-05
0.0001900968138216209
0.00010414178258263238
7.9567232007707e-05
3.620078714755401e-05
4.162706764880191e-05
3.634869149659455e-05
4.967252496612805e-05
0.00011510756008357099
7.482420384518224e-05
0.00013213837132463468
4.813811915079467e-05
6.869803803930426e-05
8.366570914520909e-05
7.188091533762697e-05
0.00016049101035145135
4.6962709125305705e-05
4.724000723734977e-05
0.00011389412445885325
4.918919355649475e-05
7.820226378007282e-05
2.943763345476184e-05
4.9252509317378185e-05
5.566359939729819e-05
4.7543014895296946e-05
9.088069385910031e-05
7.188524642180552e-05
5.495682053540554e-05
4.093593612514413e-05
0.00014116455165197951
0.00010301731573113597
0.00026622899267906034
0.00012042554178774778
6.968447399625274e-05
4.970470214567994e-05
3.8860222077469265e-05
6.60891363189053e-05
7.061117166827097e-05
6.241458297745822e-05
9.689148127853053e-05
7.96360229438072e-05
6.621040630877561e-05
5.767399641961574e-05
0.00027345490982577853
0.00019400176055440636
3.1340420177532194e-05
2.8895040890877985e-05
0.00018738986481940326
3.733058113049525e-05
0.00020799960746753247
7.670960713877726e-05
5.296465268392175e-05
4.72664802219364e-05
8.595587777585883e-05
0.0001478990385164697
0.00042149612543476234
2.1773561979531178e-05
0.0001961611874545619
6.105664471620084e-05
6.683659817192723e-05
8.817519418020198e-05
4.25777369411617e-05
2.7452858864312925e-05
0.00015033960663349936
7.260460735402814e-05
0.00010261296330628192
6.266291571785326e-05
0.0001805122479240187
6.190407630196339e-05
2.548449762616426e-05
0.0001144927681832199
6.13581513462451e-05
0.0001116469290708414
0.0001552812521335618
0.0001282780030390796
9.884437248547174e-05
0.00039716714984711185
6.115552487616233e-05
4.196633002565888e-05
0.00013034637530087823
4.5024533567615466e-05
0.0004876836575901137
5.0719516508435604e-05
0.00010809718951855064
3.326456735915165e-05
0.00010384674463208434
4.8716397152408446e-05
6.668042940531571e-05
8.91526670430106e-05
5.642540296915042e-05
7.709765596246226e-05
6.250346015906669e-05
8.625743351406648e-05
6.003867697060416e-05
9.264340151550777e-05
0.00025619483311846344
0.0002088124910818768
9.612511124740695e-05
3.0931635041329105e-05
4.586396798800334e-05
6.90030402172895e-05
4.062338809450318e-05
0.0003160668192828257
3.3238550482112824e-05
6.102186533140987e-05
4.021359761440683e-05
9.681309830124136e-05
7.827964954214431e-05
7.208689673309e-05
1.757587667005326e-05
0.0002306175613870343
8.976510522412334e-05
2.8253971711347043e-05
2.3416217253654348e-05
8.699850704921836e-05
5.966628190555984e-05
4.1587240791965726e-05
2.675967997512741e-05
4.905579827791563e-05
8.476203010559083e-05
4.960052506374462e-05
0.00015575745829747586
3.363663694497796e-05
8.993840002374841e-05
3.563092836063717e-05
3.866871492872674e-05
0.00017068300181915077
0.00023372212528363905
0.00018328855178363805
0.00015911620241089672
3.94501340842795e-05
4.957452422285481e-05
7.044395739880459e-05
0.00011895105212519054
0.0001406764250772045
6.411337942292343e-05
8.006021451465531e-05
5.116173017342906e-05
2.9639674718393578e-05
4.192047469867715e-05
8.088544814203041e-05
0.00019640493578732015
7.597555857466801e-05
2.792870392954899e-05
4.535047284342712e-05
8.146505123221405e-05
7.996388663792186e-05
6.326769693084255e-05
7.934640471386837e-05
3.897934955233774e-05
7.16350308503369e-05
7.488589336919795e-05
0.00010717938009575827
3.2748262296342576e-05
3.807786950027583e-05
4.012881274066536e-05
6.0150044066174055e-05
5.252042842949192e-05
4.193539584008007e-05
5.5501483062905644e-05
8.939968313147092e-05
5.174283985944956e-05
0.00012161225118153678
0.00012207578579823572
4.994584986912645e-05
0.00015573336394653203
0.00016955076107456573
0.0001358441069778819
2.627052098995972e-05
0.0001619173665812075
8.075090690523742e-05
3.8587647108127915e-05
7.473748230309644e-05
0.000368494161726673
4.071109673950202e-05
5.6540909018924184e-05
0.00020880027309773345
0.00011787218985460444
0.00024664481972601186
5.579899026467338e-05
0.00012119404479357199
0.0001662504861089459
9.822511665526733e-05
9.752669089167226e-05
3.271236238050318e-05
3.9942206420741805e-05
0.0002901485583982646
0.0001655003606460198
8.80291081423568e-05
6.994093598895522e-05
0.00011922143785706764
5.736380321431073e-05
4.644464797234748e-05
2.023681795071496e-05
1.9892354347833626e-05
0.00014410469707042874
0.0002740875687086945
5.245803718059755e-05
8.599301029902222e-05
3.3788669364911334e-05
3.1962997875092374e-05
0.00010985044595906522
3.424255584947904e-05
3.6299592237560045e-05
6.225212165469573e-05
6.112330807733615e-05
0.0001687950902430179
0.00010006364213813984
4.7003733522833325e-05
9.101673622124275e-05
4.1623511273149364e-05
8.017526703901275e-05
5.5764718921776755e-05
4.174753702696458e-05
4.9303697349055825e-05
7.474439719582515e-05
3.136052456827709e-05
4.999092183545627e-05
3.3132336430077706e-05
4.526710027694397e-05
0.00011825003960415816
0.000290342786268823
7.868619837356928e-05
0.00018107307363048378
4.278703019149887e-05
0.00019395433177720706
2.542866753044507e-05
4.1284322790150444e-05
0.00019395270960372176
8.990639500657376e-05
0.00012025143911500319
0.00017317227568624746
0.0001098958493348314
2.3718429362578446e-05
4.5514761449544177e-05
0.0001349626411541197
4.0200256346763554e-05
9.086738745042642e-05
0.00012007364022263593
3.832775918388839e-05
4.324166220037991e-05
6.072714114144148e-05
4.806849134349105e-05
0.00010848682236258401
2.8055035750223465e-05
1.6654255218203406e-05
3.5492314804172034e-05
8.209367441516658e-05
6.814148355937524e-05
6.493662732922319e-05
2.6159418881059597e-05
0.00018847576566807765
6.187412050075054e-05
0.00030174657234958643
8.106463601064783e-05
9.6072488522752e-05
8.83387762780043e-05
2.5601181535049706e-05
5.893935813777372e-05
0.00010142869295645026
0.0001531229279968845
0.00012643115673549972
5.182070056218487e-05
0.00013724486673701884
4.661610244352301e-05
5.710883293681748e-05
6.677562579369983e-05
7.818613261681885e-05
0.00036713805640775426
0.00014865603034453116
3.393563475442538e-05
8.030574134049379e-05
9.820276147350343e-05
0.00011774900834930947
6.817929569914765e-05
0.00010050173430251435
8.233478546431265e-05
8.361200022170828e-05
0.0001369015949357901
0.00018772681894164948
4.295204476683597e-05
4.0282920105419784e-05
0.00011529622288285325
8.898642403482603e-05
4.5421850889210115e-05
0.0001445507660995864
9.138092154969667e-05
3.767835211437329e-05
0.00010514247765834792
0.0001010318869467515
4.831861867202916e-05
4.609738251439869e-05
3.891554170204068e-05
4.348739908572002e-05
5.481002472012094e-05
0.0004295636783349982
4.1790106933997415e-05
0.00026404335065284687
5.1363075455111285e-05
7.748878043658545e-05
5.21957620122265e-05
3.6662905001182625e-05
5.220103490460101e-05
8.31132874943968e-05
0.00023256389871415147
0.0001301419273480225
0.00010196298632938658
6.205406343458897e-05
0.00010570441196038704
3.441598938722786e-05
6.076346049337379e-05
5.1912929214305754e-05
9.98598320244565e-05
9.371623077666699e-05
4.6354891146666826e-05
2.2452021724191986e-05
4.845426721317488e-05
0.00018271135386627947
8.613871203310441e-05
3.1324700773932156e-05
0.00010477247138118081
3.9511571814769554e-05
1.9046153799385235e-05
0.00010881216368391072
8.558521090649347e-05
6.549029198598689e-05
3.0158726422067984e-05
0.00034458850138196926
9.125714236054648e-05
9.828620348303064e-05
9.063046951424192e-05
0.00015715014746717397
7.864295203782426e-05
2.071283321689751e-05
0.00012749758073019263
2.7064998402236492e-05
0.00010043501405177622
7.094976007876048e-05
3.5107747640911604e-05
0.0001191605187290102
3.535722289656889e-05
6.486727656486812e-05
6.742558748654139e-05
0.0001086399539244854
8.297571642081723e-05
5.739560415873021e-05
0.00012415277750027248
7.108116653457177e-05
4.1908404834122306e-05
7.326687383371883e-05
5.431966112112234e-05
3.487116311169005e-05
9.813502248998535e-05
6.55064084476588e-05
3.218864210120131e-05
3.8425785233606225e-05
3.0819142472625776e-05
0.0001323638135881528
5.964669745113131e-05
8.875433980906565e-05
0.00010635178099708193
6.231833316034136e-05
0.00014951980015530828
6.64223243776863e-05
8.8905971893551e-05
7.594955250622381e-05
0.00011429209278381051
0.00015172248750312307
6.10351573834846e-05
5.223998128974959e-05
0.00019482789608639235
0.00021732503492827266
0.00013735639220199342
1.0038016353104576e-05
3.372450362857342e-05
9.557134031365422e-05
9.253726634273756e-05
5.203256889221462e-05
6.06710476166066e-05
0.0001401592811283256
7.484207975694055e-05
6.251862771871312e-05
6.990353034232656e-05
4.2435997492128734e-05
0.00013298022840652356
9.531723851251212e-05
6.998005778683869e-05
0.00012020441278037305
0.0001614591327640072
2.0860568247553304e-05
3.397329341144042e-05
4.3664037812136764e-05
6.818287506008473e-05
7.367758865315578e-05
0.00013619691279991087
3.554240158493686e-05
7.958000217928786e-05
5.2549882978488924e-05
7.481147313845948e-05
0.00015216974460659618
7.426694105822444e-05
9.260012262468054e-05
4.369458956971638e-05
0.00011548759327602217
4.803450139581352e-05
2.7923119955199545e-05
9.341230989493874e-05
5.5335872091217246e-05
0.00010613968109264961
0.00014304929224487345
0.00012479241597760054
6.415136087481852e-05
3.730744026679917e-05
4.94757583285664e-05
0.00018691344394431342
7.883637130421936e-05
0.00011568845662688208
7.230009153352163e-05
0.00022384220451417188
1.999976046302976e-05
6.20381422971289e-05
4.298704017762497e-05
0.0001005085222954969
7.802347623968259e-05
0.00012952563902116906
0.00011151568218180043
8.452162247752855e-05
3.9159174843858734e-05
0.00014259623326375972
5.765163660860777e-05
8.18482071265373e-05
7.20885020242116e-05
3.0790015950662755e-05
0.00017203120055814825
7.25320108199838e-05
7.03021105072908e-05
0.00010455181593773759
8.383565507446575e-05
4.8062440308284064e-05
2.8883092467502694e-05
5.045926214300832e-05
4.642794724246457e-05
4.4525676680382014e-05
8.615749067783741e-05
0.0001111964780861483
5.217717176890684e-05
2.156596310566037e-05
3.4984598999114825e-05
2.914564309201877e-05
7.789447096035979e-05
0.0001295072186135744
9.43464913829819e-05
0.00017332390934597248
9.391333361433289e-05
3.0216539684793975e-05
0.00015580119534942824
6.72961720012927e-05
2.7433105756638262e-05
3.3958659726776466e-05
4.059180966729155e-05
5.8257298318247046e-05
4.8201005612902356e-05
6.120906555008086e-05
3.9240864853857065e-05
7.544644191733969e-05
6.623100330534331e-05
0.00010473226141619002
6.93141565285477e-05
0.00012856495610062343
0.00011055119160888054
5.9107412287353395e-05
0.000170780880841254
0.00013589682662167716
0.00019981155736115174
0.00011910816388210465
7.912504522537409e-05
4.766945796309157e-05
0.00011729908998789607
0.0001251418168081624
9.696241585692924e-05
2.0540482505448332e-05
5.523477617398162e-05
4.709411641479659e-05
4.794839614903519e-05
4.353798722358331e-05
4.734139811556346e-05
0.00010973944465339142
7.38690749330456e-05
2.713749609843559e-05
4.468269977711718e-05
0.00012895140894282487
0.00010276178646739573
0.0001695745932918242
9.616685534567932e-05
6.889486084390244e-05
2.776682490234908e-05
0.00010123629420828568
6.66218319447401e-05
2.5000312738462512e-05
7.900196075892267e-05
8.797258496481269e-05
8.484003719190356e-05
0.00014154465988081038
0.00011426844592654219
3.5802871979981636e-05
3.350133183829029e-05
0.00015372637797109035
4.86107256114995e-05
3.823847979092523e-05
5.8461608265781325e-05
5.829266938807547e-05
0.0001158243964087095
2.900434404052175e-05
0.00022573472187683682
5.3533801736051514e-05
4.664426106106336e-05
5.073120033656529e-05
3.2748989173789054e-05
5.949593415909409e-05
9.432884829566506e-05
3.736235739898258e-05
3.8940139652004685e-05
1.771007635569505e-05
5.811140691613028e-05
5.501800676516286e-05
0.00018763705989803195
8.279346178622383e-05
3.585813178257891e-05
0.00011853489118080556
2.9178704528488714e-05
0.00016489942264423624
4.7750422604096454e-05
3.945576924041672e-05