0.03648401401004469
0.03182549017089389
0.08362880495405667
0.016645738155635303
0.0970749014867337
0.06156291078758361
0.03193751275112383
0.011562597280267482
0.025141531305484462
0.0073680339261835755
0.049888232667193236
0.034830081792270914
0.08572270649337722
0.013214805493329524
0.021869443474211367
0.011411954433474614
0.03801039811104198
0.007646919663614636
0.03195782032581819
0.006785557357153019
0.007706935417259224
0.014855226670547535
0.000702161416371478
0.004197863299960277
0.008530201174731538
0.01327144337431511
0.06287046926439147
0.0036065687076502146
0.010078957354549532
0.0032631908669521746
0.01392710351897515
0.00417880089224961
0.006566790561271284
0.0027501381057848
0.002493353455793161
0.0042370506617315324
0.011115932640388545
0.021074664195755065
0.0051709861878132205
0.0020813500876827183
0.016542048161100338
0.003982118844375222
0.004234560422177816
0.022256431507362364
0.010186121537974024
0.009216447461385854
0.007481368117626793
0.0008800397703152793
0.001105119822170997
0.00735548852566329
0.003171622737462299
0.015988960359330825
0.0034260407483951436
0.007741237660227822
0.005050035479334932
0.00501294656864903
0.0012331966093149808
0.00305140129063137
0.031461411019385474
0.0031675921069769792
0.006752483552917639
0.0042423985337302576
0.0058122182095993544
0.002470907021530523
0.011649695382144167
0.004462999952686138
0.003453105341395196
0.007720940961162364
0.0035447538449523827
0.002887505012112965
0.011837582529485384
0.007812939408953485
0.0006926534308965936
0.00352029332689602
0.004162607175066632
0.004264868655303184
0.005260092782465776
0.00491893428736597
0.002977450167296769
0.004154245064026499
0.002859946783284236
0.011827750749103545
0.0013902344984406624
0.0051243765499496535
0.0018712243786096273
0.0036100872908843683
0.004307649655008876
0.006946278786711813
0.010988379416816942
0.002471188614417818
0.003913002302887651
0.001362481160061164
0.010224608465906407
0.006300993874436823
0.0012807398234623813
0.00015970649060969978
0.0016443780388124708
0.002533113233780619
0.005253799776803846
0.0027493568695018166
0.006492062729820585
0.003753700155301918
0.0030263435023677194
0.0033325388240187043
0.0011763514099887358
0.00036514611443485515
0.004858779192609144
0.008093787888835831
0.001775986204279254
0.006327486734982685
0.003112738853948276
0.0007778934490813576
0.0032536395080964182
0.001989779436418306
0.0054623607789314275
0.0019544246832709326
0.001405696291629324
0.00041872850039175217
0.0026500618798649296
0.0027116583986823923
0.001303398582176454
0.004491647003838951
0.0034068552528434565
0.00044818299055521585
0.0008141636269895945
0.00032155578069152294
0.0014760949491805621
0.002082168652354153
0.0007648345577916622
0.005620411703199384
0.003976987240249691
0.0031594534311598496
0.003399378991127574
0.005662922096873543
0.0006252523870373348
0.0024366854516923776
0.0021290293009961357
0.005551835279553471
0.0020697639501655028
0.0016984451807623405
0.0023511753903484377
0.003024686532362501
0.0018037878220439002
0.0019157035817994464
0.004387042236422652
0.0027379420581975285
0.004479221942694335
0.0029366462336260493
0.0018501260441729191
0.0006535459933812471
0.0015637115118599524
0.0016844679527919081
0.0013712697534938962
0.001450757381823419
0.00348496984731644
0.0020585382665650872
0.001163023016278991
0.0011529875748045673
0.002791536439341149
0.0005725299722242816
0.005334536968101879
0.0018537695485434198
0.0007835960933005874
0.0012416405899238646
0.0023451713256650705
0.003614183307657427
0.002120461753697804
0.0010950223599029616
0.0022240694233682
0.002159594258852019
0.00023956343767996986
0.005286642050701643
0.000617821746790793
0.0014325757598062374
0.003422178024641668
0.0020180334319494122
0.002328029493745275
0.0020904296884492425
0.0010760465889095687
0.0024211814772572195
0.00296280044011644
0.0003243494831754568
0.000648473429767829
0.002653333852789984
0.0011118692972083932
0.0008140347727721984
0.0007304316364333343
0.003205809907140303
0.006674150582606106
0.00037872904138513546
0.0010434776637862778
0.00031504685331080426
0.0010344816251080461
0.0017716945588505265
0.0017502470635802126
0.0012856128416230007
0.001632346597416323
0.0024837383040300413
0.002234728186508361
0.000246749428508405
0.0011211520131353355
0.004076845400841553
0.0035160053343592235
0.0010810059996287796
0.0020929385313262967
0.00015813813964518145
0.0016503019564512852
0.0014713848069798012
0.0030175561487884033
0.005162671196101404
0.001316648853205188
0.002186945143487943
0.0014973292615208715
0.0014050525414152162
0.003373665338238054
0.0019375598154913124
0.0005933062403650227
0.002878030707446436
0.0009624411559816004
0.006504400922670386
0.0009623549305952476
0.0021581796714541545
0.0008747903858432077
0.0007947636832573004
0.003480236717874388
0.0015835330748099445
0.001364411938336975
0.0010397157270104279
0.000913008451484407
0.0016652604572306433
0.001740382088978309
0.003610186824305073
0.0006837956562723843
0.003616802337557706
0.0016420089024705726
0.0011575422562905152
0.0010318069837418017
0.0019385437855679252
0.0006554414524426192
0.0004747178433231225
0.0006212272167693204
0.00024291950054588672
0.0005392241687464499
0.0005587244466572658
0.0013040706271478884
0.0005982514663776464
0.0016347261331958775
0.0005715620472922687
0.002886395345024545
0.0005894946799135675
0.00230617642577364
0.0012327219429349792
0.0012042988773088696
0.0009216444414064373
0.000279996568821053
0.004758225019847709
0.0011133792142561832
0.004553940391765399
0.0011535605296141766
0.002530720111189426
0.0010859772094865547
0.0050897722594106555
0.0027470123031285813
0.0020397750297671043
0.0027578441675120613
0.0017388280335302179
0.0011356712716424479
0.003024086129921436
0.0005090029075522405
0.0017652545137585391
0.001302679856663669
0.0021696398618035154
0.0009971993353369965
0.0003388957372929598
0.0008976710587292012
0.001581601701951797
0.0005270759033604905
0.001499902878960662
0.002772123334688285
0.00599751408286057
0.0008427844837036065
0.0010904532286064347
0.0024013792777473814
0.002471367888976164
0.0014655484787379509
0.0028301749057000804
0.001335926603769775
0.0018172635015933618
0.0009794113178129614
0.0037583223239463412
0.0004219998590430449
0.0025373071775603257
0.0011395729086003822
0.000803036218281068
0.0018201926237391883
0.001280155895081811
0.0012838599805719652
0.0004303166481980303
0.002343079516135748
0.004047655265557826
0.0006104413451684952
0.0005615868532326947
0.00040988032773549716
0.0010605479085958494
0.0017558155301574633
0.0002685150290333607
0.00381428172086437
0.0011688849344533639
0.002368738895582881
0.00358720988219209
0.0008845500724889845
0.000826811293912998
0.00016417076333121366
0.0019134753811530189
0.0007185071034501234
0.0007726095730578153
0.0017927190005654205
0.0007744322629327277
0.0006744169333504775
0.001692876065780705
0.00045812555294231664
0.0008855757431277945
0.0016717252569956162
0.00031832796071994666
0.002397065975298183
0.0003347730314080962
0.00040351932313806234
0.0014652946834427787
0.0005176391985214601
0.001344564520086653
0.00015167629918713137
0.0012125958279134957
0.0009070458493337137
0.0007615891266631996
0.00170284265773742
0.000827946954792097
0.0012724506429596515
0.0018417215946137898
0.0007308553874267998
0.0033308744692618895
0.0009670553171572818
0.0007784807444821017
0.00048103997031927426
0.0005299942278113458
0.002291754028266585
0.000851523761860221
0.0016368463937465256
0.0014039810004923196
0.0004948925867731184
0.0006685748784104802
0.0003333124655756191
0.00035454068179454164
0.0035972623433214155
0.00027474873295114244
0.0008215362641165212
0.0005575221432575979
0.0015832051689944383
0.0009921791333405126
0.00041467612481927563
0.0003152372282007084
0.000348780252833077
0.0009014347810313429
0.0008951401603089331
0.0006098301286512445
0.0008757631483992129
0.0004939325385348673
0.0026051708177256784
0.002636145960695617
0.0006229974751032524
0.0001875599958141961
0.0006850989539387006
0.0009093826120136177
0.0010434241239146407
0.0008435420555213903
0.0009343002233811028
0.0010165490222102296
0.0030399195119578198
0.001910850108551554
0.0001256493044845605
0.0014208046969956013
0.0008151447601679677
0.0004694655880668515
0.0005608748305445322
0.00022748124007367277
0.0008012563974461055
0.0005466548737466175
0.0003088496532276737
0.0004692247254943793
0.00014858740935095354
0.0008459412278944303
0.0008571699257848741
0.0016619621908991707
0.00034759653197444603
0.0019648094713213874
0.0010984324438609477
0.00033066312270586264
0.0016665517252680867
0.0005650330006051801
0.0008783556405904893
0.0008323854873744021
0.0009340912920283588
0.00024057649648207566
0.0022663680327540525
0.0019108545393889558
0.0006188739064321361
0.0009578389166923078
0.0007223091341136806
0.0007773994703763269
0.0016447143401306587
0.0025406678897007
0.0006584829201774293
0.0008606268166593035
0.0002130920111297424
0.0002737791878556568
0.001621182257261248
0.0006229301661712835
0.0037342656836583036
0.0023212522104896285
0.00030940964447969977
0.0003464454575400427
0.000713304831836348
0.0007918253150002496
0.0007091059457687394
0.0004111209302317121
0.0017425761217670212
0.00046094849167405
0.0005876772452964918
0.001425669695841332
0.00044538238454710827
0.0004121688269100184
0.0005596944671369148
0.0011437443051830337
0.00027998593346786725
0.0014757059102327413
0.0003942795897211708
0.00029036689319855046
0.0002475591674248327
0.0006104917504479518
0.0005546581899462499
0.0009201691494400638
0.000346305524939711
0.00016642246946651354
0.0055340341270692
0.0011112564501125125
0.0005468582766284462
0.00029577230861389456
0.0013304761759101362
0.0004085726677014867
0.00048404223138337395
0.00020961640907585794
0.0004849564767225444
0.0009044544212776009
0.0017897586025544623
0.0017753829015765858
0.0003033261568093139
0.0015456785598357981
0.001299571978827149
0.0011992487220477334
0.000581729704586146
0.0003216514785697146
3.519296703314999e-05
0.000636520150836969
0.0006993228109725322
0.00019534780042407079
0.0007533445191122369
0.0005975904419151097
0.0007584476033962538
0.0012329673883736017
0.00022601786792221393
0.0010381893391110469
0.0010990030165766189
0.00042765684209581934
0.0001669754069830983
0.0003214010229060306
0.00018456694659695942
8.878711850984502e-05
0.0009231487594845318
0.00042352598921376343
0.000720100272293235
0.00046675599219122687
0.001039570741764611
0.00039726744352723076
4.8344431038317394e-05
0.0011929249057749149
0.0008915651571849505
0.000512616180952785
0.00011111390792674541
0.0031997102190791456
0.00048280336493852115
0.0013855109286089835
0.0017816637899138342
0.0003937620904282811
0.0012422153333394711
0.00016620066600137005
0.0006557312278120508
0.001810135548957531
0.001344747826662852
0.0005990400519028819
0.0027771027183367725
0.0002451749345745106
0.0017403018028397208
0.0008599911882809946
0.001792933869776012
6.178589372295723e-05
0.0012760119978359242
0.00012100310076435325
0.0005447604910485983
0.003812228705026144
0.0006054890498213891
0.0006331897847555545
0.0005549083393553753
0.0016517074634772747
0.0003016878580934227
0.0035074024590539495
0.0015100478232525146
0.00011679519381344661
0.000790561651899998
0.0009276498321614443
0.0006359044896183518
0.0002944325875171265
0.0014772253808143314
0.0003483141703408686
0.0003512915499965076
0.000703541438087633
0.0013115772026189379
0.00141784622465895
0.0002417869571444064
0.0008949125273000986
0.0013581296838560159
0.0006442981564868288
0.0004155538560064049
0.0011801027495488264
0.0009582223895800364
9.655794052698036e-05
0.0010673540679860963
0.0002793229853405105
0.0012058795089331833
0.000339118831078101
0.0002872842851433133
0.00117344291657413
0.0006090776859286464
0.00028208003901564963
0.001094014975920449
0.0008539057772513128
0.0012819329399996473
0.0011250045089141508
0.0010261805461106444
0.0004930628772643171
0.00011311856949376982
0.0002478557327702252
0.00027219754585765114
0.0003371511119860762
0.0006942683478717059
0.00019370186360867183
0.00025226904973472204
0.0005831261043517885
0.0009245106116012725
0.0002091520005866853
0.00028076355222585305
5.5636585247400456e-05
0.00018360589839031818
0.00036414174784397084
0.0005849412498360177
0.0002549804735002395
0.00027582505495639566
0.0015210940433432413
0.0010085169800375315
0.0003813739704909868
0.0006096323757583394
0.00017565101967613431
0.00037189293809544765
0.0004892077752813752
0.0004311179727657386
0.0008714822732372847
0.0005848624153883235
0.0004312633529966766
0.0010921228384927584
0.001199407731533927
0.00033582108060092804
0.0003784587699110279
0.00020719799997041485
0.0005294574904537667
0.00022954170678056654
0.00041934540154448956
0.0006124211031144152
0.0017057006399482063
0.00022186091673863105
0.0014520445885969659
0.00022435371041007725
0.0009305561156040532
0.00037514122023957127
0.00034241506557720664
0.0002564454818955131
0.00044253597100233835
0.00046843511250414235
0.0008958121229206752
0.0006540902339602471
0.0005404299837727647
0.0005713909939729081
0.0009331578869039871
0.00032066202296579267
0.00045947597533738945
0.001531147158772329
0.0005516462252828795
5.176242924195841e-05
0.00032393574278570303
0.0009682786078015754
8.937437538135037e-05
0.0002774177840217787
0.0007389894909962069
0.0006965967847415284
0.0002858612231488497
0.0008150928466978037
0.000246510062732265
0.0007871432802780827
0.00038936859940803917
0.0004216407828127474
0.00030109410817130613
0.0008117339744061414
0.00045769896719919674
0.000304043724138869
0.0009351655246479645
0.0004647206798430683
0.0002141080786687226
0.00017282313340441773
0.00013671868005241531
0.0007558513910629413
0.0005365755880874745
0.00015803542945875206
0.0009634724731600838
0.0017687234862231974
0.0006384922719700118
0.0002002969367521273
0.00047076560783544815
0.0015661463110982015
0.00042206425355775784
0.0006734283270875953
0.0004719202726271338
0.0004537696270467903
0.0010568731408692118
0.00048695148786911566
0.001040790965112938
0.0002497496411390867
0.000189901263596031
0.0007422982390996877
0.0002371054698899559
0.000587402149634964
0.0005663616259051526
0.00046050269104844417
0.0004778016790680957
0.00013032420806274007
0.002357775537700262
0.0004058712702462217
0.00024412591104266878
0.00015437571988240138
0.0007453861879718275
0.0015069237130321735
0.000917862515381535
0.0004634673121048568
0.0009406701097840785
0.0001172128092915263
0.0013616326077979534
0.0006830746903634398
0.0003510125730053169
0.0005705912649262779
0.001741044181459305
0.00025664536591441726
0.0007893593627529989
0.00013684795681823751
0.00047864012431616507
0.000728256513576817
0.0004780190540426583
0.0001804422006563076
0.0003045744464188324
0.0003183923396299113
0.0008320507402613879
0.0009520690849512734
0.0002686317131154097
0.0013603395215480514
0.0005111204684819867
0.00012790294091315308
0.0009489643555324561
0.00033287753651156145
0.0003279151562975951
0.0031377099132877838
0.0008163196828925201
0.00040355576581893333
0.0008432476307750358
0.0006947366368549589
0.0008087885319077795
0.0005604390419207177
0.0004997164071652091
0.0006260998522491818
0.0004475251714823331
0.0006696879925872297
0.00031134488277998764
0.0006630912945515766
0.00210329950589965
0.000594905500130452
0.0004948126263799428
0.00020746458269866518
0.0007733231474967799
0.00031175202874200324
0.0004098018705843611
0.001216685734066732
0.000500163240205728
0.0013598764504704562
0.0004402271214163244
0.000267207510911629
6.162962947476864e-05
0.0005159688219053597
0.0005599763604367884
0.0005133012231916192
0.0004333200264717882
0.000211752441891111
0.0002130965951578135
7.797865444635101e-05
0.000563982452749819
0.0007344230467426012
0.00011642749871477674
0.0003298986544554637
0.00030413524452023373
0.0008781420175734385
0.0001876956209528344
0.00022305789600563376
0.0001904340551920773
0.00010252712244493763
0.0003713939160665706
0.0010510398791725836
0.0007017053615370141
0.0008636457044737765
0.0002642975045988733
0.00027887363603961346
7.937339074064427e-05
0.00026603921531600074
0.000528143864016052
0.00011243587040237278
0.0003121750782740501
0.0004883266777079462
0.0006218783390303321
0.0004714301820706999
0.00026717813397801615
0.0004477927591545675
0.0009933384780533565
0.00036427570871839723
0.00013682862253806076
0.0007082048029050266
0.00029042953697256454
0.0004378636402309899
0.0003213057906023711
0.00012259845769621808
0.00014374694851457926
0.0015134747348908928
0.00020300344520169058
0.0007357040113476325
0.00019180051768248239
0.0005917208103876816
0.0004946173464651575
0.00038449401144696564
0.0005438778334296994
6.107121929706732e-05
8.115607746271522e-05
0.0013619124322817276
0.0005669733568006826
0.0006264411251017206
0.0009606749350027398
0.0005314310358030764
0.00029107096174186734
0.000877374215017026
0.00015470742543836614
0.00033440441564357805
0.00016698052315454486
0.00027652442867316494
0.0007654485708350951
0.00031221502312659023
0.0008155360361178809
0.0004918369191044664
0.0010927355674248732
0.00021329860468927985
0.0005105686748960496
0.00013505337755251158
0.0005400328398133497
0.000287181933317259
0.0001808726803098935
0.00043457730403762576
0.0003137416248145479
0.0008146275427779527
0.00016583102255231927
0.0008873536566589696
0.0005833962200485821
0.0008407492746806443
0.00020159854588421692
0.0005100994884131091
0.00015900524982039212
0.0015489223507791528
0.000667890221976912
0.00012648175412757428
0.00023254036018150088
0.0005475693954688835
0.0002518445155445871
7.122052842343996e-05
0.0004538969232553644
0.0008229648180078058
0.0005016253219414031
0.0008982487767455474
0.0002715952858702569
0.00010584831393550218
5.192357305687057e-05
0.0005459231869184288
0.00024816076876609216
0.000246529008235189
0.0004953128605626264
0.001022201849903463
9.820002389218958e-05
0.0001852469988116413
6.0161033274845426e-05
6.860658667728272e-05
7.503220650466676e-05
0.0003583712137307324
0.00036172734057316884
0.0003662211032336043
0.00023157971791204414
0.0009337505017695551
0.0003401346559537454
0.00027244678204970714
0.0002772777796576362
0.0007972466541221771
0.000282998892308618
0.0001582697280668647
0.0006463014282702927
0.0011960196313372605
7.585711612991598e-05
0.0008294084200357365
0.0007883213697690037
0.002103963179890754
0.0008791671630232819
0.000521604402088404
0.00020010796650644016
0.00039688313295067125
0.0006790695184174846
0.00011513096779798858
0.00013862213383905798
0.0003049097616581067
0.0006100971073169515
0.00019012296452356888
0.0011087833942165185
0.00010020010054344382
0.00012409290140071708
0.00021161159960700972
0.0006517925744697328
0.0009845782599244741
0.0004698599415100198
0.00032391174192244164
0.00016987675036501726
0.0002570682966391332
0.00020957644604825668
0.0011480242118820075
0.0001707404106684304
8.457919055298403e-05
0.000827301690864641
0.0006202435199533483
0.0003066397342147439
0.001130880604710905
0.0004733869869879865
0.0002221994823382518
0.00011561053513556463
0.000208161517880879
0.0001480799103128558
0.00037353565138180823
0.0003303557983254387
0.00019425887130396045
6.4934703289906e-05
0.00018461580021033068
0.0004676456695569816
0.00039113462952424877
0.0008060081517369576
0.0007424346335142923
0.0002904936623222308
0.0002506484410685746
9.100695481505405e-05
0.0005755384248007151
0.00036306350477153127
0.0003644025885034307
0.0007772122508181306
0.00034213698042454964
0.0006343321881731024
0.0003052415673968696
0.00034043900511525023
0.0006201915545979411
0.0003940910767154297
0.0006107383018966809
0.0011104669988540388
0.00019187341446293165
0.00041142708856231565
0.0006312754592675265
0.0007946188342009101
0.0005611732498612575
0.0013259631593447838
0.00016723219117627014
0.0005096387569677869
0.00021128545917492892
0.0012081383905625195
0.00016348642267656125
0.0002396482794756524
0.00036639971686665805
0.00017809378548016403
0.00047633439591959894
0.0003568295705231934
0.00022727231868818586
0.0007183075414561163
0.00031861002600325113
0.0003919702567115021
0.000488130394148012
0.00047919961473066007
0.0009740176525072872
0.0027799935590513193
0.0003885862233501785
0.00025673695029246346
8.372267261791099e-05
0.000259816903477539
0.0002107679941778939
0.00013888222816297278
0.00037115205431001045
0.0001421115854231088
3.1134273582307935e-05
9.694956020004164e-05
0.0009340082225294587
0.0003786237059553672
0.0004508926609432451
0.00040383592641548806
0.0001374766417920299
0.0021770191711553573
0.0002791984064138297
0.0011773425581329204
0.000856230319490817
0.00040291518662380083
0.0005899632444778826
0.00048169760678052877
9.30376990710318e-05
0.0004125696742879033
0.00025529081898726774
3.2264684724307596e-05
0.0006776182363546867
0.00033189521423377364
8.088764399671617e-05
0.0002457859287423141
0.0006599805551190236
0.0012709791499727777
8.430557677191448e-05
0.00036855783600103504
0.0008532727399546934
0.00033649680261270697
0.00013703724422435229
4.218664985995893e-05
0.00012117110172134139
0.0003494429605792663
0.00017283332628536977
0.0002799498097412797
5.484322375971487e-05
9.912037850095424e-05
0.0006370522182586618
0.0005890137019017792
0.0005668517045873869
0.0004733462615736052
0.00019663031377188997
0.00020897605070784763
0.00116172717227837
0.0003750966880615671
0.0007240636381871287
9.490971479852887e-05
0.000287203599996264
0.0007261286923520499
0.00026493357211136107
0.000982217216721863
0.000262172936064363
0.00010138761512820786
0.00016100803438567261
0.0006168478701096393
0.0002119443330554641
0.00010611892854258947
6.145291775680104e-05
0.0004460369054689385
0.0006149969798986088
0.0003256098675695382
0.00016032645511318268
0.00042536967944615964
0.0004337332936786174
0.00045800692191172763
5.1030912851185854e-05
0.00013332258324579873
0.00035047941873653785
9.93085857260122e-05
0.0004888620398835743
0.0004957961403724429
0.0005109935803822546
8.460069956984365e-05
0.0011367770553175284
0.00018417405302621957
0.00022741788103063668
0.00039598530024113866
0.0006103378932787751
0.00022380276327591952
0.00023684518988642395
2.512737648453248e-05
0.0001539965844711865
3.336522953652352e-05
0.000374770548261731
7.909049254017434e-05
0.00013803660915659077
0.0008867680134109733
0.00024007889292004074
0.0006222234435657344
0.00019559776306229517
8.629881226135408e-05
0.0002427624634559352
0.00031856731248529915
7.995554081072544e-05
0.000767049639751922
0.0001400663337353883
0.00015379244880092384
0.00038886525979750313
0.0004531774543451787
0.0002205075341904894
0.000476244139280263
0.00011281426590089895
0.0005696563986859272
0.0011294862644477142
0.0004850762032043138
0.0003166108177421386
0.00018974362613455051
0.0004528296136995413
0.00024350029405468935
0.00021415223343785946
8.232123585678217e-05
0.0002307142552147082
0.001925354652471459
0.0002696735241445375
0.000553683060063198
0.0004496431315616041
0.0001820113389223897
0.0011257511021888786
0.0003592953229058024
0.00038418657069529426
0.00019149444419027753
0.00020813903331730373
0.0001670462549193688
0.0005502865854327357
0.00031300350633039456
0.00021086907439547907
0.00011603416061267307
0.00011540451607053164
0.0005520193704961082
0.0004640913036597639
0.0005382367460286835
0.00012124084968134042
0.001049551110052682
0.0006164329077526079
0.00019495564300866204
0.00014775733643813512
0.0005266381278249686
0.000733092086622299
0.00012760856083740237
0.000309227989771614
0.0007604474149135096
8.673607589562766e-05
0.0003086174673548621
0.00010118300948265247
8.11679839082672e-05
0.00013776194026559108
0.0011296339338157575
0.00019358970724807454
0.00011102810071049174
0.00020952124899873195
0.0008252883779358882
0.0005833724028530651
0.0002206138569475008
0.00016207706032634762
0.0002472344421362469
0.00025672472558870707
9.079966084047007e-05
0.0001588293472692674
0.00043038653563837626
0.00018715139147955573
0.0002215742603701879
0.0003156521152370332
0.00032778402511305857
0.001208212747458027
0.00037066175330265
0.0004902152105455548
0.0004151458657150786
6.666243825778006e-05
0.0011410510455783316
0.0006780111262183205
0.00034953730913452
0.00027320949259763137
0.0006280520748886468
0.00014401957622008687
0.0001796526291307478
8.887290133923048e-05
0.00011861205132374987
0.00048185589845604475
0.0003343202089761631
0.00038430403594020705
4.323398284411587e-05
0.00011785541746883781
0.00022701643236732624
0.0002683258251010113
0.00014419424458370233
0.0003957663121511843
6.619791118999442e-05
0.0005281743801838491
0.00017341109743612647
0.00048698994868795
0.0002795243675848329
0.0002473404159134231
0.00015791876309796795
0.00017462555540736968
0.0002703834466102039
0.0003130814923486262
0.00015536232136714972
6.686417430325552e-05
8.608326436969222e-05
0.00028409250685535435
0.0011544818389657
0.00010615947975328023
0.00010871650741813409
0.0003059439354500867
0.000585349144633747
0.00032664764613074185
0.00017351981934887232
0.00024138039535312567
0.0002795676855319722
0.00010963167494542157
0.00019444733764435707
0.0004015267008660147
0.00010252947709876083
0.0004635013892796124
0.0002868100290291992
0.00030717536792209825
0.0010906979031080604
0.00013992600104595853
0.0008384649180857474
0.000245220294830212
7.369821337105109e-05
0.0003100729909987632
0.00030793571869472104
0.0005218445429209987
0.00038441893359480317
0.00014002203184102188
0.0001392818159468024
0.00015893184276032847
0.0010109412912581563
0.0002179061284312957
5.753646953981397e-05
0.00021442794512672588
0.00026519055102071576
0.000261353462340531
0.00017198587983221543
0.00040668641366191355
0.00025764160482447617
0.0005724140703426332
4.1766415860173106e-05
0.00014496354710895478
0.0005401695235413517
0.00027492116184873886
0.00023627594988986838
0.0005044778471881917
0.0002777598878991343
0.0001338990118219444
8.115110261074042e-05
0.00023647554064057044
0.0003804988139809105
0.0002487541232772656
0.0007525799592098915
0.0002778772186977032
0.00013847052487697792
0.00020803921304879652
0.00027474818816054775
0.00012882946394192064
0.0010701090011546656
0.00018612415603873493
0.00031861337376434123
0.0007208048572510366
0.0005037822765353146
6.655587324931887e-05
0.0005847948823315118
0.00010096979269265494
0.00032099240249315315
0.00030281115614701854
4.996054853449138e-05
0.00013114932151097597
0.0005114055294815986
0.00016414862106199204
0.00019006254090735201
0.00037324098742373
0.0013347855141965547
0.00016805510513836719
0.00032008095923655616
0.00020355321126254962
0.00014182519606384167
0.00029776698738550575
0.00037048091155107265
0.00033684550388337817
0.0006982609657412202
0.00010518388835912393
9.633707563195091e-05
0.0001852398672146149
0.00034835834037627686
0.0010188986308525662
0.0002391589939412295
7.425046609968125e-05
0.0001291495963926617
0.00047059513122838333
0.00027333673316664
8.805107243480239e-05
3.7777489163964395e-05
0.0005249262712742001
0.0008701898591956151
0.00025654179281448035
0.00037555538192850783
5.4989222699316065e-05
0.00022809733957648864
7.094959161363699e-05
0.0002674691457946689
0.00026191714923948375
0.0001287008967311496
0.0002817644746956098
0.0005317667380029726
0.00016298269623633737
0.0002188472753486786
3.694380858420962e-05
0.00010445557254868135
0.0003715267520768287
0.0004175531001961134
9.773914486110287e-05
0.0008150691439353534
3.2588342816726104e-05
0.0006435523350358657
0.00046493221066350475
0.0006551249261954146
0.0004409615495710064
0.0005791100261242479
6.698801483124866e-05
0.00038603024019411003
0.0005627057506432207
0.0001621276503631314
0.0010091403055899606
0.000253259218617228
0.0002121227275133795
0.00010472078746298222
9.396785493081813e-05
5.118848249933247e-05
0.00023012608579146043
2.946187786347028e-05
0.0001359779327713638
0.0008079453387724087
0.0004481627525884124
0.00022309722770392585
0.00013830426200799962
0.0007674326569284366
0.00018972106316474105
0.0009655413114978679
0.0002100462860212543
0.00020447887821809597
7.678083991685893e-05
0.0001989424982551049
0.0007207656069212817
0.0003482506408027903
7.945026446992971e-05
0.000701719009715003
0.00022407318846479432
0.00027636454095334334
0.0004901887635145887
9.705303096414305e-05
0.00047736790551046145
0.00023545706519647211
0.00047937837132400836
0.0004447343394275473
0.00041589999144894563
7.257973381581184e-05
0.00025017543052386395
0.00010879764485844077
0.00015405083407135672
0.0005899314669506341
0.0003524581078012096
0.0003030344140901852
0.00037938493610588635
9.306608249971242e-05
0.00015386378753328702
0.00020031535424880622
0.0007812039116840543
0.00033357566940522663
0.0002465651769709555
0.0004712060366291568
0.00010999190366505359
7.421620543336187e-05
0.0004888497629604621
0.0009902971070356963
0.00025233430221158833
0.0005203634232127914
0.0004235890147842554
0.0003636486263846909
0.0001986156297443673
0.0005344521682689945
0.00010076157640164491
0.00039400817798065707
0.00047926678363835993
8.596886232090098e-05
0.000249304276162504
0.00011779863241776087
0.00015363184205754445
0.00015023259074127426
0.00021678713993304486
9.534568587496216e-05
0.00023986768713648923
0.0002784980611053864
0.00040835367081493336
0.0002421547995063905
0.00040281352578749256
0.000722670985527903
0.00021682119559309949
0.0001078676342638396
0.00036499120734732025
0.0002434912763298285
0.00026844068218312254
0.0006148935527099026
0.0006496044755055375
0.00025751187755303304
0.0002314135469852108
3.6060486612237935e-05
0.00017711971241201165
0.00031786018645863195
7.777034863927592e-05
0.0005228712822598922
0.0011811891398357962
0.0001466864461831688
0.00041584003092443706
0.0002220323084895174
0.00022642855599148628
0.000560138052079568
0.0003188628116965382
0.00015557906983899853
0.00011723013206304046
6.672246340298146e-05
0.0006466575502103827
0.00021689869888158933
7.829083744412323e-05
8.527817768170074e-05
0.0003149477281568557
0.0002937535127910254
0.0008836113703128494
0.0006737459064568456
0.0006944407606094757
0.00010541739594586383
6.206637544782964e-05
0.000321280752798925
0.00043105470217997725
0.00014878490304803837
0.0008209808828930149
5.9260153415443765e-05
0.00011842282921803903
0.00020448821614101615
4.9105726790455427e-05
0.0003045175474089558
5.230207403839564e-05
0.00021770038579752224
0.0006548634546737338
0.00020647661343513264
0.0002036947962199523
0.0006380059441395961
0.00041935574777976156
0.00048677942956751595
0.0003697671671266505
0.0002988076263685464
0.0007127273970367055
0.0003478067780296364
0.0002652783322556522
9.118334212958823e-05
0.0001742795412622078
0.000134971506040531
0.0007138315651976738
0.00010051370903776634
0.0001751213984224089
0.000136043666966457
0.00012316528900724587
5.977453520105833e-05
9.283643266262287e-05
0.00011792395085621743
0.0003010277643628589
0.00048803349874516915
0.00017061863896802206
0.0001989159680092069
6.259064008868858e-05
0.0006454548526849979
0.0001275821098504174
0.0001433936494350692
0.0005831882122561561
0.0003459254306709366
0.00014718957569531267
0.0003926211413496115
0.00010741185948493386
0.00041104742523178945
0.0002977968823049858
0.00010989521199604172
9.120446154447606e-05
0.0009442756799587939
0.00016437801985002203
7.165823564695946e-05
0.00015654203068833736
0.00010028075428000611
0.00011585516405900201
0.0003249190300223948
0.0005486220932859103
0.0009377223437950136
3.292632287984194e-05
0.00015460325171870023
9.03325444096934e-05
0.0001015080879475931
0.0003084184336243844
8.87413473382025e-05
6.763642209051358e-05
0.0007416777308742239
0.00021330346385965183
9.9783296400594e-05
0.00011379423908987999
0.00037473936091223
0.00011528568084970741
0.00014994015660007033
0.00018651792927085184
0.00020532496578232505
7.87350610603497e-05
0.000489719666190348
0.0005947077833020588
0.0002204252399878468
0.00039198399166079405
0.0003582104747596381
0.00015357057034740416
0.000280519418849986
0.00031065872338449966
0.0009374265268103526
0.0001179116488825408
9.430347037319964e-05
0.00021460896817744303
7.039235622079592e-05
0.0005487435979432846
0.00010832945161825687
9.531019300159613e-05
0.00012748008269110772
0.00017488913923984016
0.00013121436801580958
0.00011169583923791649
0.00016856013247106122
0.00016352435022284583
0.0009928488734429679
0.0005318765966043692
0.0001740346125572109
0.00017968207209626753
0.0001415354262266786
7.477900074336003e-05
0.0003306740894322008
8.055684790075835e-05
0.00035597688801068515
9.057370997640086e-05
0.00010536820553235636
0.00011200531524353026
0.00010819540756732355
0.00020303126125943387
0.0007943902577449547
0.0002313659378107532
0.00021345086963603586
0.0010752493247533942
4.456411223065716e-05
0.00013231627466423566
3.473323258746016e-05
0.00017923312224653754
0.00040803107185124414
0.00048613455909182827
0.00022595055671850554
0.00018410985540067958
0.00012459147825217236
2.6548992279979078e-05
0.000260666570551096
0.00028577896504291655
0.00021900937247261345
0.0005578776364171927
0.0005952832962961291
0.00018367118167916048
0.00013097031831925488
0.0006984269017576015
0.001268188605577502
0.0001090220210213048
0.0002575249347739814
0.0003347504244707619
7.976131427399559e-05
0.00022313441660004612
0.00015274995484995714
0.00019067481033191441
0.00013613840204199142
0.00013002473701443937
0.00043606018111498444
0.0006514705567073466
0.0002161219722717786
0.0003623294179528509
0.00010325229409306839
0.00015193844225813407
0.0005093794128430595
0.00026733501009209264
8.925657320446654e-05
0.00020372371272401468
0.0004974607908540082
0.0001180491319661843
0.00011914643482736124
0.00023708353989347362
0.00018299031109911151
0.00018145824896299788
0.0002822197209113481
4.808361356073425e-05
0.0003705538668929613
3.429858076353401e-05
0.00035540180604289804
7.197731093429535e-05
0.001350024994330452
0.0006904031053952869
6.221213684669219e-05
0.000311071807556888
0.00027923775229950296
6.421424867611334e-05
0.00016530498440430136
6.349971767214141e-05
8.86411711942358e-05
0.00015310105432536693
0.0002514318529624183
7.299569978141539e-05
0.00023215933553227063
7.88323336895497e-05
0.0003206773021908203
0.00015714952728200133
0.00019803415523510852
0.00013543486775065145
0.0003472336703441541
0.00011595526359103043
0.00010715289194706088
0.00012149270027597968
0.00018017400320337532
0.00013400322257105983
0.00010800283845707632
0.00028929681801971314
0.0001319402736263584
0.00018868055129150842
0.0002950368226461891
0.00038091251627409494
3.280361092700334e-05
0.0006476707016389619
0.0002518326141759729
9.499520045470354e-05
0.0005039991975719368
0.0003548635272430998
3.569089889627238e-05
0.00040706810848004603
0.0002470157585811676
0.0001141827724263942
0.0004318272511868
3.288558909427592e-05
8.980205993628906e-05
3.773007318044706e-05
0.00023906328568111385
0.00011014690448161719
0.0001003221278685531
0.0002670428523521023
0.00019048108160612433
0.00026229937349625564
0.00018543547017614543
0.0001403050212987662
0.00011297029530502108
0.0002072854326717032
0.000401316426050182
8.191902300566069e-05
0.0008813973297049647
0.0007178416037355056
0.00018919596113401484
0.00039685238357317133
0.00020599602801987986
0.0002609551568985613
0.00010645685561752744
0.00029530635703632385
0.00018146118908104743
0.00010765336979736946
6.402012575671288e-05
0.0002941804231536563
4.8185811482182e-05
0.00022350655643406153
5.9023404091281806e-05
0.00019371988187115089
2.2888579853673613e-05
9.192896686670973e-05
0.00030537414689290135
0.00026570705477341314
0.00015451613607710862
0.00031347851354165414
0.0003670830845237769
6.303302796790873e-05
0.00021191194571402926
0.00010291383672844293
5.772168606997321e-05
6.314320549097981e-05
0.00040441359706928215
4.992809416292614e-05
8.479377363577274e-05
9.11948770946779e-05
0.0002740785213503541
0.00010674000734180828
9.173896953132642e-05
0.0002615885346357668
0.0004982127430083555
0.00023632668301190127
0.00010528239358130443
0.0002125734453208971
6.745160992509553e-05
0.0002699084275540601
0.0006095105908504117
7.573756801737975e-05
4.5972638664163547e-05
0.0001914018229490077
8.406138951691369e-05
7.317743557222325e-05
3.106396692681279e-05
0.0001684834831897319
0.00015693818723444195
0.0001077769159080129
0.0002735497362383813
0.00016118330242245903
0.00022301699316662032
9.644467407515496e-05
7.500091764218508e-05
0.00041876993662532297
0.00010958832232940676
0.0001551583199875478
0.0002810852291532586
6.076422571200426e-05
5.2008996562234286e-05
0.00040417431913026695
0.00022203308334127069
0.00012853002285131117
0.0008866217334649667
0.0002431225577554639
0.0002753133700264868
0.00023100674253365958
9.028096661343684e-05
0.00015742193446874976
3.082819506263966e-05
0.0007168878169256969
0.0001538943991775837
7.524475046284871e-05
9.817315149914824e-05
0.00047889989615835593
0.0001832486279840004
0.0002074862322098616
0.00028929018673590836
0.00014459457987700853
0.0003614625561527387
6.754728662856285e-05
0.00042662685719475576
0.0002843930820676139
0.0001307767634551541
0.0007422881396472346
0.0005001473619831633
0.000283142087990488
0.000527944573331699
0.00029102197645812137
0.00033139200177361496
0.00010776926257734592
0.0005566228502151022
0.00014274401580613652
0.00010371868860848242
0.00017867138041309082
0.00012549109002701057
0.00010899013009017534
0.00032394113141753403
0.0003316786292599155
2.8187661246050553e-05
0.00010155685765412402
0.0002805707949973384
0.0003504224593459063
0.00010185992253730019
0.00037728316426161187
0.00021547436937687002
0.00032360001993781974
9.40262592343705e-05
0.00017991360244537288
0.00027340998646406957
0.0002195892875749557
6.489970139226616e-05
5.6953169271486295e-05
0.0007444293424094394
0.00017346388402402125
0.00011869403028061536
4.6728170595218226e-05
3.782235752774898e-05
7.285246619506846e-05
5.2798724071106775e-05
9.233115155453198e-05
9.443539416144926e-05
0.00013210971063128726
4.893132948976576e-05
0.00021515030530452274
0.00021084771015607322
0.0003223364535304467
0.00024348085142672895
0.00037344031082984234
9.151992015174553e-05
9.78031703413792e-05
3.510885218827122e-05
0.0005180213249700458
0.0003971351579765709
0.0002703619356072924
0.00024464903834507386
0.0005324064366724003
3.553894517402599e-05
0.00015947829657204666
0.0002161688403001551
0.00011664343018042037
0.0008009720532950984
0.00011135063838308096
7.373915601835045e-05
0.00039232049554940174
9.686146938736637e-05
0.00047623842626545764
0.00019303551014916736
0.0005032573478965205
9.007436773341659e-05
7.111613350333793e-05
0.0001030177466995213
0.0005303395661513914
0.0002990405034125152
0.0004806163653698286
0.0003500870657267334
0.001077777910906643
0.0009075231209744395
0.00034825387416152076
5.797502192850193e-05
0.00042073342342165083
0.0004636144365132809
0.0002417495736890437
7.428747713673564e-05
0.00017446602032134307
0.00010773039187551243
0.0001531262565269204
0.00012632216756310827
9.861547066461703e-05
0.0011039565765118627
0.0007213122436154809
0.00020373954051619716
0.0007041551988251767
0.00019187090838482888
0.00046843562134456554
6.252474255394243e-05
5.359640718343277e-05
0.00011019329430934886
6.636093937042378e-05
0.0003995569053312291
8.808925321654852e-05
0.00034726901662873326
8.726920213207481e-05
0.0002629016215637822
6.380272125560847e-05
6.850342432203872e-05
7.231123815731603e-05
0.00028279248634533675
0.00012665876739908526
0.0002381402527797501
5.948350971228087e-05
5.528963429923889e-05
0.000375915396101114
0.00037788607085350743
0.00011604234162540861
0.0003942480675067636
0.00016120762740562516
0.00023417664942900534
0.00048796142148415885
0.0002842594231727424
0.00011915726965212009
0.00031608206159296985
0.00017513088917282173
0.00013798970165952997
3.189685470426662e-05
0.00016938674293603964
0.00011113720566915082
8.875343002632596e-05
0.0005058350230317998
6.908275296823762e-05
0.00022474263253858664
0.00019858521184550626
0.0001780635387167631
0.00022842234653167756
9.790558556544783e-05
0.0002759732305276197
0.00025574397245746466
0.00020639996329292325
0.00015057313662451052
2.9117202622429725e-05
0.0004144700024802422
0.00012666590729516522
6.69214133365717e-05
0.00016897813529684653
0.00019113157094145732
0.00012203278743238748
0.00013617593752735942
0.0009236232684520507
7.583360261867053e-05
0.0001586694519934499
0.00016196727838667878
0.0002554209927435103
0.0009649121843828896
0.0002227937606049542
6.931871644970676e-05
0.00015225546685587103
0.00017484086298321478
0.00010517574545319595
5.207476105917711e-05
6.113293883241651e-05
0.00015876882961977535
0.00013589859635342315
0.00020663274210473465
4.532291271307898e-05
8.945501136362126e-05
4.080672250303124e-05
0.00020422651990668707
0.00011086549580617838
0.0002685637174885297
0.000419107924157494
3.0118202272808724e-05
9.69324625409499e-05
0.00022202201617264132
0.0001222080311690062
4.485638174810854e-05
4.5057599267206034e-05
0.00034202142117143103
0.00022074243990091431
9.829034398005783e-05
0.0006945264409829822
8.499484294877378e-05
0.00013549642894625434
4.2556906587518284e-05
0.00011537348536598965
0.00037787773941367237
2.78624622924399e-05
0.000458000773091805
7.961423680261038e-05
0.00018655888969106905
3.7993642553853916e-05
0.000203197996282842
0.00029892331940543194
0.00036692969510092126
9.459251351907071e-05
9.45929998062408e-05
0.00012826703770688573
0.00024043167118194817
0.00015815897692373604
0.00019067627830656028
0.0001095695724405227
0.0003133906440220406
0.00017323954227096712
0.00012892312819211312
0.00010864916325189868
4.967785644524018e-05
0.00017689988083445887
0.00010258254766513137
3.012474594384641e-05
0.00024190032520528043
0.00027063178085608006
0.00010547866297476619
0.0008687687353886984
7.38136269933526e-05
0.0002438628608718113
0.00011806146758956294
0.00010086045737309223
0.00019562569311179335
0.0001105034304285833
8.160993417796643e-05
0.0001479472562665481
0.0001256919355213225
0.0002369315438189953
9.415965353875782e-05
0.0001915853716886992
0.00010949838124173351
0.00035305151192699657
0.00027362929709570525
0.00010045010965222347
0.00010267358500743285
0.00019814226002525385
0.0001623409225420605
0.0003592879587608979
0.00018855714073117742
0.00023993447517107143
0.0002672635575563419
0.0006567435486104929
0.0003418518062419988
0.00024389236344177397
0.00010185695902124117
0.0003802532243718805
0.0002306986168696048
0.0004536493878953915
0.00030072142119903176
0.00020430125872094752
0.00020525774687670868
0.0007641183227338472
0.00019103212178189283
0.0009265950632109779
0.00014225845689963773
0.00023516318129443507
0.00030635980028815364
0.000184997566708337
0.00015204917127769517
5.2975064204782706e-05
0.00034752857093062705
5.291226438950162e-05
3.072218747457819e-05
0.0003780600960775134
7.424804137391013e-05
5.8144114657374826e-05
0.00018707194776203663
0.00043490497092976476
0.00027505800789588567
3.700032742909268e-05
0.0004850009679861015
0.0001449831555884418
0.00020777400105536096
6.44115155887696e-05
6.916605154426724e-05
6.426569482424681e-05
0.0002963501453903382
4.8355823673015644e-05
0.0007397583045245373
4.979680744562711e-05
0.00014338659837265618
6.009023549147681e-05
3.534441274445993e-05
0.00016755058880099394
0.00018197771987240918
3.1788871701699573e-05
0.00016043486035335777
0.000290013683481497
0.00014577268856729106
3.874546708940747e-05
8.177848233181617e-05
4.5453814042658565e-05
0.00024233590869878155
0.00016531227278475326
6.302642078695247e-05
2.6594569805126758e-05
0.00013624616750806509
5.839553403964694e-05
0.00025889602065205125
0.00020514015132920687
0.00032529660773846457
0.00019588322433625966
3.255053133935532e-05
6.498667584350009e-05
4.361561489259345e-05
7.749229094269833e-05
0.00016296991980800776
0.0005214098460203754
9.681032917103538e-05
0.0001621338571839373
0.00026290647665202
0.00024960428728112224
0.0006143582540021372
9.613703432947227e-05
0.00014383296285148996
0.00011628971540754206
2.1188188222685757e-05
0.0002303329343248125
0.00017209644750107355
0.00026169306976491234
0.0004999142240171898
0.00024841424663598824
0.00044878062692504386
0.0002973570016492118
0.0006809632071452744
0.00013459587854694087
6.120157853638321e-05
7.661387343988466e-05
0.0002354885413149465
0.00021568732145508935
0.0002343460071103798
0.00020970585742814964
9.006805438035373e-05
0.00010631955721558892
0.00038247024923054423
0.0006406018054280687
8.596120692352339e-05
0.00030617434978422615
0.0001770843673112962
0.00031068957842698004
3.555298373070463e-05
0.0001891767314875525
0.00042300450269708447
8.47003990521617e-05
0.00020136519451816385
0.00019949898786954088
0.00026970464620214903
5.925740807497578e-05
0.00025306649719953657
0.00010474765763939882
8.400536556743791e-05
0.00013478532949752866
7.546309582819667e-05
7.592333635569587e-05
0.00012569478664124084
0.0001257620801143072
1.0080004584660803e-05
0.0003566924522475631
2.6016823331586915e-05
0.0006257210372245319
0.00010124403845993925
0.00021984308458586522
0.00011044885416726239
0.00042887735524163665
0.00023231046179493452
9.69929232169632e-05
0.00014351072219943297
0.0002462711320853868
0.00037165310300919904
0.0001028300357643054
0.0002370386036121806
0.0001265450466045143
5.347554987715367e-05
8.09738275587704e-05
0.0001573813390955636
4.6037817783041446e-05
2.944663858991705e-05
5.7293586000351564e-05
0.0004720651282371343
7.696803893817504e-05
0.00012229841830375585
0.0001240444158860974
0.00010671923692445773
0.00036994959880987013
0.00013571405426172193
8.767132607669694e-05
0.00010195156491868286
0.00010159314302438385
0.00023555988727834922
0.0005191396662350074
0.00013363816503625357
3.927634196570963e-05
0.00011732426450038395
0.00028636100831516453
0.00011342207067138168
0.00010298732995040471
0.00012577876088128487
7.771413036411148e-05
0.00016717600331380152
5.1513111087697905e-05
5.7697663525845427e-05
6.705464916525204e-05
8.884011678453916e-05
0.00011854069094067842
0.00024920467810126513
0.00010685343981703676
4.196692012070026e-05
8.068841987277015e-05
0.00020303915453622284
0.0004905173943435727
0.00010820979979664179
0.00018358999102164732
0.0001190543793047757
0.0003081198309265684
6.353796831723117e-05
4.4865653730553914e-05
4.4767311329529993e-05
0.0003402335101059215
3.957210562530332e-05
0.00013093524698225303
0.0003813318845507668
0.00010587796900661158
0.00018470536414076134
0.00024300539775500823
0.0005267228413243522
5.937553561733325e-05
9.203678514488331e-05
0.00013951558799932829
0.00011720921189316375
0.00011146888939257021
0.00032976462426210124
0.0003717992112829181
0.00017049255977992026
5.119621087576332e-05
6.649599397159442e-05
0.0001323154345054815
0.00013234252788450106
0.0008224925278651999
6.949759042109724e-05
0.00023570784172907678
0.0001785262353536274
0.00027197996063632704
0.00014964459242790504
0.00015939428582518967
0.00011275482684383114
5.6876948642566237e-05
0.00019343626788681867
5.0300394950024036e-05
4.1415696867311776e-05
5.561707453982267e-05
0.00012209867626601287
0.00010142458789380689
0.0002849100198150963
0.00028512496465493795
0.00026552054155721226
9.265537542585947e-05
0.00010022231038341137
9.079330124964918e-05
3.421133044795562e-05
0.0005779645210153348
0.0001640021011995114
8.677885785173439e-05
0.00025853121689940804
0.000212428389937146
0.0005823363134370346
0.0005930819857892769
0.00013745591938210897
0.00014660960218622522
7.613582027208343e-05
5.595397282095551e-05
0.00018511291454090446
7.838875523851154e-05
6.860151081680451e-05
8.0905593687777e-05
9.810587532101674e-05
0.0002448938562558186
7.889338761993015e-05
0.00036618844180535124
0.00010389663683573582
8.100677658120703e-05
0.0003120486486902488
0.0006090268557796268
0.00023496941265838448
0.0001307686952171783
6.485215295351786e-05
4.7427694049785666e-05
6.941417686650999e-05
0.00030743354972883875
8.094342990711483e-05
0.00013531670848653004
0.00038249488270975364
0.00012105205973347765
0.00023744401517148965
7.28333793300414e-05
0.00023818662654681127
0.00022029099794923176
3.254761721843177e-05
0.00011947465044780054
8.585080803053098e-05
0.00038898404629687274
0.0003664116707634118
5.206889339791311e-05
0.0001254145485452683
9.766605417467891e-05
5.579624850614223e-05
0.0003423868150336485
6.851819696068701e-05
3.0304326334921952e-05
0.0001067497310404627
6.974646149801127e-05
8.034344947442706e-05
0.00032222252856564215
0.0003951878373115093
0.00019374377971750128
7.392835950671192e-05
0.0004364584077321874
0.00022376658817283433
0.0001758539251343768
0.00013329093853668093
0.00023942813650935232
0.000312632051498132
3.175366017213492e-05
7.134886364854337e-05
0.0004275095199960784
0.00010990781651887632
0.0001757309011796744
4.340841031682928e-05
6.205459839694244e-05
0.0003277245974918215
0.0003336644697647635
6.766996251201363e-05
0.00018685652050919028
0.0001951483887375687
4.597194950386547e-05
0.0004453695432735881
5.821169789186905e-05
6.997185400718935e-05
0.00021865883421606712
0.00014600432476654296
0.00023779859905374842
0.00013369323656654166
3.1028367526148236e-05
6.384718357815428e-05
6.43298209587766e-05
8.295629670650105e-05
9.435391417053453e-05
0.00014920095311271174
5.686674727894929e-05
0.00017957025046652408
0.00023866287205402827
0.00010239575057326165
0.0002736920836142044
0.00019212005784556544
9.327825794551302e-05
0.0005265704526797356
5.5779914093110824e-05
3.328492763787658e-05
3.407087277327075e-05
0.0004045474552734632
0.00019431080298150263
0.0002232117906731193
0.00011842812795174989
0.00013894609038211258
8.836557363269793e-05
8.626674948924773e-05
0.00014672196870694823
3.5009818489144004e-05
8.057409080978762e-05
9.081441648030443e-05
6.724233230894943e-05
0.0003912937879719495
4.3348251395509166e-05
4.816547464696656e-05
4.9031239145908255e-05
0.00014731067141326065
9.822398771251441e-05
4.174535245556212e-05
0.00014307802211688044
7.556201879624653e-05
0.0002347241697162887
0.00020083672614888294
0.00016489230109203654
0.0002893428899465282
0.0004631345163038601
0.00032102223052423904
0.00014075738024368144
0.00011696514935703469
7.116165543504052e-05
2.0261077452162835e-05
0.00013372499413706168
7.726907752608053e-05
5.4915345229915305e-05
0.0002390954486990346
4.156107143841595e-05
5.5286206714477396e-05
0.00010553676472320367
8.995810512212643e-05
9.24051578380776e-05
0.0003191380433109329
0.00018287730414215524
0.00024154609544293316
0.00034634012757406
5.028593569517267e-05
0.00020587469303774705
4.0966577329284775e-05
3.538035353378904e-05
0.0002456051633940015
0.00010659741332679916
0.0002173801600890945
8.829542888099587e-05
8.078609149361948e-05
0.00012899641594522665
0.00019673294713972936
0.0001200349856205899
7.427706975720188e-05
0.00026454735141689446
6.987798031831776e-05
9.802829846877543e-05
7.675560679701787e-05
0.0002737485667664256
3.4825317373201314e-05
6.169465569992981e-05
0.00020818075401835438
0.00017208075719517073
0.000304881756297629
0.00012412099063766752
0.00015433543894491074
0.0003363780608354457
0.00011120899802686968
9.292847709282407e-05
0.0001715834723834725
0.0001525102863464299
3.930348338546291e-05
0.0002258300492419145
0.00015459813985505274
6.211119696443105e-05
0.000188148678887214
0.00010549039700674915
3.229547055857818e-05
0.00020675971149980668
4.692282051069674e-05
0.00018928348634145961
8.15984654109208e-05
9.300305639096283e-05
0.0006227643841510581
2.9699680568404822e-05
8.792417522538721e-05
3.5954207358250025e-05
4.646496552840848e-05
0.00020630446884140925
8.832363251249004e-05
7.726841266787901e-05
0.00017190402019601927
7.802508694699869e-05
0.00021431311437225848
7.296300587002368e-05
7.292703335274518e-05
0.00013044609329589994
6.140731768924938e-05
0.00011078355478001518
0.0001572906364753484
4.5741427501341884e-05
0.0002639560829245663
0.00015094191770470843
0.0006307520578180746
0.00012612790962803825
4.511562104756756e-05
0.00035621437372035375
0.00027699879048587417
0.0004522704424432145
4.632547924435019e-05
0.0001790906540291065
0.00023646220115324315
9.522382763099269e-05
0.00014210984708162028
0.00011678840761971971
3.082446188304774e-05
0.0001524099651317702
0.0001511943608707205
0.0005187847302553015
0.0005642005791641193
0.0001292928646344266
0.00032674499000851664
4.241598599702403e-05
0.0002804824277505596
0.0003103722327730615
7.323673907971929e-05
7.428378454914527e-05
3.034489441345336e-05
0.00014557360984718498
0.0003742196643460021
7.266963701802624e-05
0.00017454800970182044
9.29043207668286e-05
0.00015985222787909346
0.00015223857554951036
0.00010370877941539543
0.00017142050397732922
5.512397300055823e-05
0.00014283197301278886
3.474266260084669e-05
3.9888892788827894e-05
0.0002771868812209759
8.118492998882637e-05
0.00020347778684404947
6.300704236229649e-05
8.302207419404654e-05
0.00026527604351248837
8.114171691921288e-05
6.991115916910337e-05
0.0003032984416719195
0.00038594405056379685
7.079224410591228e-05
3.204739646312301e-05
3.746295179409241e-05
0.000162946231129292
3.930992288115701e-05
3.702108435937883e-05
2.7694316315151118e-05
0.0001199636027322533
3.184571380497889e-05
0.00032780347974538837
0.0004899019036858941
0.00010699060046274424
0.00016274941170153182
8.507289734466606e-05
0.00014167980251053778
0.00016918987480574687
0.00016811420515787276
0.00016415788193290838
0.00013863172498060656
5.845909734139517e-05
0.0002179035646048285
9.481535816338558e-05
0.0001857099191334661
0.0001295692527166778
2.704463159782876e-05
6.317899061530896e-05
5.940261297072354e-05
5.976204237762013e-05
0.00015594199333010994
0.00010376720750983416
7.148311361962394e-05
2.6038924118096384e-05
0.00012550323976266305
0.00025249597312996906
2.4366300002457748e-05
0.00021627113510068244
6.33884422691318e-05
0.00013258646292894937
9.654361577603933e-05
5.74608121573117e-05
0.00014140328905575905
8.034510503738176e-05
4.104231339914221e-05
0.00026667444393191093
0.00018726632089994104
7.55409233781981e-05
7.53472002855847e-05
0.00010102195453847985
0.00017960123447752734
6.951443464559556e-05
8.228615758285141e-05
6.283807518528119e-05
0.0004337769626928375
0.00013822888400486533
8.11608650832407e-05
9.30044184353198e-05
0.0003416754943861482
7.860724772601169e-05
7.620790016356116e-05
8.11859322382601e-05
9.194292013180396e-05
3.5327133469568984e-05
0.0003596931059335507
2.9963316058223563e-05
0.0003780333658632783
2.7262537030108003e-05
1.7438774277959197e-05
7.863705629603776e-05
0.0001497725061634453
0.00011008200752868248
0.00025114712626743196
0.00016169755572166888
0.00011406925607196082
0.00011496339463264503
0.00018630412681593393
2.5492399591345346e-05
0.0002205006019311775
5.533624180736882e-05
0.00021714442723972383
0.0004436231760829053
0.00011649626631494943
0.00011420677462873495
4.408950330130719e-05
6.944058589362974e-05
9.39728767386474e-05
6.415205143594912e-05
2.745476853799773e-05
0.00016993157344497408
0.0003216981545226066
8.48704741092669e-05
0.00019015721125285428
0.0005115412108311411
0.0002651766947214585
0.0001050667313849989
0.0002531233613552335
0.00011926766238569371
3.4049724241910095e-05
0.00026503031955387335
0.00010041380190879776
0.00019951036305542545
5.3880454788563186e-05
0.00019341997347201124
0.00024340380103156579
3.147483956240689e-05
0.00012625144587922384
0.0002939028867811014
0.00014001394564807542
0.00012011085661837487
0.00015693211862599315
0.00016826688022131904
7.763441671197039e-05
0.00010279613092514744
6.337672942989253e-05
0.0002292874519199992
4.197670298033434e-05
0.00010759777642884778
0.00010044637446776953
3.241909729281928e-05
4.626557087985216e-05
0.00017336593837804644
9.88609032016707e-05
0.00019349498904219312
2.8258779664937818e-05
0.00012184881444140992
0.00021955256782082478
7.171201565610251e-05
0.0003617390455723048
0.0004143490375047776
0.0002642093834416017
3.892841110253058e-05
3.5714302619028575e-05
6.160845933568968e-05
0.00037117287896633707
0.00010496383711896906
0.00010817809624470928
8.755011208422985e-05
0.00023066381180689982
0.00016182393872504438
8.930875953173787e-05
7.741342036624104e-05
3.332604900874032e-05
0.00011544211236572477
0.00028151257276110833
0.00014975471698110593
0.0001603113734361676
5.44260889320804e-05
5.696381520849534e-05
0.00011670960471466477
0.0003270091340930188
7.223703464578272e-05
0.00010079420777839215
0.0002684041410100522
5.565857471383263e-05
0.00017234215297555515
4.6637578312832546e-05
7.588489410011425e-05
6.912013740705678e-05
7.813419838119918e-05
7.445146259921236e-05
8.76403249273603e-05
0.00014826020577286876
0.00016734206656150597
0.00027569092060271975
5.8435709937335196e-05
4.24423305874566e-05
6.609777791889932e-05
0.00018155204561706397
0.0002235206190464618
0.0003640167654376334
5.6252480936313855e-05
7.818682762437993e-05
0.00015931560083288696
7.144503776135432e-05
4.682268074724128e-05
2.8612980135938272e-05
8.360381045563132e-05
0.0004797981976124872
0.0003247627583835323
0.00010989477330257398
2.8640061483126424e-05
0.00014838774148605982
0.0005617922041320316
0.00041445460480249387
5.405249905226411e-05
0.0005101070215902294
0.00036598833637721794
5.5632251739410654e-05
0.0001270283825833217
0.00029472693351780026
7.646673894527641e-05
0.00014245472789758048
4.601770238947796e-05
0.00022907561180346008
0.00042540025729870127
0.0001714422256396351
0.00013932973253568694
0.00010541668582388384
6.331715411462082e-05
0.00010880006393357516
6.53834451869933e-05
4.977651004585487e-05
0.00020625868577720959
0.00021612014448656918
8.508482664427801e-05
6.876340558638188e-05
5.761927751177436e-05
3.063930606782325e-05
0.00015046573783064775
3.986334749957764e-05
0.0003876819225567479
0.00012917095666232153
0.00012240447677553217
5.989182620724519e-05
0.00020486704919801184
2.2288896044531173e-05
9.123398575056453e-05
5.8295806950918775e-05
0.00016242280137449496
0.0002723067334098393
0.00011028010538370681
5.793355179079592e-05
0.00020932783410931806
4.8568798983321934e-05
9.320042255534399e-05
0.00010512307556535308
0.0002152853120847942
0.00024467360758413496
7.379300914935088e-05
5.3748654999701166e-05
2.134665804630862e-05
0.00018573128335753412
9.718017625455823e-05
4.5896309534486925e-05
0.00010499687077210348
3.787296803504954e-05
0.00011520658286630223
0.0005143336851199049
4.2966045341012196e-05
0.00015640755316676522
0.0004918031440127278
0.0001229784501666936
0.00024355604058118077
7.620982959866609e-05
3.676716933924843e-05
6.244810111088878e-05
5.2336721078401614e-05
6.907451327139833e-05
6.793421121437405e-05
0.00014614745752835384
9.485782955675345e-05
4.180730337698349e-05
4.0007821099978013e-05
8.010934724421529e-05
0.00011697000158320481
4.757088330956849e-05
0.00010604142995766672
0.00012873178509189567
3.666537639241547e-05
7.492698385864384e-05
4.9833306422966606e-05
8.698040515730604e-05
9.716716587503917e-05
5.0784634284528465e-05
0.000132077312382256
0.00013359487888809057
2.8251535574575643e-05
7.272021721155446e-05
7.024609356346953e-05
9.17069429250026e-05
0.0001047951144545147
4.1681124458140974e-05
3.129079282510809e-05
0.0002417058183591422
0.00012011368351569879
0.00016796938507144713
0.00020840914344912465
0.00011926738870982764
7.274114394198926e-05
9.235338852182782e-05
8.613441218095937e-05
7.82332816408465e-05
0.0006106288721190238
3.893700558842097e-05
9.59375053907071e-05
0.00011292074454146342
5.8074564509598375e-05
2.5258850869256784e-05
8.005709294204913e-05
0.00012450477055481706
0.00016100537156863855
0.00015936982768775132
0.00034239643514629537
7.120943035438955e-05
0.00016434427500151787
0.00023091963553167717
8.24959800028445e-05
0.0001305281751198157
5.29024572506638e-05
0.00021767131514929155
0.00014029007263712667
0.00013953655215006615
9.352927668807338e-05
0.0001337110714012207
9.259059013579434e-05
0.00010345877107570575
8.929770398196962e-05
0.0001364875148698893
9.196344318415235e-05
9.02406782816708e-05
6.527740072224342e-05
2.060962237822696e-05
0.00019347642348451256
0.0001298627663021078
0.00032206592354209557
0.00022573242574565713
0.00011795953959293797
4.555089642102851e-05
0.00014562118979969562
6.688820706783986e-05
5.095006347555273e-05
4.789655567194254e-05
6.752193963036415e-05
0.00021077282156522093
0.00019594710483086927
0.00016559402916245845
3.220855071144096e-05
9.941988404470733e-05
0.00012932893883178985
6.11514494072626e-05
9.808929138189884e-05
8.524280981733561e-05
2.941910682710046e-05
0.000446640835337888
0.00021171909861947107
4.2869518706912606e-05
4.289624171461582e-05
0.00010614297865818885
5.300719794606388e-05
0.00023516631507748342
7.225541719095819e-05
1.957235189350864e-05
4.063409622030956e-05
0.00012859531849477386
5.5832711256578994e-05
9.277683506602049e-05
4.5672818777101457e-05
6.138562870922488e-05
0.00047053357271662714
6.958235458201783e-05
9.649204052898934e-05
4.8324679497241324e-05
4.204755871317536e-05
5.095808663109216e-05
8.20490107064312e-05
8.443363955652533e-05
0.00011100701300037214
8.30220567599426e-05
0.0002719631544371086
8.167489522295308e-05
0.00011552186898460421
0.00018743177723902596
0.00023567831592214472
0.0001377732982127333
6.93613095631531e-05
0.00010218511897540846
7.928426642107378e-05
3.1319292004744186e-05
3.843127420315421e-05
0.00013585528948486394
6.585464635533579e-05
0.0001405206023132689
0.00017699580960510967
0.00010999547199943421
0.00016114838249872509
4.557072382024557e-05
0.00010211666263772664
5.0336034125029924e-05
0.0001433011932225324
7.377528556321102e-05
0.000179271088250883
4.632128938010722e-05
6.293310603211912e-05
0.00011384180639232783
0.00029479022779013616
0.00012394614721858693
0.0001625092160030151
5.916308404617711e-05
8.525748289942569e-05
5.034444152124678e-05
0.00012977298815328235
6.566021545312655e-05
0.00015801401468670714
0.0002624802931128194
6.83735470177625e-05
0.00013615904788711036
9.088692351375974e-05
7.716143027781047e-05
4.813263785293406e-05
3.5864122687439195e-05
3.342619569933781e-05
6.854383426694227e-05
0.00016600297700318593
3.643105998183496e-05
0.00016776128274766648
3.028668809808068e-05
4.37303835565095e-05
7.565664517178364e-05
0.00011228345007816897
4.46179334932455e-05
7.667554886731581e-05
0.00010212711557042856
6.141509804739644e-05
4.225407380410854e-05
2.53209354554447e-05
3.870868889877885e-05
0.00010666862175273221
5.265575327899141e-05
9.210643133529198e-05
2.5461782597105083e-05
2.252136573952387e-05
0.00015190247542834576
2.9168046962004305e-05
0.0005342033282044327
0.0001392956251912265
8.442750481395401e-05
5.178730352142529e-05
0.00018469347925472132
0.00018731866033732105
0.00013126309347872013
0.0002657941040598748
0.0002633204534866309
7.49087967174791e-05
3.952585308110187e-05
0.00045357107696066077
5.2053114291082625e-05
3.1635918706789854e-05
4.618826172324737e-05
6.39767450406879e-05
4.285087095575995e-05
3.9349671587547576e-05
0.00030605109220408194
0.0001416468260078464
0.00012070910762516746
7.738297163167849e-05
0.0001294180557038204
0.00010432059613108954
5.5284765907613564e-05
0.000447596734367304
0.0001504418108652169
5.493750052577378e-05
0.00036908045329709553
0.00012299199310783588
4.92625148267308e-05
0.00013798829132829322
0.00013379298603042588
8.528706411564312e-05
0.0001141397994702977
0.00012126972362333385
0.0002563438280488189
3.0137135186092616e-05
5.1418927287147534e-05
0.00015981811820457796
6.941697938432898e-05
6.214225219096518e-05
0.00013294293596739751
0.0001259145081107853
0.00014459457786598939
5.89284924646949e-05
8.602109432989823e-05
7.914433426041802e-05
0.000180912988173697
6.220737264894493e-05
0.00014126401633317813
0.00010207647921591728
0.00020418408136104133
4.603168657784632e-05
0.0001694808120786564
4.4448191369132765e-05
9.044210823004327e-05
4.9151003750795245e-05
8.340897207646212e-05
6.762400097267198e-05
6.166821833628595e-05
9.015494169163624e-05
0.00011532352993829028
6.817418089665948e-05
7.413258905378912e-05
6.691799654921794e-05
5.185967922378011e-05
0.0002150346979313009
6.974076474742834e-05
0.0001534093487000949
2.6601793578627347e-05
5.035850395571883e-05
5.870547475198319e-05
0.00010250199190057991
4.5228968197095015e-05
0.00010662141877976337
3.68213818792838e-05
0.0001241754325805706
0.00011359245133385277
5.443446054427625e-05
6.257739578553846e-05
8.773901567653588e-05
0.00010341026408978223
3.7116344421646146e-05
8.348310419716317e-05
4.015184949044227e-05
5.2386111167488385e-05
7.193320978028898e-05
3.597619146730149e-05
2.536610848892161e-05
9.862807850036195e-05
2.639772065126001e-05
1.0255644872528936e-05
8.072638479173848e-05
0.0001334591936396686
1.4715824159211431e-05
0.00016064402333399586
3.978078117398745e-05
6.718181496064302e-05
4.3365341536905944e-05
7.027878200682404e-05
0.00011470675223674316
6.968627776502146e-05
0.00033388237679411433
4.156241439203637e-05
4.5440615850674546e-05
4.529269859876313e-05
9.787330506967684e-05
9.986541279957385e-05
3.4888854472325986e-05
0.0001264341122698577
0.00011308303032046615
0.00012165413487153345
3.614724464660803e-05
3.696224135904563e-05
0.0002245762490338586
0.0003147803227629523
0.00010301873037316586
0.00046870327420374527
0.00012622216000655136
5.736191807120507e-05
0.00011033504376914396
0.00024151964552776432
0.0001926172715464446
5.386119080716285e-05
4.4367055543098675e-05
6.641515029991666e-05
5.4414976720340983e-05
2.065032011028818e-05
0.000267317889213218
2.3477457365662157e-05
0.0001153949843056319
0.00011446731477119696
3.578473156929856e-05
0.00015421999320877383
0.00013051584475809702
2.7667912803017035e-05
7.954329345420825e-05
4.065668415111926e-05
3.724556091834471e-05
8.895914120178899e-05
4.405679111427488e-05
2.956789053049394e-05
4.681223931451563e-05
0.00012538500040874635
8.809422386010655e-05
3.3612158898179976e-05
0.0001244204382635698
6.454865729043133e-05
5.54259827071374e-05
8.686033884532022e-05
5.3035154088372544e-05
8.226527499475272e-05
0.00010842839720885798
3.144520757440866e-05
8.58230758400153e-05
0.00011803211338768714
8.804313830642723e-05
0.0002547243900016614
5.3314273352687346e-05
6.957840373912505e-05
9.017130840918402e-05
8.209178614900196e-05
6.373403898800617e-05
4.38715950085795e-05
5.830882315724265e-05
3.6880694407280896e-05
5.102493637264631e-05
0.00014675870428228633
4.142007361703925e-05
4.151111831727464e-05
4.849890752797715e-05
9.989940747139767e-05
7.079068996499228e-05
7.085734099008635e-05
0.00013024426400496034
4.359900077441366e-05
3.4924164645444e-05
5.772921251398006e-05
4.108985340361884e-05
5.358943938714383e-05
8.93483541053227e-05
0.00010837058326375741
7.394370481718805e-05
7.344500507492082e-05
0.0002429822959729837
4.055286851990513e-05
0.00010188911959255048
0.0002568554201608424
9.256767707449624e-05
3.7215262167339306e-05
2.805187920374546e-05
0.0001318110133507741
8.06815036043218e-05
3.760077557214602e-05
7.928786317063705e-05
5.312946598840816e-05
0.00013187422586756383
0.000235734848136391
3.991522565398803e-05
9.150972443848103e-05
3.593318157604942e-05
4.49832794187619e-05
6.326643375638982e-05
2.9512576493501104e-05
0.00024496755152777203
4.5155904205288596e-05
5.1603798593536305e-05
5.6943296880835284e-05
9.797041481849116e-05
6.386520797349075e-05
4.7969080052741245e-05
3.083766220023586e-05
6.714696832200057e-05
0.00010300266086560528
2.5865147963380874e-05
4.0768584269616744e-05
3.579881294122806e-05
8.157984298006585e-05
3.2349548564544956e-05
6.783842826999928e-05
8.078178695913749e-05
2.956518332743795e-05
0.0001428241087317785
4.30329832129783e-05
0.00015512679204671617
7.384991592305636e-05
3.769530129625983e-05
1.9529236087840736e-05
7.370033827071929e-05
8.038963457975524e-05
5.5323669080429934e-05
0.0004488347005506127
0.0003210427974721822
9.446054212528158e-05
7.1948404428328e-05
4.35516107780662e-05
3.749734983631456e-05
0.0001546728858980558
0.00011222910392175152
0.0002042932116864038
7.313169297498098e-05
0.00014317900575049438
0.00010644551606330403
9.226625326104625e-05
3.099199030466881e-05
0.0002916444619912457
6.776530499773044e-05
5.636308323490928e-05
0.0003929460504829062
6.571028123542195e-05
5.405781248741853e-05
0.0001315976947012588
6.605986461469593e-05
8.343411705985847e-05
4.293455691685668e-05
5.625811814716546e-05
0.0001605133378623605
5.458328975700335e-05
6.106074965740164e-05
6.473203033114487e-05
7.295428973486763e-05
0.00016449583518764025
0.0003493993181234992
0.0003697435470916358
6.598279210034951e-05
2.1607123786711833e-05
3.938861903065914e-05
5.8557980911455606e-05
3.3416934588003064e-05
3.594423630775679e-05
3.4487925638932355e-05
0.0001174159548454502
5.262630112879051e-05
0.0004878776847641823
4.105011800599191e-05
4.060663572124425e-05
3.2106207640186316e-05
0.00013900551499204683
5.80203733351474e-05
8.212664709584531e-05
8.263724019974554e-05
4.8538999653239007e-05
0.00017491130328529828
7.184273727387226e-05
4.9680054109600886e-05
7.805483561298273e-05
9.114169582839383e-05
0.00012143523830325242
3.238116541526997e-05
4.932438487470649e-05
8.392838434875203e-05
7.588714828301233e-05
7.408793151764688e-05
0.00010302294498420036
3.207010795225506e-05
1.8478612683602584e-05
7.645762710154309e-05
5.259118199196992e-05
9.336216611747892e-05
0.00011339364880025879
0.00014866673093136124
3.740606857299062e-05
4.684293692999944e-05
0.0001308337780157406
5.0286618085667025e-05
6.245769091594043e-05
7.886380709317541e-05
8.98400179887235e-05
0.0001597433317600463
0.00011708170950418747
0.00010829312076665334
3.093866943079388e-05
4.6637987170877615e-05
0.00010714047094422469
8.159005004194317e-05
4.5133048443081845e-05
4.002514090116779e-05
0.0001371398245742291
0.00024404084443249436
0.00014121079083770816
5.364312612294168e-05
0.00012542276791950433
6.112426776662428e-05
9.800042415145369e-05
7.709031903300879e-05
2.8378911514713916e-05
8.830102876595532e-05
5.610354416864824e-05
0.00017560695921253042
0.00012014730180826905
2.618445932501094e-05
0.0001657084857373695
4.393831455502443e-05
0.000129060782247761
8.567234449956863e-05
2.2562011656946863e-05
4.094211363885651e-05
0.00012149833073228499
5.958640064116682e-05
6.255041306020006e-05
4.684109180269526e-05
3.620612816811631e-05
7.114270062558106e-05
3.080808150271601e-05
3.5357425376125614e-05
2.1877147244324634e-05
0.00010291377550683164
6.684224903814602e-05
7.660011559728461e-05
3.237509275605977e-05
3.322280816779252e-05
8.898914876046045e-05
7.342350431112283e-05
0.00019316804791110693
9.858586963504898e-05
0.00014280459946465975
3.1115866735660886e-05
0.00010742297504499466
5.055712452004541e-05
6.84367962478224e-05
2.3241949874718144e-05
0.0001823179544164284
9.062499618659709e-05
8.154622320897265e-05
0.0001284058941318315
0.00011693394862776162
6.27974836250169e-05
6.713763150452527e-05
9.623058330174923e-05
0.0001174649578161149
0.0001606145788489846
3.9090854836056176e-05
0.00024292807432503644
5.895541967171121e-05
2.303170601915718e-05
0.0001983398480397074
6.383627277301495e-05
0.00020291597609744052
4.904997727785891e-05
7.502579960140167e-05
0.00012538190395215338
5.011441152919019e-05
2.926551259339929e-05
2.8646700866826506e-05
3.5203190443399394e-05
0.00024925156578293746
3.338488444167071e-05
4.241230577648782e-05
5.003474189805361e-05
6.443348558446177e-05
9.114125278433523e-05
3.1147642064401244e-05
3.6031200740363494e-05
8.357552190314658e-05
2.3410006353512976e-05
0.00011991427323307168
0.00011544527109339177
4.4522054094289125e-05
4.5596177457965825e-05
5.088043578458172e-05
7.191830164008033e-05
0.00012023234075658012
4.787205784025637e-05
0.00012552672133353798
0.00014114087403234367
0.00018732606723622728
4.9432508715613346e-05
0.00010050676175318007
0.00013979119024913841
5.120075779661791e-05
0.00013768251604776873
7.427990270418001e-05
3.814230882197155e-05
4.47879869385357e-05
0.00012020708006766938
0.00018427536962426234
4.1252102313165065e-05
4.845125946239199e-05
8.483657298014769e-05
8.013789607743804e-05
0.00021273461543108377
7.803182954573736e-05
0.00011535795810894862
2.0102725485165874e-05
9.21717845789993e-05
3.522650710246367e-05
0.00041506601197776135
0.0002291985171547602
3.171150997890212e-05
2.768399754978739e-05
0.00017502790276584108
5.079216388289988e-05
2.8991768854054327e-05
6.451744313540446e-05
3.734148234270205e-05
6.592704628936467e-05
6.64590745872374e-05
6.45694695929154e-05
6.06148433866384e-05
0.00028820198896636033
9.572411542161063e-05
5.862711841527093e-05
6.818471536098937e-05
0.00022794135000550063
0.00012065306930524385
5.869416946551103e-05
6.831616502823496e-05
6.09856944689653e-05
4.3728454014919524e-05
6.0297924802378925e-05
3.0412288182507886e-05
0.00013243434847097258
3.4978656435952866e-05
7.990486949437223e-05
7.735410315052036e-05
0.00014716206533071463
4.327612857459146e-05
0.00016905500997002121
3.5432568107503e-05
5.3227163137745124e-05
5.3598705259340874e-05
6.64798143764239e-05
4.660926231124983e-05
8.211536186693282e-05
0.00015358638610553466
9.519741783642903e-05
0.0001744801798786215
4.4657933211681565e-05
3.6707443572705245e-05
2.9999626768264332e-05
4.5825046346561465e-05
6.672549939559416e-05
5.386731096390901e-05
9.736031722959616e-05
3.1859130039947514e-05
0.00017549636708664616
7.134852083595388e-05
3.9306430217565375e-05
4.384807473402563e-05
3.753928005034502e-05
6.86695672561915e-05
6.412374430950667e-05
7.003845256254791e-05
7.139520973255809e-05
2.9166201381065637e-05
0.00013513365805845312
7.947466784425081e-05
3.642530587486706e-05
8.660570035306553e-05
4.555395664126111e-05
2.754791408620493e-05
0.00013451858158365992
8.404314221837848e-05
6.696385857301444e-05
1.9832784728581807e-05
0.0001945127714720108
3.917118490483466e-05
4.38845672059364e-05
9.996503270693229e-05
2.8508207954044828e-05
5.9815339151393326e-05
3.345694609159247e-05
4.498936225191543e-05
5.2541402688096603e-05
0.0001522674845556338
8.341864757914689e-05
6.381536168453318e-05
2.8935082295975613e-05
5.1306945886641344e-05
8.23337123267106e-05
6.170925700528876e-05
7.044020692199328e-05
6.606633409875782e-05
3.285405484491499e-05
5.660511009095925e-05
3.1919023523006606e-05
7.481381753515976e-05
0.00010285061092828547
4.116641712700064e-05
3.710642830064733e-05
5.0298400957121236e-05
0.0001491516882195286
2.9587312576175863e-05
0.00020830930282780447
3.2870981687445115e-05
1.6349292108594887e-05
5.253740486299862e-05
5.45343312381077e-05
0.00018248999597015193
5.296678804225977e-05
0.00016235954437814835
4.7457922482946425e-05
7.575352194994352e-05
4.466291010552375e-05
6.751038276378843e-05
6.422568314143088e-05
2.0476963951110782e-05
0.0001561210685959494
6.107440872559698e-05
6.428667329919462e-05
6.60864888324838e-05
0.00017235701219528842
5.1647155056861504e-05
0.0001363696319944313
3.473119158084647e-05
4.441005750498009e-05
2.247426841359414e-05
9.852862442511082e-05
4.6493991006585066e-05
3.307524290778333e-05
9.079105554759119e-05
4.9785478098837706e-05
3.806054762420861e-05
1.9160442425691433e-05
0.0001569630025114505
7.896235440209572e-05
0.00027124075728664546
6.97797382276336e-05
0.00010888726197330911
0.00010791699756829189
2.712327887115767e-05
0.0001116250019928124
5.87179955524366e-05
7.824728494612053e-05
5.5905628514225e-05
5.931932207797409e-05
3.664640959002528e-05
3.756438366216469e-05
3.337971540215209e-05
9.309957253550662e-05
3.308078630015635e-05
4.610816987677538e-05
0.00014023055727100544
3.12932737400589e-05
0.0001081091257625291
3.422104151880567e-05
2.79131605197638e-05
0.00012849487195056939
3.9873570617414934e-05
0.0003501933782238994
0.000146574527864235
3.001157945935622e-05
7.152788341441991e-05
0.00019072853088847135
7.433929134825178e-05
4.6224924987707675e-05
7.55236390340255e-05
4.113856323018952e-05
0.00011767813059329686
6.221504331336842e-05
0.00012071858304266111
3.822067084571617e-05
0.00010194426718006122
6.650459026752495e-05
0.00020910938488216777
0.0001886348463181513
0.00010045352325009911
4.887951698531999e-05
0.00019789698650718638
7.368668405898772e-05
5.5301836270379196e-05
3.172534331235469e-05
7.472011896717784e-05
4.181171894961914e-05
4.160590241984954e-05
0.00020593720863826774
4.536088678389627e-05
3.0517367241191615e-05
5.943339394580384e-05
3.909658307358051e-05
2.7032072523643867e-05
3.251545276021393e-05
6.432992644714059e-05
3.408888477649098e-05
0.0002154365222732365
4.5780899952584696e-05
0.00017940778608137957
4.386813159799262e-05
0.0002805283606720817
9.646193962921823e-05
4.4377867548713334e-05
0.00010436173418606802
3.546218608941058e-05
7.202719755694179e-05
0.00013287053321360307
5.2371520802050205e-05
2.841838579259108e-05
7.010909103284324e-05
6.476871824447235e-05
2.769417945616672e-05
3.93046197139365e-05
0.00010404048660758272
3.252200219983877e-05
8.834062430604521e-05
6.756582766525101e-05
2.485378742164414e-05
9.093512527522126e-05
0.00011498999734705772
7.475277483031841e-05
0.00012707645498462298
5.103268905965377e-05
0.00014402934332476635
2.8148058840851024e-05
8.137319707199912e-05
5.2695944099666117e-05
0.00013115371904397045
4.6381552727394455e-05
6.334344983873238e-05
6.318578737612662e-05
6.337642780212635e-05
4.518693074289859e-05
5.122178115720004e-05
3.7708163237766415e-05
0.00012344877276281106
8.87554028452369e-05
0.00016603463441364764
7.956759258092581e-05
6.413912690185268e-05
4.55301528701056e-05
3.958372148081669e-05
0.00010400871255895013
0.00017176780275420843
8.95309284568297e-05
0.00010993223638854774
7.12657102689352e-05
5.7046711154525895e-05
0.0001495554022836052
0.00011333462897936658
7.599569289632585e-05
6.256895900615722e-05
0.00012103670371031718
4.4691731913328884e-05
4.661989266719029e-05
7.818585778567345e-05
6.698692373337176e-05
0.00027337985083689565
1.940146274336998e-05
8.732306750172935e-05
0.00013602232590233994
3.147315987639523e-05
7.676734194433582e-05
4.9795150753501635e-05
5.061155295668645e-05
9.512623695890865e-05
7.831867837365187e-05
3.5782396486991267e-05
8.855955408498635e-05
2.9281274521088583e-05
3.647266289836626e-05
1.7610576627289244e-05
4.034872593586378e-05
0.0003161680541412997
0.00015026047713211755
7.393762805553327e-05
7.037390870657357e-05
0.00037944733425769014
8.05842458327028e-05
3.646803729997913e-05
4.465715923249091e-05
8.186487108358063e-05
6.89240898167734e-05
0.0001077554245866684
3.9405223135740326e-05
0.0001155849180599923
2.663286830653066e-05
2.3552436846212308e-05
4.5117770496409014e-05
2.744778244765818e-05
9.468103022647234e-05
0.00013820203890250275
0.00010961783873326108
4.4370519987113396e-05
0.0002708558161174929
9.046767794593813e-05
0.00010143854822892572
5.7595567134260954e-05
4.0344372859105535e-05
9.506162612746756e-05
0.00015046770297094954
0.00019801788756002915
4.4344080585097807e-05
4.36026738694592e-05
5.9955607091488786e-05
0.00012848305258663859
3.835402215427859e-05
0.00017745067987046735
7.225149859780625e-05
9.413410791488154e-05
5.252066532201218e-05
3.266261489542794e-05
8.151182828485855e-05
0.0001448974098766736
0.00011552985078247813
4.446230424945845e-05
2.054976522638324e-05
7.57842563690038e-05
7.381931589208105e-05
7.271598769741412e-05
2.6059871566371655e-05
9.214354324023998e-05
0.00010616018808934094
0.00021305737251787611
5.1258030119045654e-05
4.573851028880214e-05
0.00021460023625002243
0.00015171964382858566
6.935698517730881e-05
0.00011062876039464577
0.00012224295955764764
5.231433414540219e-05
4.008264212934409e-05
6.957967830346649e-05
6.545232441469004e-05
0.00018755020633425259
0.00017728579564025895
0.00010164923927361596
4.604503703517994e-05
0.0001313884639398013
9.170689653704341e-05
0.00011135194807243444
2.075130220151594e-05
5.353860315803308e-05
0.00018603986233925958
5.7668541484497205e-05
4.977094069066095e-05
0.00010945770728942971
8.611910229958473e-05
2.416165434511191e-05
4.3139619628838244e-05
0.00016376360211679347
2.721485258202443e-05
6.50895935029735e-05
5.775664902113718e-05
3.6331754717291356e-05
4.603448970987692e-05
6.463439336271866e-05
8.644254167444598e-05
0.0001871719356503828
0.00012143491403318917
5.5072957907660145e-05
7.627825176818114e-05
3.527829232962354e-05
7.273873696370467e-05
8.531343506259251e-05
0.00026275583682746533
4.35203663822985e-05
0.0001356385199309842
0.00020251298060458504
2.556979072992387e-05
0.00018702450261431336
0.00010260911008039858
2.9749715521525655e-05
2.6361002568921113e-05
8.777551100706437e-05
4.167427471096301e-05
5.876441962894654e-05
3.646916926805366e-05
4.614355298545795e-05
5.1548227181341876e-05
0.00015106464748754138
3.2873522213879495e-05
6.27999944812334e-05
3.957452598331191e-05
4.666946720640766e-05
3.8059016508506214e-05