0.07309619890134766
0.06350806455779562
0.03028008482339684
0.03328666197562717
0.08759218668656689
0.11301991084468122
0.035395388874215256
0.019536072185583286
0.030904195588589856
0.055102359434676215
0.06777209843900854
0.024703068944733054
0.012423615464106565
0.011778903873534674
0.03406135748817232
0.0063551931966203115
0.010644252127861888
0.018117223198849803
0.019068880712653155
0.015335380233099348
0.005349532111963907
0.02004041484891689
0.006687206248005426
0.010928277546511959
0.024356257242403433
0.008128523548789342
0.007989129174192406
0.007080500335382597
0.005206149447124651
0.0056255681538350776
0.009242031083204066
0.006282317073305166
0.004249134354685304
0.014887923689959547
0.010967391434709406
0.0022279673515423347
0.012537467993186094
0.015363202105860594
0.008513620181471377
0.009269516437461336
0.0028401428760104937
0.018759561237871033
0.015711168633671526
0.006975529820548071
0.01806515584079157
0.007492392877255692
0.006039898282305908
0.00598730602377029
0.023669407333226096
0.004874755678961754
0.002116051869171603
0.005553482806753099
0.004074290717082812
0.003553045103259242
0.003905238100835806
0.00207258474579238
0.019774321629322713
0.009865892242486657
0.0026223199297917914
0.005543596660205708
0.0025159384323273316
0.003116032764278737
0.002774101856163722
0.007964461038088703
0.0017700176952889484
0.006954255477458171
0.007246753721043008
0.006174162070191077
0.006481573034518634
0.004844054583125349
0.004405364260732145
0.004031363356569262
0.009761402983490335
0.005343810591112969
0.0033924643771906394
0.003239995104228322
0.004091543051189633
0.006503045152600531
0.001166789353949971
0.0015008174120596871
0.013509943834358355
0.0036180550428587966
0.002859279167513527
0.00660028286340096
0.0032826437347214196
0.011356746231590905
0.003363202805692858
0.002462230400992844
0.0035090230322823764
0.00280149439608446
0.0023295674671492688
0.003765958379409257
0.003082394212950464
0.001022421375395554
0.0020310309603511377
0.0020132680328752103
0.0020801773572306725
0.006353880404731341
0.002183312299332922
0.0008769738843383341
0.005594354596300737
0.0024565547087514084
0.002513922330499406
0.0035542238321443747
0.0017337430960528508
0.00299823222049252
0.0023864425734138888
0.00033634782928559524
0.003752550877493604
0.0050205642709021765
0.0014306479923545206
0.0026162006660555895
0.0027687505550595707
0.005030811453996532
0.0030891399603645907
0.0013459347010636494
0.013061221086944574
0.0015468096784359933
0.0010337595519230715
0.00013136494418281196
0.004477841577391098
0.0029993815767604005
0.003666374387401413
0.0030090373735370754
0.0045412748955789345
0.0025353856183045324
0.0021713072904593995
0.003378009177862178
0.0014732626528368173
0.0025289358295460217
0.002569978046034405
0.0023631920436725175
0.0008104565508936886
0.0039298934243286255
0.0024846398561607047
0.0007491504504648325
0.001505339269448834
0.0012867812066034618
0.0003278187356180174
0.0031988654078650564
0.0018509636845310982
0.0030739692821332063
0.0006725505219043189
0.0010491451373215313
0.002161671687237336
0.004257160065126092
0.0029530956513672876
0.004173875495633148
0.002217993488020941
0.001362612352819261
0.007954614480340612
0.002095372901817261
0.0024789557796355156
0.0037761119348960577
0.002110929359381163
0.0008786691339228755
0.004712494526508683
0.0034997989748910717
0.002361102661970278
0.00493598145703957
0.0009074349065451917
0.0036789868191759475
0.003963791329211838
0.005374604510714529
0.001775774171998293
0.0010707972381577605
0.002527832433583247
0.0007903121655271683
0.0018206476638348789
0.005992300716851919
0.0007439629935606161
0.0004311491348333124
0.002919800395187206
0.003744115513800373
0.000952815977196494
0.0008262768308175221
0.0007176156890137651
0.0029842328814053006
0.0009117563918711948
0.0022777518661480896
0.0014354806427224881
0.0012470080544421049
0.0027199683640050745
0.0013082752769724081
0.002383133717566871
0.002149091842171472
0.0008909442663113503
0.0012823317788000087
0.0019556454513892673
0.0012926938731525498
0.002203207591743423
0.0014884850812912805
0.0025383730885261816
0.0005955758690326229
0.0020858811289520135
0.0007193014637275997
0.0015811435082899582
0.0004106165142492006
0.0023396735694867915
0.0005739684709167495
0.0009245570982487538
0.0008394885236754741
0.00047347677807564874
0.0005689675015662179
0.005036774842459349
0.0011412650651775756
0.0006786690468899906
0.0029122713421159026
0.0020332109095046883
0.0009559601408488662
0.001054848290065971
0.003064620267271208
0.002091667240669053
0.0014978856644889149
0.002101225818474734
0.0036640999957596922
0.002246194536020717
0.0019166464370796586
0.0015829450942634578
0.004247071463291069
0.0016386387931290305
0.0014493883080633717
0.0019263903235761642
0.0011026169464488965
0.0035957505184697
0.0030483023517844984
0.003563847924366953
0.0009094462514624938
0.002450237777076178
0.0028482636235616643
0.0010412347738823166
0.0015143957207842638
0.0024478220286455305
0.0013817973787906457
0.002099108182384266
0.0047594715269981
0.002119631249472389
0.0015141109358778194
0.0010198954058608099
0.0008565476599425617
0.0007163716531078847
0.0018262888446639312
0.003044179070366738
0.002330077856566474
0.00026668228031204595
0.001973624226644501
0.0029684331339051725
0.0005989104519450622
0.0011936259732633616
0.0017151552279478595
0.0007977632762655399
0.002272459542773226
0.002439714630816552
0.0014440676429081432
0.0006002941679045876
0.0009604863762044733
0.0009155701515447191
0.00038513840651076004
0.0015619687301060634
0.002155241659095397
0.0011888626012152704
0.0003706587332152343
0.0005649968402021695
0.0018691649377438175
0.0006398505155206489
0.0005651622188124674
0.002373749019937456
0.0007873057773090156
0.000993502512960447
0.0013393465134616893
0.0012583438293479183
0.00023629188384104762
0.0004892364845653876
0.0019454442176709507
0.0008159840465307329
0.0008564597100777691
0.0004962841205178376
0.0010803754758690438
0.0006178531349275493
0.002062205448138529
0.0006600967753562505
0.0008753934152432947
0.0007694580359389151
0.0013582038852257294
0.0014121346935794116
0.00023653190978440238
0.00028053026129670186
0.0011907512825709732
0.0016315024615700979
0.0005435284193852741
0.0016492534171542292
0.0007901942767798666
0.0005995345047711182
0.00029076630099184064
0.0013550051962778694
0.0011236585443361257
0.0025385238487995432
0.0009249917333857402
0.0010326248112508618
0.0009008645958059567
0.0007932126023201991
0.0006196269345285471
0.0007550072771856251
0.00037978754994295644
0.0009663696359146728
0.0058526047776158935
0.000585924300828962
0.0009661934680863765
0.0011937800208870121
0.0007050488036717986
0.001242964559345143
0.001105238330545263
0.00016349425262843933
0.0008002074897941524
0.0008154545041238311
0.0008294284164217417
0.0007971817443941878
0.0008563579112918967
0.001302878997835864
0.0010027127329490981
0.0003959528866905534
0.0010754035427253132
0.002344287354986299
0.000480319845132735
0.000887521105627803
0.0016736972069520254
0.0010113866860118935
0.0016617716128308616
0.0007288819808819339
0.0015183300370723626
0.0011850687986040035
0.0004640948461916278
0.0005173699489012953
0.00047851469360994626
0.0019372816630705023
5.988993979316214e-05
0.003864260338660268
0.003732714698156629
0.0005837035776851688
0.0013988617199057773
0.0005929622859604309
0.0006212354683935934
0.0014840778816853175
0.00041642251883725924
0.0011939558174343793
0.0002563918388827697
0.0019664209937925005
0.0005977949001370822
0.00030037600559272744
0.001536670449628351
0.0011317693566052685
0.0008584049339022135
0.0012607719463807823
0.0016774001947089045
0.000484010343479768
0.0008985804905230397
0.00040265232761906543
0.0003955428433960001
0.0007128978300937345
0.001626709008781047
0.00013492900364714305
0.0006157503474347092
0.0009569476234813505
0.0008603825426531661
0.0011724854088229302
0.0004461510055449659
0.0012268215705286492
0.00033078498249293037
0.0002259738065356388
0.001027072130267965
0.0009774911222246649
0.000882174529317827
0.0003741916028823605
0.0004547046935318567
0.0022111354315889867
0.00028320527872664644
0.0008501479070205475
0.0005106597846662672
0.0004768163161978854
0.0017390199714749871
0.000422972548322563
0.00046190500386475517
0.0005417139192555399
0.00036645769698898117
0.00014899162108900394
0.0010557049970484624
0.0010431800858457187
0.000178458919061651
0.0010487200186843856
0.00028956485882472024
0.0016190311439938363
0.0011712318902370373
0.0018204104475433363
0.0004174924863926616
0.001698248792822454
0.002444075105065775
0.006744590161381947
0.001697340103026319
0.00091250783022004
0.0014126103169527615
0.0011845803648893787
0.0011893889493032538
0.0004255993725895007
0.0008464245425773515
0.0009868789421382297
0.00017544335035344236
0.0004355048878660016
0.0007519488856925323
0.0001583217247718477
0.0017595041799086345
0.0003177163729732683
0.0005338439321490714
0.001019414113150473
0.0005938424782463737
0.0002601361632531959
0.0018774271188124467
0.0002589767372770248
0.0003670554132946515
0.0008487087671094943
0.0006299828642826418
0.0009593569281135113
0.0004836385351102142
0.0004693524123152394
0.0006966761791050729
0.0008780958633907803
0.0010475671977754782
0.0003972497256818994
0.0007022356563810326
0.00048666267224422877
0.0003618357196932305
0.0009811697816117324
0.001100181462826177
0.0013757605427811954
0.0011082576753933895
0.0014852559390418688
0.0006108812952237
0.00048025210616007414
0.0017810897689237485
0.0002774489033751981
0.00020191680811912883
0.0003661863444636491
0.00017457899481846518
0.0006147265684039782
0.0017622573712025907
0.00037512021327630807
0.00040383014247302273
0.0004699759363996427
4.6042815674771925e-05
0.0006553568645259235
0.00014507587657082517
0.0005919739261444262
0.0005067596522292923
0.0001434436043710917
0.00029157037589149464
0.0002891208321362042
0.0006238700176066422
0.0002284366510682582
0.00029355991552565283
0.000977636258296327
0.0004672016908094446
0.000227103850913294
0.00035500069159492977
0.0005176366136795933
0.0002916395868097473
0.0007277616049150142
0.003106698488807319
0.0010056530748582325
0.0011984036930631178
0.0014435654467171443
0.0012319431734581056
0.0023551788729800393
0.0008442068197130441
0.0007197360245284955
0.0013794580842200245
0.0021016357377070336
0.0003953488908129351
0.0005514053642546184
0.0010987849425414054
0.0009316601363000751
0.0015239703783225319
0.0015118902193667061
0.00039446972582012893
0.00045401658011032004
0.0020408423383092337
0.00047487486746432614
0.0003240372409828347
0.00033385958667503135
0.0007617454440122598
0.0006170754482169712
0.0009425680085401627
0.0011506439069031821
0.002091426052062784
0.00044051354035526885
0.0009116938749401867
0.0010210802767775078
0.0011352228874537131
0.00150300681080885
0.0012723242956086405
0.0009947309101212935
0.0008306400714517012
0.0005635521386192896
0.00040736220893393806
0.0018694703321347368
0.00019666160040442084
0.00023352550494981934
0.00044801630515370393
0.0021699013534446396
4.7953231285386655e-05
0.0005873179207298732
0.00029189911057896203
0.001265287462750926
0.000299509661153483
0.000696437008605023
0.0014916474226677864
0.0005994912290685019
0.00068303973867707
0.0013954328975014695
0.000869480387990927
0.0001555625878073271
8.928011382365331e-05
0.0016524802507271216
0.0009806083349447492
0.00220181646547031
0.0005537758622860403
0.0005839552148312597
0.0006356701019995813
0.0012910616120785897
9.427708771738569e-05
0.00036445810018746635
0.0009358547969046051
0.0001636859608063327
0.0003509432827758962
0.0008277411270765485
0.0018936298181331842
0.0008886758511537186
0.0011420541835675106
0.0005600905957161571
0.0006485372471104449
0.0007059453284290663
0.0006874026557033057
0.001381028603918961
0.0003352826130117044
0.0037790585189316755
0.00018609845517435106
0.00023226214305100513
0.00046387560361373884
0.0005561446410201696
0.00025240876081656185
0.0005477632314528491
0.0010194869717998207
0.0004258785762285645
0.001374579267074112
0.0009235130295891874
0.00024069523112342826
0.0004784796671266702
0.0010539066178672733
0.0004531097396309282
0.00035962842055762233
0.00025454017245653564
0.0003612775972444635
0.0004232232999359774
0.00044141548459391606
0.002710696491939213
9.39114842692759e-05
0.00015501887753915442
0.00037116457284832883
0.00015997579610620814
0.00018657346773898374
0.00030925726091717785
0.0009988514553434832
0.0016366352816661526
0.0003791210108694754
0.0004190252837172147
0.001214901686764683
0.0002215216098756464
0.0007180283849492388
0.0011434658557424484
0.0007404324669294174
0.000265550131014939
0.0004892467236399483
0.0027177919221788895
0.0008584960836414923
0.0007136641809946046
0.00011746217278630219
0.0007825412123720705
0.0004625799715263253
0.000990310122328954
0.00011441760374659468
0.0008878343831762489
0.00016077799143954734
0.000881982962245493
0.0016216861533805411
0.000417829595466244
0.0007255546720475731
0.002582349834745793
0.0009187542868057687
0.001175099590825616
0.00035250948787735357
0.0007178832916388206
0.00015629022532330915
0.0012845027330960182
0.00035177181001849696
0.0003872615344864242
0.0014627489956893075
0.00013854303442632313
0.0007025314579125334
0.0006826699247854327
0.000899727919626823
7.231328962171524e-05
0.0005322474078356782
0.0009865702238475407
6.219061741678748e-05
0.0007283996500830236
0.0007063335608442249
0.00048720600302711486
0.00029553663397183184
0.0003913641466248909
0.0006744341334792271
0.0005900090428005321
0.00011707957512354991
0.0005355391476146412
0.0003148901748625469
0.0001312618159457428
0.00033879352782489435
0.0009245870388578852
0.0010824501910929635
0.0005828993990960115
0.0003228748627233462
0.00012805655601824754
0.0008405165447102701
0.0001711002240625802
0.0007924502574353479
0.00023005956295815707
0.0004081361320679677
0.00016932858309358056
0.00042185492378958236
0.0012729545288815715
0.0005086764800003006
0.0009656720003757824
0.00022234134864370237
0.0003425774622830951
0.0004853973636292033
0.0004113684293032663
0.001324445529480985
0.0018377351540999087
0.0003310403440799576
0.001372405055869802
4.450121063594812e-05
0.0002558445343199758
0.0003644137147481693
0.0004796344616169425
0.0006592185903104015
0.00013824019718181786
0.0003916272181127715
0.0014210499462503875
0.0012895787929310867
0.0016109175000461877
0.00020085230021814834
0.0003942609328066171
0.00021454320695829358
0.00045727344961712956
0.0002001133786795878
0.0001869784243816122
0.00016790195124073858
0.00027591470898811495
0.0007019968447403124
0.0006603604901629986
0.0005075749114897482
0.00023020067009529613
0.0007118595992038737
0.00018437191123543922
0.0008460413902033554
8.245928116475515e-05
0.0016565670251931523
0.002317688671565354
6.357419379610457e-05
0.0009595989117682293
0.0003246241000105539
0.0002927297654584972
0.00023528740555586153
0.00023545304507636646
0.0005085988914986246
0.0004566719041115791
0.00036512042668312446
0.0008577358496768515
0.00018341910520153917
0.0007769085195588372
0.00045459939115585416
0.00048578191556712094
0.00018948154837568037
0.0005423007777309667
0.0002907435999114743
0.00013803985808313914
5.891258752270637e-05
0.0006703892154785524
0.0004649042165292169
0.00014641622250047487
0.00022941427789432316
0.0001837526515841406
0.0006054388497122891
0.0006892527227868969
0.0003671372524123805
0.0005840425501649335
0.00017084319475652954
0.0001946940803144721
0.0003604810098821692
0.000356143757309832
0.0004972602367574411
0.00022538127603158588
0.000690143979032299
0.0001505168627698436
0.0011668817682584632
0.0003023690857015486
0.00032788454788545453
0.0004945062755896026
0.0004918635950879378
0.00042326900152323465
4.782191101567615e-05
0.0007649790962659604
0.0010504018230222893
0.00025763714736189625
0.0014825097098775707
0.000328782510887387
0.0010315808321495663
0.00014904445932006173
0.00011821001099104174
0.0007184944537436936
0.001437486134922712
0.00031866734904189984
0.000820045756641329
0.0017231702884643004
0.0010589450850512123
0.0005141090253886214
0.00021956839638617205
0.0002904107816065567
0.0011858072568868843
0.0002618351036057818
0.00022071337702881736
0.0004885905927606221
0.00030882618517383764
0.001855907704024665
0.0005799616591587023
0.00042651827240400037
0.0009284549204385913
0.0003878882831544635
0.0005635423300776916
2.8098711385480882e-05
0.0009871322190248006
0.0004961725781875249
0.0002868062881755648
0.0004628181453374637
0.0004833505413365819
0.00215409081142117
0.0007427422130117822
0.000781544242561446
0.0004935774218848018
0.00039988780893506246
0.0007352168730155703
0.00021471853864818305
0.0017135119796198427
0.00030188098922623075
0.0008979787954365914
0.0005419017008406894
0.00024716102571316773
0.0005349097274440625
0.0002258541053557007
0.00018150192763624476
0.0007948635171953549
0.00041079194083343224
0.00046860585704816316
0.001085032240520976
0.0010865561609051664
8.983842153313894e-05
0.0003006960996252135
0.0002441194091494676
0.0005436890647121709
0.00017699892433012117
0.0001158514870753636
0.00029080303502691384
0.0004331367340468939
0.0007292134161595367
0.0002561906658543617
0.00043165256314940713
0.00014038955378693324
0.0011284944829222676
0.000716547190257367
0.0006680012242028338
0.00015018497293702788
0.0007209548511791232
0.0001928078868515713
0.0004518009748954346
0.0004745348708279921
0.0002245768486549939
0.0006956035104169029
0.0003874270139965263
0.00034099106955162375
0.0001276246864918434
0.0003030320806289632
0.0007279681401185433
0.0006128289315847754
0.00045944380147954134
0.0005499303209645434
9.09509337260446e-05
8.652280208821907e-05
7.638701116676181e-05
0.0009289920362669109
0.0005702474329024642
0.0001408298973804405
0.00023125797840691775
0.0003785304589046562
0.00021240777748376228
0.00016361733365320846
0.0004220133423634107
0.0002874796872774283
0.0011241585429683488
0.0014493594519944257
0.0004427314624542317
0.0006348732838526058
0.0002336452733945263
0.0006474120057789614
0.00021062846340430888
0.00028830513314646525
0.00025837199017263824
8.176799517744373e-05
0.0004324927000434008
0.0003890224224239232
0.000301357958596259
0.0012499373608904816
0.00028561364694334903
0.0001776031871952934
0.0001763128426267661
0.0003024008761021451
0.0004532062281097915
0.000544746134784099
0.0005576054432391315
0.00011279946083949339
0.00021057333956973006
0.0009431490003258736
0.0003130844022487238
0.0003970071300083932
0.00013473461517748273
0.0011504221029363137
0.00017756505271819797
0.00032408902755008744
0.00035811921889830167
0.0005171275879135953
0.00013387295242717523
0.0007396973566076249
0.00108149189730407
0.0006266009328605801
0.000692585137690322
0.0002689634161795936
0.0006300425933586684
0.0003005089689367339
0.00012237254031592792
8.058195249871871e-05
0.00016408234249445155
0.0002212567163375793
0.0007590629297113122
3.0569683186021595e-05
0.0005360171595704434
5.82004831968269e-05
0.0007911974645736045
0.00021301496409129554
0.0002938078803588488
8.22863491058589e-05
0.0005208662591682676
0.00022377637903739736
0.00013070670049075597
0.0006407929068859451
0.0006012154203178372
0.00026618978236919385
0.0007390705784391916
0.0001696199175724635
0.0002811655167115192
0.0009233269149667337
0.000329235311372771
0.0003120035567812683
0.00036755644530719146
0.00038972970375877755
0.0002765267089556914
0.0004016839801395719
0.0002365878939632335
0.00011279242794394887
0.0008553315971254152
8.938808764449212e-05
0.00039711924954270673
5.182204357558717e-05
0.00033433835091355684
0.0011437032333321722
0.0006602340895387025
0.0003223649727215894
0.00015874316392368879
0.00046274204300025877
0.00022572375496858978
0.0002109615327115558
0.0002312857347224876
0.0003855381932561922
0.0006582815502373752
0.0002748745674875821
0.0001048812607820739
0.0002014839489664968
7.244485666248505e-05
6.541198456425407e-05
0.0006010378576369082
0.00015908298228590537
0.0007695189607655842
0.0005939178094240363
0.0006113891514889989
0.00011675461060984196
0.00029800571566089947
0.00013781073886904918
0.00022174202361711166
0.00038946295251346223
0.001126214391031233
0.0006374263113053174
0.00033867446981849527
2.7258074106200904e-05
0.00021744782667797535
0.0008917980564656516
0.00040728056401600555
0.0006420286941645851
0.0004039721569205101
0.000112571722494959
0.00022959517103995471
0.0009389161398455408
0.0006187865515094915
7.563408990748502e-05
0.0001241379416302017
5.736908405878066e-05
0.00031976204691225573
0.0005383667361181098
0.00031997386756430136
0.000487583344687719
0.00013777843004174665
0.00022201162086719353
0.00010586081972063963
0.00017537096714467755
0.0012915329325696517
0.00014453798255074015
0.0005723104217780734
0.000187494005407829
0.0007430648304014471
6.320761636534282e-05
0.00023031735262500126
0.0003022263044205071
0.0002529377516137422
0.00043088307879695536
0.00014223033758467202
0.00023256431587527818
0.000323839604008155
0.00010487073777307469
0.0009443953410759868
0.00016424736056118474
0.00027189169513276175
0.00028370735424145487
0.0003376156104804337
0.0009137682572165639
8.597943023564247e-05
0.00016529293589189053
0.0002242792381267415
0.0004326960738627176
0.00011429535853395948
0.0002911168586065601
0.0006180741406688192
6.831542523527738e-05
0.0002303552248207792
0.00035289045025604953
5.414273230903672e-05
0.00022554076176976927
0.0006901063849144949
0.00039924413504080025
0.00027923464689114113
0.0003372642767838128
0.0010400567044586658
0.0005600253179335896
0.00013402044918276194
0.0002897555132225057
0.0004284690201635959
0.0009100809598081966
0.0001118201476957288
0.0003264607093679029
0.00021988905222627798
0.00025320165892233406
0.0004398260338578911
0.0005132132614042222
0.0001230749566327607
0.00026944894782920226
0.00024107036169327588
0.0007799351299916478
0.00016065879618333464
0.00024564075617172077
0.00032382079074005373
0.00011211564409396646
0.0002130029455881721
0.000572065274990772
7.932783502326113e-05
0.0001508595183379644
0.000249078852499418
0.00017240889403279184
0.0004666622057414676
0.00010835267173040205
0.0011222658913946355
0.00015938319288201188
7.81731134797351e-05
6.73458742530678e-05
0.00046452684906213434
0.001044817219660056
0.0001353090151387789
0.0005324118012435034
0.0006715464330182051
0.0007817956265680569
0.00020160092511129095
0.00024260843545450287
3.6532642409667334e-05
0.0002914344204437173
0.0004918826520889714
0.00011295691647042488
0.0003538628502246625
5.6334240416149485e-05
0.0005620994878914602
0.00022252376249472518
0.0003060668665040431
0.0003192880739574063
0.0006413477295702197
0.0003513719178337545
9.059621975542418e-05
0.0001474469980941993
0.0007449896872290488
0.00023400154593013016
0.0002547325894289251
0.00038698647099991455
8.558645406746141e-05
0.00011284971493678016
5.618023655801831e-05
0.00016366170839269726
0.0009213347785530967
0.0003634176532805302
0.00037195944737632527
9.400224917958303e-05
0.000307448852562979
0.0004540115809201483
0.0009283214599704594
0.00022905408654271862
0.00046976848804678947
0.0001600800447880506
0.00014305074563390996
0.0005565412406981398
0.0012882614395885142
0.00013860781324521112
0.0002768735205371247
0.00012349263887173473
0.0007927943395578828
0.0005673635551388075
0.00012316403890275324
7.174024947944814e-05
0.0002087275177634083
0.00022217132946813174
0.0004629614019097695
0.0007114558529610922
0.0003888658189173579
0.0001353600073086734
6.395366597971436e-05
0.00027708307737130675
0.0004526683889151233
0.0007232734590397918
0.0007881217068990204
9.826694077147544e-05
0.0003436900389913063
0.00016428557577669072
9.967500783745254e-05
0.0009898368068409402
7.025525029128491e-05
0.0004321894789702553
0.00043161406401158616
0.0005453180095525734
0.00014958713849483703
0.0001754010844563455
0.0001922413397733383
1.7254433632555825e-05
0.0004345813854095059
0.0002533988088939234
0.0004163205979805673
0.0002503611260358957
0.00021431297671866803
0.000838308360663521
0.00020058314325345763
0.0009387442029660195
0.0001304564367244284
0.0003201462612666494
0.00026574005137157685
0.0008830944985588665
9.338005416754911e-05
8.434383016648494e-05
0.0004784595420406616
0.00013830775011587713
0.00011884191056333813
0.00012495595560037883
9.975768789253444e-05
0.000138236967524123
9.197988395389587e-05
5.261527376518133e-05
0.0003752651959336736
0.00043322742009028185
0.0006292080520161333
0.00047953196851936345
0.000986758208473654
0.0002926535754507221
0.00010646397954024953
0.0003979021108125405
0.00033629434981702084
0.00025068310424044735
0.0002541560494108889
6.705204982661592e-05
0.0003395751302627872
6.675667430316189e-05
0.00022867054314965678
0.0006575846800712939
0.0002548644860572947
0.0001531035165385814
0.0003796667896143652
0.0012318896914303202
0.00013725019855871946
0.0005535752077505315
0.0006154708850433031
0.0005697525751480198
6.204379412736139e-05
0.0001132038329210358
0.00017078857581070416
0.0002850138160511634
0.0002049663079432475
0.0005223431711861961
0.0004982900758751714
0.0002205928203141724
0.0003697392388182688
0.0002098521812762349
5.135793851536066e-05
0.00016013552251478117
7.404516077463392e-05
0.00037692679773262266
0.00026790088457489614
0.000985860677350988
0.00010995801955520254
0.00014503860965920325
0.00012448631890348626
0.0003545865067470341
0.0003052592702863513
0.0005307937406811063
0.00015490429426021836
0.0003016054037328001
0.0004232725961850932
0.00013532067668793065
0.0004429070148237109
0.0006039127590587082
0.00038549719693666657
0.0001660039572289402
0.0003353959464008311
0.000262000153913078
0.0002771761402062338
0.00021328691831574488
0.0006687361508360989
6.304651946337346e-05
0.00017734417396594906
0.0009064677900877606
0.000874858891947809
7.222606655566439e-05
0.00014676851733832705
0.00014061595757956146
9.749005304170516e-05
0.00040724681900705076
0.0003290067244715371
0.00039579241128986784
0.0005429411086561548
0.0002387744238966064
0.000554043570879785
6.724816516763623e-05
0.00017024563328010408
0.00032141606983403855
9.245743711772358e-05
5.918018830444029e-05
6.564245331721313e-05
0.00041356351704124856
0.0008829069226871483
0.0004053881778586099
0.0001486975634280798
7.781884738865898e-05
0.0001834775261371947
0.00011601155706721382
0.000504843960500012
0.00014054715350882407
0.00014243804071883414
0.00010920185380086864
0.00011412034707074229
0.00035919201682184355
0.0002010159347929751
0.0002380129868265393
0.0002927069575381594
0.0001459022312173729
0.0005642609210554961
0.00019990287672217515
0.00010752193448976442
0.0003963976501379608
0.0004954334807021443
0.0007688273207077777
0.0003434140678410315
0.00043084386690888494
6.736374056063645e-05
0.0001528494990298107
0.00022321429273243091
5.9939385448404216e-05
0.0001488096392978212
0.0003583624386496789
0.00013150131285215796
0.000404281383385515
0.0003811593937298198
0.0004938939070923828
0.00014564937611982832
0.00017691577329520777
0.00014431795599442697
0.00012558752339737506
0.00012268361582678432
0.0006534948801875038
9.868858629512641e-05
0.0002807948122669842
0.0008138518751463404
0.00019763737711084054
4.750906052229709e-05
6.240172022342757e-05
0.00016950310047067336
0.000614711842520866
0.00017955153378886995
0.0002893720160354489
0.0002050644647048248
0.0011706884169228966
8.590488812079808e-05
0.00024398685941236844
0.00044501761551956725
0.00010367680428159722
0.0002353375233051929
0.00010337723824504378
0.00035322989526108525
0.0003000518638460711
0.00017634981984044644
0.0006966656945409859
0.00018666192715340233
0.00036239277683174315
0.0004130262814898711
0.00017083164613625112
0.0002600842060441447
0.0002785329857654358
0.00029821409846732483
0.0006113183705301162
0.0001739536810021
0.000415804998866606
5.5766374148186006e-05
7.135519929989302e-05
0.00032516865113961155
0.00015386188345384747
0.0007878189271634564
0.00024755012509050753
0.0006243935864283594
0.00011200967920431774
7.045350283627751e-05
7.364921733724454e-05
0.00012264307796146793
0.0003075718365445602
0.0001398468430539714
7.68790049026153e-05
0.0003559732609601255
7.134373476329659e-05
0.0007021375643928261
0.0003204670634912909
0.00024735197975083345
0.0004915740990813097
0.00022324319321499544
0.0004740911418756117
0.0003500813559822539
0.0002809126780632059
0.00029906159352117534
0.00012523498705072802
0.0001413669508586188
0.0007522922443037838
0.00044313552328112616
0.0005861057350968488
0.00025115479791437017
0.0002903815780033497
0.00011923256480008727
0.00022849151693410898
7.208785113220468e-05
6.477941769377576e-05
0.00033695109654079645
0.00038947381840700643
0.00015829966650743012
8.526364302246988e-05
0.0003095989162826985
0.00014496860739953587
0.0001080100143863389
0.00021372976994999437
8.63461279401155e-05
0.0003981976860604273
0.0007304393202349047
0.00023999682304804074
0.000772555137624144
0.0001171224395567914
0.000331160895332151
0.00011693584368251066
0.00010657633390628194
0.0001001013744166519
0.00014099186573705667
0.00010199485904789598
0.00023375275722520538
0.00027695766677030513
0.0005358279003741102
0.0004560365540115672
8.637612714029343e-05
0.00010616691618626188
0.00019653944610153882
0.0005780699864950748
0.0002664970587353829
0.00013438475481589708
4.827863643143169e-05
9.324809131969046e-05
4.471608265731475e-05
0.00013085503435196683
0.00012253847457977966
0.00012416429909329021
0.00032950896394555934
0.00019855214356121931
0.0004319610335805769
0.00013106967511089014
0.00022907809443402458
0.0011848480172627375
0.0001758171500101482
6.222885472002494e-05
0.0001615950222956645
0.000325583420156125
7.729289612248778e-05
0.0009688991061688307
4.2783012438924294e-05
0.0005090938451028696
4.134355824065092e-05
0.00036991354903802146
8.9497307648368e-05
0.00019483919510327412
0.0001719686626177393
0.0001321014336458582
0.00025547231067421587
0.0002925163239498491
0.0008462437480627708
0.00017495593003250313
0.0001973042650625446
0.00010093459354271177
0.0008390150883098072
0.00022653375695540692
0.00018889445555398917
4.9534341773519835e-05
0.00010503047722764158
0.0001251998648883349
0.00028214294920425283
0.0005533091177345495
0.000339525305549402
0.0002769865699856503
0.00021190852655001872
0.00021626408621552284
0.00047122634827131423
6.98922622561638e-05
0.00021539866275530252
0.00010844857224260191
6.170997541261311e-05
0.0002946075801662207
0.00021600545269472612
0.00022283640288305699
0.0004620756773844257
4.28442673986861e-05
0.0001811533585648394
4.673920765024423e-05
0.00011680260946341624
0.00039156738554925935
0.0002055308423206982
0.00018168461948343917
0.00048723030228809897
0.00019670264200403033
0.00020604408525134158
0.00037500974344579894
0.0004544001655154413
0.0005988646392609759
0.0003018170334736688
0.0006977161697278745
6.831484021128501e-05
0.00022946880951014
0.0002411884399717842
0.00030860634499680267
0.0007873292374796219
0.0006225007925068542
0.00024451448097495646
0.0006423469572234343
0.00019086680174787115
0.0007586058375014217
0.00014978327114157302
0.0003621511275461783
0.0002192336647224043
0.00011703704424218832
0.0003196182003140625
0.0003722026553349883
0.00029809903409476815
8.665531950199305e-05
0.00018806689135283735
0.00018967255984487586
0.0004799692731631957
0.00015324531215108492
0.00041028254392618636
0.0005701256935860037
0.0006793119925944169
0.0001254752416529418
5.028262879671309e-05
0.0001503196683901005
0.00025010984882188673
8.823592193803764e-05
7.485321541753376e-05
6.731642238281747e-05
0.0005182508970269346
8.919318836021257e-05
0.0003253886055339532
0.0006768916855201797
0.00015661749716539689
4.592216828787439e-05
0.00013346740700899998
6.437966807330474e-05
0.0006062814395395436
0.00022938359528264856
9.354319873282269e-05
0.00015763189254206883
0.00013551070023629683
0.00027241380747955246
0.0001756349749794613
5.88434653724039e-05
0.0001349218698340221
0.00016712021376731574
7.188813089069485e-05
0.00013549251735605822
0.00011458057307067714
0.0006531214975200396
0.0007655667773851101
0.00027158373079896674
0.00033890902784838276
0.0003705453824493067
0.00016925742983425648
0.0002452496313175151
0.0003055378042148404
6.053471882927656e-05
7.835251483998458e-05
0.0001264565138521527
0.0002290593446158599
0.00034602468765098645
0.0003433044425522074
0.00024183368945211427
5.8181897301807175e-05
8.017905498118439e-05
3.0145837951452116e-05
0.0002086404182033244
0.0003196638583257369
0.0002620037657319358
8.455570760008766e-05
9.389302864690296e-05
7.158611044652797e-05
0.00019175693156853722
0.00010989453712588003
9.429563810236728e-05
5.913544717392731e-05
0.00012235977365421678
0.00017190288906979213
0.0001421140668781581
0.0002730918055920849
8.853752690635451e-05
0.0002431689364820871
4.077598548588645e-05
0.0003178673320591811
0.0006140951942836375
8.916974368046294e-05
4.012669975171417e-05
0.00010232625708882303
0.0003770297669672219
4.7321376039934546e-05
0.00016986668519631553
0.00011697937725249933
0.00019860996885583286
2.4430765711276948e-05
0.00010152862623315682
0.0001471734593559834
0.00013687449190484305
6.970791638997341e-05
0.0002434085302785482
0.00019617612350286118
0.00019413414360844173
0.0004203431548416116
5.7126585777931866e-05
0.0001303789204644185
0.00010612035139873775
7.020553800710402e-05
0.0001782903886520166
0.00011881911777207782
0.0002425817236532492
0.0001116122825222879
8.478368217260927e-05
0.0002471966629920853
0.0002698376674839607
0.00018819039124575059
5.393239519539315e-05
3.031312181926608e-05
0.00017289843483700345
0.00025173676870217626
0.00018022908253957913
0.00010391268409814326
0.00014217837680200604
0.0001395201544710033
7.767981312544854e-05
0.00014905642204041618
5.644944637268379e-05
3.152931179834083e-05
0.00015887733120285494
0.0001930642691642105
0.00029739224183154714
9.003715410555161e-05
0.0004085348022181731
0.0004353680892382019
0.0002249077091740615
0.00020041819224641766
0.00015386725541530422
0.00024132784612396189
0.00025777226113220735
0.0003284105449187933
0.0002456093473554825
0.00016942337158178184
0.0002714851825842806
0.00030770201201777705
0.00013399422847225326
9.860350123436618e-05
5.223170970332134e-05
0.00016206535474393743
4.1883635829062875e-05
0.00023787816592230683
0.0003023459113376171
0.00012487314402525159
0.0002527132179157905
0.0008450745852496204
9.915093197133573e-05
0.0002965414563101531
0.0001806375977536647
8.823611525321593e-05
0.0003503269290179268
0.00020348958254112293
0.0004098672275314972
0.00011415901325870502
0.00020908840128727667
0.00013288926819076977
0.00011254291310628464
0.0005206389541360376
0.0003146224365833768
0.0008647509547852878
0.00039340117636913906
0.0002282003414268347
9.290147893254088e-05
0.00014368927583063433
0.0007789373359252769
2.1998747221761074e-05
0.00048711633538613824
0.00011098350105082258
0.0003864691715564477
0.00010502197639083279
0.0003500228113246926
0.00037030274303552187
0.00019569732290766496
0.0005246032961602676
0.0001907572811336988
0.00014265830514752798
0.00010098287818691672
0.00019495579613488736
0.00025805737451432435
0.00044148446519803473
7.833008400213673e-05
0.0004825107846848647
0.0009496882621038459
0.0001104803204505298
0.00030814606534530894
5.138615412243648e-05
2.92940398169645e-05
0.0001466147856567719
6.885918731514686e-05
0.0007104240453007692
0.0005874095384249048
4.749953524438219e-05
0.000407063334962221
8.125039759616812e-05
0.0001283636614906528
0.00013362187650387791
0.000345752558571471
5.6207480141333396e-05
0.0002387751252840264
3.0825274769457896e-05
0.00012036245619293638
0.0003138344569420466
0.00015807609257771077
0.0005761096200212023
0.00018088804490748128
0.00010729410857123853
0.00032029602111072935
0.00018683965006416838
0.0004250789385146941
0.0005921643700473501
7.37213265723712e-05
0.00014125705267180227
7.259991542263829e-05
9.94389825363949e-05
6.41572150003307e-05
0.00034752713212009696
7.375260938725989e-05
0.0005010742107555064
0.00020191782734550406
0.0002587693528627266
0.00015251960895071168
0.00010132111599746498
0.00017085176558256487
0.00043172633488864774
0.00017081062075709246
0.00035503010020260944
0.0002466969024312943
0.00019219705609927482
0.0003852605027996432
6.0125027842429166e-05
0.00013061409946777902
0.0003349147996578727
0.00042462826397768745
0.00019922194671721978
0.00021870249221941817
0.00032417787645896225
0.0003753346687793308
0.00018579416686943613
5.7704956947225165e-05
0.0003447132369419583
4.478471246654344e-05
0.00013305231303905118
0.0001628973020107697
0.0002108004749469906
0.00023124218717593794
0.000499878273318043
9.538941898363666e-05
0.00016906463446848455
3.6451360384262485e-05
9.045052773205995e-05
0.00015311552086230606
0.0001527754694291665
0.00018811580872619334
0.0011863660644145836
5.651823739929127e-05
0.00046086452642958613
0.00022354686264023868
6.530161367863669e-05
4.697673949773553e-05
0.00016538876961250996
0.0003778410818038064
0.0006149651523830002
0.00016778666456553263
0.00017333391752475926
2.748456974666609e-05
0.00023798822407531775
7.047841958472231e-05
0.0001670651722247232
0.00014438940791233184
4.1473329967646896e-05
0.00026902153757784995
9.482866668392956e-05
0.0002673200870442684
5.408473505343828e-05
0.00019286027951254242
1.3540541405894328e-05
6.78524539232299e-05
0.00020241222933838776
5.495898060917725e-05
5.247302106259125e-05
0.0004838878633218302
0.0001794641542110666
0.000276807376830484
0.0001725526788167619
5.399445945871302e-05
5.918976657338408e-05
8.079399972710521e-05
0.00021639360982495927
0.00033037863487331656
3.1387162059871595e-05
0.0002464085026395611
4.903877272892972e-05
9.023751062576596e-05
0.00023443079066909144
0.00017348408659358808
0.00028858019318194785
0.0011210263178112673
0.00031051487632494
0.0003694469801313458
0.00013859788767776543
0.00017970090464390422
0.00023150396770232047
4.3446010380795084e-05
9.125940397697006e-05
0.00018632316355465933
0.00019074532978392028
0.00012459395027048393
0.00014027886017394317
0.0003102237287130516
3.791940213162077e-05
0.00010110176052470793
0.00040678135548921916
0.0001589953722421968
0.00013929117707698046
0.0002872121543982488
9.864476324118081e-05
4.8285541126894266e-05
7.925444634284658e-05
0.00039397330588741836
0.0003919117783989093
6.158124096120049e-05
0.00017743948085606416
5.126802919023445e-05
6.170338522873078e-05
3.0307236632458077e-05
0.0001643688008104693
6.956230394483738e-05
0.0001761500406768387
0.0002585849463319371
0.00024679958070999915
0.00021183888183849917
0.00031323183788126233
6.927528649904177e-05
5.9368348909012445e-05
0.0002611916381052588
4.85180339395097e-05
6.117205945871928e-05
0.00018689187360329743
0.0001453527475669274
0.000589401296390414
5.2735168130946546e-05
0.0001487226253534851
8.963592509758506e-05
0.0009351334129848429
0.00022135099756905434
0.0005063678657740965
0.00026870697782373893
0.0003771265326249434
0.00017621424667884947
0.00018158765475178603
0.00010117566182595823
0.00035707934690238236
0.0003955323942235175
0.000124668345891018
8.376833266683435e-05
8.040263828649182e-05
0.0003651503921190559
5.481473810039603e-05
0.00011488869954247157
3.215581751135077e-05
3.540573174806138e-05
0.0003304750523399758
8.320202290209781e-05
0.00033618135417035484
0.00041176813199824005
0.0002208207888077581
0.00020504406580104334
2.3696155108054376e-05
0.0006563256091750442
9.280503422404012e-05
0.0002349261025030449
0.00012345317142878237
4.1695240901077826e-05
0.00014490623151716504
6.738993040747273e-05
7.791893546772085e-05
0.0002569114363511549
0.00012251215660217767
0.00010735244278892658
0.00019127400139556946
0.00025661728912874807
0.000108802592429306
7.533606562307632e-05
2.3860135897474526e-05
0.00011228635556285946
9.884020662986882e-05
0.0002966688417114179
0.0002769087842922601
0.00017130819969959468
0.00021328900026395688
0.00011004403068412243
0.00024192164239144535
6.384638789269432e-05
2.7007759708918032e-05
6.362809290067089e-05
5.866328456562875e-05
0.0003400533986368299
0.00016762458709127087
6.736161774698694e-05
0.0007058324191496235
5.05863756616023e-05
0.0003736306005129339
3.393828974156792e-05
8.673561884048069e-05
0.00015800477993995566
0.00029515116079173405
0.00015056637108361672
0.0002255683694002649
0.00020465655355564685
0.00011010509831179488
6.23298895403854e-05
0.0001333494862240592
3.982858323183409e-05
0.00021366555945818983
0.0001482152483928081
0.00010195113427325933
0.0001670219832295603
0.0002206309947820043
0.0003020593643219409
9.245951562579219e-05
0.00010056347725987167
0.0005219009241974961
3.862581599768083e-05
0.0003382537816010976
0.0001769863795695505
7.519242029514279e-05
8.564148405188461e-05
5.101140077609172e-05
0.0003493364110263172
8.828904618042219e-05
8.565562272266222e-05
0.0003121839802190987
9.6510973316189e-05
0.0001230503123334812
7.364864828572874e-05
0.0002714905227228926
0.00011986986133573786
0.00011279803288633995
8.052430597154937e-05
0.00021741248602785463
2.4865548907129873e-05
0.0002651728110470364
6.993687810353016e-05
0.00015028788322939127
0.00029680127808284166
0.00041584642106085826
5.214248227381494e-05
9.17346028140453e-05
0.0001138697756603198
7.945888037253462e-05
0.00030791806824723476
9.56796718584151e-05
7.141527864013716e-05
9.096445351521634e-05
0.0002066372260008832
0.0006705497265124702
0.0005041419008475517
0.00016131604687595537
4.058139214397833e-05
0.00021776158626303084
0.0001793920833916821
0.0003456453287752148
0.00010409860234364247
0.00014465603652345576
0.000258936125089793
0.00013332470040118913
0.00048287122209967736
7.902153538065073e-05
0.0005310919637771296
4.20713304602953e-05
9.709190899038689e-05
7.854247838290699e-05
9.93153518428099e-05
0.00014902121843136877
0.00010821708174525444
0.0003477287247106493
0.00017789525131188102
0.00017283483317749547
0.00011837579627230716
3.801359738363488e-05
0.00014932153858227798
0.0002272550263093759
8.005900020489098e-05
0.00011648283985717992
0.0006083147007747146
0.00010355363845377597
0.0001255541624471205
0.00029994878028626363
0.0001425557258592865
6.326801735605213e-05
0.00012672789484472212
3.191077735912976e-05
0.00013795233857954948
0.0003596933990617686
0.00022423063499050973
5.412427761782995e-05
0.00010176847968771485
0.00019882408960253539
0.0002438999734978439
6.722293473015793e-05
5.6729669095187776e-05
4.985770461921051e-05
0.0004618886568827735
0.00030896420412340487
3.9824793581800124e-05
0.00014692673572409622
0.0001290080455430537
8.125671219409021e-05
0.0002149783342053432
0.00011419135046705119
0.0005709194642035263
0.00019620392831782202
0.00016472806696279701
0.00014066933056818817
0.00024206972238468406
0.00042845422787193995
0.0002643593613722701
0.00020662107399563323
9.428340395888357e-05
0.00031062227839132934
6.946954907942901e-05
7.969954958313238e-05
0.00023965782805036254
0.0002448595418952012
0.0001162696116000092
5.291217212044559e-05
5.4447595506605916e-05
0.0005403470536775477
0.00013377412045356997
3.628216777339507e-05
0.00011327381391399861
9.695035156877089e-05
0.00019294178213974844
4.2905590485371235e-05
6.0921375226101724e-05
4.505836465607883e-05
6.646529192771964e-05
6.832144801691638e-05
0.0001751165921523157
0.0001256774301288589
9.354756813413813e-05
0.00014529056732749253
0.00013529917452711226
4.281515786104738e-05
9.541233157485915e-05
4.074704223748401e-05
7.773475259118696e-05
8.812603055741572e-05
0.00022641429805241774
9.882836514425206e-05
0.00013752597541718452
0.00034929457385784654
2.308687554469203e-05
0.0001803920890402614
8.34726751653372e-05
0.00030168676562367526
0.00034258630202506504
0.0001755834152851053
0.00018681632940289466
0.0002790245230621671
3.875372748231436e-05
8.118612273659668e-05
0.00022188801080398173
7.439190848077704e-05
0.0001507990202085656
7.688865989151578e-05
4.7249433027865675e-05
5.297185645026724e-05
0.00016629602821696007
0.0002471355032354198
0.000235932538566837
2.9602980695466416e-05
2.96165251280465e-05
0.00014479602696244515
0.00014921793935249278
0.00020036567623944835
0.0004964309170217248
8.008515874457784e-05
0.0004033013432426208
0.00020974020181860746
5.45702102256301e-05
5.0714598792153274e-05
8.14117885286512e-05
2.6363420010609356e-05
0.00027789656269851086
7.78026624783706e-05
0.00018741592574106353
0.00017140816952747613
0.00011593496983554485
0.0003420437903568392
5.987126026638205e-05
6.542338611409621e-05
0.00010029946052868074
4.731553581464778e-05
0.0003698661658176778
5.2083561789908595e-05
9.433715001937033e-05
0.00012755444982085327
0.00010976050594159138
0.0001078734868713815
0.00022554439557773945
0.00035879951989598773
0.00019846204478099748
7.259956954377353e-05
8.720455970937288e-05
0.00012485673283376455
0.00020497229676824714
0.00014287552024294322
0.0001177645263654849
4.500579937330929e-05
0.00015333579098007408
0.00011913270740375077
0.0001415939949505366
0.001155847656106773
9.240417777606064e-05
0.00018375579075178905
9.20640891660016e-05
9.988901852971229e-05
8.084475658571811e-05
9.388414362135364e-05
0.00037391447458276484
7.730813713738463e-05
8.059875507419217e-05
0.0001256723152778014
0.00010330658944880302
4.9554184664983636e-05
0.00011640083035920342
0.00017207112994831718
0.00011135514426703435
0.00020008912716519342
0.00033303374012666557
0.0006420114925108096
0.00013744798083437372
0.0009615229928446827
8.187107907425187e-05
0.00018726201963381876
6.066041196611418e-05
2.068483985854773e-05
0.00012768079106277445
0.00020454276601410864
6.554313474058642e-05
3.219055528585424e-05
8.506381899109998e-05
9.558772318371063e-05
0.00013665900178939792
0.00011599426533794942
7.594310728918738e-05
0.00012451957205313467
0.00010887209261441174
0.00031192928837708026
0.00012835597640785984
0.00010145094477957178
0.0001864990283452516
6.178850004208994e-05
0.000307256281974939
7.094492021689704e-05
0.00011575621391743496
4.052025225009375e-05
4.0223588755339225e-05
0.0006679787514763802
0.0003287803030082668
0.00013891082607224553
9.581574567393035e-05
0.0002670314306986194
4.721962006794505e-05
0.0002967479723338819
0.00030955620266049944
5.287262112184952e-05
0.0003438586786326927
7.233240016460001e-05
0.0001633733012857678
0.00013249698992509506
0.0001789376617475798
7.082300978318177e-05
0.00018344163664591086
0.0002377380964748012
0.00011837077110651318
5.974583373909822e-05
0.00010847007115773983
0.0003777737413152652
8.366389950797422e-05
0.0003217943613621292
5.479556223664021e-05
5.3895532262910286e-05
9.861953849892118e-05
0.00019417546319195491
8.692663319538984e-05
0.0001199799525267166
2.7131979655579604e-05
0.0003339231310486296
5.9160455841300154e-05
6.158297574728474e-05
0.00011935782443264909
0.0002209011366634055
0.000645550856001474
0.00013580501561326504
7.990300372559252e-05
7.281631469260363e-05
0.00015928599053404647
9.721176431140956e-05
0.00010871485524206677
0.0002340677622374214
0.0002223871378881979
6.695814199851346e-05
0.00032752921273446103
3.313878160324538e-05
0.00018130874078214164
2.046925006827384e-05
0.0001797178458577315
6.316961509994544e-05
0.0004711961493324361
2.4837572006090713e-05
5.387053325757424e-05
0.00029767901556284286
6.192455382802681e-05
0.0003005104013522082
0.00018689952979205834
0.0001963570399274201
5.216026824854112e-05
5.1123841145044654e-05
6.504925624631963e-05
7.045375654847983e-05
0.0004224712971933001
0.00014764155232736687
8.143185030602068e-05
0.00048620828317987117
0.00038752203029544975
0.00010265706554042066
4.732173553718253e-05
3.471124261786177e-05
0.0001504164243844121
8.250775822741373e-05
9.034068881272804e-05
0.00021973081201914231
0.0003005293357457031
0.00017584573265674982
9.22212707541161e-05
0.00013141110792800795
8.777689259307792e-05
0.0002507520098495643
5.4094783025847186e-05
0.0003773355925965156
5.935104027513322e-05
0.00019405357963634743
0.0001111665933371777
0.00019926412444839597
0.0003553717260044994
0.00022430414474699413
0.0003450549579543361
0.00011053859374156762
8.561934540113855e-05
0.0003843811750671009
0.00013658043569179763
3.8000730887181556e-05
0.00016414594475411466
0.00012310061025883694
4.24732647982974e-05
7.109587807877409e-05
0.00010614745652633765
0.0002203151753567223
9.779691598110886e-05
3.23909527367941e-05
0.00023022650867718432
0.00023615474688341043
8.510461737345914e-05
0.0004436793798712358
2.8606938450362366e-05
0.0005572926281985509
0.00017491661382423984
7.796040371915795e-05
0.00010820991920264955
0.00012893006221270436
0.0001673733650990154
0.00011884708137839316
9.18567841893258e-05
0.00022489451430617537
3.844824785545989e-05
4.4896565322278436e-05
0.00045220726361388207
0.0004230940566405435
0.00016332284002206407
0.0002750574264210931
0.00018114733972701065
0.00014587507059819353
5.4390476188370906e-05
5.43469858313183e-05
0.00019849806431765596
0.00021106587865362273
7.242108940627045e-05
0.00025892863015490803
8.459796758906603e-05
0.0006958980693872683
5.7201121788225856e-05
9.12655515905129e-05
3.5939916944662515e-05
0.00012146770581715453
5.0854649679238695e-05
0.00015745221098206874
9.638113916816696e-05
0.00013452706329738882
0.0001465270090686867
9.927683768342693e-05
4.8485305739602303e-05
6.868733390664904e-05
0.00020331620656037142
0.0001887202704669153
4.4486504451998315e-05
0.00013934641123381378
5.807859983339686e-05
0.00010700997497414233
2.380318697527696e-05
7.071057613106639e-05
0.00012487715923010454
0.00016352376207788292
2.9154576468138537e-05
0.00014165135223173045
8.549890855333402e-05
0.0002754960235055981
0.00017102915075581878
5.214519681128888e-05
0.00013005051392311749
5.81210507655107e-05
0.00038873315790798106
0.0001233377933563927
2.3426398067413412e-05
3.753868506010943e-05
1.6027947583875394e-05
0.00012156071179923469
0.00014911316107288193
5.7579905119517936e-05
0.00010867913906960469
0.0002013738083638423
0.00021171741555138767
0.00013684560107892822
0.00018444531166192897
0.00011298077732012766
0.00016250288173931716
1.3648343759903398e-05
9.63231020280609e-05
4.3840379151556214e-05
0.00023319909261041975
0.00011759852102445769
0.00011680284917338415
0.00012115745776646699
0.0003863984785225649
0.00026889802130802907
5.922255296349852e-05
0.00026939271189209315
0.0002926159430554168
9.924697577653002e-05
3.145487956774846e-05
4.131999065417258e-05
8.972510290660953e-05
4.790781595190324e-05
0.00016845971762207855
0.00021531097701177443
0.00018484783463079455
9.492585704283678e-05
7.263746578680985e-05
0.00017236103235000925
9.381576808365674e-05
0.0001202321154443668
9.306755667379116e-05
0.0001354413325310434
4.705846470214191e-05
0.00019120475635097688
0.00015924175817472384
0.0001410317432213841
8.981097138486028e-05
2.4550174492180467e-05
5.058955653575296e-05
6.947408921759657e-05
7.421394611622726e-05
7.866540088592857e-05
4.294705622004141e-05
7.551693237797498e-05
0.00014387349670333074
3.923625726599439e-05
0.00017491473152396057
6.370150455630673e-05
0.0004336166939636384
8.49639444243812e-05
3.894910458892152e-05
5.581233149753197e-05
0.0002794195101934876
0.00018115066089357347
0.00012741327944831344
0.00017223922755125792
0.00027443341741095707
0.0002023473162355343
0.00019405407704252352
0.0001898170030721572
0.00041573615955797295
0.00019151473179720047
0.00029644208145758314
0.00010751214403734846
5.310692133299402e-05
9.381732776318286e-05
0.0007193738517904129
3.0415768704850837e-05
0.0001111722713965503
0.0003209767242353715
0.0001672450303009083
6.495646928554576e-05
0.00019776784897139913
0.00017762744221870707
0.00012732696852448553
3.3106180060319124e-05
9.83408416389389e-05
9.227057340215774e-05
6.018634293289555e-05
7.304675755223059e-05
7.814390738012876e-05
8.329060563282064e-05
0.00013462523621446003
0.00022971376608793665
0.0001276201576223744
0.00016170853493734018
0.0002166747755546641
0.00032685174927761545
6.814386038928841e-05
0.00013495333438564758
9.05269736217872e-05
0.00012503921718337306
0.00036825704925997504
0.00025316125293488366
0.00016977874296701564
0.00016919531906874535
9.355145488558062e-05
0.00013899005021088642
8.712861539711068e-05
0.00011889551413123037
0.00010917084910300217
0.0004041865342536183
0.00022318534315341924
5.9576948754445395e-05
9.127240697671192e-05
8.469689339949868e-05
0.000217279202393907
0.00015659991527188259
0.00019215362786123235
0.00012282487452185218
0.00023566098180599038
0.00028158796778556656
0.0001429489078543065
0.00020884405608631056
0.0003979476577143557
7.065836559811436e-05
7.929228160494074e-05
0.00012414476016690216
6.722870810540916e-05
0.00022825484239411315
0.00013866428009086675
4.367147577049354e-05
2.5090788524175553e-05
0.0002137647103918654
0.0003176062994185859
0.00014909804313286443
8.347008249609978e-05
0.0001329109540518612
5.5281491660395415e-05
0.0006034473748731752
7.537698826493415e-05
0.00015315593705997753
6.854714997627397e-05
0.00036467997182486285
0.00019968284262929188
0.00011009479490856733
0.00015863031528010643
8.496108077414284e-05
0.00019777343373953698
0.00010872293071834969
0.00014560721028383824
1.7104389122064124e-05
0.00015998180924386754
5.023920507734657e-05
0.000611089298672528
0.0001693680654271466
0.00016816419831117355
0.00012694055231698663
0.0002519038858709281
0.00011472131670639779
9.187186796873443e-05
0.00013953461368259936
0.00017922190621185797
0.00014195196586770287
6.446199335193393e-05
0.00013728896970832
9.125787215386643e-05
0.00017346531599293706
0.0004915125740677729
3.3426795160303746e-05
0.00010427490466531695
2.2662387958307086e-05
0.00032855116997424915
0.00022253794882117256
4.590385960626878e-05
5.234826593086676e-05
0.00024034490426132242
0.00012839814627559873
8.175866212563562e-05
0.00013788671143033583
4.349642331426449e-05
0.00017601120738296427
0.00011467416939855378
0.00025444009790621366
3.1706319787086525e-05
3.689531153240192e-05
0.00010567714063390808
8.464114669988976e-05
5.626364828919066e-05
9.917791672398403e-05
0.00028482867254593885
9.66831870163038e-05
2.2860077185024222e-05
8.973841908520275e-05
0.00032101170030258644
3.9164781447934295e-05
6.132062479752648e-05
4.656653398909814e-05
5.8684492780542076e-05
0.0001565468167935236
0.0001373687790930684
0.00011724067303029066
2.9940853760667104e-05
0.00016021666833280481
5.1917823705361614e-05
7.135721074311747e-05
5.9131925285212064e-05
0.00010906862360597223
7.587819861267909e-05
3.321410080329044e-05
0.00012222674337099526
8.115574363751881e-05
0.00011540556486306973
0.00032111407444001036
0.00024169297478095886
6.871439535381637e-05
5.417298349991587e-05
0.0003275236207570665
0.00010423443235111385
8.606109444461312e-05
9.287667543010999e-05
0.000141509601550929
1.9442424369989166e-05
3.0380777465650643e-05
0.0002587377981774631
8.185137002586806e-05
3.611468199264443e-05
0.00013648103421212563
5.805266859566356e-05
0.00019308688024755272
2.2867688213958983e-05
2.9873585610175237e-05
0.0002029594586435913
0.00010006380426728548
0.00012222687625808895
4.839517486508354e-05
0.0002801306406810355
0.00019362278340838494
9.442303644274337e-05
4.783099233074616e-05
0.00019294501396085036
4.385979063700972e-05
0.0005169871894486765
0.0001808490676885137
4.5310685596687845e-05
7.969908070465422e-05
5.1806361781218805e-05
0.00016900584870793397
4.6903233937617746e-05
3.285762607303631e-05
0.00017083107751000444
8.155806941500033e-05
7.826152794130793e-05
0.0001764391052259035
0.00019620368310089325
0.00024153612099680056
4.559675848711012e-05
0.00022831132976511257
4.181035122676867e-05
2.7211345206198693e-05
6.030936428732249e-05
5.1182452875015164e-05
0.00017680265671354739
0.00010324546473757552
4.27846728987896e-05
6.36566695713919e-05
0.00013908573636430682
0.0004201465934658907
0.00011782806733133849
0.00041115722203553687
0.00015150888677482904
8.204030397965355e-05
5.1910767551453625e-05
8.255891109126845e-05
2.8183629250110254e-05
5.646265026394331e-05
0.00017742116230085657
4.517792602123819e-05
7.306427641096439e-05
4.679728250433466e-05
5.632602577098548e-05
0.0003643158417413976
0.00010844304419610639
7.676080322757988e-05
0.00012327698746950562
8.034249495551391e-05
5.93340025691787e-05
6.625510399594366e-05
9.435405278031155e-05
2.456354341053488e-05
0.00011606539640001989
0.000263711515642972
8.429530035008914e-05
6.406332969463933e-05
0.00022323060349158428
0.00014840872392897576
7.300397492369103e-05
4.839677438650633e-05
0.00027959756329472166
8.149378156841855e-05
8.739280706127425e-05
7.998651506747054e-05
4.942926163278761e-05
6.661043172669468e-05
4.163871451066439e-05
0.00014609436583592805
5.7720286798342815e-05
0.0001883785584894452
0.0001138541407495862
2.3793797298247627e-05
4.371272766006799e-05
4.9925079631466386e-05
3.93194448968309e-05
6.16837979614656e-05
0.00015028678302116493
4.54489190583701e-05
0.00010318449437249432
9.67118662646417e-05
0.00019772875077659163
3.881086145284817e-05
6.994763983847856e-05
3.729218079714257e-05
7.082543281986578e-05
5.724692041289606e-05
7.104001100617291e-05
7.736079530714286e-05
0.00028941036568970886
0.00013148573011587795
8.653963063819128e-05
3.838357121152189e-05
0.0001752114008440287
3.60770374606989e-05
0.00044070786846286177
7.10348135186247e-05
5.7430074454154204e-05
0.00011824725746636657
5.846162455503709e-05
0.00019890124224749897
5.392007785300445e-05
0.0005718118473581176
9.212618322079107e-05
4.902572220739503e-05
0.0001311416942563833
0.0002223444993387234
8.85075360332797e-05
0.00023836911084536616
0.00017595156465423364
5.634343758544722e-05
4.617089686767687e-05
0.00014358532755001804
9.431934798082414e-05
9.558485887013644e-05
0.00016424769798360937
5.070288432240395e-05
3.70026825357925e-05
9.258534909508802e-05
8.374282243640728e-05
0.0002937059819405533
0.00018196062037220367
2.597256937965892e-05
3.707414460917882e-05
0.0002354347531196485
8.663654460120748e-05
0.00023166314103260124
3.380459896315508e-05
3.511683692500816e-05
0.0001419069391839036
7.252561673904319e-05
0.00012190213512420146
0.0005267177809718219
7.724311367975778e-05
0.00012885022896195426
4.5370061008026445e-05
4.559644053345574e-05
6.511520676022423e-05
0.00010222904835978239
4.429025468956755e-05
0.0002646132658656956
3.664306929781127e-05
3.6393838560487055e-05
2.348719985947462e-05
7.151994847019705e-05
3.8287951970245236e-05
0.0004989791150433637
0.0005610929562051799
5.606156466774214e-05
6.22155150001468e-05
0.00014467369742463923
4.850634977821067e-05
3.871848935673539e-05
0.00010472678035124353
9.208050797059334e-05
9.979856703649905e-05
3.653358508501377e-05
9.684690428241792e-05
5.337039195541899e-05
9.158116426794109e-05
4.011143236428667e-05
0.0002245803078041626
0.00015027066489943223
0.00016680608263573742
6.500044358423709e-05
9.351594651076983e-05
7.650305181457017e-05
5.945023472436821e-05
0.00031471138865283926
5.772833324453091e-05
0.00017828849117918264
7.204118603526849e-05
3.401869117950653e-05
8.53048512452036e-05
6.596108420939417e-05
0.00025833421635873115
0.00010432899505230923
6.70661752018741e-05
0.0001626561508988155
3.7860700578344117e-05
3.031751059383824e-05
8.575292972048052e-05
0.00021206837223186392
6.836045593510143e-05
4.381511300618471e-05
7.498273736651261e-05
0.00024888330785248627
8.526157478198754e-05
0.00014171954323669868
0.0001368447337797696
3.0323199540206492e-05
0.00010307009113519482
0.00014760986467974546
0.00012086804166882088
0.00020843459236787097
0.00027855561250515173
0.00033038376185296283
0.00012742402765629723
0.00010057390917848299
2.27704499425019e-05
6.216152014200074e-05
0.0002478423977898592
0.00010103192748109554
6.749347934398379e-05
0.00014662936433451813
3.40131386170646e-05
0.0001581522935718778
0.00013849894268069642
9.788569595934017e-05
0.00010075567425047158
0.0004683495412599631
0.0002250243776300599
0.00010848098181718638
0.00039918693571377756
0.00017721854852614858
0.00020572016907060984
6.223796428168564e-05
3.108218859273842e-05
8.82952854438819e-05
0.0001514768568947384
0.00011125245281530141
6.885683325870675e-05
0.00023308480240907242
0.00011218971948020841
0.0004412507075505707
0.0001819124590682537
7.607671504800232e-05
0.0003269759846560941
3.9703247487375e-05
7.612667899299435e-05
0.0002053699726535937
6.577435579695137e-05
6.792872654765567e-05
9.163791052281839e-05
9.62641334676942e-05
4.030846247209025e-05
5.7200005620055e-05
8.649603569652231e-05
0.00012935611002981443
0.00011870560392504937
2.344913470759575e-05
0.0003043931465696666
0.0001335281918422273
0.00020548917979519473
8.662404622829443e-05
0.0001352533176704973
3.2381846083848125e-05
3.9116968628102616e-05
0.00010586444244488794
4.697391359343538e-05
3.4728308375893726e-05
5.8894045370963824e-05
0.00016964168619801768
0.00012415898858083907
4.697524476971952e-05
8.385630194904017e-05
0.00022627257601094474
6.42409021682157e-05
0.00013843758714242476
0.00024186501717339128
0.00012754278012072108
0.00012731888079328332
6.163687641367097e-05
3.948746212846839e-05
5.004203569928174e-05
8.485860807900294e-05
4.9831888836239146e-05
0.00010794571357959679
0.00011278612656601185
0.00012514168088015998
5.392891416016496e-05
2.7556923169453363e-05
6.173675687939109e-05
0.0001535234052185517
6.784705461836336e-05
4.910227002442321e-05
4.152289260519734e-05
9.474401527257177e-05
0.00013105664277833327
9.031108647640703e-05
0.0004429447003117115
4.0497166899895124e-05
7.474754184896093e-05
7.10599330252862e-05
4.5783326414079934e-05
0.0001006575139481899
0.00046205455117245305
5.698073635772126e-05
4.363462409715812e-05
3.780959376678456e-05
9.317661767551531e-05
0.00031417462014356255
0.00020874249955752592
4.426890189571617e-05
0.00018654506592608752
3.87166812270873e-05
9.938833648162637e-05
7.344529505478494e-05
0.00015315004761028904
0.000250813086911305
0.0002348623396146689
5.4640435250137085e-05
8.030133109009725e-05
2.409831540182162e-05
6.381554855899292e-05
0.00019317696515352194
0.0001579859122365942
0.00010112853441729404
0.00012513316342161807
4.4251143219716516e-05
7.131264445956633e-05
0.000512632856703075
0.00010093166216435899
1.9482875728642916e-05
8.022464337341998e-05
8.511405185349445e-05
0.00012995721996883692
0.00017123352058483684
4.516986648070951e-05
0.0001414195424487098
2.66747488888858e-05
0.00015312019855651628
4.159298847068991e-05
6.93806207526924e-05
3.1354026123792343e-05
9.367248328378477e-05
5.715955625534504e-05
3.929673361016493e-05
0.0002776341560841309
0.00010456021627406344
6.952067352534244e-05
9.827446120390179e-05
0.00010615641640878692
0.00021759698101497826
4.3315431482491814e-05
4.556515461775004e-05
0.0001095671717391566
0.0002714586973299839
0.00011846844241651555
5.181454342081376e-05
0.00047052770916813116
0.0001478207600392446
7.071997386181846e-05
3.150447253066481e-05
0.00010206096675411084
9.7478537201803e-05
0.00016004806064068446
6.775022073359723e-05
0.00029414863878076195
0.0001884664976642158
0.00011020650074553984
0.00020609089858543574
0.00017909630455434402
0.00014629909315442996
0.00031043966145510654
0.0004162012281077591
0.0002946868517673405
0.0001428123898483665
3.559650628474018e-05
4.793586845793534e-05
0.00014218049956435215
4.2693562703185194e-05
0.0002060734547913386
0.00013256756012184994
2.120377825393187e-05
0.0001513406940228446
0.0001029881764233077
4.2791372307695176e-05
1.794180530674305e-05
3.153527492773706e-05
4.124393432592287e-05
7.133235965177386e-05
6.492457940482915e-05
9.51715491015693e-05
0.0001435551239220796
0.00014899461002258524
0.00012379858777112184
0.0002762551480143284
0.0005242367069736946
0.00012337159046893738
0.0001370130278678144
7.17410209752592e-05
3.351824377239029e-05
6.485440395638731e-05
4.936588781827099e-05
0.00016313466927124503
0.00014458097250675498
7.474052695400774e-05
0.00017236442280362153
4.565859027798569e-05
6.603240066663275e-05
0.00030031715742843756
4.29647970025806e-05
0.0001594533269344875
0.00011679540314367187
0.00015001363256112474
0.0002732468023826883
9.964386927686102e-05
6.121965657363143e-05
7.14588464353898e-05
8.091577844568727e-05
3.562521833848832e-05
0.00021922443976314795
3.5928301509745053e-05
0.00017265697792588692
5.978044486556489e-05
8.094031735029763e-05
0.000350356860408455
4.977606364865552e-05
3.3509265767372574e-05
0.00017181076456614414
7.98959130795392e-05
4.1585217139102416e-05
7.971261179149673e-05
0.00020975421632497024
6.0178596129467254e-05
0.00025564486275352397
0.00024982240765957767
0.00043251443651703893
9.190341480301178e-05
3.657432943565886e-05
5.857094731459756e-05
2.379922739662892e-05
0.00010168019575587905
0.0002613964318342232
0.00013045171540939003
2.3599583607597042e-05
0.00015817879505540622
4.3050965427885445e-05
6.846628081600602e-05
3.8312249972021064e-05
0.00011843791520317254
5.75435791125961e-05
0.00010691099596476352
2.984503258816066e-05
0.00011922748008611797
3.388847121559734e-05
7.579485450665333e-05
5.3504172596485425e-05
5.88658090977914e-05
0.00011618333798673903
0.0001886030299368878
4.911157220678331e-05
0.00015115066755218423
3.7769395665405906e-05
3.549852996494039e-05
0.00015587182609295974
0.00012193469604562584
8.936557316829793e-05
8.888892625738078e-05
0.00010183970444404125
8.054694801207316e-05
3.173704998688616e-05
0.0001048399364606701
8.334913815787977e-05
7.13910751521722e-05
6.164117352492513e-05
5.263697960073455e-05
0.00015201809247274595
0.00011693500778089917
7.692672598233091e-05
0.00036869401900609144
0.00024784680495369563
0.00018668774878181406
6.855908671109371e-05
5.3356078530459434e-05
3.479613550370815e-05
5.5040667348898176e-05
9.42602050336159e-05
0.00014837781803328468
0.0001166124228969717
3.873353723140816e-05
5.274171132801102e-05
3.282758959716528e-05
4.485546115227902e-05
2.1704451561559494e-05
8.092677662494155e-05
0.0002627045985029825
4.608066441559452e-05
0.0001374439243446266
0.00015378982668186387
2.738219697319033e-05
6.842516738975269e-05
0.00017364297899144295
9.759472747846442e-05
0.0002146304381508138
0.00024418229273908434
0.00017754069085920032
0.00010829845350283006
0.0001913072494569516
0.00038596724650425643
3.132282092862586e-05
0.00026462600233769147
0.00031810839117126476
0.0001337309606922073
4.086224875923271e-05
0.00019138990474453746
7.06582203856e-05
0.0001861455132696754
0.00012690437792428042
8.874700028934427e-05
8.037650859807786e-05
0.00021403285072615924
8.612136464135898e-05
5.69155881975171e-05
4.0182108716907034e-05
0.00014919391029229062
6.155856126118673e-05
3.97801530525193e-05
0.00011819034711613201
0.0002312303008686001
9.505463078632565e-05
7.902758442987781e-05
3.876057664448227e-05
8.045561448409691e-05
5.790580077517446e-05
0.00012331099396763553
5.124783426142163e-05
9.252435993605706e-05
0.00012465141726012842
9.268003309923082e-05
7.855982512023564e-05
5.094109892813788e-05
9.487459603253394e-05
9.547295834600386e-05
8.385673347718305e-05
5.5198519973180414e-05
7.071682725322045e-05
0.00011429442467250667
0.00016730300428258708
0.0001137818537356519
6.119713927384344e-05
0.00011786568824228511
7.894671748294801e-05
0.0001092144824783881
4.956964553203087e-05
0.00010291203635207948
0.00017636961041427705
4.243407285366004e-05
0.00011734110526673287
5.513918235439773e-05
5.937286034258313e-05
4.3967837987194746e-05
4.9450294641191805e-05
7.54535481747011e-05
4.59493779484892e-05
0.0002049476472103273
2.4700005284347874e-05
6.24985175288623e-05
4.2667891302831274e-05
0.000114262944689438
0.0001991182904598817
3.640453008340027e-05
7.348562411966893e-05
0.00016485704377133836
0.00014796007239169817
7.173571052373858e-05
0.0003516346334784017
2.9202499614653894e-05
4.218949544215525e-05
4.608294440684987e-05
0.00010041796609743683
0.000107351880063108
0.00026753343532961163
9.998968441702447e-05
7.570873735353657e-05
8.270780983910934e-05
8.353746477585914e-05
8.408587006062227e-05
4.375102119472671e-05
7.457454326501057e-05
2.6710247086365914e-05
3.734761994482197e-05
2.94655984605832e-05
0.0003707199006045827
8.066885524988484e-05
7.780100163955925e-05
7.044550788134056e-05
0.0003343236063205685
9.719465380758447e-05
0.0002604515227556924
0.0001552074019925057
9.720596572668321e-05
4.921496886927841e-05
0.00010027882909221219
0.00011150852074147764
0.00015912004785145317
7.897345031601305e-05
5.90124775225258e-05
0.00015068437813611007
0.00010972387041250987
0.0001249398426993276
0.00010138149138048178
6.53712698705545e-05
0.00011185236601792783
3.854146656141847e-05
0.00014058500659677517
2.8179493192441502e-05
9.500236755036401e-05
0.0002566498359905429
2.6563469125424183e-05
8.523612664219926e-05
6.704166218993442e-05
7.662473727097632e-05
5.927012434915581e-05
0.00017653164026741456
7.333548147718892e-05
6.923407947819342e-05
7.105986759925348e-05
0.00014061700196369594
5.5299510201898294e-05
9.06486930020109e-05
4.9525279226410397e-05
3.183972320987263e-05
0.00024324979643576384
0.00023516314772267116
6.140463511841233e-05
5.010951628846843e-05
0.0001269102896079186
0.00017827764038046083
4.4577411841024754e-05
3.688589942842036e-05
4.069839760916335e-05
9.429300199860958e-05
0.00011201007956464787
0.0002161956220959314
9.435434007751446e-05
5.455857709116491e-05
0.00014078103008339452
0.00015128538467164388
0.0003682084320606519
7.640838122698564e-05
4.270305301759933e-05
0.00013314817600741161
4.102515294313141e-05
6.85427666141628e-05
0.00019595150064231296
5.568609129274598e-05
2.51162142277857e-05
3.0840707646382386e-05
0.0001224882709259532
0.00010547548917149039
8.12764402111304e-05
4.82395698881781e-05
5.5531166497972785e-05
4.6290490229723154e-05
1.993262078754413e-05
3.548719613814282e-05
9.54526787667903e-05
2.6815260451489104e-05
5.79971683587843e-05
0.0001335661276658726
6.798332835577125e-05
6.756064098239747e-05
1.56508854569748e-05
4.4652038371482585e-05
7.943454873830784e-05
6.449544547213879e-05
0.00016793974444936346
0.000109542662345661
4.878670115338154e-05
0.00019259104679099164
5.038151364552574e-05
5.950477019490574e-05
7.814635111371767e-05
5.97191962819372e-05
0.0001701710665961867
5.618191957535396e-05
4.9078908780001074e-05
5.9907753591684234e-05
5.5781248868066895e-05
6.683533721973157e-05
5.288775052236039e-05
4.1872605666036084e-05
6.553387662342074e-05
5.670047586113137e-05
0.000226443765684356
8.822773661810413e-05
7.050065516243996e-05
6.096112441706883e-05
0.0001509618154727063
7.685254427414136e-05
0.00012401463849957123
2.0671111639735812e-05
5.1197575647724134e-05
0.00010451367819459699
0.0002629679690231176
8.694510613858222e-05
0.00016239504389310475
0.00010165691673455418
0.00010345811574605462
2.0332891741592512e-05
0.00010089230776654627
5.188161432551548e-05
5.167073370602637e-05
0.00017315046519097627
9.882011742239576e-05
9.530765235003819e-05
4.70688838755856e-05
0.00020548156371081452
0.00013483094753475737
0.0001028738182463435
7.919190905029823e-05
3.5575812851892455e-05
0.00012070818101603552
9.940157401459818e-05
5.1756796311677504e-05
0.00010825438447103782
3.055004992159472e-05
0.00012243423981191345
0.00011168886605625285
2.8285749074929812e-05
0.00011376166183176677
7.452523225773469e-05
7.649227429269267e-05
2.8055500698120743e-05
6.217536278276743e-05
0.00010884567459420652
6.634849700964624e-05
4.840453172213344e-05
0.00021823244662294157
5.3357980408864435e-05
4.531321612185444e-05
3.279309440596931e-05
6.120116146933462e-05
2.9461172515980618e-05
8.235617036703848e-05
3.3948145784964064e-05
0.00014297515580049554
3.410069164023479e-05
9.080905412116701e-05
8.921503472087944e-05
3.890126070240917e-05
2.031251641559266e-05
1.4625663195927628e-05
7.83480207732209e-05
0.00010714507565158486
8.38870222708472e-05
5.114299442259833e-05
5.369600936032547e-05
5.9456814758893756e-05
0.00020627532092765268
0.00013196471693586423
0.00010991263623936242
3.0716986727847333e-05
5.896344590064847e-05
4.76177996149336e-05
5.467474670407808e-05
8.120051268766593e-05
4.1829435728381526e-05
6.331567976774033e-05
6.67064235345641e-05
3.953228889610198e-05
0.00012120339393489542
5.9626213766936296e-05
5.956964113910285e-05
4.533019769845403e-05
0.00017092164785035755
4.6134895103689976e-05
3.512117649610811e-05
0.00025248315300804066
7.739515963712746e-05
4.7328082995640916e-05
8.468096358892712e-05
0.00014331548197718695
0.00012742123331054518
7.549064888781553e-05
4.9216900660987784e-05
2.844476103597071e-05
3.1572880298354124e-05
8.283551028665258e-05
0.00011122928820509781
5.770430589042062e-05
3.755693187272119e-05
4.8380144019895017e-05
4.31501094946929e-05
0.00011803826346903123
3.985071386844507e-05
0.00021028266778245022
8.088807530884738e-05
0.00012129680308975019
5.1300221278267994e-05
4.2785147666202174e-05
1.8291690156218238e-05
2.937335573823336e-05
3.795663671060262e-05
0.0001374467988316984
0.00020599844428695078
5.307713499622337e-05
7.835154906053288e-05
0.00012764834222612906
0.0002024448185093169
7.617835584068831e-05
6.768844772017304e-05
0.00014420914022857706
6.900456806265736e-05
5.2314704367412054e-05
7.586358735126618e-05
0.00013486647496119413
5.854427010897639e-05
0.000106085434656432
0.0002455115565417966
2.2233236723154048e-05
6.163607404836491e-05
3.138119358481028e-05
5.904314488688548e-05
0.0002544712287370306
9.162385334558567e-05
9.066891889779198e-05
0.00010259334540064665
5.414029658201527e-05
0.00011383832706396721
3.356597368947173e-05
0.00011936917896784849
8.88918954385534e-05
0.00020380392829659933
7.960234589179578e-05
3.328352536938256e-05
0.00012426237442272404
5.881173773395966e-05
9.437243575476731e-05
5.4335200365987176e-05
0.00023300635377271114
8.290223460381099e-05
0.00010223542396607751
9.997413057295577e-05
5.917391525516178e-05
5.995074454734766e-05
8.351891396018907e-05
4.0314033036568185e-05
6.638555857729964e-05
0.00010724997108918734
0.00015631381502186268
0.00018280724314610817
2.37268189538116e-05
3.0239342809461268e-05
0.0002044253697497755
8.22922379891101e-05
9.887152924556757e-05
0.00014024911939181908
0.00017584889247038678
8.504789680552284e-05
4.8314932227304295e-05
5.4227155443831805e-05
8.08902584328944e-05
0.00041674738148873885
4.488909482092275e-05
0.0002364722228292139
3.022494710294777e-05
4.6137356331767175e-05
7.010413230659146e-05
5.050432701934814e-05
9.710235271413788e-05
6.803718440909924e-05
0.00011241869601968029
8.389380390957226e-05
6.43670937991897e-05
0.00010929974004314594
5.7955378382831215e-05
4.894725015795228e-05
0.000121060440641407
0.00014453638437910432
3.6870205404725e-05
9.868849067041341e-05
5.114938088794146e-05
0.00011115471114656561
0.00011425614523420511
7.452897991381798e-05
0.00021872847687779779
3.3895116428071265e-05
6.188089148021078e-05
8.353357568047463e-05
5.0261075067849674e-05
3.522536491933695e-05
0.00012051206917078214
2.9929086564938717e-05
0.00014489649262049552
0.00014668327111474127
0.00021718830162909596
3.027644186623655e-05
0.00012661094986054968
9.090426498220554e-05
3.3473731942998876e-05
3.877532022080746e-05
3.840600489446483e-05
8.611016483687936e-05
4.6401542466147636e-05
0.0001376373409472574
0.00018259169322904295
8.437964464970115e-05
5.891438445489889e-05
4.186747974103583e-05
0.00011290568947527707
0.00014507944245731026
4.035843126739354e-05
5.0373606584541636e-05
0.00012867455199482605
3.032045135583908e-05
3.908255558264523e-05
0.0001129603024787791
6.248466273074843e-05
8.965159826234696e-05
0.00010073323935280757
6.440844372634829e-05
3.296371518814256e-05
4.510295908211265e-05
5.5351941149152805e-05
6.620092729448937e-05
7.015611013095952e-05
4.675254958236985e-05
0.00013319964080737054
3.243616537720847e-05
6.776683747488412e-05
5.056742979913829e-05
4.13015670799283e-05
4.6850631444321256e-05
6.0661147367316566e-05
0.0002013106657136871
9.251950491803806e-05
3.2217426115981794e-05
7.734992574593581e-05
0.0001839349659211418
0.00045035085383246325
6.0527285852280457e-05
0.000259944017828438
2.903400657753487e-05
3.069838274846308e-05
3.0934467458704394e-05
7.107110321501429e-05
5.6460760602269696e-05
3.5766283377690646e-05
0.00013156432564967064
4.681344342027484e-05
7.307244682194336e-05
8.891004035723729e-05
0.0001359430493486244
3.234269776587693e-05
9.270348482523692e-05
0.00016045300475520856
0.0001204578921312685
4.48562008204822e-05
0.00012007241050665513
6.979747988934832e-05
2.2475142511797357e-05
5.732911554798093e-05
4.271091753189899e-05
9.5553927064657e-05
8.85547893740315e-05
3.584716789646518e-05
3.644442654983189e-05
5.8944794010355624e-05
0.00013351874171928086
9.253304878256363e-05
5.8446159932269606e-05
7.245826989802688e-05
3.6076934619385314e-05
6.273060262848912e-05
0.0001203114854097263
2.575578559636296e-05
0.0002220212212694682
4.126416828414575e-05
0.00011543327339643013
2.156648669633229e-05
8.329328794221733e-05
0.00013020686472020823
0.0002369509765961119
4.079790376569822e-05
7.931540415428573e-05
4.4406953935311455e-05
3.542988465386183e-05
0.00010151269520881852
8.344588675244117e-05
7.403014370631446e-05
8.42965317400722e-05
4.289717396685113e-05
3.844381608940721e-05
4.826670396599298e-05
9.200783507245943e-05
1.9156567651602028e-05
3.4384066673373794e-05
3.925555700682131e-05
5.078038545177141e-05
0.00012552579772763298
9.776776960478801e-05
5.9283114745747925e-05
0.0001284926760624959
0.00019965269037094564
5.592207428261879e-05
4.753165244279612e-05
0.00019535378606035876
7.86445077861047e-05
0.00020680027653664936
2.9921359152950314e-05
6.415818676447673e-05
4.7901068949432367e-05
8.229832922631444e-05
4.9751631757282974e-05
7.166256753660824e-05
4.157354989862228e-05
0.00015351909263879753
4.319735320442128e-05
9.453570549240579e-05
3.820195248929512e-05
0.00014083611723094707
0.0001543949956725227
3.993903199152443e-05
0.00010683549894412274
0.00016030371594312004
3.8536268555122915e-05
0.00014297122272179848
9.279108527446072e-05
5.849485715663408e-05
2.8993039966591318e-05
0.00012846398906329713
3.759713344704345e-05
8.981253357082454e-05
7.942900193936067e-05
0.000206698945238333
9.98704925317749e-05
6.365698668847337e-05
8.515054147130129e-05
9.550394800870524e-05
4.929743208457809e-05
3.904001130174472e-05
8.605288600154441e-05
0.00010389085876392761
2.5904188491773057e-05
2.9064296957092185e-05
0.000103733075894619
9.381453799772168e-05
9.790016696420988e-05
8.625999413064578e-05
8.453863380439166e-05
6.794418836082619e-05
0.00010352584303066217
4.919077248724111e-05
4.748428194710654e-05
0.00020947509073714613
9.285611583446095e-05
6.967856014830345e-05
9.497020608352215e-05
3.845158195155092e-05
6.265227299509996e-05
6.159296772158314e-05