0.05828760111510572
0.04624039545350766
0.019723128805787114
0.01634841751746411
0.08397934119422829
0.11464712981063829
0.00821947929384377
0.04619560578397929
0.06224458495696961
0.026716167505951207
0.01965686868164438
0.015193043835808473
0.013973695504112732
0.031092695806866785
0.00672288785026705
0.01593491750323334
0.025225972248472495
0.03508864380312206
0.015235750314766101
0.012277859022281477
0.004417319014509932
0.024622163334103924
0.0024778364386110643
0.005356649216851584
0.030034855746831884
0.02020045603359878
0.019943336586381314
0.014182644804891446
0.008285120286944142
0.007746498818509746
0.012182220129083774
0.00883778549984094
0.027122548551927243
0.01403021983110509
0.010218712838160447
0.009580981186696409
0.01234612742545769
0.01331030373898238
0.003726093178039683
0.004465763419700923
0.005696714991115002
0.007917216682495891
0.0016883457479938265
0.004633771293244051
0.00947944616693212
0.0036076593988059
0.007011565332636607
0.011199861229451711
0.004115030680401249
0.00636897988066359
0.02096486569465653
0.011380798757784494
0.005822376073282771
0.0043642399647118735
0.006632189656119694
0.0037299564803103757
0.007911797422004254
0.00473896325965455
0.021078704057295842
0.006375768838732913
0.008644364970726313
0.008653016249591675
0.0074415526812741575
0.0012367111191184412
0.005096685387719344
0.013634954672614016
0.0006972076741268888
0.0035219692845763757
0.009279898304084152
0.0009284701048925972
0.003648008057939514
0.00017627197672821914
0.002093226965286261
0.002307491163696565
0.004188749819965514
0.0017434271646339559
0.01105255528037527
0.0029891054449201373
0.006940187353361958
0.0016890146108861609
0.0035146312415763464
0.0029649007921065855
0.0044924833092134485
0.0021830057086339267
0.007543713843179424
0.0036855184277769164
0.0026384082828985527
0.0009692144992820947
0.00712276248779674
0.005899334849541919
0.010496691815627707
0.00706131824498232
0.004646308798193883
0.0021194877628459593
0.004282693162412778
0.0028341677127727847
0.003813271230783899
0.0023391634319622602
0.0026072068689684475
0.003988266454992905
0.002224761827740103
0.0013384156902737732
0.0032852615392704333
0.006615115831507533
0.004328025724720891
0.0034884763953423343
0.003279479091841456
0.0001942353741622802
0.003759106253576211
0.0051608842947555265
0.001560436208827107
0.0009054800558465257
0.0007570327315570906
0.0013270921215333459
0.0021690356707670818
0.00217445855981422
0.0036038007599661316
0.0018351653124934824
0.00047272517600597077
0.0006123040859846425
0.00397045719040681
0.002354604994414718
0.002928764353185327
0.009215884253943755
0.004360600927423007
0.001556356090115754
0.005247619474124869
0.0009124472022732877
0.0015099554620526285
0.008236468265906995
0.000683583780694291
0.0026174064646593016
0.0008913382902085872
0.0023416245732784855
0.000701641274190802
0.0011905091546812515
0.0037573294082918346
0.002537996120797951
0.0017896559817571882
0.008920022436332196
0.0057606260213103255
0.0029255909026207963
0.0007699278853652813
0.0009389459646453039
0.0029525486240724757
0.0037991044169315333
0.004082345570561127
0.003921733540727508
0.0027434227979866443
0.0021624516981954243
0.002004339386135427
0.0008136391984195048
0.004257095979379341
0.0010645286147377552
0.0015110050796955886
0.0035808872260795787
0.0035354876378594895
0.0016945627704630668
0.0005965616779789383
0.0029691851575231374
0.003622105825081172
0.0032014096740962746
0.002168480833030319
0.0018095700808188515
0.002949978277885507
0.0017208511448596087
0.0020333367460245748
0.0006718341261968816
0.001970788264542656
0.004361307306014535
0.0006090466048565826
0.0012802387301417567
0.0014440581306635132
0.001625935770036383
0.000711846366436785
0.0005277780700640364
0.0034104422166158013
0.002144927175329905
0.0006016570816625227
0.001707068938882353
0.001965729516165485
0.0013907418403767999
0.004213789495714293
0.0015820865265966445
0.0009096575772901276
0.003973981653402556
0.0009476349235867073
0.002415944022800223
0.0055942763474488835
0.001385905703044127
0.0005649193575018679
0.0014244866966671582
0.0005923545006822924
0.007606198887934054
0.0017291368206060597
0.004328103176162173
0.0014056451226675554
0.0031824878773185797
0.0008567988374122575
0.0012949985039469904
0.000848368095341353
0.0009707705014819655
0.0009182458912604312
0.0011606109750657051
0.002177699267432692
0.0019130848032904762
0.0005598630413769616
0.0022115109361624933
0.0003801057379712304
0.0029350240002743327
0.0023145291707355625
0.0002325850981291345
0.0008626263455928275
0.0025079695129195966
0.00306132039886287
0.0010169272332408979
0.0022068788549595643
0.0016568266538388742
0.0010803408818848407
0.001783815761373019
0.0008767238109227515
0.000752226857635762
0.00047202299095339747
0.0034400810469307746
0.003299961568139996
0.0015508090791731732
0.002173049762100072
0.002966199941782219
0.0025115918082578787
0.0003324513408023975
0.0010664702688851777
0.0022936473771296186
0.001795886196560377
0.0060484375735473
0.001754755335329176
0.0014807356408160074
0.003614492755349382
0.0011309768277656842
0.0005680602234749191
0.0001851217804729764
0.0037087862469055966
0.0001581997862164982
0.0014732770638144776
0.00014921411572882
0.0013887359812575577
0.002170337401426179
0.0011281156068290359
0.0003414266271529404
0.0013592776455342293
0.002594565910054975
0.0015304194936172286
0.0010421524756518254
0.0005537441918364713
0.0026736774014592415
0.0014269262849452586
0.00023808017740344526
0.00035919428483122736
0.0005240769357789074
0.00350628732123467
0.009599228318839957
0.0006169472812078466
0.0006924874000983193
0.002928253822003777
0.0012927018473156112
0.0015842753269130132
0.0012647401281114946
0.0010697712025630906
0.004827103881136045
0.0012990602306004765
0.0007192969685410811
0.0013363131342852242
0.0006453817917864404
0.0014860995470536615
0.0016989279537119053
0.0018410430494972365
0.002129986570751626
0.006676261155002001
0.0018620041897720627
0.00042719240769303874
0.001056139585421425
0.0026577540579506313
0.0014092874633319552
0.001369531590948696
0.0007792214403830516
0.0005842051233606678
0.003372500984938301
0.000698369784504086
0.0008207903434486456
0.00039389876193388567
0.0014349829510520754
0.0013473965881387008
0.0005120040028657127
0.0008352348815131358
0.0005903277109953038
0.0017339536661407711
0.002743161775355445
0.0008471725622103448
0.0004806804910349971
0.00122555228218437
0.0007878709358344141
0.00232654019271994
0.00012594996018766783
0.0005015299374642356
0.00024296288851610273
0.001231085440009607
0.0006564331867623619
0.0006230823395885348
0.0009349702342253715
0.0007355163253004313
0.0015730764093894252
0.0004935557251333516
0.0011843529183540398
0.0005688999448204481
0.003899106099392703
0.0012519101826669024
0.0004981432307088943
0.0011207788775338845
0.0016187591997225326
0.0063516253559917305
0.0014707280735592344
0.000846544793261827
0.0016278072492484598
0.0010989361998884456
0.0011492920962713337
0.0013385707572487998
0.0013216028754692067
0.0008506093397319532
0.0001925728249028828
0.002739779724085794
0.0012680693652198985
0.0018820784153159005
0.0009071388202790856
0.0005737545769574735
0.0006262816652524459
0.0012068311519299938
0.0009128884468510141
0.0002913952861390757
0.000906997864823871
0.0015175471244133737
0.0006209660222321272
0.0013460757310477822
0.0009825933603837547
0.00023162251881983249
0.0011346060022594943
0.0019500452051385887
0.0005880774034460264
0.0003671937926638807
0.0013934328817942084
0.0005307206617580043
0.0009207829566467182
0.0003464147954214952
0.0007930980508691015
0.0009741405775116624
0.0002624432062465189
0.000694231233532797
0.0007952913706602571
0.0005787220311375438
0.0013433759242595222
0.0006057651201843915
0.00047530656112594274
0.002180071645294346
0.0006887844479554733
0.0008602104075210444
0.0017307534290507637
0.0008473584632611387
0.000423489854442665
0.0007507674127594947
0.00042236958126622474
0.000904695915809719
0.0003229539474914035
0.0009102213277307315
0.0007734545063860859
0.0009335022357839978
0.0005628228624803619
0.001025557921734016
0.0004595697827028012
0.0010530632450472335
0.0006836149496458327
0.0015453484806524536
0.0016606236609925337
0.001110311943601381
0.0015460278235292263
0.00034781780122368803
0.0008201075232466212
0.0014882827739289373
0.0007303678915384507
0.001771856907358711
0.001362927629248467
0.00026470633064907027
0.0019565880347016413
0.0006357083509801215
0.0009719902733469808
0.0001498263614461469
0.00048654481501416363
0.00016597446004171823
0.0003210818540886589
0.0010328706652334575
0.0003822062784417542
0.0008682088787772613
0.0009473339281668726
0.000747244420925944
0.0014200746214896437
0.00016055731088181522
0.0003495335999852054
0.0006754477431375562
0.0016785702104142723
0.0003331658905585326
0.0007332113575460058
0.00128028089762051
0.0007891874656438194
0.001438734053627332
0.0002566142415986702
0.0011242416664041762
0.0008383612431255295
0.0008161689850014696
0.0004911408441267902
0.001208890947179945
0.0010916838741956252
0.0007978995627881132
0.0007098606513263762
0.0007472899583683026
0.00021297336573939437
0.001086017909207505
0.002400622984196343
0.0005756370357667966
0.0004420265866662526
0.0004090404828055
0.0005365042042054426
0.0007394598229747163
0.0008124025132387046
0.0005290870011282371
0.0014244330279628112
0.0010237992347916847
0.0008718840926156811
0.0002970624599714887
0.00041112949286250237
0.0001948580502540512
0.0010133875295663959
0.0011445001889300486
0.0003949879344130234
0.0010695857565584362
0.00027911986481426413
0.002080615329681548
0.0015768567465258496
0.0017437825091739503
0.0011591642275094018
0.001751684829054143
0.00026254160273206026
0.00048210325285916276
0.00028741137381943944
0.00041663673729990707
0.0003308007781529309
0.00218562295637875
0.0018050709763975596
0.0010867828648314644
0.0008831257346095306
0.0012116343019894207
0.00091836780312895
0.0018419828827972596
0.00037684237931892784
0.0010525856810297963
0.0007011200259051571
0.0005430909331508307
0.0017548003608010502
0.0013798695251420496
0.00026131759532909034
0.0014953251401730598
4.861709436909208e-05
0.000693020885979837
0.001190508691586474
9.900356769924432e-05
0.001266940257369595
0.001674085257040572
0.0003338756984424297
0.0008698864546775902
0.001432872117929488
0.0007266312417647027
0.0005958618467526612
0.0006346453377309349
0.0009862210981611203
0.0005545186201763454
0.0013687315463392646
0.0006193625576899016
0.0005400183720650092
0.0003896475126234421
0.0003818766448205412
0.0008312447281102987
0.0007483275446523561
0.0006020938021930061
0.0012614610628823792
0.0004290656936076689
0.00044352430945297994
0.0005234919591289762
0.0010578611628212164
0.000567612961688743
0.0007504920811711327
0.0023273702646809417
0.0006586254256604653
0.003251321890985232
0.00039062007176035064
0.0005111300740198665
0.0020462008588696067
0.001778334887894772
0.00038507532489732635
0.0023448210882323415
0.0038561566742121435
0.0013919399763240444
0.00029996420926128685
0.001061553088463421
0.0002537937970366603
0.0005378408498498482
0.00011988844008215972
0.0006880345971870908
0.0008648798527980196
0.0014308941272344541
0.0006429216850257876
0.00041434743909780133
0.0012475556856005854
0.0003186819299521709
0.0011658679460654128
0.0005062002347037809
0.0016154554481860926
0.0010210403154183403
0.0010621325560321016
0.001403806735838333
0.0003791011357190368
5.5795007238725736e-05
0.0001991954232875302
0.00032081068670412557
0.0009563395874354077
0.0004880066027676953
0.00042062852892013315
0.0011574919535560285
0.002432779886763413
0.0004214211228753015
0.00026393099965532147
0.0005851566551080662
0.0003250989578498778
0.0017583863514273879
0.0014672283136461725
0.0010470577698912945
0.0003502096823162108
0.0002967692146757902
0.0005914224875744992
0.0013530860525208439
6.431973259245952e-05
0.0002660401312119255
0.0006507829639302495
0.00045251248985896694
0.0016033785184613092
0.000570882495859815
0.0005823916281507706
0.0017582850959032893
0.0010622892800881067
0.0009774435369722854
0.0011313378006018778
0.00016409840822685138
0.0004118009445943049
0.000564731898327173
0.0013940981807630977
0.0005471877648320708
0.0007255617192714202
0.0011651823098542664
0.0009117079246293773
0.0013963439247580327
0.0013538840440143094
0.0006441728254921499
0.0003378924709649942
0.0003782421981118762
0.00015099315247040377
0.0005442802243553667
0.0001745367464380668
0.0006716115679156921
0.0012811753401220695
0.00022134160312888744
0.0005079670263445658
0.0008093139389021619
0.00039151107465480977
0.00032994558472677655
0.0004272542275024181
0.000705577270664969
0.00020468863378218303
0.00040102581345904427
0.0011257664982814411
0.001722358709826138
0.0015244335036695789
0.00018359841210167024
0.00027656465860191473
0.00031923095308324567
0.0007691456229315101
0.0003080010694456672
0.0002874248122130848
0.0005674314258862788
0.0004627701449790926
0.000455802138863734
0.00028681726025564633
0.0006046934643814675
7.474060365718552e-05
0.0004877573460899048
8.646891660672668e-05
0.000600204158555281
0.00012745526286244644
0.00020417060534621778
0.0008069542063760903
0.0026992210588790404
0.00047771019169342785
0.00027443400105948973
0.00020697628855738666
0.0018337760791048525
0.000878345670932398
0.0006527462162823251
0.0003111135508400705
0.0001586953048636281
0.00030173744909146443
0.0010083753515914475
0.0005439907089517027
0.000201962584354717
0.0018568201365547418
0.00025292257335918905
0.0005410347915772811
0.0008243345132154233
0.000490754534394445
0.0006145454996615978
0.0009013616263422881
0.0013380126767212547
0.0006601622743656582
0.0007045418358645225
0.0009242503078135628
0.0008846379907637198
0.0004667637590567522
6.517873999004254e-05
0.0005392499347105629
0.0008483752686337376
0.00043477299594596035
0.0004821265105351599
0.002120423573186301
0.00037812691974106245
0.0001752698035676798
0.00032426727135291783
0.00019940293453104787
0.0008839225042947289
0.0015717731679586846
5.757830550787757e-05
0.0016128072626977808
3.683778208989813e-05
0.0003314279459775179
0.0006470543563356925
0.0013161543764733117
0.0004811627647057151
0.0007196403361208881
0.0007211104338870831
0.0002764467146989041
0.0002489253598162229
0.00021814094267512404
0.00032612156412424885
0.0011873446382934998
0.0005804132004554782
0.0008286382411530933
0.0005447961577400712
0.0005876821466952213
0.0007048690023766016
9.287402897484025e-05
0.0007350929955323714
0.00011546896496641233
0.00019253784164255464
0.0005280588907789323
0.0009361726166319039
0.0005214550454417294
0.0004251199375184332
0.0005215026291472506
0.0007856618628766821
0.0003524801481245347
0.0005963706806689093
0.0012591155826955397
0.00033506445802333274
0.0007139324781302724
0.0004806263269941987
0.00035990638817318154
0.0002509524754946429
0.00019421801456331758
0.0008906304308709415
0.0011787332572608777
0.000690084525775527
7.223154350912774e-05
0.001209278685287847
0.0004700660553660283
0.00026638611419773484
0.0001381173845392228
0.000779599460850917
0.0001913191244848256
0.0004095805150637773
0.0008988103903984959
0.00048924782802369
0.0011219676577960945
0.0009762621697295002
0.00017941874777951803
0.001064701763648313
9.630026305415795e-05
0.0003465488863792944
0.0002205252025821115
0.0005992643362508986
0.00030005464917129003
0.00017163766947812838
0.00022910042526424522
0.0007901546593623982
0.000200700438576601
0.0006819011757947802
0.00022582669705130715
0.0008181582006279944
0.00032312439550933984
0.000545147259388478
0.00013278556761405584
0.00046312575182766544
0.00020165205335412022
0.0006617423779087577
0.00025956404429030504
0.0005822861053673848
0.00024250425178085948
0.0005435525514870698
0.0007386012726783253
0.0005215883909090636
5.7407409525442855e-05
0.0006171558591360473
0.0001683723959090927
0.0022808578475025073
0.00015664572437413423
0.000736273932561651
0.0006767822796139361
0.0012784074892404854
0.0004280471993254865
0.0013848097938150578
0.0007137829263591075
0.0005041769888456903
0.0005206536841853883
0.0012254768868774834
0.00019243861676552867
0.0005069835149252937
0.00030100342177942426
0.0009689714015520133
0.0006053475391663069
0.0008499662543894886
0.00046246619607985946
0.00048357892091549883
0.0007986279278347243
0.0007469199065714731
0.0007265574603632149
0.0009297494082579129
0.0016049685884237173
0.0011563997491694828
0.0005156197741238987
0.00043599506342745556
0.0003791443157231609
0.00025279982659236704
0.00017076942919342747
0.0005911937753305038
0.0015765848009145543
0.00018108433392987955
0.0002026630829889697
0.0003972601610227267
0.00014199405914407917
0.00013782579088185114
0.00030989362664838064
0.00038844406397034426
0.00024911999858335014
0.0008658312640113686
0.00022934418626912898
0.00019526091282538635
0.0004787409824237126
0.0012550762555470496
0.00036399529609736493
0.00023920273379963127
0.000386276807649662
0.0004186538160801095
0.0006474611511066052
0.001096874851885047
0.0003196304711732739
0.0003072511502722145
0.0005252143763019698
0.0006117725301662298
0.00030905828617886996
0.00026806522404278015
0.0002488472305647204
0.0001460432180447775
0.00017674314910637163
0.00014688886130832834
0.00015039599606189483
0.0004761004262651255
0.0008706885047544607
0.0008125821148267386
0.0003922595360916466
0.00045042994893312345
0.0004069399207701446
0.0020001911678763314
0.0006889029615055543
0.0006421139739492702
0.0005189479169314386
0.0013033097738972856
0.0005548175533887231
0.0008520340644238876
8.125718009595991e-05
0.00027525974368208735
0.0007575611962028678
0.00016297130524280167
0.0005696948812993061
0.00037139261727113586
0.0005466965090063087
0.0001444709861861799
0.0004267821040415154
0.00043762641895857664
0.0001803255491424472
0.00026140783060823406
0.0005507620591798986
0.00012248748771671059
0.000461438901743887
0.0001825990221668003
0.00011286861199795426
0.00033974440144807195
0.00040284882326072487
0.0005561620991229074
0.0007690566713271956
0.00046291591764474925
0.00036680759914796505
0.0005253281906325634
0.0006349418015793315
0.00020421867170920748
8.073829059828049e-05
0.0001822911695489187
0.00029242926847095605
0.0005184960150643883
0.0005105970390018018
4.301347011460682e-05
0.00011151441746597978
0.0002741447396507869
0.0002903734892946132
0.0005091377831160638
0.0004606736071698933
8.24715309427113e-05
0.00032695991849460463
0.00022863341545696912
0.0002798419407664998
0.0002578568045136379
0.00037288766715356755
0.00013277927098692775
0.00010752750513218657
0.0005865173967357895
0.0003185564246977782
0.00020798936525078698
0.0007454108015007194
0.0005061847684021095
0.0001913440896176671
0.00040416816491973954
0.00048527159731274436
0.00015547685229510855
0.0007795616227291715
0.0009905976394069325
0.00044622475043085515
0.00023529149721359513
0.00041004844971727285
0.00024459653006094156
0.0004636580629133231
0.00010810156619181027
0.00014110227665897607
9.409743458578636e-05
0.0005899786562635718
0.0002467395697969919
0.0003063494427788643
0.00022607981351320427
0.0008633954394579154
0.0001864007562669556
0.0008502743603212317
0.0014661553627608832
0.0008625995748954466
0.0012465006485420356
0.0001565188312208514
0.0002967911263191469
0.0007206958249022408
0.0009200244240706058
0.0007842027422923587
0.0005280275459814744
0.00023196197389407808
0.00022157745490509852
0.0004989581966712152
0.0005981104716348292
0.00018762562136998804
5.222833924526666e-05
0.00039118000645841164
0.0004490276458987346
7.544952669539326e-05
0.0004792927745081529
4.0990648609706375e-05
0.0008347071626546746
0.0010543127302894903
0.0007643723390860213
0.0005441309824393622
0.00026119204200859765
0.000669865833190464
0.0010055754686396712
0.0010392583218940279
4.065876997034427e-05
0.0002119565421229257
0.0005106814562062912
0.0004570369582094011
0.00040613920869551835
0.0008332401488510756
0.0002979554246640485
0.000747948333453339
0.00033769115282219976
0.00035743050319195024
0.0006338128957952437
0.0003168168278535039
0.00043973713297360445
0.0002910637791352508
0.00083476258205685
0.0002559743978814072
0.000281482331860531
5.929234359197676e-05
0.0002886842291285391
0.00020184166654664312
0.0009017311782889221
0.00035847000853673594
8.86167065862029e-05
0.00011211761023145946
0.00024599814540984913
0.00016000204387652575
0.0005929687600373132
0.00043114327963674707
6.325339028915012e-05
0.0005190426356702647
0.00020293663313169426
0.0012435325849948027
0.0002683779398498006
0.0002542470787772405
0.0004707277017602754
0.00026255957161680157
0.00039827439597433666
0.0002689147149079831
0.0004115411368245626
0.00010744446175200418
0.0004450795742481593
0.0001538681300657554
0.00020044998554589067
0.0002677312781706365
0.000753947449514655
0.00028563724015464963
9.464260722659441e-05
0.00017686319365739652
0.0014668781865434847
0.00016658492086136457
0.00010381076556235479
0.00036822294708500463
0.0005068193813871355
0.0005845668799214973
0.00011597753025741388
0.00031961342614396355
0.0011726928563001887
0.0005669922737751859
0.00040694847841855046
0.0005565850923989459
0.0006122729132251391
0.0007524114414762895
0.0008638197713610816
0.00015378931534524993
0.0003043872775785272
0.000216575445845744
8.37882722726779e-05
0.00019194979376968934
0.00021559318319185335
0.0010036293533089507
0.00020615518116177543
0.00029746019084816923
0.0005468893256822386
0.0002762291434774136
0.0006020536442282315
0.00019997563978329543
0.0005270073165852498
0.0003815959980065856
0.0002585360218726874
0.0006286732179938959
0.00028841426488727023
0.0006662811515414437
0.0003301616314967573
0.0003117584546388705
5.196809016645056e-05
0.00014205926198227522
0.00048062997519625556
0.00021296727089361903
0.0009225199982353301
3.873425316696462e-05
0.0001592080927038739
0.0001114786428322573
0.0007203134502979095
9.96141869374816e-05
7.26872576445016e-05
0.0008348778113845583
0.0003747432991402607
0.00036821077788112063
0.00011791971271709757
0.00028103456711549713
0.0003289915474256687
0.000145451164259292
0.0003829300413701084
0.0001932737745097171
0.000396798320644256
0.0001265044735775906
0.0003556776993962545
0.0005793508356527867
0.00032466462408630104
0.00013014768552149634
0.00028911453871669434
0.00010720708390204894
0.0006229298079603045
0.0009165461310161481
0.0004155950400954537
0.00032764732624113434
0.00011582974294260427
0.0003717400857920012
0.0004244785320197764
0.0004210771895189931
0.0002397641025561575
0.00034862311845107154
0.00048459730660675536
0.00014738264898348394
0.0004975742452058123
0.0002742105861900358
0.00020937698630332755
0.0011795668877442286
0.0008376550931756603
0.0001976414026215802
0.000285215989152808
0.0016860813881032742
0.00040482129666407095
0.0004336865150664735
0.000819045291677137
0.0003170834702656087
0.0020442847146511663
0.00019189520406854774
0.00013460365360518445
7.218564775679928e-05
0.0006837647034315628
7.775723898496923e-05
0.00021362798724120825
0.0002472459603109471
5.649453524697468e-05
0.00019579902022793985
0.00029581037421016424
0.000460877984033255
0.0002468632575864702
0.00025472990555654667
0.0002897439718268253
0.00023407320933422688
0.00023357337599917713
0.0004538928620920158
0.000197152428766919
0.000208748919599836
0.0011868968745984308
0.0003954397542832696
0.0005070744682903429
0.00022802458426314916
0.00039193838057085954
0.00036476097049376234
0.00015952423428833095
6.783223571239918e-05
0.00012089845186033454
0.0007838606093697275
0.0003035080487074977
0.0001285737326262304
0.00010737196813050655
6.122414437529214e-05
0.0005195879711989305
0.0002594613772546882
0.0004008520679611145
0.00021424858001828926
0.00011795297222535583
0.00014835361745391275
0.00015144248721378928
0.00018758819625923064
0.000575993885718506
0.001464401503345492
0.00041912231538965267
0.00010361813067907613
0.0002828749247241948
0.0002856054702566851
0.00017826053376668075
0.00011853843738577446
0.00042461264141552317
0.00012638171101740276
0.0002625095306317568
0.00015513089081312526
0.00038265783797039615
0.0011562914547219114
0.00022481830609526234
0.00020933302317031744
0.0004904006078728362
0.00040158732454956237
0.0012250709017488765
0.0002824195652058914
0.0005726876081713482
0.00022161268961161585
0.0007587038593901137
0.0007276933514256919
0.00018994491307425373
0.001086397197273375
0.0009468553584468063
0.0002791973632474234
0.0007234999999169206
0.0004290085274298257
0.00015713139022740117
0.00011518625420482866
2.4658252678721405e-05
0.0005077107074418034
0.0001447879538678431
0.0005774332814670102
0.0004525791046108177
0.0001431210933359644
0.0004033392734211731
0.0001501108517772328
0.0003623173605271904
0.00023651900067331674
0.0003086993673974532
0.0009526403879025892
0.00023544908872562961
8.746020289294629e-05
0.00023382800960960483
0.0002074632638314487
0.00042329082978004784
0.00033315469446959544
0.0001571743439359241
0.0003072285622065315
0.0003860573943022706
0.00017391198587596356
0.00021280770148826816
0.0005547534142276817
0.00016932192694107332
0.00019003913255658873
0.0008016572280702022
0.00011883165062049524
0.00017288998776078963
0.00019245519383259238
0.0006805538053259117
0.00013914259451349565
1.8910348120360223e-05
0.00026003890092331016
0.00012353727779791573
0.00014339709417192115
0.0009803650716493548
0.0003161064085486637
0.00011303646095720868
0.000602702685611361
0.00018422887027589859
0.000433617026686839
4.823618391100552e-05
0.000163557001710433
0.0001954705506073805
0.0002981844448375102
0.00024348146721576497
0.0003043763564693429
0.00019057448721028508
0.00033508149546177706
0.0001919684235355982
0.00035467473793388324
3.2965672025998414e-05
0.0004301099327010409
0.0002764178636791928
0.0003609514509192548
0.00040453907599407506
0.0003560656552344586
0.00014809597997783353
0.0005518905581558673
0.00026248578523776713
0.00031041569683917277
0.0008124483314880432
0.0002891585935351265
0.00023736967799653502
0.00041125001363412193
0.0002711384838515475
7.109538977780312e-05
0.00018657959547999474
0.00030719496222582755
0.0005816523101503857
0.00013033183233318642
0.0002105504474623441
0.00012891931621588978
7.515726328050402e-05
0.000571272713372723
0.0004114143295888259
0.0003746695170062887
0.00020487708599404152
0.0007120099438467716
0.00032912660034052133
0.0005484906994659372
0.00024061049965415653
0.00016534137568688538
0.00012939970299012606
0.0008844710092646036
0.00018446683655767016
0.00020100402623947957
0.00027654821130043065
0.0005537110352690874
0.0004317079047853133
0.00035209268236228243
0.00020838920567318404
0.0001976501589442195
0.0010447066212329176
0.0005690174621110221
0.00014219488015447738
0.0003194597644933744
5.5672784822140014e-05
0.00013861455360435226
3.405782576277881e-05
0.00013208882440220136
8.556199886192583e-05
0.00024196924460462738
0.0005711353454374623
0.00017265979472454133
0.00035465391405150763
0.0003435909702966787
0.00014656467666698955
0.0004952236687234353
4.240019330075553e-05
0.00020865808497813607
0.0001445235102798221
0.0002585621632409807
6.357943244764293e-05
5.244414997441002e-05
0.000218662914983462
0.00035516653194428937
0.00023751071367492772
7.498338163059712e-05
0.00020030602372904713
0.00016617527233176783
0.0004894555726191339
0.0001135090076467356
0.0001593694690473107
0.00035212649677742754
0.00020919895169335185
5.272542500827901e-05
0.0005168119442801589
0.00010585073022339011
0.0004495817177132877
0.00011174338951025313
0.0002611204378344638
0.00014960038795742297
3.98014069951166e-05
0.00011600815269475387
0.0001186052861690089
0.00018941745304001652
0.00012521999905642966
0.00022050843841821385
0.0003770276064129954
0.00028296680933492894
0.0005302455359497861
0.00019227331582034158
0.00022754882597981755
8.973280655879939e-05
0.0004130176754991981
0.0002200953706813246
0.00028002436721872323
0.00012295929481735124
0.00026658818238338493
6.084701737588501e-05
0.0004623442376870961
0.00014801694631537342
0.00021377478419634183
0.0004570382157299267
7.404964028243419e-05
0.0005180861971656969
0.00026031102711874756
0.0010527881235330764
0.0013577926378049387
0.0003283344870291752
0.00017088565195597333
0.0009160280001313116
8.564766164551498e-05
0.000516629771703175
0.00023100144120613618
0.00025732829307740964
0.00017363450803077222
0.0012354495112875295
0.000206886529699149
5.0511824933071226e-05
0.000346450608299772
7.847097219727535e-05
0.00017609710274414742
9.781336934593983e-05
0.00036036079254735007
0.000200800881739304
7.946616027752892e-05
6.35162825361632e-05
0.00014068384973266014
0.00033228834216979264
0.00013698649457790957
0.0007129602405049716
4.1912928138691006e-05
0.00034777368852140325
0.00032926829354777665
5.9823143414194006e-05
0.0002148590413511275
0.00017886372922199133
0.00027446417635756335
8.509087514267091e-05
0.00041802429474513284
0.00029401038841953827
0.00040159578176021356
0.00023557460887820556
0.00012961842492711668
0.0004485727198363485
0.00015999973171524116
0.000100761261816583
0.0005538350952858907
0.00040570798140835665
0.00012434195431261448
0.000362165763701227
9.761346120150623e-05
0.0002382862274736035
0.00011608856686862708
0.0003467045171906107
0.00026054210940818667
0.00023622410197124028
0.0004686811517630773
0.00013524995307222438
4.614235821852162e-05
0.0003455541301860004
7.10097145081449e-05
0.00033750627238746014
0.00012950403608433594
0.00011023339273961068
0.00012528316759633784
0.0005472649638788797
0.0003434609823920243
9.887616853720933e-05
0.00011494550090324592
0.0002859222265466038
0.0005716951891074803
0.00044933347412445736
8.020816008572721e-05
0.00012949456313298405
0.0007135391976991996
0.00010661420491889771
0.00019632319476389247
0.0010996041930427713
0.0004160590934724043
0.00038276566432982127
0.0002861559671244634
0.000321110271066641
0.0004953967132454986
0.00020181619435990624
0.00014982453288719382
7.82097833033571e-05
0.00018443991174611445
0.00017646702753059643
0.00010997879107565231
0.00022864454753496058
0.000791960282651541
0.0003733413724755004
6.711270235278368e-05
0.00019584239257134983
5.256516443759587e-05
0.0002357058252587611
0.00013552880661844396
0.00016574516027025843
0.0004261182867858975
9.482790212838686e-05
0.0001343917271485406
0.0002171584588434331
0.0003176824954052122
0.00011478311355116552
0.0005381556423852235
0.00017255465637198612
0.0002064922704874862
0.00028353226084697626
0.00022468649014556515
0.00022929122213714137
0.0002532745117921557
0.0017656960058357754
0.0004741859202989516
0.0001925404270419632
8.450289703212372e-05
0.0009624074597938386
0.0006415241464815767
0.0005537421467651468
0.0001553046612981927
3.927155520277477e-05
0.0003020369827374363
0.00022433447779343185
5.445737785562418e-05
0.00027247498397328326
0.00026661647394528694
0.00026990705565477577
0.00013453383778473942
0.0002997234354715275
3.6763729823284e-05
0.00020994552675155945
0.0005603314729754015
3.094071937168289e-05
0.0001626764358729382
0.00020818279424608473
0.00026148429084791615
0.00040769274800178884
0.0002500580830107161
0.0004023138125785859
0.0004485922266017563
7.925364537702334e-05
0.0005110450928723781
0.00020552014860504266
0.00027447496733608225
5.6976029687012354e-05
0.0011491225729277103
0.0005043086811786151
0.00020809714351455993
0.0002505532876405138
5.9857134507711684e-05
0.0012506581162918288
0.00023249885077603972
0.00011959483191657967
0.000856429160189199
3.477583847500696e-05
0.00020061695324222054
0.00011664979624063831
0.000370658381972775
0.0005764251244636106
0.00012910578706650002
0.0001347761228110148
0.00030601407930089616
0.00014260273127701103
0.0003053828210303355
0.0005870411140084661
0.00017805518673480266
0.0001747400323149531
7.851024003852248e-05
0.00040682579473839183
0.0002600822529496014
0.00022504317013281354
0.000151247300029588
0.00018487819762817576
9.89438867193668e-05
0.0001221732057652436
8.982198926596161e-05
0.0004408285260942432
5.184532011460688e-05
0.0004559071303343445
0.00017671417843732865
0.000752982388130027
0.00017185783966744628
0.000549755385477371
5.6498386025580974e-05
2.3953099487281066e-05
0.0002601998202959159
0.000291183012368189
0.0002569094717414038
0.00037105200632629975
6.13755856634099e-05
0.00012697858006249237
0.0001341979800226645
0.00031723183387599653
0.00036158120259021943
0.0002815717743423866
0.00022248655614316324
0.0004249803752615091
6.104258507976909e-05
0.0002853175111978042
0.00031254969076344424
7.77753073087949e-05
0.0005984820284993922
0.000273352955832653
0.00011381783961959333
9.598229442135087e-05
0.0001428772470660011
0.00024920826574701923
8.390188958017392e-05
5.316223907374788e-05
0.00014809869728489447
0.00017686683136461777
0.00018845094292676586
0.0001128832774704797
0.0002534518863407915
0.00047920059145216084
0.00013309826987248052
0.0005628259468350692
0.0002077188453722656
0.0001262492291902752
4.7326575147937875e-05
0.00016784387709377476
0.00034715509060445886
0.0005489653582987907
0.00018752635162641254
0.0004036923123743167
6.447002345212026e-05
0.00010570443810803022
0.0003336623915255602
0.00018666591370988724
0.00013706116738196385
0.0002063588468952859
0.00013814805336984914
0.0006066642282284758
0.0005001107611146937
0.00011172034296412878
2.7392483055080776e-05
0.00017625534967755186
0.00030629347025983326
0.00014899829585333094
0.00023173872378557512
0.00012140970673597821
0.00015849837713838955
5.68359946508453e-05
0.000505589155938064
0.000235892992507392
0.0006496818551418097
0.0007568248684968979
0.00031667606744596906
0.0003073651955312301
0.00021075495991898808
0.00032392014083629787
0.00023125721048881747
0.000287396173414644
0.00017074749315611852
0.00020329642522952347
0.00044416804320052263
9.418126261866652e-05
0.0002027899934874681
0.00019677131072529385
0.0002766559694222869
0.00029438857926599685
0.00015146609199889448
0.00013869210042852012
0.00017534585359977957
0.00027716921032777567
0.00013232355240995477
9.478053134871254e-05
0.00014501632381930547
0.00024889521706443284
0.00020425427935178803
4.83755280021035e-05
8.625199244315542e-05
0.00015246353521623123
0.000754347542988876
0.0002025931417381773
0.0001681667060379329
0.0007086472201125848
9.662564140908434e-05
7.504888764441541e-05
0.00045758967051854124
0.00019713198933318945
0.0001037917837862696
8.846464859033312e-05
6.192839427676236e-05
7.12400940420212e-05
0.0003727433297637398
0.00025885241558966187
2.94619830568472e-05
0.0001534061837136247
0.0001173021748403382
0.00012980562424358736
0.00034362606693468157
0.00028945304018302646
0.0001962771466246584
0.000515418310514742
0.0003713572149836852
0.00040429793497659357
0.00010324241994264934
0.00012307231847118622
0.0002746802990148531
0.00041527660360146245
0.00023475314421940357
0.0006703523541306006
6.484932663618555e-05
0.00014612045395664562
0.0001122216004300296
3.18954161286962e-05
0.00014679266852394454
0.00024997114877485586
8.406800549645436e-05
9.595006949180042e-05
0.00016075153836779882
0.00015159445638477178
0.000493589708138358
0.00016294780976082375
0.000520383048851308
0.00018678339736877958
0.0003970461547255517
0.00014268272457413126
0.0001035097821831094
0.0001116640715930359
0.0006464913806439027
0.00016864123561278867
8.416116226786213e-05
0.0003559109052187281
5.006810561436334e-05
0.00010319463102658765
0.00019991606114244166
0.00015019768664232042
0.0005106734562492282
0.00034864363732429337
0.0004199070679916197
3.54148582898869e-05
0.0004847097857196589
0.00033805093691506924
0.00015560633555746192
0.00031706677181326745
0.00014291522720399615
8.240727395874601e-05
8.771536069968225e-05
0.00015553039553431718
0.0007629174273037491
9.056120731550107e-05
0.00021595676509001584
0.00010318149973312883
0.0002527002988946943
7.966673524886225e-05
0.00023438739496957743
0.0002689381746837643
7.511519749492463e-05
0.00031860178007599084
0.0002842544670593901
0.0003420686590421876
0.00029417287781544413
0.0002243925399007361
8.800010538705847e-05
0.00026058301525626093
0.00024124589618253612
0.000641786616847488
3.9364766000651375e-05
8.933974696524078e-05
0.00041405900508587556
0.00011721639920569934
0.00023111732237758478
0.00020579113710787004
0.00017251022120762073
0.00036108818955220387
0.00021956193543310582
0.0003574030054526702
0.00015689144755265893
4.4068937443789545e-05
7.412779382513267e-05
0.00060540367893391
0.00017152769120795704
0.00015620363254303994
0.0005088022827250204
0.00035011195954801777
0.00010856542822170167
0.00027272658873840085
0.0001216107317783518
0.00016285876765511874
0.00028571739828067255
0.00022858813526019438
0.0005070463388138271
0.00019102272560154725
0.00030660344715387585
0.0001838326461323566
2.8988357534205998e-05
0.00046997933043989873
0.0005573758112142297
0.00020021979865277866
0.00013724220943598522
0.00011323183136842807
0.0004298586258640267
0.00014105539554465634
5.763788434120028e-05
4.7646008512121086e-05
0.0005794058897449793
0.00035790438924766473
3.489610160243312e-05
0.00012336117454402745
0.00033065490301019884
9.153854249173318e-05
8.936431304050996e-05
0.00011437307351688405
9.131743550110125e-05
0.0002727449215649224
0.00014593453805385645
0.00013662307430492614
0.00014181385885433506
0.00015850778939907145
5.774357890404566e-05
0.00031502654504739756
0.0001883272137197902
0.00013149585934699626
0.0001773378062738613
0.0001917907543826788
1.617063680124754e-05
0.0001030995717161633
0.00020447775533909626
6.0197793780012884e-05
0.00026157203722113384
0.00015611670819665907
7.780262855125787e-05
0.00019181656980635426
0.00016565878001420273
0.0002505697490903088
0.00010291006691203146
0.00021111074795661795
6.868192838261218e-05
7.17411798651601e-05
0.00016285228645034338
0.00010432249244240601
0.00019765075286501808
0.00012664790603843034
6.573253113773736e-05
0.00010814802925641171
0.00011029050382738132
0.00018643341905332392
0.00027517062244113464
8.720683427367115e-05
0.00032223138938228247
0.0008682776422184671
0.0004170719400069265
7.627635402238289e-05
0.00012047907282832727
0.00014176062398056164
0.00013427036011773167
5.403146463712416e-05
0.00015727657153611477
0.00018000792716081951
0.00014965641753876552
0.0001361415177171922
4.7076517958741836e-05
0.0004061600372317065
0.0002239346812556205
0.00024375602007958782
9.519558163088222e-05
4.1118954540287905e-05
0.0001953606491021038
4.753985442925832e-05
0.0007413212286438346
0.0001348262502139597
0.0003635268204648457
0.00030803450221929897
0.00010744358490322497
5.4468671038035035e-05
0.000156579982162241
0.0002639197168534497
0.00019524738612753992
0.00023333579880643554
0.00011044635550340228
0.0003367992962241113
0.00010245268312322021
0.00011402268456092178
0.0001366491254828882
0.00036464895271105563
0.00010682579893322467
0.0008832893882144633
0.00020245027407951528
0.0001827620299451332
0.00011410213738188842
7.531223840708287e-05
0.0004008191159750616
0.00010723500004394266
0.0003127018578381649
0.00023700214028864725
3.5609995540216064e-05
0.0005279264547595896
0.0005915224283445944
0.0002255262643189992
3.8813898845106495e-05
4.5546709637208744e-05
0.0001823223125066777
0.0007639234734708447
0.000157979603698944
0.0003765491476449802
0.00013411959406923557
0.00010935197158927711
0.0001734599040328424
0.00011438852141684647
8.321778991589738e-05
0.00020832021904642042
3.701142982632041e-05
0.00010769044243529372
4.5627515382290815e-05
0.00026719763927811736
0.000669275337058673
0.0013365606930607471
3.726964665251293e-05
0.00011262427873319637
7.074335806432058e-05
0.00017064396364951343
0.0005989025611378668
0.00011182781146272498
0.0003184615596997282
0.00011527400978754775
6.857980517870382e-05
0.0006069967315894308
0.00010001474235600036
0.00023246466600651897
5.999562475000077e-05
6.083949010235276e-05
0.00019070764126874102
0.00022683775050686588
0.0004034481498711483
8.298827385140465e-05
0.00011633561197442367
8.903979888422186e-05
0.00021973319896290386
9.061196544759606e-05
0.00012505035343730742
0.0001627239437332535
0.0001689426555064749
0.0001247500890088344
0.0001911261005033485
7.59103929597821e-05
0.0005014240442791785
0.0008530419535841063
0.0002615251950836068
0.0001925903156979696
8.221358528892629e-05
6.663780022681817e-05
7.071672722568893e-05
0.00018111363061396938
0.0002303782062245332
3.22110781389732e-05
5.074193099041139e-05
4.1976759906874716e-05
0.0004537468811250946
0.0006507500102621914
0.00011301930628051867
0.00014375614073457187
0.000332576680437506
0.00013277729687660828
0.00028893140367446823
0.0001054392279705816
2.922762174054025e-05
0.0001488032551564946
7.421432036010883e-05
0.0001699655559109796
0.0001404338496192312
0.00027184832428725394
0.00011866613193438809
4.9643314772691716e-05
0.0003977952587965413
0.00024138114768538284
6.038074059821724e-05
5.7514501985341e-05
0.00012936693407609111
0.00014730383879794782
0.0002217823713910223
0.0002650861030477849
5.891991023676062e-05
0.0001753426894163392
0.00042688043351465986
0.00010329970899495541
0.00015418985195048674
7.134465423352532e-05
0.0003746588616303143
0.00020681179825641826
4.8407463748813737e-05
0.0006459556691506036
0.00012464255447687466
9.02565040569921e-05
0.00035873593221319287
0.00025345939744616543
0.0002353655257298081
5.625878153784395e-05
0.0002709125168430771
8.49222168712624e-05
0.00029372520790442837
5.7217907276687573e-05
0.00015868020238790967
0.00014949857617082893
0.00015474255456001716
0.000226095674457306
0.0006063908312319976
8.640725538469199e-05
6.726267644469081e-05
0.00013114075476022588
0.00029212756938069487
0.0007215464802693084
7.090771905536074e-05
0.00024732797701353
6.573018875732769e-05
0.00028802720015431516
0.00019415428022933728
0.0003879037442281554
0.0001673359116741966
0.00011250566320902704
0.00010655882520948503
0.00015983800063546093
0.00015537266966866045
3.425385620569995e-05
0.0004862892354531976
0.00022493708853420108
0.00014599585487742127
2.5391224966185835e-05
0.0005563163076469211
0.00016341577800139972
5.724347085422786e-05
4.164039775064108e-05
0.00019574281794426993
0.0001882687761333357
8.495492650822635e-05
0.00013953144761798817
0.00012974516953061392
0.00019681825118388885
0.0003003418442660628
0.00013624343249202565
7.598053160133457e-05
0.00019785214753697698
6.206608155552287e-05
0.00012244443200629433
5.811201402091481e-05
4.296459585194804e-05
3.894874996470628e-05
0.0001842951170131078
2.573435273661657e-05
0.00010947351625214668
0.0001643872166262717
0.00019027356230370745
7.545327297682037e-05
0.00024374805771044256
4.1272263191215174e-05
3.82776081089734e-05
0.00018580461181368763
0.0002326971034030222
0.00013183863405491313
0.00016213710140368923
8.007428190586205e-05
0.0001370813479616939
0.0001708973096082157
9.002931607211722e-05
0.0004328814412104736
0.00013180729156711622
0.00025238964651825397
0.00012228664461125163
6.514174663730091e-05
0.00015169348712775973
0.00013756182506377044
0.000513912509275849
8.291799084664261e-05
8.159338209217569e-05
0.0001798752932336303
0.0003060608238127292
0.0005118353815096879
0.00013526587654348214
0.0002498775869513366
0.00031954718885473534
0.0003618378905405946
0.00020106706722349807
0.0001455040328628688
6.393916444124044e-05
0.00010691876074714618
5.1920412079883574e-05
6.527998257756332e-05
0.000505908359627543
6.890711182789298e-05
3.776587350586932e-05
0.0002532084640136713
0.00023358846253257858
0.00037177238694596315
0.00021897352481598905
8.507400233984432e-05
0.00012366071053677478
0.00022443737206318025
0.0004533102051447134
0.0002774129481366886
0.00011821963301338211
0.00016043103694065555
8.100810196317999e-05
0.0001774262388050695
0.00013210040930352416
8.077593553573431e-05
0.0003623638336849806
0.00010782595744870736
9.125938518050091e-05
4.9818267410311115e-05
0.00025394829239150146
8.377390074508793e-05
9.705176890048327e-05
0.00011993321868810332
0.0001142012245831103
6.59244997970283e-05
0.00020510363448371428
0.00023826932613080673
0.0002542537192163177
0.0003057872752413353
0.00011094351606528976
9.89100325948008e-05
7.379858154329701e-05
0.00011322640345127365
3.3562223612238746e-05
5.725957357546128e-05
0.0001115907584404842
0.0001842566936320581
0.00013940416898688447
0.00015871906074700704
0.00014890976323441685
0.0001285430139026223
4.690172854473471e-05
0.00032754791903204244
0.0004150465370837966
0.00026435488183115786
0.0005294989838665874
0.00028485440617314044
0.00027670306085495063
0.00022472453715412458
0.0001902412700020371
0.00017701432426187486
8.447365553375665e-05
0.00017836645700008172
6.431816357889319e-05
0.00018883115763746985
0.00012269196372637599
8.774516368007566e-05
0.0002458358085748919
0.00048113704225214603
0.000128830428031479
0.0004960808050451962
0.0002230998272826341
0.00012422391929108428
6.15056777887157e-05
2.469942663793072e-05
4.197264388097745e-05
0.0004730581268132575
3.332468766617323e-05
0.00016752803007886712
5.225831472432517e-05
0.00037767310865012115
4.0637580880911186e-05
0.0004846508032419285
0.00012093618509575927
0.00018503807458363026
0.00010689670476568779
5.2883609810482724e-05
0.00010728291237492043
0.00011705781121460008
0.00019188116211257928
9.513253973305276e-05
0.00019892273396786235
5.439887946698492e-05
0.00011727639845679984
4.484222537945752e-05
4.9302207769655006e-05
0.0003094698823918505
0.00020734007949530767
0.0004356764104957318
0.0001764648951702473
0.00017279607636104863
0.0003568712007399341
7.046312941939475e-05
7.560630209773284e-05
0.0006851942797144932
8.831780303486181e-05
0.00016998973884833757
0.00010978614529257732
0.00041412842620824306
9.172156797516966e-05
0.00011385005715625896
0.00011669278584968155
5.267785634435478e-05
8.985532396163363e-05
0.00016916892554915975
0.0002953434682400226
0.00018932465376065444
0.0001113182630079119
0.00016965695873973928
4.344784441824192e-05
5.9085836834484636e-05
4.905522401920046e-05
0.00014417613218139887
0.00039709900867384765
8.47683775238528e-05
6.34678744354177e-05
0.00020062090450084495
0.0001031193097360799
5.6156185656401374e-05
4.6226256918522875e-05
0.00012391457110524164
0.0005940551924608831
0.0001343750021625504
3.6115274328666556e-05
6.816262481308097e-05
7.361701063242147e-05
0.00011123039044540828
0.0001726878120243473
0.0002360792386281661
0.00010875287547878649
0.00010290947879946392
0.00011804707440324258
0.0002566244086531708
7.007097615657442e-05
0.0002661736020598005
6.212727122785849e-05
8.895113646339212e-05
0.00017906579490023272
0.00026168192980818616
5.296352400149557e-05
8.850284609281208e-05
0.0005488478177470234
5.77548336676719e-05
0.0001497027955875893
0.00031309392814375756
0.0005930957257405025
5.358380712851281e-05
0.0004153405219323277
0.0001866076497477787
0.00021950829696935713
0.00017006929288143827
0.00012298649267132272
0.00017063075934029592
0.00018873875461692256
8.194902577701579e-05
0.0001388370318112725
6.149769940186391e-05
0.00019606529331555545
0.0002787529423981323
0.000128918577778929
0.00013806714361321558
0.0002390834649821478
4.285244204918733e-05
8.017869194368085e-05
0.00015125209972858495
0.0004286557570189702
8.568166344072285e-05
8.251338799961089e-05
0.00010502703933884054
0.00032319342585614337
7.899823100961841e-05
0.0009816890146104001
0.0002235809698950786
6.889986572342194e-05
0.00020027699715702375
8.07005181098251e-05
4.874833330076587e-05
0.00010400954590478244
7.097090548097151e-05
0.00021584702170045873
2.2371714952476402e-05
0.00015986735503608398
0.00021404484672265435
7.941917256346377e-05
0.00016762997896727357
0.00010580416336987383
0.000142846013195677
5.652125264525794e-05
0.00012872136535724082
0.00018925058578548782
0.00034675820793696785
0.0002611426364440222
0.00023264845238775002
0.0005173222560216177
8.17492058681549e-05
0.00022016558726519093
4.1319870422778066e-05
0.0005119692534797193
0.000312020868353219
0.0002665306056687207
0.00016577299728177833
3.570715433629375e-05
8.234087203757465e-05
4.53940981977497e-05
7.836110201208943e-05
9.327537868940391e-05
9.66207181429003e-05
0.00020634969421085003
9.690070551101702e-05
5.1254290780174625e-05
4.6426437280866294e-05
2.6452135817506998e-05
2.0070060672250958e-05
9.792235462077601e-05
6.34417357374908e-05
0.00010150376301318523
0.0003355671236944663
0.00014013090777322703
9.571539501220125e-05
0.00018011404946723474
0.00010234767546455396
6.601162757882219e-05
0.00010386296765567796
0.00042133606012833603
0.00015099718905952695
0.00012429509077582348
3.5132523815204626e-05
0.0001153151168407241
0.00015182930619242463
0.0001139459317134582
0.00014116581843014704
5.075484686628508e-05
0.00011300105143802013
0.00030210157767008997
0.00019334154914381932
0.00033533578943434887
0.0001249004720171048
0.00010549151266956259
0.00014466926334341144
0.00011503846723163727
0.0002710785012311326
0.00016034723550379057
0.00011254717923949155
0.00016736406886846093
5.430522770615826e-05
5.881732118969599e-05
7.0803814145409e-05
0.00011566343920245862
0.00017876408080560918
0.00020060379659020305
0.00012396275708294452
0.00022865869607686216
0.0001853052636702503
0.0003064643585893768
0.00011900291722574353
0.00011065782423312048
0.00010048736253166398
6.618075279183904e-05
0.0001121839118144287
0.00025147603564095356
0.00018527457920840956
0.00010030032387303558
0.00032017203296013486
0.00029520330455463684
0.00024181017614396673
0.00015499214344035254
7.391974867298717e-05
0.00016567152528873836
5.975195058303112e-05
6.023503960160843e-05
0.0001875544243336823
8.877502922016805e-05
0.00012823186814708994
0.00031754249541238763
0.00025419080625803354
4.231406547666906e-05
4.149349628495363e-05
0.00013393523767309793
9.640330194220548e-05
5.1952973987587645e-05
0.00013359595167483537
0.00026095590683564986
0.00010177754097159942
2.8962023808204233e-05
0.00010134348938472791
0.00014513856438724322
0.0001051842670421415
0.00014499248743896867
4.780843565697215e-05
4.284233270513467e-05
7.743210198043792e-05
0.0002088024399471449
0.00010518829378839381
7.681326465550507e-05
4.701613443022673e-05
8.262037215432434e-05
6.963117433738835e-05
0.00011127710762605462
0.0001445043352224429
0.0004890046487298863
0.000310862278545576
3.7895764109949734e-05
0.00013716131515482832
0.00037793713096990686
0.00012380224765559924
6.361453119047369e-05
0.00023117868462831862
0.0004493622397937747
0.00029276287166254527
0.00011128261034976028
0.0002150493983593038
0.00010947439918233599
0.0003548128784154199
9.338246516613798e-05
4.4319878848730776e-05
0.00017691246984478712
0.00012465073458203885
0.0004020116225953193
0.00040676832435668166
0.00015243882777752499
0.00024971023048358013
7.984083875575714e-05
0.00015166713763195693
8.898052922733271e-05
9.953442199070612e-05
0.0001552318637623501
0.00019940308782638358
9.445238659351317e-05
4.54569434946858e-05
0.00015767814538991752
0.00013231679890693624
0.0002038398938038842
9.511565238980158e-05
0.00021813183108792406
0.0003938301123112388
7.063349910857482e-05
0.0002074311739307462
0.00012936312505858915
8.288340872033878e-05
0.0002404551394413887
4.795130012875442e-05
0.00012068255845130047
9.233075642101332e-05
0.00020800908796340419
6.996687909949468e-05
8.720801449535183e-05
0.0007798990974390316
0.00011008454846923231
8.331944415990102e-05
0.00016503282174419503
0.000221527652692273
0.0001520626921594702
0.0001410750369301538
2.3460348756316282e-05
0.00039789171737781144
0.0003762679036805468
0.00017933087519163602
0.00032415058198239375
0.00016663884483323675
7.640191448883606e-05
0.0003132951714408949
4.284565448225731e-05
3.8148547769809866e-05
0.00022175363290795433
0.00010873081265436428
0.0001195896409514563
5.6649749042940005e-05
0.00010766059791251415
4.566844330277667e-05
0.00038381820108864185
0.0001659093227091012
3.0374359481800895e-05
4.486700575829623e-05
8.393227954011249e-05
0.0002731650411130313
0.00010287114856437937
4.416932625868689e-05
4.2379277382818654e-05
0.00022067027801545586
0.00035016067940146116
3.1499618041998836e-05
0.00010395325744789503
2.383153716293508e-05
0.0002666263339346993
0.0003141246722245563
0.00019114740105275038
3.0035415203547114e-05
5.6345983231743124e-05
0.0002713278825246019
0.00010363996594267065
0.00031045332905113473
0.00019999686008764203
0.00027774931672436054
3.183676693352201e-05
0.00022408754994611375
0.00010176211195962452
0.00016851296772855815
3.5388312123705666e-05
0.00013845276972155983
0.0001013976844232907
3.61703825698338e-05
2.960490579290494e-05
8.799752876445867e-05
9.138371043575499e-05
0.00011907892698672634
0.00014882250778016203
3.522163813987372e-05
0.00028703932039908514
0.00037478794095198225
3.926528032826466e-05
0.00016340477164601954
0.00015992931149433367
3.3111926447743454e-05
0.00019855482840880754
7.289904428068743e-05
0.00021057910075173976
6.177927168836548e-05
0.00014838221348221903
4.053816404031159e-05
5.8708865661023455e-05
0.00010619083978781828
0.0002884123985655731
0.00016828148065526892
5.6739720112495485e-05
0.00010692585020462113
3.0120616103791743e-05
4.82029447152861e-05
0.00014417224589223526
8.516642076734672e-05
9.819112836364263e-05
0.00011393249226551311
0.00010402048130771216
0.0002916725011197399
0.00014669467964922574
0.00014166449458360238
0.00011439024346883829
5.4324902619765874e-05
0.00012336014129515178
6.020467534091154e-05
0.00010098654509348941
5.629066928091171e-05
0.00015462108174434986
2.879960907378692e-05
0.0001857976470080232
0.0002295665945726271
8.93884577416209e-05
6.413933996115331e-05
0.00023734946963674814
0.00018421584039735576
0.00012425895997302593
5.52520175963586e-05
0.00015667401232214077
0.00015875160718577903
0.0002207936055302832
0.00016206208103736864
5.766043620868814e-05
0.0002788945499175552
2.7411670012733946e-05
7.906727245493994e-05
8.331067137213275e-05
0.00014226308910432776
0.0002914233137089657
0.0001394025694957337
3.851043872461637e-05
0.00010367717912197697
5.0663415507684004e-05
0.00038541218370673257
8.507113030044854e-05
4.145467003422942e-05
1.6525115708598673e-05
3.631847876621937e-05
0.00022239887356144376
0.0001828449022190888
0.00011461015570986017
0.00014442039947064415
0.00029310492848716625
4.541889161261765e-05
4.670340441537651e-05
9.663640385522739e-05
2.5564827873705442e-05
7.911909439828038e-05
7.229656760169492e-05
0.00013076211782011822
0.00018016082597155847
4.501398338736677e-05
6.781497276293338e-05
0.00027169709844399433
3.332144043962268e-05
3.367485356849702e-05
0.00029279143043817207
0.0001069577188073893
0.00013499164400491604
4.13764566504884e-05
4.861897147786244e-05
4.432796401872986e-05
6.530559254115771e-05
5.1020433569843225e-05
6.721480850724779e-05
0.0001168027308587108
0.0002927578231143611
0.00010725323079313834
0.00040014656291200503
0.0002545633821420865
0.0002374715820053264
0.0002336544541423655
2.3213060652472963e-05
0.00036252454907390714
0.0002659627695757171
6.565304738215268e-05
0.0008236827347549726
8.812099933637658e-05
0.00016560219814715102
0.00020547336655975492
3.551526685350635e-05
5.0496725763756356e-05
3.573965227186394e-05
3.2399061443595416e-05
0.00031375619622119597
3.870023140447413e-05
0.00010001929901154345
0.00011262362391901969
6.149575570407854e-05
0.00026076017699376596
0.0002117998562795915
0.00010841239340029446
0.00039395067659847994
3.96298313469088e-05
0.00029900500684623503
0.00012172551720967285
0.00012143908280612929
2.9772697073802095e-05
0.00017593005097102913
5.939331589930549e-05
8.552125175557477e-05
0.00016583653356030715
6.740632105555504e-05
2.4027151564755896e-05
0.00018056345260537382
0.00014371116938654316
0.001290865118369022
0.00024853513352597015
0.0002998779279207756
0.00016764115206170655
5.310507233817278e-05
3.199688758815309e-05
4.373467194423005e-05
0.00014498619535852013
0.00022963385398819334
0.0002731171667106389
0.00010992188758972353
0.00023987774914083313
4.398613470367204e-05
0.0002605260922148718
6.779905548742851e-05
0.00013051784248243746
3.491899711326192e-05
0.00019533045734068717
5.762062368682056e-05
6.422644622713698e-05
4.090107851916599e-05
0.00028919544934704624
5.118500312604641e-05
0.00025034066017917667
7.625941988121603e-05
0.00014711669737509878
0.00025100046999311883
0.0002627549076122699
9.099840944542563e-05
0.0002852745762825919
3.8386560407488455e-05
7.217495631392465e-05
0.00014101560049856933
0.00048539483635126824
4.286651077970689e-05
0.00015054392100215632
9.697125014860809e-05
5.676277551335877e-05
0.00013364577312785937
6.19016505475599e-05
7.268390077493214e-05
0.00021463727222108074
6.0895575313139365e-05
0.0002666706819943092
3.85077377315048e-05
0.0001581897164929548
0.00017058704061226733
9.778903983374826e-05
0.00010563891813339165
0.000396924160495886
0.00011103350911483232
8.844585313162966e-05
4.2401962923894154e-05
0.00023145256702415549
2.482848905457943e-05
0.0006299666063300124
0.00016332226065582373
0.00011727313225146969
0.00012550904189789162
1.697851951777733e-05
0.00010375407515848859
5.3535094918843423e-05
7.838965892430608e-05
0.00014475168765721382
2.7953788910647978e-05
4.842969245731639e-05
3.726280372015911e-05
4.049169361923101e-05
8.399099901482883e-05
1.597456659317282e-05
0.00010093326903598967
7.862343904704022e-05
4.852021652474975e-05
0.00011556165644724511
5.0388968124044533e-05
2.532605040011087e-05
9.945065924251342e-05
3.647016941565598e-05
0.00013018835389678058
0.0005280915411980778
0.00016520934850049093
0.0001068951705445373
0.00024152458541574397
6.792530658531798e-05
0.0001823278780446564
9.328031356110906e-05
0.00010001540539312782
0.0001916116178308034
6.721289852203463e-05
6.209687008908751e-05
2.5962325723103755e-05
0.00028120332771449904
8.964836519451132e-05
0.00015497350868657903
0.00010346526848759472
0.00036304790522069926
0.00046240084659360806
7.362530932943255e-05
6.324216606645498e-05
2.3602251243787204e-05
0.00025431669365522645
0.00010461671337995545
4.06798904647227e-05
0.00029134781068746867
0.00015921976514388946
8.369647426930172e-05
0.00017436489522791154
5.363523749749228e-05
2.177482796403033e-05
8.454872831418082e-05
5.448458931517208e-05
6.128035646576779e-05
0.00012098264098009981
0.0002091461302008486
0.00031505310389486106
0.0003558142016616107
0.00011445495766695615
0.00010764682134589477
0.00027288156053531585
3.496119121978012e-05
0.0002202845141303044
0.00013025780122043995
4.958710704263094e-05
0.00022861758765931108
0.00010762954600603342
0.00017546960881137779
0.00013050079390330722
4.726107032922837e-05
0.0001000889357498086
2.9776997387531683e-05
0.00021385638626674746
6.818102664650697e-05
0.00014120454400900242
0.00010031208220510854
8.02873432815258e-05
6.635932905799672e-05
6.735599429911159e-05
0.00012660481249351525
8.558280094686258e-05
0.00013895268834299265
2.8329605315462423e-05
2.7023732227160824e-05
8.585607276082632e-05
4.482031978178148e-05
3.9113509480851174e-05
6.081857710350796e-05
3.6655135271603096e-05
5.132361449247569e-05
2.341560825332445e-05
6.413608302255331e-05
0.00021546364340785097
9.700439241120659e-05
0.0004596537980772499
0.00011438970452287365
0.00013277784470689462
3.186704603367941e-05
2.070245427458862e-05
6.11788350042408e-05
5.4135882818128526e-05
3.241209462996929e-05
3.0495478849833807e-05
0.00011172331159120419
4.222233080620854e-05
4.482499612299585e-05
0.00031868516837880225
0.0003065093105214176
7.579241154032093e-05
0.00014126222785635297
2.976693935097693e-05
5.0173423199568775e-05
5.477356138153391e-05
0.00019765996167162906
0.0002820607362983197
4.528089498418631e-05
3.450508866501745e-05
0.00022731565431244587
9.331056831660408e-05
0.00013312423211004116
4.0999490304913625e-05
0.0002204802731542357
0.00014901428401313372
9.41915606952299e-05
0.00015965710499546407
0.00013288394105628098
0.00026892729149637746
5.299572930718587e-05
0.0002276165977704218
0.0001132228142264937
7.293057878953282e-05
0.00011360232281325067
0.00011259521551047179
5.299011997999497e-05
0.00010664529908419891
0.0001246207121124493
8.840212153580482e-05
8.670851949198255e-05
2.375275743016423e-05
0.00010682361187002161
0.00017355348111633537
0.0001907957766773105
7.44468371952818e-05
0.0001815254559766363
0.00037483527995330594
0.00032594478611477657
5.077293378478866e-05
6.615368692930142e-05
6.704609200078242e-05
0.00016167298051599
0.00010776324570166017
4.493606046638343e-05
0.00011578690650489409
0.00017384239458355084
5.946110738623973e-05
4.286294688657177e-05
8.717319321469015e-05
0.00023666153947166977
0.00028653067186269076
4.072887723242457e-05
9.524054345591787e-05
6.877528077793627e-05
0.00013223782795115837
0.00036459220680280276
0.0001157814093331416
2.9458256638477276e-05
0.0001846882567532606
0.00028781982913195215
0.00021169255583481378
0.0003227147500538946
4.589434508697391e-05
6.05015765793774e-05
0.0001687225929796337
7.564030200493255e-05
5.675748540246005e-05
0.00012917114144983524
8.390697706970159e-05
0.0004039825318981896
4.3955475663489596e-05
0.00013254663633102389
0.00010421213359875216
3.313471899405435e-05
3.190010933111174e-05
0.00011140119246699227
0.00014065367285723106
8.254665197650347e-05
9.500973804003299e-05
5.807934981889283e-05
4.5486739972191314e-05
0.000247760345157543
7.452755283340792e-05
0.0001071210611879496
0.00043061719007875536
0.00010993340146535704
0.000122989974518417
4.945577781693828e-05
0.0001094659803292112
0.0002541995314960781
8.348385258714306e-05
3.207881018305151e-05
0.00010135875825269448
0.00010707855507098847
3.594308757230262e-05
0.0003346358280206058
2.7005969214207006e-05
0.00014891201022952788
0.00010674094360365059
0.0001783159795602735
9.878452918064364e-05
4.6294668963798914e-05
7.378620670500243e-05
0.00017784418063959177
5.980558659168662e-05
7.06194254972385e-05
9.157818585014838e-05
0.0003664961797108771
1.7570109364068944e-05
0.00020095515676753196
0.00012057550238858018
3.91189102509771e-05
0.00016612300490922738
5.473571182012376e-05
0.00026163233479154164
4.476511869190278e-05
7.008191157597761e-05
9.765493143519881e-05
7.340661974869646e-05
0.00010229049741907217
4.2280831193599234e-05
7.564404254189242e-05
2.5914044205161697e-05
0.00013620459880976836
6.744863417545599e-05
0.0002483615949445929
7.212161687614147e-05
8.562654066260655e-05
3.10627762009483e-05
9.891371038764725e-05
6.262539406502698e-05
0.0001244064224646764
0.00014088196538829947
0.00037811186487539004
0.00012527785789374611
0.00021025576827431346
0.00013711973056563438
0.00021314885718419727
0.00010601095368799863
4.838896559259869e-05
0.00027225140982145725
0.00020827442020416033
0.00012965483890156916
4.7638147283753546e-05
0.00016432066924170066
7.864785033824099e-05
0.00014648375939134238
0.00014315913507842115
0.0001406486327992756
0.0002157959608820324
0.00032416898563250194
7.73470729707226e-05
6.656742097348608e-05
6.841099311267827e-05
3.311069445434903e-05
1.3792197152903535e-05
3.745354330571638e-05
0.00010052167292110578
0.0001834075792279387
5.260761109692423e-05
0.00026762412332125316
3.11514629594585e-05
4.230005393788251e-05
6.820693589314874e-05
4.410322593573509e-05
4.4171557009392855e-05
0.0006638509480148391
9.963520951069311e-05
7.750490029727767e-05
2.4733615327730818e-05
0.00027191147620229836
3.785395662842377e-05
6.929211718454324e-05
0.00011385987107433001
6.0366345360527656e-05
5.427757322849533e-05
3.873209645652886e-05
0.00019520062364299556
8.115159553732259e-05
5.859599514442127e-05
8.253293710371077e-05
0.0001016105686240583
7.405208894523654e-05
8.499812614157544e-05
5.152904398817171e-05
5.120337504811652e-05
0.0001327576063862494
0.00012576428316209848
7.404144467372971e-05
0.00032341579235657425
5.275231348397222e-05
7.373377825904604e-05
0.00020784663910509133
0.00020685649445747727
0.00013693486708043893
0.0005308153986596197
3.0261467156222747e-05
0.00011986942623386727
8.279295543046073e-05
0.00017346023510408289
3.819544331592326e-05
5.112071051876843e-05
9.928648985979159e-05
0.00017657595151489592
0.00046596157177534954
0.00020824400192797789
0.00020055751553497666
0.00011003304529018247
0.00014746714082439184
5.3754890199221975e-05
0.00014910435216289688
0.0001182112105207523
0.00014673136700783966
0.00010542483741952283
0.00022135846974509967
5.62766136971562e-05
6.072904523651098e-05
9.930618678602378e-05
8.229099590516404e-05
5.961414287855157e-05
1.863791876542511e-05
0.0001923324214620391
9.176699788833345e-05
0.0002261036397964417
0.00014983898520180828
7.834913655130464e-05
5.7660247447892804e-05
2.0751511115254485e-05
0.0008930997583970193
6.700292368552284e-05
9.666864479300774e-05
0.0004954747435970946
2.285071993082787e-05
2.4051298539897427e-05
1.7456808604790026e-05
4.561421647370213e-05
4.984402139124342e-05
0.0002017526110354432
0.0001280701325914986
2.8817955135933295e-05
6.269949833441067e-05
0.00016481542188763134
5.3953412595169723e-05
2.6884969786729642e-05
0.00018469680098387833
0.00015408295567450768
8.133262563762986e-05
0.0003502675350101413
0.00028676008581688783
0.0003816236076800587
0.0002069142386370546
7.49767574170375e-05
0.0002863094301448696
0.000290375295809821
4.751076453663137e-05
3.676331035743087e-05
3.140246915902655e-05
0.00012651325416733307
8.705658868468234e-05
9.408575562558819e-05
8.030280498055651e-05
0.0001573115723753493
0.00019077947154400664
5.355537666293294e-05
5.597999880208385e-05
5.498214254740078e-05
2.517408168441442e-05
0.00032216547190372103
9.748903573160114e-05
0.00010748196238891067
0.0002349545958314276
5.279716122268993e-05
0.00015158865336570122
0.00011790158298207963
2.5855344912592847e-05
0.00045738269147522923
0.00011799896683188859
2.1328865435391895e-05
5.3720144116568174e-05
7.855762714826424e-05
6.83502528531095e-05
7.787437732921495e-05
0.00012174100553233444
0.0001514763697189333
0.00013052064855224865
0.00010402997158551016
4.977245012377726e-05
0.0002460784886126302
5.9285633138266945e-05
0.00035879281771961465
0.00010568774623681127
0.0002700106904500814
4.0643047534336415e-05
0.00010776709870044364
5.579304375224808e-05
7.53686930450085e-05
9.062603024184304e-05
4.9139926530239547e-05
9.811461435095513e-05
0.00017461488248245386
0.00014239002749251575
9.191884822099093e-05
9.70804063421251e-05
3.5880909804176545e-05
2.06687300083871e-05
5.9683010305469264e-05
0.00011980830894298666
0.00012160553854148002
6.310513100139398e-05
0.00017716798919046648
0.0001447948048487819
0.00012189988770146494
2.1496541108375462e-05
0.000108471078648145
0.00018713040027092625
0.00030159961511797923
2.7929425944093354e-05
8.5757868079729e-05
3.492282740308355e-05
0.00014038802341029364
5.7667943846448686e-05
0.00011947916394797936
6.046380778151694e-05
0.00011311212435756965
0.00016862998831552675
6.660671498280943e-05
9.338237144084429e-05
9.417396771814533e-05
0.00012581406893286695
4.449360593825856e-05
3.971168159531792e-05
7.367587588775642e-05
0.00035453720625395303
8.344887243856842e-05
6.184033754675848e-05
0.00039976815144582734
0.0002797172389175492
6.193598258008926e-05
5.230498720014914e-05
0.00023674378651154782
4.074666900840254e-05
2.815068951643724e-05
0.00011445474821657435
0.00011505338948983933
0.0001185250647123259
2.3286478877263053e-05
4.666091333552314e-05
2.5459752139421886e-05
7.068605800005225e-05
2.9595211280816207e-05
9.094018871952237e-05
0.00013536041134679734
4.100063451401921e-05
4.141511781190795e-05
2.093726874314876e-05
5.1166600198275904e-05
0.00021273873126371836
0.00011185998356962358
0.00014877586464674778
5.5353251989762644e-05
0.00015445006899528327
0.00013657403669814995
0.00021454895701287943
9.073144465892665e-05
0.00011260732584401979
5.9421140219949156e-05
3.78960881648864e-05
8.489478380032163e-05
0.00010521004272241238
3.6817773403592956e-05
2.1220000603447285e-05
0.00018778333652198008
0.00021806172162328614
0.00021109151390284094
7.269267108767126e-05
6.277363129971027e-05
7.646076063276211e-05
0.00018003952168221566
0.00011440355483975705
7.073162861456892e-05
7.315279611950759e-05
7.881507649979657e-05
4.870524678700652e-05
7.821976682552578e-05
0.00022084859295038177
0.00017933278344026216
2.614244727139423e-05
0.0001230626579359116
2.932670840942492e-05
7.769833490239401e-05
0.00011564433526142442
0.00015211041333281126
4.1573586398233244e-05
0.00011966880021034336
6.634945567517705e-05
0.00014587675775655956
5.108594968078775e-05
8.52904197397334e-05
4.6285597933539393e-05
0.0001669746188004311
2.9812373964200076e-05
4.9966349095190664e-05
0.00029624463252117414
0.00014354008519594234
7.846598252550811e-05
0.00014829631241665818
2.689619698576929e-05
0.00021567126731794354
4.8609096861439484e-05
4.5158493005379824e-05
5.649654017832298e-05
3.8460120673365094e-05
0.0001171016654904166
5.252710688820479e-05
3.58384522245358e-05
4.2897691266213764e-05
5.53442592716841e-05
5.9796404770427416e-05
3.0072065001610464e-05
5.445086217860329e-05
7.654947344583049e-05
3.605105644329849e-05
0.00014468735802314038
0.00042401636614337624
0.00013066182001748782
5.0780868174760935e-05
7.009674307053105e-05
5.960372022541117e-05
8.2898223526397e-05
6.984008039384529e-05
0.000262106040395568
0.0001816464271948488
7.748842862285452e-05
3.6497914249713634e-05
8.949379316282956e-05
9.145997924610449e-05
8.093083907562947e-05
8.575678087513948e-05
8.309550704955077e-05
0.0002092495872246428
0.00012091409676182135
1.8878478689917228e-05
0.0002346975583197737
3.5558146148070765e-05
7.241091930877385e-05
4.665284849599916e-05
3.207727675083784e-05
0.00027827265446793957
3.146876439157822e-05
0.00019280255962837107
5.029250377615589e-05
0.00012822689408136607
0.0001700528804989471
0.00020267015223395435
6.12099513519687e-05
0.00015275681204575333
5.1909519202023735e-05
4.7360499579486904e-05
0.00021622108307729624
5.1612083546363756e-05
3.0422663720828143e-05
0.00011050958989891168
0.0001249722092297927
0.00014097719023754824
0.00022790646770502276
2.801159734670131e-05
0.0001471785352192344
3.9091768931646555e-05
7.429317722157814e-05
4.084709434555008e-05
7.65184387662104e-05
8.066899012419495e-05
0.00010188889452441327
0.00012828550581292695
0.00011665169906126208
0.00013297948873315925
9.95369929129145e-05
9.327215480984754e-05
6.786332109419599e-05
0.00011536346649904314
4.040622812788678e-05
9.389096794988963e-05
3.090306667615701e-05
7.033685096230511e-05
7.498823190380407e-05
0.0002874183222758589
9.116446127764787e-05
6.863010018660145e-05
5.330048367424476e-05
0.00016974341834925094
3.526747018582309e-05
6.708531643670616e-05
3.7908579096213904e-05
0.00014344606678432415
6.742471175169859e-05
4.975406136116624e-05
3.218984281179712e-05
8.162178309864036e-05
4.817869855572472e-05
5.721887307517856e-05
2.4384922368814582e-05
0.00015129615081462778
7.54407999270864e-05
0.00013474790523821672
6.726905310129473e-05
0.00017859378004574542
2.4535312864190526e-05
0.00010597280550752477
6.161334484246693e-05
5.817838557039535e-05
4.611736843622823e-05
5.343223884185111e-05
0.0001032614992790875
6.63427521709243e-05
4.477673488284781e-05
4.360420167253344e-05
0.00016753364248495395
0.00011046933313153405
0.00017261733503206274
0.00012926153294132763
6.79176870513004e-05
4.879603782723711e-05
0.0003260811001888199
6.161872697153162e-05
3.450700729271645e-05
6.239956393067979e-05
7.060365357563686e-05
9.29231741725684e-05
0.00018401952438092364
0.00032503612475482643
5.697754275175749e-05
0.00013745477871183952
0.0001091166284881093
2.8446420016710775e-05
1.771872576330961e-05
0.00013821400637257437
1.0201159583134358e-05
0.00013705789247950179
5.4463626999451494e-05
4.7405223329437664e-05
4.865292390743168e-05
4.997566040151313e-05
0.0005534731400893249
6.889132324518422e-05
0.00023713995440067167
0.0002103202673831075
0.00011427772184907994
9.920037595754661e-05
3.577536048247268e-05
3.288124354572854e-05
2.3979233027740505e-05
0.00012334643256554624
3.5129764941232774e-05
0.00012440911276437354
0.0001637073793918362
0.00011458725868783678
0.0004117049523635235
0.00023508303750255873
9.36464502794374e-05
0.00014159630473913526
3.497526197659672e-05
3.4415883894216115e-05
2.05676536824388e-05
4.144169429629845e-05
8.722966592317296e-05
9.935086169207123e-05
0.00013352095384491533
0.0001324891154766359
4.5633999468532644e-05
4.662879982467605e-05
0.00024345487042411613
0.00011605605496878343
7.406423602249751e-05
3.4564768706407586e-05
8.493723395755837e-05
0.00018108749325406658
2.8423546277771095e-05
0.00010526793772402925
0.0003317101330419792
0.0001354697744788719
5.052124452828887e-05
8.275676255763046e-05
4.8350221719216984e-05
2.743094192561767e-05
8.074071860248577e-05
0.0003298917141876588
8.130013163665076e-05
8.209021516810479e-05
1.8931320539808518e-05
0.0001340168554705077
7.136709272745711e-05
6.787848181587266e-05
0.00015307765759998992
4.43866898359476e-05
2.9631655726362736e-05
0.0003518980776507553
3.687319591423894e-05
6.735958736947797e-05
7.212585826085692e-05
0.00010809780000627767
5.3683432384387186e-05
0.00023224163401343095
5.721135633879805e-05
6.844825976722588e-05
0.00014708952958464552
4.372482934391407e-05
0.00016917606969069678
5.476442420528312e-05
4.1131236791610594e-05
7.395739334006207e-05
6.0016772136505175e-05
0.00016745899209986604
7.494750464818846e-05
0.00015752286015450757
4.7961416941592306e-05
0.0001257900095689451
3.285183448849544e-05
3.46345145554462e-05
4.8602032579650945e-05
0.0002721014983321252
9.656614732850395e-05
0.00013967173266383348
0.00020261116673814844
0.0001548137812362311
0.00010358423712841066
6.832459044548117e-05
0.00010697447862647775
3.2404468317417544e-05
4.141909564040241e-05
1.997937965909734e-05
5.567078648879293e-05
0.0002236264354017986
0.000112229980175498
0.00014331438364228826
0.00022706501747011843
0.0001437671382044731
0.0001705766439849631
8.687851692972382e-05
2.9333637823149123e-05
3.315092306387653e-05
5.278935306614637e-05
7.569263147259357e-05
9.625268903142493e-05
3.429257205253815e-05
6.877363882398712e-05
3.5315309599282005e-05
0.0002486137204035636
0.00011268329527839268
0.00012010522269584762
0.00038800666338631754
4.3591287041284306e-05
7.527845058223029e-05
0.00011037780528753241
0.00013155155059796272
8.261903681286073e-05
0.00011656028031477211
0.00014136002340867432
6.691898552694545e-05
6.346773678211293e-05
4.7569899941434977e-05
0.00025269334418540046
0.00012457161212083552
7.91429328726508e-05
5.6518843082571356e-05
0.00028160815926116294
5.434136123170643e-05
0.00010907823434202139
2.5620479359432982e-05
0.00011280741594857684
0.00011599014160700014
9.956820166399242e-05
6.031599580527476e-05
2.0573774236785236e-05
0.00025623293255180667
3.976936044271492e-05
8.851350981722686e-05
7.905853901361337e-05
6.87897112355268e-05
0.00020290140116551312
5.138106987403862e-05
8.896755444502898e-05
0.00011074938374852981
4.156090500021588e-05
9.235805413499031e-05
0.00017531059704529184
0.0003266489583367789
3.940605007620708e-05
0.000138407522317976
6.86846851948047e-05
0.0001661353406278731
8.260986782632145e-05
9.100358071027422e-05
1.803566082717414e-05
7.908017135047765e-05
7.788797231906083e-05
5.569063156142808e-05
4.408126661754539e-05
0.00016775104668648885
0.00011835054814263613
3.492713896785313e-05
8.046805274995461e-05
0.00034405143945791635
3.0234199764296405e-05
0.00039367965718569326
0.0002771881676533756
6.547695210725683e-05
0.00012273314464713813
3.601968837287963e-05
7.067603409923364e-05
0.00011861080711106786
0.00020820350658577898
4.994970037336981e-05
2.471068769716557e-05
0.00011026987727645886
9.051695625017899e-05
8.83118395321651e-05
2.167341200409114e-05
8.005046961530496e-05
0.00036628773457791474
2.3070468803476268e-05
4.775110011655864e-05
4.46002459979252e-05
4.820882326140231e-05
0.0001100041146962094
3.2167856368730295e-05
0.00010585811103630114
0.0003355516512102316
0.00016343054615825965
2.893637522368208e-05
5.579716692365414e-05
0.00010780531537083836
4.6259746885053335e-05
2.4839973070091203e-05
0.00012971500397549132
5.7583085362373936e-05
8.986557429332043e-05
5.2180737047318684e-05
6.997173604856575e-05
0.00018727339901888614
2.9757359146785336e-05
4.414980043348474e-05
6.073126198355539e-05
2.8973268664559416e-05
3.066214898627789e-05
0.00015258210755552813
0.0002754319687457823
5.015291135130998e-05
9.743987390544702e-05
7.598400432446748e-05
3.751689310975195e-05
0.0001507287477622416
0.00018201941915469222
5.040928909859379e-05
5.473456521988621e-05
6.624647394545915e-05
3.088586779051341e-05
6.222374465473203e-05
4.9333255015270555e-05
0.00027490522381643754
4.5656610226105416e-05
7.321461971321031e-05
3.2549067864062686e-05
1.5255325041473003e-05
5.47293867803007e-05
3.464775532014293e-05
0.00012402702207467363
0.0003481386181384255
0.00013422350604742406
0.0001330879453692123
0.0002777116016004344
6.31858198808747e-05
2.642301847808142e-05
7.477887553223847e-05
4.047439626044026e-05
2.2185197147423283e-05
4.8714214547985926e-05
8.757519757708947e-05
4.148627075547511e-05
0.0001262335839201624
2.90076988366527e-05
0.00019700561348360424
0.00015631204643614798
0.00012852528871431268
4.491277740682963e-05
0.00015252998146403677
0.0002144123788800454
0.00015484358960258563
4.3156096625749683e-05
5.077346060711495e-05
6.325897245768855e-05
4.5054089255884624e-05
0.00015964680565008538
4.1877140734318824e-05
3.8131028547347e-05
4.391843503959083e-05
2.4959755218871594e-05
0.0001263655786175933
5.237668140559644e-05
4.1603308734638164e-05
0.00010764361440872801
0.00011470729828429822
0.0001191186028126221
4.74130500755097e-05
4.4755346707258234e-05
0.00030799846132031607
2.556251609548623e-05
2.2983735604734006e-05
0.00010567381133443802
5.3565492460017534e-05
8.14170512017189e-05
9.189487361606684e-05
3.485848217637732e-05
5.6536298203031064e-05
9.74527776449499e-05
5.1754254838020064e-05
0.00010593609497908509
0.00018339636665490742
3.375222364196035e-05
8.199407995342771e-05
5.994793138592689e-05
0.0001053626712974014
3.2444459493294735e-05
3.8306452248422483e-05
0.00015717215790969353
4.6623709319659125e-05
8.697313277842773e-05
2.9835441446686275e-05
0.00017197732645629892
9.681721033176938e-05
5.189078325710283e-05
5.661624426209986e-05
8.27181398776657e-05
3.9812599599002594e-05
2.535327477247033e-05
0.0001268844223320363
0.00010173263452191622
5.619131533741111e-05
7.396227484086031e-05
8.718092480092719e-05
2.8025172732350243e-05
2.766195721680622e-05
0.00020862432108226364
0.00024370625431309085
6.545300774115796e-05
9.253897894458982e-05
0.00016854181289053028
3.1186052531935544e-05
6.192059529714803e-05
3.0450539864784606e-05
4.0144376748567965e-05
0.00011904321311318071
4.9423095590345045e-05
6.799589716841289e-05
3.924399368025813e-05
5.852316305733815e-05
6.704125417366432e-05
1.7440909272340756e-05
5.588077007633668e-05
0.00014194779853309933
5.661971289273629e-05
0.00015249900258021355
9.550216487169198e-05
1.7309269804050056e-05
6.0671330745595756e-05
6.056380308134928e-05
0.00015911941665382222
8.93895547620908e-05
0.000138076686364439
3.809185000337042e-05
9.73209978640326e-05
9.404024277360038e-05
3.5391039220265816e-05
3.595479846633387e-05
3.81450695700956e-05
8.314692102633794e-05
0.00018650415859046475
2.8694540949741632e-05
7.814719056304273e-05
7.513415694991438e-05
8.383980091623503e-05
4.341082761619118e-05
5.1412246142020335e-05
4.125994540548942e-05
6.616403889186473e-05
2.6055789205052865e-05
7.044519560519699e-05
6.219462225555234e-05
4.03483258796645e-05
3.7107697842620626e-05
5.6462068810825564e-05
6.56795715638058e-05
0.00021388197739105104
5.7421495478693676e-05
5.184725220906899e-05
0.00011739551345602315
4.7657384858340266e-05
4.486721880757032e-05
2.616771401111342e-05
2.599161614185191e-05
4.2291825048214385e-05
4.132818749163036e-05
2.3781606208512487e-05
2.6134016365864983e-05
2.8023512575041808e-05
4.6438748348225976e-05
7.273776583243579e-05
0.00010098392331955262
8.912956363275362e-05
0.00017061044870190118
3.294670869291232e-05
0.00010807275387938038
4.3673462114216556e-05
5.2119585666345716e-05
0.00017322549955464716
7.044007797613992e-05
0.00017675693636099243
3.2164850294365915e-05
3.480353671928877e-05
2.668002830426898e-05
6.573318399468062e-05
6.654679377606114e-05
5.6166709186247966e-05
0.00012504911387089076
3.712683878092997e-05
8.53858522180688e-05
0.0001824792416136462
3.159944096605139e-05
0.00020437493561388298
9.066886517063573e-05
9.388036962717991e-05
6.539414514813912e-05
2.2625442019735634e-05
9.84348442233633e-05
6.076586737313453e-05
2.319922812929272e-05
1.8230739885765377e-05
0.00011822257264788246
4.494834616931929e-05
4.126145221412494e-05
0.0001448087446490364
4.044912645378384e-05
5.342799380074573e-05
0.0002000635103203727
0.00010591484382889646
5.467930389719911e-05
0.0003082126259697331
0.00012649068642799346
6.267658051957994e-05
3.534349051185232e-05
0.00011171345653862917
2.9501290284060343e-05
3.49705584114533e-05
4.392758308116863e-05
0.00022048907352478544
5.648059797681951e-05
2.580684671246118e-05
6.086807750399303e-05
4.797357743941296e-05
0.00017240116795825582
4.9747358918684477e-05
1.3877618682930773e-05
4.2468587895756254e-05
0.00021953049497358293
0.00016139798909224178
5.9328609686326644e-05
4.1344143071892125e-05
5.429993765908392e-05
5.605585270699992e-05
0.0002941251934819012
0.00015216088648699918
0.0002625730410047428
3.392387847477714e-05
3.7018610527392073e-05
3.3287980201496266e-05
5.62994278895986e-05
2.7895639574292307e-05
5.329188492881252e-05
4.415587749886369e-05
3.730979987491618e-05
7.982984593038334e-05
0.00018454936262433643
0.0003177399084085547
4.4716448695498864e-05
0.00011721460325673712
5.9177527081964466e-05
6.729648738632283e-05
2.5166531682489752e-05
4.292432189521493e-05
7.834686602199702e-05
4.712310294827717e-05
5.437468549442058e-05
4.8225590961359234e-05
4.0751145000847866e-05
2.8232220288660414e-05
2.697891948565306e-05
3.437443894585763e-05
0.0003360177732936752
6.4989445982136e-05
4.18932864923588e-05
0.00048144180846813726
3.9782841941518924e-05
0.00016221649082551933
9.545841450842919e-05
0.0002630365196606979
5.914060665077161e-05
0.0001273118982077146
0.00012489559771382305
0.00016278674142486865
0.00017652206368145857
3.125158130553426e-05
5.5079717023793034e-05
6.470059248519646e-05
2.1313492805646145e-05
4.1712276531804437e-05
9.119574228655118e-05
0.00011155383393473077
3.559715278766996e-05
0.00017667479282728062
0.00022986710052504692
3.351561482385948e-05
0.0002576592339435656
3.90670298607749e-05
0.0001213776883451552
1.5182786219216665e-05
0.00010059946442750283
3.71384974863422e-05
0.00012046547122350617
0.00011720841197905396
2.7833044658577464e-05
3.529676805293517e-05
0.00017490621444687078
6.375725341270132e-05
4.989937330008727e-05
2.7830078379182423e-05
4.0156805306201884e-05
6.013175023069603e-05
4.2138314743287655e-05
0.00011940868980880462
4.56164383621667e-05
0.00012252481147671416
7.018722896467624e-05
3.2146616685539196e-05
0.00013464325518253853
3.9615495472067955e-05
4.871871076752209e-05
0.00010400113012227603
0.00023000989538051313
3.915305960188772e-05
5.114536576325651e-05
6.08491405511959e-05
2.2182091231348246e-05
4.1414582289376534e-05
6.736461598058803e-05
5.4897767170203e-05
5.3405885225474006e-05
1.8685586450995816e-05
2.9674032673453262e-05
2.752495625489401e-05
5.528302095021886e-05
4.586176408407861e-05
9.916105934694182e-05
6.364573436356753e-05
5.1401833910998324e-05
8.076434582512655e-05
0.00013115816253102594
6.515929498420337e-05
0.0001253317998521847
6.0859147242200306e-05
5.505359726515382e-05
6.4488321362745e-05
0.00015295897799453615
8.581762784704946e-05
2.468742551795383e-05
9.083908651018387e-05
5.689988907250509e-05
4.7622205310127405e-05
0.00010208748900718064
4.72271828238558e-05
6.579739796957187e-05
8.14987144076489e-05
7.76732187223013e-05
3.1952629851656144e-05
0.00013528411137441802
3.283956050446373e-05
8.439992266833018e-05
6.470900592642831e-05
5.0283895128427225e-05
4.158211701915593e-05
5.47250171381042e-05
7.176328077643884e-05
3.575414468598856e-05
5.9028281729094384e-05
6.849616960528944e-05
5.713286285762783e-05
0.0001293693795999346
2.3737406550612e-05
7.281530900744908e-05
0.00011072840890823895
0.00015526586234499627
5.370336370878013e-05
3.847512627057119e-05
0.00015483184350523126
2.1956619735882073e-05
3.655251940406065e-05
7.8247588236826e-05
0.00011604832831196752
0.00022700980600870557
4.1237708425922144e-05
4.798015478685883e-05
0.00014718302339497875
0.00011456735623287942
6.098637549253377e-05
0.00010018218814640232
4.812683272973442e-05
0.00016816107295806906
0.00010262279138149546
5.47380527707351e-05
6.382228710319327e-05
4.810251656453598e-05
5.0713827890783205e-05
3.7423413517081536e-05
6.331166359517632e-05
3.85301715512455e-05
0.00012324676368613506
8.290866175374273e-05
4.076736373892372e-05
3.112046801429925e-05
8.521510739857705e-05
3.21876821704047e-05
4.3692254000302603e-05
7.690601370708115e-05
7.067084597659565e-05
4.3464631241468163e-05
4.02442203822292e-05
0.00015192879028528387
5.900756595538661e-05
3.513776219423837e-05
4.220942649151238e-05
0.0001087346366459688
0.0001432088110138952
7.603192581692798e-05
0.00013760732322185728
0.00011084117924217602
0.0001041406444533343
8.361701718213394e-05
2.3997931949399648e-05
2.9217338301986964e-05
8.037300491772408e-05
7.120262256195926e-05
3.441336217445697e-05
4.4195915954899905e-05
6.167175854518284e-05
6.873847513952003e-05
2.4762749083306375e-05
8.817786311967115e-05
6.931874789142357e-05
4.9822272841943705e-05
4.111362162648665e-05
8.487074286800111e-05
3.038739460485802e-05
6.300519253334023e-05
2.7297609957353516e-05
4.142594978239137e-05
5.3116084298424704e-05
3.2712105771285496e-05
5.317194438467108e-05
2.905452904294082e-05
7.550850580135151e-05
0.00010162889020564795
0.00022253616223028724
9.240152124642917e-05
0.00017290228239469777
6.646665855743291e-05
1.6884115572517986e-05
5.850892349293563e-05
3.8305470758545833e-05
3.7186479032349824e-05
6.26555605501749e-05
5.878721423482627e-05
7.11394390942243e-05
5.810560368316675e-05
0.00018118632067586177
7.746867441349105e-05
0.00010982769713166471
3.2615800791432777e-05
0.0001461054083790927
4.199748131671667e-05
5.1902109245475485e-05
2.7086161490241614e-05
3.7332239901281973e-05
2.6111558210278922e-05
7.552148075430771e-05
3.7636075097693895e-05
2.896543395187523e-05
1.9822724356582695e-05
2.8191425294316137e-05
0.00011349646735514865
6.054588971269175e-05
2.9631600341753806e-05
3.362168974533459e-05
1.9511785027810288e-05
5.143719899088568e-05
9.359468705169066e-05
5.214059549214011e-05
7.030905427695296e-05
3.3540399256602125e-05
1.9380184610028877e-05
1.9749632924147375e-05
5.877001652651217e-05
0.00017245117600582776
4.55325564269009e-05
3.386870285272387e-05
0.00011154477482514254
3.996521344617432e-05
0.00011463562894606208
7.262646275098066e-05
3.075793328727994e-05
5.77221706468556e-05
2.2877367013735004e-05
0.000119389262882423
0.00010348775038492174
4.0678086951839066e-05
2.5383088457211832e-05
2.8197353098057467e-05
0.00011022042659226425
8.229034192363993e-05
9.328473039553412e-05
4.267479864918704e-05
8.224920342386847e-05
4.32278496569272e-05
9.455485923839447e-05
4.387929384487331e-05
2.98556724246371e-05
5.835422444141073e-05
0.00021653430192303738
5.114787212255389e-05
8.827781098680741e-05
0.00022894175970155858
3.9168890893554724e-05
9.554487365710042e-05
3.60161730259678e-05
2.868053415427753e-05
3.7639790145925905e-05
5.0426160829886275e-05
6.394829621200397e-05
0.00012349646191098622
0.00011247922759575636
8.093843603613712e-05
3.911371604072492e-05
8.493528738118307e-05
7.926715205377087e-05
2.985510763561524e-05
5.869462680132657e-05
4.301309383237616e-05
9.636689693438029e-05
3.669935360059153e-05
0.00018154317942272136
8.908464210524257e-05
3.534952218472439e-05
8.854117099732083e-05
4.948833283292837e-05
5.482900785609429e-05
0.00019260873982545403
3.2963997234565436e-05
5.905223366084634e-05
7.664081428576354e-05
0.0001288348520026377
9.934973061548304e-05
0.00018121560031077267
5.8014853039540234e-05
7.967107077985682e-05
5.366128868084352e-05
4.209472606783016e-05
3.447207496008847e-05
9.246075056427953e-05
5.972536814613743e-05
0.0001264647887006048
3.790390925779535e-05
4.679349351633745e-05
7.027321410198855e-05
5.7979527615575546e-05
8.983053137871373e-05
4.482423036130783e-05
3.347612766639903e-05
0.00011654236462398671
0.0002238758652651974
4.692113094951161e-05
3.091921854560641e-05
3.0150177019809416e-05
0.00013744161365705047
9.936278098930356e-05
6.242607413886166e-05
2.6674900295906858e-05
4.005692813147922e-05
3.559089027963714e-05
3.823579955780017e-05
2.7300854210190103e-05
0.00015127193340499283
6.349240491905612e-05
3.0145992467012304e-05
0.00015343202107196379
7.57013769076899e-05
0.0001154920453616948
8.844110190822378e-05
9.338376318678721e-05
0.000119265968420129
9.332470267552958e-05
7.94363910211591e-05
6.615874095758802e-05
5.343941115827114e-05
5.200976517570094e-05
3.098089928219197e-05
8.526842863103503e-05
5.65727013428946e-05
0.00011745342883512461
6.92407107899138e-05
0.00019750373236125375
0.00010950811296483892
9.350443187648224e-05
8.080385841009023e-05
2.2121843529039235e-05
3.306945290837327e-05
0.00011003614711377707
4.523017921099365e-05