0.04975389636413347
0.04534619549808207
0.0695230646877339
0.009383158919241207
0.08632484971603266
0.023020498396032894
0.08337034529286189
0.015934471345810965
0.05072073064184754
0.026091501270371055
0.026345588042029584
0.017595794092029264
0.010459152379386329
0.019042824835078315
0.01362239939411793
0.034807318451382394
0.014207420873189719
0.036539426805540474
0.007475781150770277
0.01806795173677494
0.042370608330396305
0.026271751601772635
0.003866936476313451
0.024158222289705756
0.006195303370135307
0.004589855298638029
0.008378348636429334
0.007810902738750187
0.019414331480051894
0.0020642581060660433
0.017673098251574548
0.0023261602508007203
0.013261388904053945
0.005618464333334008
0.028021745287996707
0.004993821282596564
0.0022775292456021865
0.011222878751083853
0.006301626526411931
0.0015945182196091437
0.010854728700873817
0.0019077845810110217
0.018191768445181857
0.0020930674970132362
0.008212165632313431
0.009959546032739979
0.010410575222551071
0.012955601869945434
0.003238147470328651
0.013977300897701142
0.014024796469387268
0.0065941030050146515
0.00884674808108514
0.0028487665547334514
0.0007613102600570448
0.0033658934155269514
0.00663907859090363
0.00481795173978131
0.008851000149285118
0.0012232600499073874
0.00450554365004658
0.004599690014591639
0.0088476921911692
0.0034801798975256475
0.009657413402342689
0.013166841736503601
0.004235524319240519
0.007474560809485181
0.00644425707428057
0.0026332634570025173
0.010895165503199921
0.0014174455389378356
0.007596366423497739
0.004119894589452153
0.0011516475390488676
0.014378717187907848
0.0015893874765542497
0.005281169338328828
0.00696242505446643
0.0015880431558307612
0.001942529102672865
0.0020398331557686545
0.001064298270457373
0.01746541258365787
0.006997335004179817
0.002930321491998577
0.0020258962428493037
0.00443798625106309
0.00896319609011586
0.011266469465751324
0.001463986138117328
0.0014688224039444164
0.003857544003051151
0.0008814416420017446
0.0029372190692230865
0.0054649616751050924
0.0014102136737234496
0.006963672233465349
0.0019265076102143977
0.0008504350152345096
0.0033654514070363037
0.0022578552083797323
0.0015835227889082185
0.0014387182785526222
0.002832720566730486
0.0004982914265789771
0.0027691145109386157
0.0040607972688572426
0.005544893151486687
0.003782696510925622
0.00452272991422583
0.0013539001956566793
0.004057509556651289
0.002709273781078751
0.001489798987320457
0.005546292632320153
0.0020418816665782515
0.00911990409613808
0.0029565964020046554
0.0016882194944592452
0.005078164123153477
0.0013091918433547946
0.003028730334048012
0.0038919452731025254
0.0012191164968240094
0.003558018365019529
0.001283350738126224
0.00023182751857580446
0.003737873588836715
0.003048272275367088
0.0034419626555620185
0.006066093444850103
0.0011962303128468107
0.0056957374194422546
0.00080557313994214
0.0021844727066538793
0.0015705135758240542
0.0026605930976261486
0.003128112065899087
0.00842862526991679
0.004659062968249324
0.00057900742971954
0.0016829843730223483
0.004751131087543245
0.0019438879419818558
0.001710472023748772
0.0018114505576462033
0.003962460427652555
0.00044125339665348595
0.0029217436304769186
0.0031456282366948553
0.004595546489323843
0.004799855732815761
0.0013602014839051888
0.0018999018054424545
0.002110515261600377
0.002480469066544391
0.001800096797392878
0.00375737044543476
0.0030656617987965687
0.0012637996627753707
0.0006684950942058089
0.005904320920141986
0.0017018211752786456
0.0022085517624152646
0.0016980583064029585
0.0016455384075335542
0.0034654376942281533
0.0027656017158652745
0.0017570422395457588
0.00662283950540069
0.007696728556083095
0.0025114384117388556
0.0028911845854489417
0.0025042537815390354
0.0010291862776484618
0.0013230100409970737
0.002040867610038774
0.0007924743999481279
0.0011128121084091598
0.0031812626681626305
0.00035946986442004673
0.0018049533322312494
0.0011468400742765934
0.001488637326450605
0.001213078381459489
0.0026472767061691866
0.0010669494111856565
0.0005949113779985167
0.003112501514310251
0.000677181939489949
0.0006864890803194671
0.0016998344225489517
0.0011521325866097908
0.002091709745962276
0.0009172955730873683
0.0010437360166900772
0.0035984138151529347
0.00033310559551138943
0.0002946139901158122
0.0008228959836763479
0.0007190372212106212
0.0028912238247105395
9.991536864669118e-05
0.003646458057636312
0.0045447589939382966
0.0026546581388751586
0.0012209771951472964
0.0009866736756318154
0.003544317829180955
0.002188408729505888
0.0014668964655422385
0.004022847827880013
0.0007573617329771326
0.000735534450594292
0.0008032360570888955
0.00227321711544396
0.0019904741227455003
0.0035912243128216545
0.00449668358478468
0.001427526332865934
0.0022771485289036168
0.0007519890611738131
0.0016031591835195785
0.0018060817800874798
0.006549995981251596
0.0011914846115579083
0.0015886716234155141
0.003514550947730426
0.0008537309354156018
0.002787792355252085
0.0011469485711395385
0.002039388687229351
0.0015186470588929221
0.0011815413846488414
0.0008802359840629669
0.0016451507492070484
0.0017535399978275156
0.0019533397890044418
0.0009453363936991461
0.010373784397114387
0.002301617407396361
0.0009338176489562481
0.0018835942692792963
0.0016421981622527604
0.0029341696553766227
0.0015691359604729175
0.0010792958256836567
0.0028899974346000435
0.0001481051505163182
0.001141170195918034
0.0027346061429296196
0.002272974731493462
0.0015558095719454769
0.0002153355483671431
0.002895503720782711
0.0007156556667269828
0.0012841264753587554
0.0008577556235987461
0.0028806397758781915
0.002862570490687382
0.0008398654790705914
0.001318865409776059
0.0016814824477241256
0.003053912914987157
0.002095108160696371
0.000838681310016219
0.0005255511203053187
0.0005501423864922604
0.002110181714212371
0.0018854863969250547
0.004068235062192968
0.0022385804572342544
0.0032759216139435082
0.001180247069844058
0.0007862478386042273
0.0007734249200659914
0.0007167803776118838
0.002417048401975359
0.0018083098825788402
0.0010969044486095517
0.0008841287985826658
0.00040808505850431156
0.00355461308544431
0.0012784951855631542
0.001153576178283693
0.0008293996286933933
0.0004581166433568182
0.0014748238529982088
0.0021637431134601693
0.0007044697404959672
0.0004771323418965174
0.0006886632821630633
0.0009350376149800953
0.0011938877980293798
0.0005726078920009496
0.001052184789074024
0.0007236402669631796
0.0005196264533577073
0.004507451812909362
0.000683679761201031
6.845200228758267e-05
0.000993964641309946
0.0006055354866037053
0.0009286191994509281
0.0008983990069023417
0.002036895690102547
0.002623480533075679
0.0009787445089100572
0.001858124413747234
0.0007057947250618871
0.0020201617459181124
0.000993366352894559
0.004773350989523783
0.0012375438387232374
0.002473542030823194
0.0021682879631568204
0.00016854071106795477
0.0006112563093151009
0.000656872785477859
0.00031669908160134855
0.0008751615125776146
0.0005146471759814314
0.0009467566838206859
0.0008235372692988922
0.0030731796821178393
0.0015602896822396837
0.0008789307400091137
0.0011231533812189021
0.0008877734449044184
0.0006552969513916264
0.0012224303557450593
0.0009365422119810142
0.0003901441242981849
0.0007153542379098067
0.0025771045632785846
0.001151767864116293
0.0010091518890446266
0.0014041272512442804
0.00024332878529193268
0.0017122740452372664
0.0004782575847093848
0.0021285137134599078
0.0011320392195611451
0.0011043925893569329
0.003261694758533638
0.0011754456400566227
0.0008751508322727552
0.0009156918618006907
0.0018531122073637686
0.00039353743911152195
0.0007530201824829315
0.0013623201591298636
0.0007451521912404546
0.0008111595393665774
0.0019923244941379378
0.0014543083358719401
0.001648989114007223
0.0017734713330363194
0.00044686052217909764
0.002202132082768111
0.0009298947957847196
0.0009010759471255272
0.00013787253822394866
0.0007172351211489283
0.00044241466665059657
0.0008308777778351488
0.001838253154381331
0.000492852461849362
0.0005996310592555456
0.00012092696116137868
0.0019859249902714074
0.0003023987888794247
0.0013702770011433199
0.0011384543763267962
0.00029141306010973395
0.0013111889827640017
0.00027319721360288807
0.0005598189049109645
0.0001389283294959713
0.0010892835052163316
0.0015089923011400645
0.00024376563937483452
0.001257201424644478
0.0013418855141517374
0.0007390782429933213
0.0005681975727140613
0.0009221028412776478
0.003647759692440682
0.0009553966986831301
0.00016703684939206674
0.0006253487797274235
0.0011419740904415642
0.0004489673452621577
0.0008050634775938545
0.0007650950784218892
0.0014928912791245333
0.0006181844541842603
0.0008168667662683774
0.00040937217739859936
0.0012088393770102374
0.001088215824089319
0.001261738245620644
0.00022983078544220562
0.0003661417002225915
0.0029113737594400942
0.00044894288867937876
0.0006976882481576898
0.0027275708724740083
0.0009129762378603214
0.0011435121392934006
0.0007750898399223912
0.0005479023556792978
0.00038422983985934443
0.0006141079287699502
0.0004094081629762585
0.00020982774667616423
7.67417874100904e-05
0.0007925325932916606
0.000232396107507317
0.00048144988367563625
0.00021835323487936296
0.0008185007633159395
0.001019677560326674
0.0002307195741440031
0.0003898116292849716
0.001405041823772943
0.0016616431531411707
0.00020089137793827548
0.0009335903573131918
0.00024215542815191694
0.00041744864871071254
0.00045239861585133864
0.0020268294643285773
0.0004395084569997248
0.0013542277091344234
0.00042835581680451807
0.00023572991126877957
0.0017107010084824268
0.0008016457388624236
0.00033934084975016204
0.0013765309791232408
0.00021247012095709008
0.0017437132969503539
9.883199208542321e-05
0.000327521301443878
0.0005917084244875996
0.00297430804364712
0.0006726254692853629
0.0011744864747247929
0.0008600331072686768
0.0014628823549546728
0.000970263561274487
0.0011847812902016064
0.00027531132927998927
0.0005494558676301711
0.0002736239429142119
0.0008973993391601812
0.0015270296150269108
0.0008542767084616249
0.0005688755453739019
0.00029069658636687347
0.0004060882344244022
0.0017766654528724682
0.0008162900011156118
0.0013348161736744394
0.0017948807976604253
0.00040811512529842183
0.00036584813470482444
0.0002152371713876458
0.0006585820518785975
0.0011099466005805845
0.0017136478034370896
0.0022897693902763977
0.0005222429642473978
0.0007344104761362037
0.0007003603183045627
0.0002314439190562927
0.0005248706394546217
0.0013104245945106507
0.0009704370920572648
0.0014110734009386723
0.0020224354123222527
0.0018840443328126835
0.0002570460860602761
0.0005322090242185737
0.0003477817735970281
0.0003922257659326873
0.00025568751438742257
0.0008434617600753403
0.0007190851592640059
0.0009210501296086843
0.0002525192190816437
0.0006423694692591916
0.0009746570763085562
0.0007311921427535084
0.0005174288062218455
0.0019382885641817985
0.00035524701787103435
0.00035888615363700426
0.0009962902090845378
0.0001035045665837385
0.0006811528007518526
0.00011886683044547492
0.0013235060031125789
0.0007129067514995219
0.0010225927519373918
0.0006307720554828948
0.0010943583378733458
0.0005483779745657866
0.0007589170815288678
9.799817232265588e-05
0.0010001494038097062
0.0009838376408595488
0.00020138835977619144
0.0010351585557547194
0.0005575870998111497
0.0014212880388833292
0.000356749044485444
0.0005440959971749246
0.0002994435491504093
0.0015225966575339526
0.0005971721925311167
0.000615754998449975
0.0009914433703376128
0.00030745631049737066
0.0008455342241350145
0.0004072385610764879
0.000903227558327893
0.0008323811422133665
0.001244128163848116
0.0003315539038941328
0.0016085179314443
0.00044789322986192766
0.00022006708203646592
0.00017733410059646027
0.00022559496004368517
0.00027304555357179965
0.0004287952800027949
0.00013356397927161002
0.00239498833431495
0.00021792594956572325
0.0005668045823845334
0.0011580129427625633
0.0006494092853145544
0.000795070155913877
0.00046578909501433595
0.00041092567011816856
0.00039519402270880985
0.0003811023170100831
0.0006275310849777851
0.0002992488833581869
0.00045157491768888565
0.00017459658692972583
0.000542014014414815
0.00043140133212911055
9.647222428577057e-05
0.0001856014053087279
0.002342691156658308
0.0006663855232026371
0.003242438696052375
0.0030913567150839196
0.0003781118354186749
0.0005421148126406501
0.0011350424497217093
0.0005814668259897986
0.0008309064422768281
0.0005792534338310756
0.0004401276837709649
0.0015829277044769497
0.0021317319993463934
0.000755653509270359
0.0009516421360770278
0.0008292859257452496
0.0006319208631280877
0.0004991374923308306
0.0005787801557459616
0.00081915043867272
0.00025064751749708723
0.0002937377995432924
0.00036396421848447746
0.00021534245583827719
0.0003652066040406149
0.0010104812431286135
0.00021117081994195214
0.0011365767403590408
0.0010342814554132834
0.000590746579230077
0.0011874141651062604
0.0001468867875574035
0.00112394965972169
0.000271286003685396
0.00039729724818859637
0.0005595368590667233
0.00031437731804630437
0.0004203866915537596
0.0007545534663383647
0.0003567221059464569
0.00021466610335617206
0.0003141768941293815
0.0011876641743029535
0.0004350483841390827
0.0002813222451216495
0.0002667213502204722
0.0010970320646200174
0.0005128071834395534
0.0014558722743947647
0.0012451808038837116
0.0006413317705991818
0.000620571693551436
0.0005330408575995675
0.003312951330488641
0.0007866290267420426
0.0006046425724921378
0.00015127502368587152
0.00038566846012241557
0.00013352502773681697
0.0009073728772038199
0.0009026795110331525
0.0018404065232491653
0.00018162034545487048
0.00022117694672390165
0.0005670201655572314
0.0005913340915290457
0.0005495710400608374
0.0004152490917803207
0.0004870863776909572
0.0009535992707779241
0.0006672229819156471
0.0002157048753261774
0.00021142114638960562
0.00020420991500949556
0.0006409724261245995
0.0002995389195246858
0.0015870550386100394
0.0007880649092365435
0.00018267915361145428
0.0008189706242501144
0.0001310643972563151
0.00032042267649993236
8.244805623970608e-05
0.00021945256285236479
0.00027998441621685416
0.00011648087745775646
0.0005272792633553256
0.00015085505458659117
0.0004958766298214577
0.0005865724712153597
0.0003389939552541839
0.0005691189556976709
0.0022487920297606747
0.0007741302391810576
0.0007197081456216263
0.0006433850239386836
0.0003650200990509387
0.0003873755223659747
0.0003829922987445376
0.0002539773938317407
0.0007706317620049523
0.0003302995700571918
0.0005637352192319287
0.0004615587411604065
0.0008198636606048347
0.00013088431989534259
0.0009616906363022172
0.000542777480634071
0.0005391872001605727
9.02040488518827e-05
0.0026452027241964304
0.0003418344670880078
0.00037065569801080205
0.0006525983857133649
0.0001316747865500585
0.0008204483373083338
0.00026287606650450367
0.000877430115426305
0.001059227108198775
0.0010605243791419275
0.00024993419358193173
0.00045582818828505294
0.00023975025653828167
0.0007040936387327808
0.0002805128481873653
0.001566270815907633
0.001428565555251178
7.1230873448047e-05
0.0009326460633205282
0.00019345940094385306
0.0010203941700694882
0.00023189722529487258
0.00045342119020195924
0.0001561510414825362
0.000673552021100263
0.0005451745752735888
0.0010872765213420822
0.0002767926799146991
0.0003399801875437802
0.00014025540205885102
9.094434341084014e-05
0.0005191171186258626
0.00016782875032339076
0.000689398726036624
0.000290262222091568
0.0004232819843812593
0.0003128214508333786
0.00021992845725848098
0.0004884780856344711
0.0006149070852880794
0.00048608010859040875
0.0011161858914803804
0.0008157547078875697
0.0006115794148432823
0.0003931872081033532
0.0009209020864968051
0.0003262085627514426
0.0002291503465867969
0.00039121230321209974
0.000303545245076409
0.00015698289526337768
0.0008584585412892931
0.0014913577378326168
0.00111154659677019
0.0005571896479954915
0.00020435647356210361
0.0004615167086240635
0.00014456810049697598
0.00014437333092106038
0.00030244736030937854
0.0006118368555103285
0.0006269197229777
0.0006679170472380312
0.0003858131868315542
0.000778803183272254
0.0006431781080005148
0.0008161225900654711
0.0002053754725324712
0.00031705381602108526
0.00041818324966360547
0.0005101671825742285
0.000685633324733707
0.0002806758690161694
0.0008779405096605569
0.0007280467827824251
0.0005298671584015664
0.000952186389112809
5.078194611093594e-05
0.00015993065123037008
0.0006782665287197378
0.0003344540532121638
0.0006039521994915883
0.00023224760419822058
0.0001618375695327315
0.000173732305278501
0.001873596803523801
0.00028848962260178145
0.0001529757464562311
0.0005189561763085104
0.0005883033002501725
0.0008016129780615332
0.00036037771968196403
0.000497213839018087
0.00012139443595489444
0.000356192424137511
0.00027035979022239475
0.000657434960287127
0.0006952386360639844
0.000984345856734153
6.15774222294063e-05
0.0014999871626845092
0.0005195320715195227
0.00034849865967661323
0.00012552793180578147
0.0005556042726415466
0.000355702625082362
0.0003032982198641048
0.00030123821576020897
0.0004399531133230578
0.00024479142293355825
0.00010340606067674684
0.0008838298234963007
0.0001237700832776298
0.0005628743736396479
0.0006844948113462324
0.0013774897390486393
0.0005785348273312796
0.0005220759998759931
0.0002795991162274502
0.000600497090600934
0.002369302482331032
0.00045637746843776167
0.0005766755150411309
0.00027649772475097956
0.00024987310157191213
0.0005730459067977226
0.0005631117983460932
0.00015929266115967297
7.795106654724584e-05
0.0003156257821292806
0.0001923651376310512
0.000705121695236533
0.0007068054174522803
0.0001752247979245459
0.0011629105425382468
0.0005115959309819933
0.0006549188210317134
0.00010656120228175566
0.00028430926846154553
0.0003086705897397402
0.0006873041233754963
0.00129104751170942
0.000578343297775477
0.00046111678053367287
0.00012274182579573555
0.00029057085421211427
0.0009925612907933008
0.00027441102896576936
0.0007310614076939179
7.324527991370657e-05
0.0004702303864245044
0.00010984064209205816
0.0003233529865063201
0.0008288318356245361
0.0005635109285871017
0.0005841027759163623
0.0004377454656169231
0.00022640418673221488
0.00037137109225876406
0.0009260452761732985
0.00019159267792604002
0.0007793010331109739
0.00047425483014666144
0.0005758686723836188
0.0010828787730851148
0.00048409219111322115
0.00045123349602408915
0.00045859870481745256
0.00012179121791886791
0.0002656577294910954
7.787297428846131e-05
0.0002735142258882783
0.00023003805282247652
0.0005815424176998477
0.00016834043153689878
0.0006083830750661593
0.00046791114046679
0.0002977035037632955
0.00040661517409329196
8.192474204612134e-05
0.0004960042945790879
0.00024210602271104546
0.0002718583744133467
0.000174166852073933
0.00028101110040397594
0.00033175728665233415
5.793930347796381e-05
0.0001216725604439398
0.000607124745854102
0.0005029667678968663
0.0006568954855549232
0.0005097680331821704
0.0007011935119237427
0.0004915939762696313
0.0003019863919823715
0.0004086812089739242
0.0002782767142313006
0.00026037344751169995
0.0005825982295624114
0.0001708990973495778
0.000707809796013257
0.001264878454427492
0.0005486689741359918
0.0004340951860134189
0.00021752854860619344
0.00018552195082431245
0.00015618155837478074
0.001143058279435406
0.000343399449565285
0.00023447488022062233
0.000492485165036634
0.0003380082816655052
0.0003230662619385147
0.00057942811497021
0.000920417937178799
0.00020147856653886538
0.00034871510997461154
0.0002545450625439715
0.00039265522967887206
0.0002904227755880649
0.00021606831040543284
0.0004205335244784022
0.0007256305463776788
0.0003345906624151753
0.00018618064405872794
0.0002785686549339349
0.0004239954476282778
0.00011757413041274662
0.00039936677736535894
0.0003158492090390846
0.00021144923430068286
0.0003098765345966874
0.00010265369107222151
0.0007693148916122244
0.0002173804753786652
0.0005587464002502036
0.0012548415516274742
0.0007247870484611214
0.00021117656591602177
0.0008652543283738498
0.00010264727207457773
0.00010462256477855974
0.000939483930458095
6.17969644734875e-05
0.000379352941853731
0.00012257949212457175
0.001126767491562621
0.00018462949035243336
0.0012076559969355352
4.61607077682715e-05
0.0003420198781532007
4.316883291490906e-05
0.00017550886456702024
9.521358423012734e-05
0.0005957803925486611
0.0011220779993061777
0.0004063732569257222
0.0008919036479165956
0.0006513321831112642
0.00029104902565684827
0.0007067829103359378
0.0006591256130144674
0.00010434392213002086
0.00023601319533914946
0.00014723672839733645
0.0005314030706012734
0.000246677673677944
0.00028388833496403935
0.0003587331647148358
0.0004765656096159029
0.0005773739157597905
0.0002744760141598518
8.92409076076673e-05
0.0010406257761913491
0.0001342119212110303
0.00011883186434865981
0.0002946859002735606
0.0002531891665948971
0.0005098065758668291
0.00041169727159855396
0.00023010636146322512
0.0005474522961781348
0.00032801188279472465
0.00029152693290123756
0.0009061116004167665
0.0003522474029761723
0.00045067701492772477
0.000997520628271778
0.00036429968471223245
0.0005242035110018406
0.0001750249087756026
0.00043085294779320505
0.0005029023832738344
0.00015281837288205535
0.0007577622696325015
7.740201962932878e-05
0.000682852716587776
9.129634290872713e-05
0.00015560200478292383
0.00019206510595129938
0.0005172298796311919
0.0003760402065255977
0.0004827524861913461
0.00020522893682093632
0.0010275310205620604
0.0002669715407338697
0.0005815822245089853
0.0003988389037962799
0.0007590691083456732
0.00013980647147147414
0.00046799239592467713
0.00028743173578907625
0.00016812687313816864
0.0005413054763265231
0.00023766293321574259
0.0004423484921983008
0.000589300206496178
0.00022918130221191274
0.0001515486681400295
0.00011383117638825729
8.792350639168273e-05
0.00011200230577123128
7.411878529748603e-05
0.00012790719619993937
0.0011550423919519496
0.00037345610309584716
0.000518249896970341
0.0006229241834596878
0.00021038889027170907
7.770263638718193e-05
0.0002744797179961627
0.00043096319429693697
0.0002871675727670679
0.000700984255080085
0.0004106002288105826
0.00035533984099277117
0.00020280076568530384
0.00015000395784075168
0.0002445184214223051
8.921214570055721e-05
0.0007070654191396484
0.00027517256435308354
0.0007023860037789517
0.0008176063150972752
0.000719130648423161
0.0006229492658564821
0.0006394691958934761
0.00024239295923501316
0.00030827220693159133
0.0003511259191910305
0.0003940421953437499
0.00045530944279796305
0.0006364928519375335
0.0005442829903146878
0.0003885684952240143
0.00020462710919317794
0.00027458331619673975
0.00036050816177093855
0.0007844468775050291
0.0004964800879511585
0.00013581509853685005
0.0006579701739502562
0.0002185567518902301
6.92816551659661e-05
0.00025724166454289355
0.0003263806027630445
0.001377264577714342
0.0002580921442362074
0.0002599362104359963
0.00010715840143154097
0.00029081876033233933
4.3971351970971265e-05
0.0004855582532553215
0.000513674783791873
0.00048660651877305375
0.00024917073759352413
0.000633713094496435
9.044309928349599e-05
0.0004512481376080894
0.0013105417619833648
6.338129647973765e-05
0.00020792399343354256
7.776528635893227e-05
0.0007599245391375573
0.0002971273124350023
0.00026056731692429054
0.0005652714084632185
0.00026845996232248653
7.126225110453117e-05
0.0004730449739474371
7.691870879366766e-05
0.00025820168336873606
0.00010751346638539118
0.00014418144143840664
0.0004177968248972527
0.0002808261847861714
0.0002627204406984266
5.5638900588023134e-05
0.00067438848100614
0.0004166760835301799
6.959645534549475e-05
0.0008170322070875567
0.0005661875725689279
4.573201598013337e-05
6.101070979848023e-05
0.00021101632830215577
0.0004956846858744973
0.0006116506515766618
0.0008087025258904133
0.0009449016293323096
0.0002060795770145539
0.00015616888322989735
0.00027648378833613276
0.00021630346150422732
0.0004192769704342137
7.000644379684116e-05
0.0001349832182357772
0.00019586203288330075
0.00027231062664210046
0.00039341616304553785
0.00017058428810134543
0.00016420951357501152
0.0005519746180046251
0.00018387145882284845
0.0003454332406203605
0.0010098214502265402
0.001106269658569948
0.00019698353916753697
0.0003495662118859619
0.0003100313869172525
0.0005783822673587954
0.0007054360386846555
7.492491466848241e-05
0.00018032131518644164
0.001582275977071704
0.00045489462924315185
0.00044597701535563047
9.90497374125087e-05
7.694066038319544e-05
0.00037143561079432184
6.142196052514435e-05
0.00021294141757347685
0.0014637974325909498
0.0002795855772694472
0.0002675554102748388
0.0010220107973856992
0.001490773685854748
0.0004553743183018264
0.00016268016622709546
0.0006315815651925163
6.77036544359225e-05
0.0004422294082379242
0.00012315929242488568
5.786982280984441e-05
0.00011627295263013416
0.00032635724246109004
0.00028479512889534054
0.0002929666546569353
0.00046436846095232963
0.00014781196575924463
0.0008639035762499115
0.00018657276876028482
0.00033711997661616325
0.0005212178526096505
0.00012300805739632532
0.00016654582114780263
0.00021243240584880677
0.00021795046157800234
8.953639710624717e-05
0.00048558213049103917
0.0003020837271067194
0.0004437941724942229
0.00017904695631953493
0.000290794346887777
0.0006596430636608851
3.089638187890723e-05
0.00010977233695122958
0.00025418817237307884
0.0005030916911939163
0.001020442071034304
0.00013299977604136238
0.0005641952088967242
0.00013331337567021098
0.0004261940676752409
0.0002592803964330842
0.00022173475974336397
0.00036454454744589283
0.0001584235038740865
0.00011154548484634356
0.0001631915982943875
0.00017841483745425192
0.0004198742646138312
9.617366435823622e-05
0.00032417107336854046
0.0007817063253145197
0.0006546516846148671
0.00010583161803312209
0.0002545102095256437
0.0002614325456363269
0.0002889868337579238
0.00022770782172573117
0.0003885529345027977
5.670937244978499e-05
0.00013061505069822982
0.00021886260618485815
0.0009610089218586961
0.00012058926121337217
0.0008752591726616587
0.0007500263709989714
7.194140512616148e-05
0.00039904969097244095
0.0005227189117372635
0.00045197751935769563
0.0007969430577958138
0.0005261081512887688
0.00042462642550116343
6.929186802350814e-05
0.00013100778094097325
7.106307128719789e-05
0.00037441913611958454
0.00018925931255363719
0.00038835452834125523
0.0006008117325143732
0.0002702571830455937
0.00020447916692352587
0.00032557105167771964
0.00026442615744930566
0.0004950802375137021
0.0013868102831842942
0.00025073928828436273
0.00010951675386050264
0.0005103978207269827
5.579275094260151e-05
2.888472516359209e-05
0.0002823011873902125
0.00025108251985190574
0.00011551062243362895
0.0001128666834016802
0.00013262626656431283
0.00045115783413837143
0.00019858340082557155
0.0001377885011383014
0.00013288416039337656
4.016452892826147e-05
0.0005020301340479823
0.00023717876280335021
0.00048580542460276925
0.00010736077094093491
0.00020697894934361682
0.00021377231754430404
0.00016648432078897343
0.0003725643271804179
0.0006450775264433176
8.610620203422811e-05
0.00032796512537327816
0.0004203345769462794
0.0005052106645630827
0.00014398373358623303
0.00034017912039254573
4.273433341473177e-05
0.0007197567584910028
0.00015459249396449976
7.49825376279003e-05
8.503704418189456e-05
0.00016626665754376893
4.916759744777471e-05
9.648864506992077e-05
0.0004483189637593907
0.00032242438644032145
0.0007950126247474585
0.00013272482149602404
9.356400102478114e-05
0.00031146374031827814
8.891222617031687e-05
0.00021129750222091955
0.00022701218461758808
7.76752513769323e-05
0.00013707854130405624
0.0010029922022462185
0.00031229781079397586
0.0003947808790440398
0.00044823432285576626
0.00017230212470909287
0.00033378066566488047
0.000326707118683252
0.00014854282292193466
0.00015468857761382655
0.000274646905187311
0.0005462666215839169
6.448751610161429e-05
0.00018082896332288222
8.171330549233687e-05
0.000152668972834565
0.0003380757358828404
7.055921621002399e-05
0.00017312597774546293
0.00035507194691681735
0.00025947523097528236
0.0005640842084581966
0.00029629129739221064
0.0002577920744542509
0.0004488827558028129
0.00015845790101949307
0.00010487623282574965
0.00017768198921018868
0.000450456233151689
0.0006213947603927872
0.001630417902308859
0.00041060873756102926
0.0005382593732158858
0.0002692902085772723
0.0004940911885246684
0.0004485116660429145
8.392709635927631e-05
8.907307663782757e-05
0.0002503842610373264
0.0003842400297201166
0.00019691368644213236
8.491593892655197e-05
0.00020485004893260395
0.00040175985601212817
0.000648353739330218
0.0005802924121021878
4.166590837891883e-05
9.882480657597203e-05
0.00036150917734480603
0.00018098605080217522
0.00011004239449678013
0.00021392654146042115
0.00021891730952922103
0.0003022511093707835
0.00018610272493604018
0.00010735076953394008
0.00019684126144448898
0.0005618100722546925
0.00019213772556223426
0.00011563727336344168
0.000529901532444066
0.0001599875438202838
4.3170701618773613e-05
0.00046410385363827774
0.00021736868238836756
0.00015341913413383426
6.351344738144209e-05
0.000322318351570795
0.0001259576087377962
0.0002723355474633705
0.0004241098378812821
0.0003247542145632659
0.00019920753726006745
0.00016656464340336413
7.784214602371598e-05
9.966080565259888e-05
9.02751321885176e-05
0.00012384257820657166
0.00022550132616797034
0.00039054580949118855
0.00011377861420863805
0.00028116365811471915
9.318078454818525e-05
0.0004794846195918164
0.0001307446564448722
0.0003043786854872722
2.5846758622752216e-05
0.00030421556424408173
0.0003984177813899603
0.0006892089588593638
0.00020739858413678503
0.00018584243124013038
0.00015118668994306312
0.0004038659720043638
0.0005674761195950269
0.0004045068630433881
0.0004646182079378702
0.0005199880775004371
0.0001029693068769649
0.0002185641013512569
0.00010529112251484101
4.9920943912996156e-05
0.0005157753763339412
0.0001782926766870001
0.0002984935300449802
0.00042182715164274193
0.0006835781461317279
0.00015437664515405752
0.0004478304008231203
0.00017641307176530585
0.0001084970512113634
4.9638177758685695e-05
0.00033500769656232335
0.0005364207872546257
0.00020183506398015799
7.670509072089991e-05
0.00010802035724019847
7.981126655593539e-05
0.000352808332884696
2.2541966180148755e-05
0.001249809573343599
0.0001525963285746974
0.00016127179014542445
1.8784724174759372e-05
0.00020863685296973385
0.0001214886424335001
0.00034327657282924573
6.574194567147157e-05
0.00034685660796494714
0.0002072046850184553
0.0002661190154009912
0.00010882860162712938
0.0002265215282036823
0.00013852064549790068
0.00023295339582703818
0.00032839676374550017
8.730525057819494e-05
0.0005010017878185349
0.0005772250040940303
5.5049594717679936e-05
0.00015987041518120975
0.0004421609865665038
0.00020838776338273407
0.00020200011848448555
0.000104557154979472
0.00028694189557554827
0.00022133511951027943
9.698719384459483e-05
0.00033001841091062325
0.00010902971570964147
0.000919782759642913
0.0005357839333168815
0.00018430022749853908
0.00024723892862165244
0.00027596554412170264
0.00011051137485448179
0.00022392161313169692
0.0004286558799046404
0.00019378089434180445
0.0002228459836857299
0.00030487290965716614
0.00025058315329803705
0.0004400059367339668
6.289369236709533e-05
0.000633036219935065
0.0002161248586508931
0.0001250478262124249
0.0004198739465031287
0.00024228012369075874
9.04439200710924e-05
5.387914795847786e-05
0.00020611991204443907
0.0004108770858089326
0.0002152968198187392
7.453479570796671e-05
0.00017585190837859962
7.893021826128241e-05
0.0002822141747003448
0.00021985350879948157
0.00039853625561083806
0.00017336070243069042
0.00028032543788841216
0.0004067066002750742
0.0003939209320938817
0.0002891633649515434
0.0005125614338987089
0.0002619604210457403
0.00035762293779208876
0.000819848828983248
0.0007670231227994711
0.00023800878766934772
6.290552353331798e-05
0.00023923143555672734
7.631079102043101e-05
0.00014634133199565165
0.0007903268524229904
0.00012050199607114727
0.0004745668924221575
0.0002217414000167031
0.00010429048271896706
0.00022029401864623674
0.0004855371659228236
0.00021334825828349055
0.0003927876908129925
0.00011221262252978422
0.00045671008264812905
9.307461251416055e-05
0.0006604912724534655
0.00022072343298865953
0.00017509153677970884
0.0002675082433911016
0.00012079661274995614
8.775709996753037e-05
0.0001430831207988377
7.434823709357605e-05
0.0002418838553982228
0.00018804243865555171
4.837325099408533e-05
0.0004183195348056401
0.00014421853760854844
0.00039214820530030804
0.000237523780078079
0.0003262762018658022
0.00017832540532493568
0.0004165791402213646
0.0005576403044561827
0.00015393241591064521
0.0001334694471500533
0.0005054047760745985
0.0005818637920605963
0.0001334465393920502
0.0002115650520776833
0.000513419105308251
9.298943199587332e-05
0.00015853623944987028
0.0005334894468601122
0.00010760203832799044
6.870286088531045e-05
0.000173931647179355
0.0006287244129323572
0.00043812203232632894
0.00012702132455206657
0.0006214232186560766
0.000322673488599014
8.933615992244994e-05
0.00012088252178553501
0.00040947707089270354
0.0001009929451486043
0.0001525934420428042
0.00011645975927551081
7.155546178566559e-05
0.00010140495916401867
0.00018957003397166033
0.00025288676698670886
0.00012269019551693373
0.00015445814047076865
8.009934734673565e-05
0.0008133435548798657
0.000106013250959357
0.00034735468775736784
0.0002204382376479739
7.610274483433554e-05
0.00014408129681077513
0.00024073544865389
0.00018754735788191333
0.0002797000147517557
0.00014633152090229784
9.293017831178457e-05
0.0004899490040907813
0.0005183102057282876
5.345679130087794e-05
6.247569835404061e-05
0.00017962574397697198
0.0003904487391967224
0.0002048753378757227
6.336017699205749e-05
2.8754873086396863e-05
0.0003288100661702393
0.000163945975456565
0.00039401828467180907
7.000997015032634e-05
0.0001925410138199767
0.00011072222376603181
0.0002279761191868362
0.0004722314342195616
0.0002153144954383389
0.000681831216348225
0.00013921699221562924
0.0001030386996074191
0.00011537416241397189
5.736167320373701e-05
0.00027779233816188284
0.00019754942878661704
0.0001608551112557136
0.00013483311001002632
0.00022680402574248252
7.395737623985222e-05
0.00013892209736293955
0.0004121265788037131
0.0005062783905483402
0.0004753316888662733
9.715132201697823e-05
0.0005316313680605949
0.00011612576661646363
3.837858769122716e-05
8.692375155587536e-05
0.0001481609877155946
0.00013346332364470943
0.00011324950100521725
0.0010055623209025866
0.00027950722972851493
8.154038180143985e-05
0.0002700981489424153
5.678648414981701e-05
0.00017063685683028448
6.488583683603745e-05
0.00026927233744001796
0.0005156953014545646
0.0001031759645033265
8.795009970991511e-05
9.680800220620032e-05
3.660678335073347e-05
0.00040114712099605603
0.00012144496174412155
0.00010072681357814207
0.00020557212850800334
0.00022398218731005845
0.0004414044451453058
0.00015132662625744485
0.0007641839530901516
0.00029053168913418154
0.00012930536143222467
0.00024194964508481452
0.00018734887340526748
4.172861976435737e-05
0.0001634864747524267
0.00016701661794574107
8.111606769849941e-05
0.00033796018677850087
8.95096315078491e-05
0.000170148093676155
0.00031180204414881196
0.0004559177953053293
0.000137203030886377
0.0002937557797142604
0.0006551116813774543
5.4390022219787065e-05
9.88275632586249e-05
0.0005019033977402926
0.00018979025261600945
0.00021275633738959733
0.00016828214081456052
9.746476968664459e-05
0.0001953421988168384
0.00028934375961240245
0.00014757063742236166
0.0001307815512109827
0.00015865873473008265
0.0010410755041827295
0.00034624778536156625
0.0002025644107059997
0.00014917854131210812
0.0001662415457881949
0.00019616476158156794
0.00012218109928649077
0.00029279211039382147
0.0001039858874688164
6.435335604790465e-05
0.000607281054286584
0.00012923118778161312
0.0004007109274021881
8.681807576474728e-05
0.00041399726025207986
0.00014474327844691114
0.00034940505666195465
0.00012582819514501533
3.6364542577207426e-05
0.000711246836332239
0.0005113459265012833
6.189837726404819e-05
0.00017042563604054994
3.9087445098412236e-05
0.00027974144136376175
0.00026038103140055605
0.00016115393099300462
6.736846216847749e-05
0.00016711376143116788
0.00012035744269534462
0.00010663669739324755
2.6428887948683103e-05
5.0233885367348424e-05
0.000383965828029513
0.00020851378887555303
0.00012452952180921342
0.0003874486101307809
0.0004882051318218632
0.00011947924856663633
7.151796561878999e-05
0.00018087977490927458
0.00010064675233821711
0.00017834987150366249
0.00014118194672486486
0.0001197849596298907
7.863459219695058e-05
7.741183343775718e-05
0.0001370257309341307
0.0002030030942718516
5.113090540494713e-05
0.0007841086486059552
0.00022764160750832736
4.932827419401038e-05
0.00025195251084935696
0.00014930445498962617
5.8685417381986515e-05
0.0002125958922026743
5.177420731979642e-05
0.00027627702577777055
6.422262454944922e-05
0.00020149992461001567
5.334666272743684e-05
0.00012482294560973328
0.00013597970428759943
0.00015955620564637625
0.00014272757232885588
0.0002168601160133335
0.00031614652763411707
0.0001410601771060029
0.00035582410542675237
0.00014968947853029584
0.00016875204958474916
0.00043444614691097065
0.00012885449279602049
8.156973702868592e-05
9.882053011366532e-05
0.0003238672134599669
0.0004962676650821575
0.0002453113291983758
0.0004934842678756509
0.0001471758874419159
0.0005962152936280437
5.304838084428214e-05
0.00013316855670552163
0.0005538337980815236
0.00039066522754762967
0.00014365762451025614
0.00011401944119093362
0.00021773966854329676
0.0002291327476835257
6.647728474289344e-05
0.00011406933312543287
0.00022442126367381698
0.000107374270725298
0.000938966671352616
0.0001477575150288926
0.00029263598985815835
0.0007115014386176726
0.00015141973911956977
6.709956144514755e-05
0.00031771933454128486
0.00012780496486379826
0.00020911976274997311
0.00017981842378028486
0.00013102863745908006
0.00012459354481995664
4.559672618403375e-05
0.0002205780296882477
0.00013484506265960401
0.00011373022559349996
5.871076616741598e-05
7.613484978405603e-05
7.692772272882574e-05
0.0002970831032469449
3.5651514440825735e-05
0.0001331116214769822
0.00011970224635973833
0.00020249896884284513
0.0001488905586511229
0.0005607316515404962
0.00012027020894846352
0.00015734188739124192
9.224455322799474e-05
0.0003610041705359921
0.0001906199658063933
0.00014501089542969038
0.0001694578337440637
0.00020574917367323844
0.0001063490177573291
0.0001041607306967716
0.00021263015452453718
0.0003634759962676636
0.0009110919866870564
0.0001330548373099289
0.0005216356519523109
0.0002075448534653428
0.0005063533856695592
0.0003892892260738675
0.00012463259875162612
4.688963180054791e-05
8.752883028554731e-05
4.606629465206711e-05
0.00022752908474337234
0.00047985481459167633
5.102611519680634e-05
8.87506309705553e-05
3.971318615508129e-05
7.156698052287544e-05
9.985592191362092e-05
0.00015664810415410272
7.977746102378541e-05
0.0003039707284901583
0.0001916719305221155
0.0007994953474982798
0.00011698761517516348
0.0003019347603157157
8.018558957799262e-05
0.00017417857539583673
8.33314306177781e-05
0.00037595061385642663
0.0001581762262949121
0.0003107154178551487
7.857399216029965e-05
0.0004923142618392207
0.0004304604373924003
9.811371206733197e-05
0.0003339213918838222
3.637692335081243e-05
7.015433879092974e-05
4.170407357359266e-05
0.0002474069396580008
0.00036475462285059403
0.0002297919937644076
8.226504513641502e-05
0.00012282849643711002
0.0001011689923744027
5.528069942675843e-05
0.00019363846799246603
0.00018825083951309814
0.0002642425568892461
6.218450144209572e-05
7.157373258583766e-05
0.0001554700209024108
0.0001286594493600917
0.0001277666510021378
0.00020688180481512377
0.00036921749501957484
0.0001498931271109897
9.685352109833567e-05
0.0004238530605850111
0.00017747428538239965
8.520191622094322e-05
0.00034301712993354476
0.0002885831730650845
0.00011940640016701057
0.00035733328162640204
4.6275980983067605e-05
9.435709204828966e-05
8.275203070379019e-05
0.00019238705014384987
0.0001589695839189118
4.774448445652609e-05
7.916509495799084e-05
0.0002991436240161952
7.851218100331426e-05
0.00014191186340350447
0.001041979225789184
0.00030647949593678065
0.000135098363611178
9.898776336288958e-05
7.703504060885503e-05
3.640613885704825e-05
0.0002729462346789714
0.0006798451282134308
3.457451753835113e-05
6.43634068228021e-05
0.00016693399925702396
0.0001183923391951314
0.00017985153391959272
9.649675242536455e-05
0.00026050877019432244
0.0006065407144824883
0.00017898408502554892
0.00010395601470112777
0.00010752134882701453
9.155925670743505e-05
0.00043796679265951786
9.510377653423583e-05
0.00023774298404547267
0.0007064645383631721
8.6200615285812e-05
4.872713748329256e-05
0.00012398176384127507
0.00017142628088438018
6.931867995059187e-05
7.0561306461635e-05
0.0001292543894643324
5.929916282147195e-05
9.303620584686505e-05
0.0001421479547587838
0.0003103929982568253
0.00011543165229196507
0.00010603252777454473
3.535309024572904e-05
0.00021149879425223943
8.4914296560131e-05
0.00011872910392430397
0.00021640937420764112
0.0001392969611720587
0.0001918831950644352
0.00020421030039137036
0.00013789430269601556
6.813417313817504e-05
0.00011203874343788546
9.373169974529231e-05
0.0001921428345304374
0.0003066542862365077
0.00014073454682767518
0.0002696229863222028
0.00019922211449185478
9.622085618290671e-05
0.0006678590136108959
0.00027936637637769417
0.0005786631601119728
0.00042041266168757057
0.0001808326385089027
0.00010944745193777553
0.00034430706771921367
0.00018926094976650352
0.00015375303904157815
0.0004758150201015592
0.00020098883951595765
0.00021664705208348159
0.00019294602124167969
0.00037005255482473515
7.296347513403934e-05
0.0001106619624443257
0.00010425776815003283
0.0001398803657408849
0.0002666631720265725
0.0005359947694779763
4.554822927975782e-05
0.0002013722226809041
0.0001434996201581786
0.00016537210991236025
5.9881737274109315e-05
9.25504183455757e-05
0.00029148334223800827
0.00014731841241841354
0.00018267463093237212
0.00011115142219397895
0.0001638595783217871
0.00019267354797989443
8.943247539795304e-05
0.00011417494549705902
8.496201482743511e-05
0.00010687434746485564
5.6523113396063665e-05
0.00014201208442557337
0.000596781717557146
4.547010276049924e-05
0.0002415382313324729
0.00014696488442107424
6.222522096659164e-05
0.00021300559677896064
0.0004620401171658944
0.00012413803345265426
9.44798840605358e-05
0.00028447782563134725
0.0003525783362591991
3.8612478405302416e-05
0.00020029693861739985
4.8268598330083056e-05
0.00011596815697082192
0.00025926778490383137
0.0002835957107650922
6.769855374708779e-05
0.00017434168092437432
0.00017584842883959457
0.00013964723597570112
0.000272434374370187
0.0003955372576254145
3.6273232281489924e-05
8.18826861984836e-05
0.00017069811450855796
0.0002771494905768281
0.00022857544868555042
0.00021448533178138247
0.0002214821485375228
7.743467534068607e-05
6.710661572797633e-05
5.7946717733277024e-05
0.0002168427037652533
0.00011198357898687802
2.4868054384471427e-05
0.0002171757086815492
8.17842963199707e-05
0.00022345700707524071
5.452947512522206e-05
8.901260148350723e-05
4.819504849578396e-05
9.458627168829878e-05
0.0002774637625687759
9.153792742738377e-05
8.144682707865794e-05
0.00028702447046043047
7.595635215515286e-05
4.476151726997491e-05
0.00014682212908966388
4.918354883108074e-05
9.005068065356069e-05
5.072927197021536e-05
0.00013071660393295043
0.00023021792997847314
0.00022692461677696426
6.219190823872083e-05
9.724409593320594e-05
0.0003825571681466801
0.00046900015899657916
4.5675631084412144e-05
0.0002038234964023002
0.00016593891375669075
0.00038890384052899646
0.00042916567721369757
0.00027674503293195285
0.000146750342872708
0.00037991976782531986
8.265234891178885e-05
0.00010230588360086261
0.00026202747856968547
0.0002071928175957921
0.0001478845776628629
0.00012642500154416407
7.892393819094036e-05
0.00019698210176811935
0.0002072186780270354
0.0001674796739793175
7.038222851826405e-05
0.00030320711418493337
0.0001338650056325071
5.405326045431809e-05
0.00033961598290428236
4.428071090769759e-05
0.00020918288260368716
0.00045641505943129
0.0006676515894238058
0.0005662448922884128
0.00013324900808185663
0.00027591661740371823
6.428195115862973e-05
0.0001561403767294412
3.446275760855851e-05
0.00019482869051668376
0.00013074029066696772
0.0001504606635504797
8.139009390866522e-05
9.351775851650599e-05
6.0606615001456474e-05
0.00011120986770997708
7.91772673557602e-05
0.00013076372358451383
0.00045312600407710257
0.00024267047650472867
0.00045696597160686293
0.00010841678267658476
0.00022007233633919787
0.00025440239888596233
0.0001737518267300605
0.0002648389076744008
0.00021676562546808762
3.394594328206427e-05
0.00015178342272705107
0.0002970049471245299
5.850141666168814e-05
0.00010880046432124026
0.00024848716775277026
5.9945942604326654e-05
0.0001475426902439771
6.839100343235549e-05
6.499220863308141e-05
0.00015246220318018905
8.072746820591913e-05
0.0003491940759876808
0.00021822307222967385
9.292096944835361e-05
0.00029409716217274973
0.00014911204550342513
0.00016971207888850004
3.296539173493347e-05
0.00010539916673008311
0.00013620366051788415
7.039188250352865e-05
5.9994455290653955e-05
0.00021532215379042877
0.00010552242877435902
4.805861449361851e-05
0.00018831683303901126
0.00014210950396616827
6.170978876831371e-05
2.9843446205259717e-05
0.0001221502538478537
8.778479367406954e-05
0.00027310255745159183
0.00021550396960926397
0.00020310835188237943
0.00011950301830758776
4.848171184208189e-05
0.00010121747736315557
8.758268673113519e-05
6.352573727638148e-05
8.483505980829381e-05
7.106230246305301e-05
0.0001472929717228192
0.00022264444725891218
0.0002859469657621884
5.834849223903111e-05
6.95578849127873e-05
0.00023737620644105696
9.489110235788279e-05
5.477360189149107e-05
0.0006769817383309094
0.00010166272801534101
8.885727321929213e-05
0.00020288165246377647
0.0004316960476891801
0.00016207100500126634
0.00020082234969358214
4.8772009810592456e-05
6.349471526041719e-05
5.101844661839673e-05
7.35896591456455e-05
0.0004417091181907921
0.0002443062419002076
0.00010054401565585116
9.858961898768999e-05
0.0002693320994338866
0.000167074011994615
0.00013059717949104603
0.000638145741378544
0.00023528066206702315
0.00022084986722076854
0.0001852903052714635
3.9279347560020025e-05
0.0004984510526355145
0.0006876014911449561
6.25154039678757e-05
6.122735344743528e-05
0.00014573453731197132
7.356786799580239e-05
6.980745192458954e-05
0.00012672802867775816
0.00041390662805749264
4.8004942511143855e-05
0.00015894863214124984
2.6950431295732487e-05
0.00016904470045174663
0.00011342871889944292
0.00026479347926255405
0.00012169255516551726
0.00013189193923275082
2.879892641016531e-05
0.00011855968781781208
0.0001033922410468655
5.844797063143728e-05
3.4302065055886355e-05
9.634689535013526e-05
5.234054108788498e-05
0.0003006528437519906
5.696207276058472e-05
0.00028998097970486016
8.252054286603376e-05
6.428025520828558e-05
0.0001107561180679948
0.00018861190155721377
0.0001380725109540898
7.552283963630577e-05
0.00011799431685328257
0.00031861172820343245
0.0001941196846011858
7.449342922863738e-05
0.0001220939016259992
0.0001060376536410987
9.648736341238975e-05
0.00015703306025667443
0.00012353955148314318
0.00046197188490491577
0.000263829099607248
0.00029808131113276734
0.00016654280929822616
5.142112723343024e-05
7.378583948255048e-05
0.00030006556535989515
0.00011240125327294133
0.00011070135867703748
0.00015456956593978442
0.00011079656299196807
9.181598864140076e-05
0.00011903279856524615
4.6318133059077285e-05
0.000214109994396497
0.0002867815089623762
0.00024987749949500164
0.00014521528304458804
0.00010574587186666719
0.0001133430007939705
4.297648635787251e-05
9.840766067932113e-05
0.00017375723947714463
0.00012610312997446315
0.00020192942129526408
9.33118743361519e-05
3.657238975690028e-05
0.00027735189197202105
0.00010065543321372201
9.989030924740292e-05
0.00013158902233518496
0.00012945403648744703
9.653838554941672e-05
0.00013066803331863384
0.00025204630734091245
7.030444153464353e-05
0.0002107673442282525
0.00011946585029301086
9.510831378819132e-05
0.00015065147775480562
7.681408187153889e-05
0.00016586955411814627
0.00014131611717590797
4.914097337875425e-05
0.00017357185816762618
2.301858716538618e-05
3.527325448060567e-05
0.00014214155232405344
8.933050584483142e-05
4.344218023422055e-05
0.00019490250109928153
0.00010068097051579339
9.911753460766707e-05
0.000388655682044021
0.00011125001390239171
0.0001866447164053896
3.488062174694437e-05
0.00010317344426824673
0.0002907787140726403
4.6059228872453224e-05
0.0001750461033270812
7.20054131155052e-05
0.00016956153163397378
0.0002845826265476476
0.00011417439511117524
7.32507298608394e-05
8.588779158761134e-05
9.857837933612399e-05
8.076687600902035e-05
9.761196879188586e-05
5.71785908299968e-05
0.00017936186939744944
0.00020791246545902892
0.00017200315713270688
7.382065917323044e-05
0.0002598882105101262
5.981967827261267e-05
6.624163475248392e-05
7.698695914351525e-05
0.00026287463659529234
4.301312898592152e-05
8.559574973379036e-05
0.00020431523458833994
0.0006165973231072093
8.968501366263695e-05
9.553006204284858e-05
3.7709675217868394e-05
0.00030484873368404286
0.00010781962246834882
0.00012412466952871194
5.8396185157853996e-05
5.009367918424837e-05
0.00040174315473839406
9.950672980168473e-05
0.000151917108045167
6.509627092959678e-05
0.00010344197146473002
8.015115887292289e-05
0.00014076834794752774
0.00017851499841895066
5.407648968158574e-05
3.698370844778162e-05
5.559371860638328e-05
5.0501151096332315e-05
4.826431152920861e-05
0.000400828458198208
0.00020243009221704967
0.0008387901102332479
0.0003226705316547679
0.00014594347610765465
6.086682126378682e-05
3.854962770919046e-05
0.0001637260618846183
0.00012637063771986644
0.00019273162597940424
0.00018195601771041296
0.0004054964380809116
0.0003397441496865098
7.732000441531982e-05
6.946525112399928e-05
0.0002105708907796406
4.3671333736123395e-05
7.420757513397922e-05
4.7220656634778315e-05
0.00040585485602097105
0.00019963754428893438
6.856180783637841e-05
8.46224361252353e-05
6.807180642851695e-05
0.000339569072194213
0.0001911154098366813
0.0003766873873524465
9.302596748517848e-05
3.682769054077498e-05
3.4531700605226976e-05
3.373980642778396e-05
3.97869055184175e-05
0.00020197961777311483
0.00020264841822189872
0.0002765800035541339
0.00026122049783514837
0.0001219105340583946
2.793755328152679e-05
0.00011093601642276268
8.737877042468877e-05
9.288843413798588e-05
8.026939160683142e-05
4.3168439942275526e-05
0.00012633364397555798
3.0273146892695835e-05
8.102239494428871e-05
3.312337887113789e-05
0.00011156743290006142
0.0003616152913867261
0.00021063175110607078
6.883481158135815e-05
8.831652680027856e-05
6.704282270121892e-05
9.061458670622252e-05
0.0004743256269804761
0.00024297119626307703
6.452810798720155e-05
7.408799157188519e-05
7.771623169981442e-05
0.00013512916523805065
4.4394703679093566e-05
0.00029556889816712267
0.00038462276662504615
0.00017264333721127363
0.00012197962416076872
0.00028153527785846374
3.991497030684537e-05
5.333189709655334e-05
6.752176597985766e-05
7.879370667620639e-05
3.259560067462585e-05
5.082122322156111e-05
6.953860967549364e-05
0.00010361498696359072
6.0324047084570516e-05
5.880383898670758e-05
3.0882939927242185e-05
0.00023126003396607757
0.0001392375214348282
6.203587845844218e-05
0.00013173348658215088
0.0002129308460737535
0.0003040622148569242
0.00015747036976505692
0.00014225157449506356
3.974378355078798e-05
3.444609784396743e-05
0.00010080545193708836
6.251207535304279e-05
0.00021739304811834782
0.00010821542410304633
0.00014064479591769464
5.670851157999067e-05
9.201265653736545e-05
5.313651881447155e-05
0.00010185350630273126
8.447311077658787e-05
0.0003479271376895792
7.857495898567593e-05
0.0001151679417994791
8.846385717226951e-05
3.0599798369146004e-05
0.00012911252027045635
6.107186401901119e-05
6.904129359024172e-05
0.0003612392363862433
8.929908739848015e-05
0.0003876990524779632
2.7245116261304584e-05
9.590144459398518e-05
0.00015148720222472295
5.497892766402908e-05
6.15287977270723e-05
3.4035517766737445e-05
8.548353565137067e-05
0.0002119778419068873
0.0002504129815968226
0.0003955329091017129
3.3068515599470565e-05
0.00018505255812468357
0.00018820611889830034
0.00014213505126961065
5.9212806777284256e-05
0.00012255361219791575
5.932985393229779e-05
0.0001118211880167573
8.649842932449189e-05
5.231646567540155e-05
5.389931654985619e-05
0.00014143490013756286
0.00016347040665700492
6.39238798070601e-05
0.00020626746887366385
5.199342957447027e-05
0.00010564103988776329
5.313427664175611e-05
7.616276391202105e-05
0.0003678103018706986
5.398034075296883e-05
0.00017341297835992735
3.595550720222109e-05
6.603806258233101e-05
0.00019555766713713214
3.587143434747763e-05
5.594457964891266e-05
9.53518611779731e-05
0.00012420503218216495
0.00013976190291556512
0.0001592143562729151
8.197048365224041e-05
0.00015607304883000792
0.0001147128297081262
0.00025630400091011005
6.0161083143526917e-05
6.57586983439074e-05
7.899743778231215e-05
0.00010982195262137754
0.0002146830303019961
0.0001509816452955851
9.60258192809233e-05
5.945139515498585e-05
0.00014796778816298286
0.0002833929301163183
0.00028137284675643683
0.00014645852106702056
0.00010367414558027595
7.713720336859944e-05
0.00026904084357204226
0.00017439383417183196
4.9650891691436035e-05
6.39941495006306e-05
6.707880108916295e-05
0.00011555180353562398
0.00013576176018733775
0.00020654875898298112
3.823140047548167e-05
7.47179881849323e-05
4.5876170220902145e-05
0.00028411260143355497
0.00018282286189174511
0.00010080652465536817
0.00016479366896337338
0.00010894262789777803
0.00041559816535401123
0.0001314629340304657
4.57548859536398e-05
5.727340645235457e-05
0.0001009921626070165
7.30844461463504e-05
0.00014674055934943504
0.00012558929049493947
0.0002740898923107888
8.472279652683603e-05
0.0002303615062479498
0.00016765842099614547
8.928351693204894e-05
0.00010717304388600537
8.436736577726996e-05
4.7980087067030904e-05
0.00012821937495910345
0.00017020459757588005
9.957666094670276e-05
0.00011078094661472365
4.9766250368684705e-05
5.988421400453815e-05
5.879598638215311e-05
0.00031564276123747706
5.329482130031715e-05
9.741658429447473e-05
0.00032247335652012775
0.0001653066281175724
6.287099085415996e-05
0.00027699033754295476
0.00010503450396304061
0.0002468506602732213
0.0001778194538322129
0.00011459371361250126
4.9275776946647635e-05
5.018231138728377e-05
3.3070128602158735e-05
0.00015088051120964465
0.00015411724892183136
3.231536697820311e-05
5.450443155272452e-05
0.00022789541157341262
0.00016332505398402314
0.0003016633161023168
4.686726675842904e-05
0.0001780974553469106
0.00036890672232887576
0.00010855116229329634
0.00018375694245180248
9.291770419868547e-05
8.580323746101105e-05
4.607139406680113e-05
0.0003073921972060465
0.00014881686993709322
0.00014194249614443399
0.00027406426395819566
0.00011561730131346474
0.0004222425297581011
0.0007077369905383044
0.0002579187981186863
8.155416303997644e-05
0.00011552016545381203
6.513551514280375e-05
9.48229920970664e-05
0.00029589192148645355
0.0001142490104968401
0.0001363136720742226
0.0004406314407522992
0.00013560688966097225
0.0002727421938155698
0.00018464801452384487
0.000215393212846563
0.00014178281840918959
6.405877385768282e-05
0.000359636570750295
0.00019017629498968263
3.0724723694708685e-05
0.00014924401192594952
0.00013472818342042542
6.788199079531638e-05
0.00016795028095283922
0.00015832830651916168
2.9630622303159754e-05
0.00015408710802622416
0.00015343199414554238
5.3309766011937604e-05
2.5921826816331263e-05
0.00016452137204037466
6.984719893565034e-05
0.00014860016054109215
0.0001059810544410947
8.07695252158664e-05
0.00022327577095619558
9.011606929154462e-05
4.1618394909176676e-05
0.0004002216933548753
0.0001462778694771707
0.0006297188497991035
4.8625987081446205e-05
0.000284058923158156
0.0001198983121168785
0.0001442966786214201
0.00010383114559123407
0.00011428780146915688
0.00012731161469679118
3.877123059731472e-05
0.0002126598808776033
6.163276141664097e-05
0.00013352565237855732
0.00014098337648722593
0.00017534292036110877
0.0001882130015844673
6.769859309047384e-05
0.00015070706142557383
9.157575095599206e-05
0.00011120092325575545
7.187869307029341e-05
0.00010269766482552982
5.3028711368423776e-05
5.86447131324834e-05
0.00013205291262940658
0.0001301293588459262
0.0001543385948913143
6.430180232933358e-05
0.00022140307293922251
8.784863036799289e-05
5.1220270363614296e-05
5.6209825669255145e-05
6.797366410479046e-05
9.659220261299589e-05
0.0001574532549425012
7.613230143341125e-05
0.00026094941228006405
4.962844910175389e-05
2.480758292316607e-05
7.398500889944215e-05
0.00022674648709346924
9.690525899894848e-05
0.00010717744033373004
5.455538155997962e-05
5.401917585730252e-05
0.00012306432207466776
0.00014203502465821033
3.077062284925966e-05
0.0003920359187011999
0.00015677353335599172
7.847795596168533e-05
5.4983998042648504e-05
5.412356173284192e-05
8.361722886621421e-05
0.0003536403127658856
0.00023490669864471625
0.0002037541147501573
9.243139129708798e-05
0.00015124685212647803
8.717118540109343e-05
0.00021693416007082731
0.000182534122637323
0.00016319586610974053
6.143217390211456e-05
0.00018773831428959035
0.00010840476107000186
7.394658597616851e-05
0.0002237226378853315
7.920596435714649e-05
0.00021178207988313978
0.00020141174498155526
0.00022659467264524925
0.00029231349457835526
0.00012599410349906247
0.0002657156318411557
0.00010960816169531709
0.00039923886474757184
5.3244856920536686e-05
6.523345891671332e-05
0.00021162961228759304
7.590221080624416e-05
9.772803869456228e-05
6.894001401397843e-05
0.00010794723477127599
6.432851788064632e-05
3.0563423030763575e-05
8.249180487956811e-05
9.53689650838742e-05
0.0004085741539515103
0.00010469831140369206
0.00010363054852551629
8.85234941460219e-05
0.0001580929604876331
7.732027098000742e-05
0.00016302473822663111
6.548309743200127e-05
0.0002034016898932808
0.00014494930814751614
4.6102839434760906e-05
3.673348365544678e-05
6.877481351285469e-05
7.274647210952413e-05
4.579285884860562e-05
5.528968145643061e-05
0.0001004924845431722
5.767121701028475e-05
3.1582361174113366e-05
7.920159035767254e-05
5.784244727184874e-05
9.84052474717626e-05
9.611800694981238e-05
0.00020357239311579736
0.00024904315467807613
0.00010863580439382524
5.5219582752748896e-05
6.0262638678695244e-05
5.157003885368014e-05
0.0003201550035327558
9.879732009370535e-05
0.00015675049640186147
0.0001418627446802049
8.929485997031215e-05
5.5821805035718236e-05
0.00013859916654959984
0.0002037551643131405
9.761254417414817e-05
8.991018240109818e-05
8.727236294295327e-05
6.481353504760972e-05
8.73448906096956e-05
0.0002155082765028735
0.00016595167889965905
0.00010535079576711606
8.843058561115269e-05
0.00011388757070009271
3.050624543700949e-05
0.00030745932191995196
0.0002304431519713411
0.00018869115999526774
0.00011070260440828914
2.373886150755961e-05
2.4192316148972668e-05
3.2784605249715774e-05
0.00032651369232634606
5.080698679615174e-05
2.416499945461371e-05
0.00012222523397245258
0.00019251905832753618
7.048033250455644e-05
4.253755063231684e-05
0.0001085302087826895
0.00015069220297273076
5.1965286058495516e-05
0.00017296183136316718
9.826763213014162e-05
0.0006157193073425785
8.947126345161824e-05
0.00014114403511993737
7.598959584926611e-05
0.0003656721616867179
2.7510519366280406e-05
7.175518231959085e-05
0.00017063220552338056
2.840913960025411e-05
7.856899284269212e-05
7.568922104538211e-05
0.00014375009435409363
0.00017114271142073192
5.072022594364152e-05
0.00022954944918861402
5.681592987428852e-05
4.3240186762507545e-05
0.00017320793825876006
0.00022209860869538186
5.508402389596237e-05
0.0007166103785091636
0.00017804891784451677
0.00022796894944717005
4.981309695468677e-05
0.00010884759346782994
0.00014270886223594108
0.0001964313864617107
4.92691549964279e-05
0.00011449587592418938
0.0002164250071088002
0.00014450100495995967
0.0002647901748582314
4.987025668245828e-05
0.00012924584104720172
9.706800910695423e-05
3.407744102112771e-05
4.9627104056363424e-05
8.796632575321769e-05
3.717098290930454e-05
0.00011760842630073118
8.074197360535159e-05
5.1426048612986465e-05
0.00026524063646340626
5.141069475942803e-05
0.000186236402022293
0.0001311948192748446
0.00011958640697228636
5.132448574667013e-05
9.792696155685707e-05
5.740407106657432e-05
0.0001233151010529541
0.00012644585676486943
6.728162431946182e-05
4.904285647943862e-05
0.00016789341299689798
9.27941140439286e-05
4.162701919971829e-05
0.00014515101848206266
3.09823353438184e-05
3.956930134504284e-05
4.627968423337617e-05
3.706011210888228e-05
0.00010428830401930847
3.96063654807199e-05
0.0004444795641861367
0.00010296311919552629
4.355396666985119e-05
5.7618015012670275e-05
0.00011671557169246597
7.667761328642858e-05
9.26382374635326e-05
0.00010028445820801994
8.379110171656353e-05
0.00022906455528074506
4.945659597404543e-05
5.8554489763403236e-05
0.00010883454072016718
0.00024527371859002614
0.0001501327748751824
3.961097075075122e-05
6.230389459215565e-05
9.641329441259353e-05
0.00010272165535703643
4.340311461253863e-05
7.59603382834975e-05
6.844075737419518e-05
4.653711529308468e-05
4.594934072785171e-05
0.00019848648066885395
9.547717894593761e-05
4.384180361352731e-05
3.534559588709337e-05
6.966946549347929e-05
0.00012814605423095514
0.00012879397213518608
7.05862862587014e-05
4.305836028585437e-05
6.696811325741783e-05
7.46093465427457e-05
0.00011815422559276321
0.00011237140530540545
3.331944822966952e-05
0.00016196567171120554
6.850881048933922e-05
0.0001020193083325616
0.00015965982988667854
4.2317925483473164e-05
7.72576676790172e-05
0.0001181220986289691
0.00010687628715363094
6.76699192842871e-05
6.910106586020352e-05
6.891628849451124e-05
9.451684620649225e-05
4.1102093163936046e-05
7.133576273722594e-05
6.026043139205826e-05
6.213874191576605e-05
0.0002160962276551527
0.00019635358026771983
6.584890700084811e-05
4.077811127408351e-05
4.4322483320988334e-05
0.00018268177486881695
0.00011800468137943399
6.350751418422065e-05
6.622995370789203e-05
4.0989410256396675e-05
7.105576897682168e-05
0.00024507117491367753
6.442491995233601e-05
3.26490517585737e-05
9.711918311387269e-05
0.0004418259337059003
9.818284748721058e-05
7.607450076149174e-05
0.00012778081296263634
5.6080004674107115e-05
0.00016808005606613226
7.193228177028519e-05
0.0002014583470560685
0.00015938910400878505
6.852495480610917e-05
3.3993846825688536e-05
0.00010179157110907856
0.0001144719390279725
3.6047891462858524e-05
6.670232342648602e-05
7.321887855247266e-05
7.428893033855326e-05
7.483446048078093e-05
0.00016897332032421962
0.0005173676069274149
2.662676269379708e-05
4.496095439946084e-05
4.367368668585336e-05
4.868718456633507e-05
0.00022745078592982152
4.010245350272294e-05
0.00011684635306072364
5.42816721660992e-05
0.00016354800392049768
9.054262707087426e-05
0.00010158431680091923
4.6507699917205174e-05
0.00016832838624020101
6.180283945808698e-05
0.00032519733882140084
0.0001795783423771675
0.00020505469820214487
0.0008778786635121499
4.924036006469134e-05
5.327268879876018e-05
0.00012399441833483606
0.0001386751194909534
0.00012184820361252592
0.0002086191582056074
0.00010876428829157588
0.00021193292624219556
5.5739558624003415e-05
0.00014589476368840853
0.0001165007352741178
6.090786034217176e-05
3.201408689172643e-05
0.00016462839998001623
6.551661412329908e-05
0.0001741862074214395
2.2630259911760265e-05
0.00040176046782908057
6.409526352356267e-05
0.00018217837558547352
5.013948795465579e-05
0.00011816020140932302
2.6901348066529797e-05
0.00024423358939801553
4.869794609853101e-05
2.788484798169679e-05
6.957083766669217e-05
2.9452280881299578e-05
9.010048493455092e-05
5.11109296361892e-05
5.994890381701908e-05
0.00017368534689831674
5.661973340342605e-05
0.00033900891617654074
7.041363890454039e-05
0.00012364683662144526
0.00017071500016476254
2.572435488531178e-05
0.0001346498340658736
3.1632361760382885e-05
3.7841694033311255e-05
9.326814957749498e-05
4.661192640032441e-05
4.501426938065777e-05
0.0001986237734061444
6.120049840540909e-05
7.821729341384395e-05
4.5226090842506196e-05
5.456138918973881e-05
0.00017202025930694538
0.00010908460354544332
8.265146528656244e-05
0.00028108084738181035
0.000146612692246244
5.7080083328321594e-05
8.934107782737394e-05
4.766583376690823e-05
9.826028930714647e-05
8.196342537577317e-05
0.0003166669738141142
9.496866537535112e-05
0.00012627967467887999
0.0001334970798202015
0.00010079601227865265
0.00025010684056152625
5.925808083933931e-05
0.00011468324984865029
0.0001008951272825388
9.791574619650507e-05
6.256300692146686e-05
3.9725716704097556e-05
6.238722749913762e-05
4.362565526129892e-05
4.570732903051907e-05
0.0001010194734101908
4.27758922888048e-05
5.3244392125154206e-05
5.9549534844676105e-05
5.4329845224500444e-05
9.468697922384885e-05
0.00020150329709422169
6.413674355302026e-05
3.6320772102690374e-05
6.470354023453287e-05
9.470073828683555e-05
6.38424503977667e-05
4.996170240104474e-05
5.7778584644787127e-05
2.236382557248019e-05
4.3674570288015476e-05
9.419974484779206e-05
8.741112603407113e-05
5.526227995814597e-05
7.5107773112763e-05
0.00013053059667664482
0.00010774655517395533
3.4261620427299945e-05
0.00015874978474908925
5.459205640890688e-05
6.492613686757712e-05
0.00011288908308489668
3.2577555353894256e-05
4.3303502402709186e-05
6.677353082295659e-05
0.00011691735176441132
7.662866212575307e-05
0.00011741703825710783
9.094884705244979e-05
0.0004754409152716771
0.00021295988633227172
6.469044061827802e-05
3.2859391078093125e-05
7.266942463373802e-05
6.413668235418113e-05
7.751418332640238e-05
4.537806559718173e-05
0.0005241715747595927
4.791705322485667e-05
5.7591544841819744e-05
5.130357837675055e-05
0.00015805146934471732
3.8563061046649516e-05
0.0001228913041624078
0.0001077531692595786
0.00010480214160821763
4.54605569459812e-05
0.00010008878951434478
5.218191617543801e-05
0.00013343794551900622
0.00015764082854296987
6.168699412408392e-05
3.297069977852936e-05
8.221238571292269e-05
0.00012757556384089994
0.00020354688409989142
0.0005871434772524879
0.00016671308365342246
3.192562100693519e-05
4.052417349467163e-05
5.3761651631653506e-05
8.406595668309853e-05
5.249034883944919e-05
4.76470439563021e-05
6.12010484056595e-05
0.00011567561024016662
4.8538400297289214e-05
9.08561460815176e-05
3.5207291126380954e-05
0.00018944415037671521
0.0002843883253716283
0.0002094754720232439
0.00013424195374270268
8.421914617368568e-05
3.742618851303917e-05
4.682745404978631e-05
2.070782801629707e-05
5.0833434037689984e-05
1.800062228035716e-05
7.60956753072099e-05
0.00029146128408495784
5.326131791443993e-05
7.291176689905748e-05
6.893443426628684e-05
0.00014479816038280027
7.664427510482094e-05
8.144950955856774e-05
0.00012879904380803356
5.490453346439972e-05
0.0004814457097207526
0.00028303948243320966
0.00016808860863225914
9.000435297390785e-05
0.0001079227353752183
2.37471965627832e-05
2.4369108291472056e-05
3.999830861037384e-05
6.469077523978868e-05
0.00010252366596390628
3.4653340128653434e-05
5.70268218314759e-05
6.92007121312371e-05
3.842049535267947e-05
3.179726599578184e-05
7.598114592174127e-05
0.00015001527360117525
4.2655327001997777e-05
3.1504359079504366e-05
3.866215942691235e-05
8.280460188431306e-05
0.00012558365192268022
0.00016377904642118026
3.7196576151151935e-05
0.0002584089223904186
0.00012192077260692245
5.1031131156371753e-05
6.864144196376938e-05
4.0467532506904685e-05
0.00014631295189762857
0.00014268545373373394
7.451190778274548e-05
8.712153169834061e-05
8.921909061521966e-05
5.851015811721862e-05
0.00015545855772581538
5.1977872530999695e-05
4.3835174780113034e-05
0.0001590988897278541
0.00021029380104664488
4.484751764020972e-05
3.742867605660374e-05
9.690522411488555e-05
5.424317791793299e-05
2.276022943055847e-05
0.0001382384298735066
6.578057372593469e-05
9.008502038742199e-05
0.00011241637680978233
6.367268546552581e-05
0.00010498177929944494
6.537512253562371e-05
0.00011547465989316308
5.679623375132051e-05
4.62738210660698e-05
0.00040761597692686536
4.959603198164739e-05
6.14687852644267e-05
0.00024094720863511188
0.00013672860642959013
9.241288935730303e-05
3.5635064385480054e-05
6.641358512946058e-05
5.3248523356998976e-05
6.832796995719522e-05
0.00010288336829505745
7.091010326911838e-05
5.4827274395116596e-05
7.887885042533021e-05
0.00010233468550814745
0.00010321858577788369
3.943669049623651e-05
7.323850051836332e-05
5.539111432702962e-05
4.601152859998164e-05
4.9512812032603204e-05
5.8376779166272163e-05
0.00020376470305958906
0.00010941777875725938
3.645695680705398e-05
7.20153323099753e-05
0.00013508893380896226
8.343156358915955e-05
5.45052646259428e-05
5.5785406144601364e-05
8.27090581129281e-05
0.0001237226139896722
0.00018771629436256952
0.00014883966714178333
6.913967523485568e-05
5.093222459003007e-05
7.844331731876344e-05
5.824413786912339e-05
3.059582085027584e-05
5.392743120806137e-05
0.00018360733833072224
7.29255150524673e-05
5.749786901085633e-05
5.214349890560056e-05
5.2027459754943956e-05
4.585834333169124e-05
5.755123091114985e-05
0.00011931753442803527
7.57884112233238e-05
0.00012984273022776123
7.555860656966372e-05
6.361808726208482e-05
9.113351593244382e-05
0.00010047281720898331
4.675471901317232e-05
8.313168801176285e-05
4.017409087976533e-05
0.00013288968837021052
4.28807830252404e-05
3.632916321034865e-05
0.00018823785781553714
7.485514096273323e-05
7.930085525994514e-05
5.558697145220235e-05
7.905886269462884e-05
4.45445293604095e-05
6.748476989201767e-05
6.368407276871179e-05
9.543165636109163e-05
5.920915026012627e-05
0.00019266394294345645
0.00010511478459396499
7.772240649474077e-05
4.111719111535326e-05
6.0135417051721465e-05
0.000212518852926605
4.3411457875792506e-05
3.188801295190074e-05
9.199574575805606e-05
2.0307432766992215e-05
4.07214752544326e-05
8.330066939083866e-05
0.00024473113877086875
5.958326288822079e-05
5.3379660049966274e-05
5.8489541890680245e-05
1.7909691491202664e-05
9.769762397464765e-05
7.985007983625062e-05
4.312117830704636e-05
8.759091712902743e-05
8.176071011222659e-05
6.190443981352662e-05
4.957788891429704e-05
0.00010734876952349258
0.00016842888963603458
6.769370333266194e-05
0.00013715811661968574
7.380444421599912e-05
8.694217108529981e-05
2.979256216466926e-05
0.00031609733021366175
8.650834158224375e-05
5.099932578912213e-05
9.947872608271561e-05
0.000193411422859582
5.253532618216176e-05
8.54301044406109e-05
3.297313607615797e-05
2.817021502040755e-05
3.229947843187948e-05
0.00012496058637599154
3.973414527009202e-05
9.46704947735484e-05
9.627121684194094e-05
8.530558759259555e-05
3.575066038672995e-05
0.00016041476863158454
6.43086820708353e-05
0.00012122929814357045
5.891428308852689e-05
0.00014667033478652465
0.00012241975898487023
6.307630329750268e-05
0.0001765458772955581
0.00020213480227386862
0.0001332876138736078
0.00015646814164335099
2.4733896583297153e-05
0.00015019246244436
0.00011807890787306305
0.00011032680408116314
5.9067031574195836e-05
0.00012206812625786556
7.84828544559088e-05
7.623904829510708e-05
0.00015568288512552857
8.84361149766634e-05
6.756107092001152e-05
4.640375484113504e-05
0.00011851628058028926
9.673531922321011e-05
6.950141021834799e-05
8.658533910961583e-05
8.970218201957532e-05
4.043935756015046e-05
0.00011183969231787844
0.00034141268510644773
6.68432177862745e-05
3.481740912883224e-05
4.456771358666129e-05
0.0001583136472700728
8.702118877503039e-05
6.120789177499933e-05
4.751789409265733e-05
0.00010735933934984622
0.00010757144082112516
6.339678216168006e-05
9.85675637217358e-05
4.951504192041965e-05
0.0001397930432165468
5.817319558740326e-05
0.00011591759112262187
0.0001771288263447237
7.478749486604571e-05
0.00017491927608728492
0.0001312228953364811
0.00012283803289712587
0.0001337501365672207
2.044260816345554e-05
5.0216588860491335e-05
5.995275533447249e-05
0.00010050030511679633
0.00018566456104637786
0.00016374025683541305
5.413987272763108e-05
3.383385373368924e-05
8.391354946464053e-05
6.285520537874235e-05
3.953639681943083e-05
6.320780403667907e-05
8.17152792015095e-05
0.00012445038653258804
0.000146944365688306
5.2968614635092874e-05
0.00018818174632749475
7.736120097334126e-05
6.30127150847148e-05
6.868313178124678e-05
3.3382697938650396e-05
7.802227916914541e-05
2.9800577980579937e-05
8.128040872114285e-05
4.3335469903276274e-05
0.00018948850823056703
6.67887264485956e-05
8.75880088985524e-05
0.0001672368234343249
0.0001269410985655924
6.927445705368532e-05
0.00010494519305531612
5.2810429174013233e-05
7.524437810329521e-05
0.0001481768558927292
2.8304585484306347e-05
2.7948441529281023e-05
6.017143852458071e-05
9.845243857855569e-05
5.144333931623661e-05
0.0002708151169379764
8.524137555128383e-05
9.309807824877967e-05
0.00018378913639350834
6.84007876833045e-05
5.4002670508433636e-05
0.00013534195442808927
4.896859520944972e-05
7.25102661984437e-05
3.6221467912975054e-05
0.00033570972074558833
9.991784052582598e-05
0.00014148817294213362
6.786569896266859e-05
4.78213457290709e-05
7.428286413093608e-05
8.875979053406015e-05
8.816485952263622e-05
4.8362719649164e-05
6.06513213148303e-05
5.272812464350367e-05
3.1207299369970573e-05
5.7370511622183646e-05
8.598893988736363e-05
4.5437997046797946e-05
6.181664291002668e-05
4.837705358458574e-05
0.00019730038528516388
8.261372862266404e-05
0.00012318078831482056
0.00022295515598765462
0.00015196603145295817
0.0001467440577160103
8.237853304618658e-05
5.099222878473091e-05
5.922809112808974e-05
6.403159244705924e-05
8.354922053192125e-05
6.336080521432419e-05
6.98129914580094e-05
0.00011088715879053172
0.00019753446717677372
2.7157557928630607e-05
5.1937418333556314e-05
0.0001084750582665087
0.00018167568608437555
4.509562215936283e-05
0.00013169614302563552
8.269531899478037e-05
8.188226583623046e-05
5.9872322153658234e-05
0.00015027188049953453
2.9521056345627895e-05
5.3362292716553146e-05
7.048092126447871e-05
8.608102145383768e-05
5.03239092565744e-05
0.00014283465793153073
0.00018403709743919925
6.46196449815027e-05
6.335180837652358e-05
7.015799067168372e-05
3.145635342231616e-05
9.640707135972545e-05
5.276065961942156e-05
7.541564560379233e-05
0.00016613175908698313
8.040267963048733e-05
3.0486608370401337e-05
3.8884261653192266e-05
5.914571907452916e-05
0.00010834432934998673
3.5834237771364185e-05
6.877061264547246e-05
5.1303173323437254e-05
0.00012000987764118158
5.733861459313175e-05
6.666656036881964e-05
6.095506800422324e-05
3.4212522545367853e-05
3.032683607426173e-05
7.265442330157885e-05
6.658135508974091e-05
5.358397567114737e-05
4.2071540189115774e-05
0.00010531847938373056
3.7887144589728237e-05
3.655254000734594e-05
0.00011418329482034331
4.391570285280592e-05
4.321874363798457e-05
9.698806731942295e-05
9.269799430414845e-05
6.395860138205409e-05
9.954000523029765e-05
7.779130254914579e-05
5.289734633800717e-05
6.498675688233661e-05