0.016517394194014653
0.06142578793786076
0.07506640159325342
0.013884396557805089
0.03427112894597964
0.08491323372337986
0.0456814892737652
0.027070914261344236
0.026870264691787472
0.03313406766215413
0.05540551471183265
0.03276062986034886
0.03820778213201176
0.014177837147053087
0.013892592917635458
0.02150703370513468
0.031887759845023844
0.02215612395825626
0.009109025454033576
0.017981056902769965
0.010884404740942238
0.021857934723535272
0.002930728308391997
0.0026012816477261206
0.0261176104682298
0.004334905022094263
0.0030411236365796004
0.0046493363678941045
0.006151475342956017
0.007537819065668348
0.021371185422084445
0.022451526376192292
0.003965772935753522
0.016052909879562895
0.006052705011306285
0.010124088219275618
0.015093757642892459
0.03378579827916961
0.005995940783828771
0.015548335210477125
0.01760950239517493
0.007949082028691915
0.01728213516357233
0.003600979538295305
0.0003448902212675324
0.002998439493576045
0.00935249521745523
0.005228040248516842
0.007559168479223801
0.009053967567432188
0.011994413060476885
0.014874387956875878
0.006479531981818347
0.015506876374357093
0.004884565091757861
0.004356882873108498
0.004399207780081525
0.004404684558813083
0.006513542019589127
0.004326808937434688
0.0032443103376261595
0.0005425505772568577
0.0084320153632756
0.0020613642533377657
0.004051768457888919
0.014148900008596678
0.0013516770814699685
0.0006286806512418333
0.004409266105853183
0.008941258419088587
0.0025836479336665517
0.003946014181650966
0.002815699864650858
0.00785034103306587
0.01167019326681107
0.004571140502542726
0.0007557392316786734
0.0021147213877608434
0.006531354865160096
0.0055056951433379965
0.005513165557770126
0.0034851387918160876
0.0050511130388007945
0.000711395360908598
0.0029459991319777373
0.0037084910064282763
0.002339419019005085
0.005065072483300885
0.0018254035960705458
0.001832735405455052
0.003630180151285904
0.009832236149129911
0.0026387468569390084
0.008630490182696232
0.004347998760934506
0.00042470505667394174
0.007808403749749496
0.006307178778112165
0.0010805683463933078
0.00961912447323709
0.0016266865206900408
0.0013670248290707278
0.002638165097607711
0.0008650179413472619
0.00564534685350051
0.0028491128270658568
0.018307612336763025
0.004456933317084398
0.00727680854729053
0.004051280383989669
0.005484719132772402
0.002641058661831621
0.001820589348015147
0.002288479569890236
0.001106767361153842
0.0017863605080091754
0.010052007390151205
0.003770886667973204
0.0034986642889852184
0.001802536336652687
0.0018780098174995081
0.007443621527052889
0.002720098816054033
0.00028509138011726526
0.004141663128642788
0.001960748920357035
0.002461139110591095
0.0022632764277065614
0.004703975134702134
0.003829937155610376
0.004852712723574442
0.006912361343138477
0.0038246327652537242
0.0019451161208586033
0.0016316317779446654
0.0012153217764157643
0.004807792707928765
0.001926002145377377
0.010259068065674556
0.0010325483229705098
0.006334020815631381
0.004312837221315104
0.0013704069629428795
0.0020826776587335905
0.0012077221229932068
0.001410396785342242
0.0011949515278473458
0.00414299273448692
0.0024569596045983405
0.0010366469705329743
0.001433792807152894
0.0006988667363703075
0.000346438592744037
0.0015703700042417163
0.0013354580463403344
0.000536561676228446
0.002203814567089186
0.002172858859199261
0.0019244807957376187
0.0017387117971065205
0.0018150516565231187
0.004407166557309073
0.0036229550833782476
0.003470510535893747
0.0019005183097114745
0.002392256461295662
0.008039930245536762
0.0002895274511916399
0.0015451989086253228
0.0028145302455160237
0.00045412605313342985
0.002064873658983975
0.0012563037127589101
0.0025432893717916368
0.0012358146021439085
0.002666837682684955
0.0014243596344595333
0.0006665261503946281
0.00288732088564504
0.001746553057560522
0.0001487961210850062
0.0016721007975576709
0.0013043825189779428
0.0013376303600865496
0.0022429482803156217
8.250839208603442e-05
0.001229328291636364
0.0011707803214924554
0.002304774752606783
0.004165312762936573
0.00043853325497804677
0.00020883271218423102
0.0017192144145545055
0.0008015680508973496
0.00316699194480614
0.002936056835113247
0.0019522116131280517
0.0015082739017649512
0.00022060225887564808
0.0018966039607327748
0.0005283113133208769
0.0011813449819216004
0.0012783075632253516
0.003743691220183747
0.0005547385931598045
0.0018172019630117579
0.00110805253468236
0.0019334342051286221
0.0032707398278810753
0.002193700936991646
0.000603697772113292
0.00034102748445630904
0.00137288859266357
0.0010705902539579258
0.00032827212848513215
0.0012831671170688628
0.002902271967666989
0.0015206614282650204
0.00142011739395416
0.001772169845601549
0.004701384653285009
5.794712802204176e-05
0.00490033038347163
0.0017164907414693167
0.0022503398466028686
0.0009325876583228534
0.0004946931895760326
0.0017595959424255832
0.0014324776103382148
0.002610382617782874
0.0011181405146167274
0.0007858776388336426
0.0024568498351574338
0.0028736635937674708
0.00438953502886514
0.0032457521361269654
0.0014599700215266794
0.0008416337765379595
0.0019729237328225692
0.0010754826963593645
0.0027966675387690503
0.0010467343121240422
0.009813008953751246
0.0018354823706706754
0.0033868982358159164
0.0011794478949269317
0.001843812687824649
0.002243778429549669
0.0027258272170363946
0.0017089695053411863
0.0013567357806182902
0.00023190148077655506
0.00256085500235117
0.001943210092281634
0.0012312160364956702
0.0021955707325504435
0.0020691558529336183
0.0007088233986184385
0.002515886387693487
0.0017358228439650577
0.001180556168033103
0.0016054162763185637
0.0020230939931830012
0.00068567233143762
0.0020895591147552482
0.0006155155873503118
0.002870158834812597
0.0028220735995259753
0.0020114396125641395
0.0005803802089414977
0.001210507616105702
0.0004546728195597584
0.0004531251298770483
0.0005725229555794685
0.0003504057960330407
0.0009634424666557568
0.00024456503574256275
0.003606744316404323
0.0021230913946361464
0.00273974579591786
0.0019289847938506002
0.00037424762488409214
0.001454874421615696
0.0006546627692688279
0.0009894793158098548
0.002189693342422749
0.0011960315237475373
0.0022181720018085165
0.0011923922110862767
0.0007079433654603651
0.0006349622141176858
0.0028116635185817516
0.002308437374643348
0.00039649499765549966
0.0007251819026678823
0.0006529216677354517
0.0010728247530752812
0.0005642896636446013
0.002673348221812517
0.0005285192579438309
0.0009157498143593342
0.00013758282324234406
0.0010168888699029696
0.0011951003367226
0.0004236736779229977
0.0003447119605815781
0.0008852206866375068
0.003911882170505749
0.0009309312812077621
0.000671336918867161
0.0017476438424141208
0.0005676098222601397
0.00048801189665487573
0.0005728146735607112
0.003442690609978135
0.0012159163176544642
0.00023757731428334503
0.0009271161430178257
0.0006662470438731538
0.00043656787107342873
0.0006053593001752702
0.0011299395894321515
0.001273260517816519
0.0003867641315569622
0.0008421114466430154
0.0006262524523303994
0.001369325893397821
0.0006489655857956653
0.006077607866257269
0.0005310545789691251
0.0007392336497964916
0.0008586033740314704
0.0010270965863233498
0.0006612640063174203
0.0007779912813988343
0.00033963798795952045
0.0011808885348846302
0.0008744613385504216
0.0008479668143650213
0.0013532581787779278
0.0013456581356386756
0.0005837720966067571
0.002415008390213515
0.0005096611225797473
0.0007658667107305336
0.0006917938664265739
0.0032281637103496194
0.000681480276626853
0.0008083063385552339
0.001402430177116222
0.0023144202480243365
0.0012344402273771092
0.0008119451443577551
0.0019137882748855753
0.004594317194770493
0.0018453038486779868
0.000505610111604198
0.0010770633451041634
0.0012453843062824811
0.0016712403790743642
0.004251336788935491
0.0012981185706233012
0.00048399940191827
0.00022233181393863194
0.0005679795568623063
0.0007339425997233874
0.00019760984055559874
0.000695130624471809
0.0011639585357993434
0.005314048581102285
0.0044875756187775905
0.0021075277387536456
0.0011102723176334573
0.0028812184848967387
0.0010275043490579844
0.0001339666804404321
0.001827791443873812
0.001035867787200216
0.0007325900963535319
0.0007122999450526544
0.0014823985612458781
0.00030588483314457137
0.00019138719410625893
0.001775848389684857
0.0002651091632907227
0.0003955925596696648
0.0015246251952890021
0.0010701693739457161
0.0001673146866361957
0.0008355649869032415
0.0007614570726468427
0.0005890678211381938
0.0009356377897086029
0.0013536277161712476
0.0034644217167846777
0.0002784450506526744
0.00041627605909120007
0.0012983148194623878
0.001725810825994185
0.0008687549017720452
0.0011673483095833773
0.0010520609684582301
0.001178794523236563
0.0005631782347178719
0.001352731523695821
0.0006737720441496533
0.001886944551281205
9.723738386669558e-05
0.0014296759692455831
0.0004419458304480682
0.0003111014563127988
0.0021543805116778733
0.0008955916808565951
0.0014372502264002193
0.0004601480655027076
0.000655271445568461
0.00018866139476417799
0.0007728796793268814
0.0009948826199807266
0.0017892810865508665
0.0018126306902274433
0.0009132789374234409
0.0029970822881370306
0.000887663771499356
7.768537340473862e-05
0.0016057261007257381
0.0006365290545030551
0.0013076048494721567
0.0010126906934818769
0.0009683810637394897
0.0006070790084910809
0.00041481996642684396
0.0001246501100534288
0.0005379162503653804
0.00017778372454512083
0.0004351567559172721
0.002056688132651756
0.0005032348359087501
0.0009179486868738063
0.0013718736222816154
0.0007030305391218743
0.0005490398222555351
0.0009301753963369741
0.0011585802136306856
0.0004839431167284042
0.0002540924954244783
0.0003918242000667414
0.0005111881256872011
0.0006679201975649366
0.0008274377946049147
0.0012388305566871551
0.0004404195523915909
0.0015989713694687412
0.0007206351046640348
0.000660089571433874
0.0002980758183931413
0.0014544954596667674
0.0003964914869218812
6.201740340784923e-05
0.00032539219814896195
0.0010255551278573155
8.176791831723724e-05
0.001961091911203192
0.0019108552266250385
0.0003781729233134613
0.0005168509910272485
0.0012092403270075667
0.00016887304088316447
0.0002865970714134488
0.0024547739377110507
0.00014823193764562125
0.001134852473013681
0.001568146861039904
0.0009993850954634245
0.00030524980776245334
5.313283786993895e-05
0.000995497010846825
0.0006233837557563716
0.0006891761583262645
0.0008811330678237754
0.00031900826699441705
0.001085793326579258
0.0008966293122563211
0.0002794729837025804
0.0016374763576762616
0.0003749917718336484
0.0008484459270055038
0.00020635707983787552
0.002168344452718806
0.0008110321971774375
0.0005697848779598894
0.0011013786002007653
0.0005886131552650239
0.0007059086851908945
0.0003996871014568172
0.0003171120408525391
0.0013205593481554602
0.0007042532775734982
0.0006885661509558397
0.00010328497583309107
0.0025786067300091688
0.0010196228255138647
8.28218344289556e-05
0.00019897479272056392
0.00033790491390016706
0.0022061852522700836
0.0019002220276922474
0.0012486329667439477
0.00029162230120611453
0.000621111198113484
0.0008035287251066207
0.0011775610927129802
0.0010346606125451986
0.0011276545800449746
0.0009928376992997482
0.0002476437706524824
0.0006424431777870802
0.00048387421262029634
0.0008362752336077575
0.00039732040343556365
0.00042980195563942615
0.00021249675289958153
0.00024160876157975722
0.0007276684596395045
0.0003494010999867561
0.00032507797828285577
0.0008422240598871248
0.000305105276392902
0.000838421541850282
0.0007934760129544332
0.0003049046397987278
0.0015283101537840397
0.00044090039510471423
0.0008326266515022021
0.002425548619908141
0.0007394719429562466
0.0005277867977409676
0.0016784711901660426
0.0009554478581923304
0.0005761628276736018
0.0005324269631970764
0.0005474987929210239
0.0008688229602010316
0.0006457748736945197
0.0007696360686021253
0.0013969422197045549
0.0007854440148558579
0.0006430061461119639
0.0002173840049284161
0.0009835929514306566
0.00038007160052932695
0.0011184255871578926
0.00038733026394609677
0.0011891905926648186
0.00041757902595709396
0.0006334786639677045
0.0005420657828351465
0.00038030666176745183
0.0006685300788168755
0.00026176552051992085
0.0008829207805178078
0.0006837673712863589
0.00032044861091484793
0.00012960080198692444
0.00028101562380196095
0.001158466938964261
0.0012689414360460823
0.00045498659352583785
0.0006717736048990456
0.00023169445423110415
0.001320073767586482
0.0007749487968942138
0.0003825950591402024
0.0005235899824413117
0.0009260754703323483
0.00022987362211959703
0.0007005072847176036
0.001113816153169759
0.0005740744952908421
0.0015180744399091004
0.000839091011136844
0.0010808760201445632
0.0005838571909367768
0.0012005000719770293
0.0005807482900857634
0.0029625937711862975
0.001963015234416989
0.0010328950155231178
0.0005624567637377542
0.001224278532025586
0.00018678870110153608
0.0004894804252129003
0.0005297065756134237
0.00020789719173245044
0.0004388099165554739
0.0005520787378557317
0.0008826323576436006
0.0016144445170353267
0.00036479999322547936
0.00023701740936803533
0.0005477890789757031
0.00024223876837910671
0.0004702584484094691
0.0009699981470086704
0.0002631535252502101
0.0018458097053393574
0.0004152170929235423
0.0006922696633683057
0.0013571289592447982
0.0004935612964622396
0.0003648070132028102
0.00017102578902160895
0.002178329415250903
0.0004220648846960012
9.072015336545553e-05
0.0003217363321333547
0.000517564455799748
0.0007827921219922917
0.00044009071291209895
0.0004255151043324807
0.000246971371372351
0.0013153652794830866
0.0006608183414160911
0.0011246583940001408
0.0002679603221331356
0.0002286295380082452
0.000562518453872167
0.00021224288571067924
0.00024522688721278693
0.0012937580460471716
9.87833095756768e-05
0.00013365953979183398
0.00046562334981355515
0.0002149821001585728
0.00039580639543136735
0.0009783402677234969
0.0003759733732145946
0.0010312169827752557
0.0004934569684904661
0.00011117911423672196
0.000720944541828347
0.0005884295221607296
0.0010294624033979325
0.0007219372362416506
0.0007504321459129066
0.0007002579647802463
0.00044551403203294747
0.0002020602202931868
0.0006469575594965874
0.0011326254002541655
0.0020403147684763963
0.00033004463858427746
0.0006775271715968763
0.00019288677255732432
0.00028397093844775373
0.0003316785831278258
0.0004652913518590169
0.0005798945244151461
0.0005007266069155405
0.0007081981334810253
0.00032370498426683076
0.001199532244590308
0.00018735936324129157
0.0006497849152703188
0.0006936046259645806
0.0006511037873164333
0.0001030919381690085
0.0007321026707100106
0.00037434150569343134
0.00032792872213873386
0.0002574968116374527
0.0006943420219251636
0.003078486345050292
0.0006427204860464259
6.283431270405005e-05
0.0007145575126677018
0.0006325143079826149
0.0007554963041269792
0.00037516196125613306
0.000417721703918878
0.0011856082229854748
0.0007597634867275655
0.0008838986936858156
0.0006272379668999938
0.000497981197765488
0.0009012611120503812
0.0002797045267103056
0.0006243038146821323
0.0007653527597961817
0.0011097130876112017
0.0008947060717724676
8.426232259202949e-05
0.0006312382600416515
0.0007406729399272768
0.000377216780961389
0.00012875282548923525
0.0007492895656260617
0.0009206756744304638
0.0004461449255345124
0.00024957070031203114
0.00042366233772209367
0.000133417006955049
0.0005905151312517615
0.00037980562848199245
0.0018736143083065066
0.0010326051501799093
0.0005060047307305979
0.0004434642980257787
0.0003395333147243966
0.0008917987324076128
0.0002549038131015004
0.0011918220144626801
0.001707656988869355
0.0004570920742461495
0.00043333842362855413
0.00044470026406682485
0.0005977543865386852
6.69824398155548e-05
0.000512550925592674
0.0003255788364501946
0.00023641813894688957
0.00014720666101833012
0.0006058858413644818
0.00010082671684887724
0.0004726759017069277
0.00022626859886854737
0.0007844916537969333
0.0010368374199112372
0.0004422566307130355
0.0008533248026634182
0.00036161595313533555
0.0007649963805490922
0.0001587773924989742
0.0003172321413238959
0.0003053603407700838
0.0003569587119729859
0.00012468843815063927
0.0002703248033262622
0.00023065353317192308
0.00046002223227307787
0.0004809905242247631
0.0007350026138812573
0.00022656873252153406
0.00015018121949487967
0.0003150672250749871
0.0006368668171053061
0.00015032089305121627
0.00045835352696010657
0.0007738925939775021
0.0005018783921790688
0.0022033383110270748
0.0006429219886523751
7.135311976061015e-05
0.0005975408792944272
0.000502101643451475
0.00014725332777405138
0.000360317503496161
0.00023493806108705265
0.0005775764229446175
0.00044978865865002705
0.00088056945697042
0.00043803499598966885
0.0006115912822965631
0.0016721223718504266
8.516436418734307e-05
0.001239232373497221
0.0002954019629349163
0.0004315881968296783
0.0008002107430975237
0.0004402204952224175
9.458799805309753e-05
0.000632092978320019
0.000371885959213833
0.00043295686527057336
0.00041407972700028926
0.0005884179647697611
0.00029742380273995155
0.0004040735325846991
0.0005849086503162988
0.00010864952650184619
0.0002795536967147154
0.000210779432346399
0.0005089187976018076
0.0005827636009547155
0.00024098592613231074
0.0004546479977422151
0.0003406574131107813
0.0002708810731773846
0.00035157668947435254
0.0007621173290937349
0.0006085982238343589
7.672548048399243e-05
0.00021465569311593537
0.00025008526288165686
0.000756263328321047
0.0005738549956568828
0.00025090188647030893
0.0002843271336531074
0.00035476118773464504
0.00015028492212052936
7.766158193466905e-05
5.3576739836675826e-05
0.0002620797926247304
0.0006917117406239291
0.0006681637678571951
0.00033134242210200394
0.00016548885702120605
0.00038285154009517515
0.000771271182464983
6.011581522051555e-05
0.0005917663403016202
0.0003814256829701698
0.0013944117298918747
0.00017829462137560064
0.00025568699473939993
0.0005086517376284519
0.0002127418258609222
7.73505093917984e-05
0.00036108744925808094
0.00016358343475835074
0.00038563179646578573
0.0003273331124810123
0.000497907290175082
0.0005592452754966981
0.0008972778738840661
0.0008410223616863282
0.00024063673257442372
0.000248737438809917
0.0002748590773517415
0.00022570092031112902
0.0002320452678866266
0.00040252361889919666
0.00013788599323064814
0.00012346747695753734
0.000606340412214482
0.0006296152052708728
0.0010343712680364594
0.000278117196790208
9.995711997011746e-05
0.0005955879822481379
0.00019516615433191813
0.0005846019873253847
0.0012327476951714841
0.0003455308713551659
0.00035734280741478723
0.0002142184335829247
0.00011927373095215146
0.0003761154566652753
0.0005373333408438475
0.00033636215616292443
0.0003645832381278455
0.0003753285976389991
0.0005736253481057149
0.0003438121564469784
0.00018898497448668173
0.0006178957907801098
0.0006818158450217475
0.0004200796804434021
0.0004987003737134413
0.00016144868246621705
0.00019886595772153934
0.0007705501501254938
0.00070023397183872
0.00030011761933853464
0.0004396389472836152
0.0001870585975187677
0.00011602839173185502
0.0016273030753369065
0.00018918397738382496
9.012732223545377e-05
0.00035141859307880524
0.0003044314763907793
0.00024210650225657454
0.00026667236931630917
0.00019964544361253037
6.307526247945825e-05
0.0014885806938655208
0.0003881008572289784
0.0003708907653811312
0.00017704885322037046
0.00015545956442760675
9.912795477821293e-05
0.00037120604297149253
0.0006592307871813723
0.00046724645885912067
0.0008111352986532855
0.0007097129898216146
0.00026509259502175385
0.00022225306962557332
0.0009606656712952028
0.0014318529795397355
4.8777065332304464e-05
0.0002924950451370985
0.0003525798690370316
0.0004551279843215815
0.0009234883402709546
9.794301797586864e-05
0.000871841019351201
0.0005429904987577118
0.00047748846563544067
0.00090402600621198
0.00021710494947223597
0.0005985258024089302
0.00018274628099686495
0.00039326164673695625
0.0005485895985296486
6.753043807106778e-05
0.0008159752278995059
0.0014119697391354756
0.0003717756901088159
0.0007096125085059331
0.0001560903859260649
0.0009031234566077934
0.0001311554475074454
0.00041186641978306046
0.0007332218156484296
0.0004667764643626117
0.00011622570714302668
0.00018218471169200646
0.0003057365207531179
0.0002764816369923754
0.00039608840221060603
0.0009462822288208827
0.0003550758688279802
3.0449547077320995e-05
0.00024452692911400016
0.00020240869789163763
0.00047665602940807233
0.0002515526357281093
0.0004913286808772588
0.0006486466000730622
0.0002369794388856893
0.0007182423067117447
8.441494978477471e-05
6.019331745442306e-05
0.0002467649794846364
0.0001461912202990088
0.00023538956951209758
0.000886808177426565
0.00023373626038010234
0.0006924205167104259
0.0005446710474661358
0.0003302445400556426
0.00031170233171993734
0.000635988056241551
0.00035518613056418025
0.0008197209939861477
0.0002762447687121059
0.00011214856341147677
6.744610026928888e-05
0.00037817438663716743
0.0004348952832767808
0.00013737948254661817
0.0008703446497697108
0.00022254015558038735
0.0001953435002371349
0.00014097134832906385
0.00011439467150543
0.0005931505538295979
8.146228640324257e-05
0.000867001915398947
0.0012451467480502627
0.00016864370234999148
0.0003126168425551878
0.0001466119491072871
0.0018292020905188167
6.987964188888612e-05
0.0011227452091723269
0.00018879236514147892
0.001615888111746989
0.00010285133912370242
0.0005174770858784592
0.0006288453848388426
0.0009092980850937201
0.00018849899945818778
0.0002552374831666049
3.778868819981741e-05
0.00011476713234508211
0.0006543453425575762
0.0007836220103397638
0.0002360200555249257
0.00029501316092831283
0.0003114778673380278
0.000312972827284227
0.0002504690989889979
0.00033695363083066393
0.00022048876827130236
0.0003954783283033045
0.00018949094536935474
0.0008042258341063771
0.00021800768402706368
0.00040248964868466416
0.00011941961867137496
0.001384439609713013
0.0001884412968286287
0.00042345780221214884
0.0004743337977407969
0.0003467298403716202
0.0006914335903277233
0.000805132192574665
0.00035649745207619576
0.0008399967510482016
9.252812151646297e-05
0.00014372996936456872
0.00013373193230538998
0.00017483733611417591
0.000716541551226746
0.0001319293298951562
0.00023469519663824807
8.644438633769209e-05
0.00036899665135251
0.0005495198368198204
0.00023507243461425877
0.00015005067899390932
0.0001320245605992663
8.919013986598491e-05
0.0003520765807256695
0.00012848689365588703
0.0008372134950470573
0.00045172570223339414
0.0005625177636303603
0.0006106027281090809
0.00043279093143356185
0.00018009245547177574
0.00022893341087895782
0.0005403883442098909
0.0001501091120465888
0.00014627954971009358
9.001064662266858e-05
0.0006460563866254043
0.00025419188046884293
0.0003354766340544935
0.00030126522510845824
0.0004220190144102393
9.244526936572451e-05
0.00025287702233713473
3.720908387327347e-05
0.00024885244413591276
0.0004054880227850339
0.000810246198319481
0.0002626891582936272
0.00042736609980565266
0.000155706808152085
0.00013703682517326687
0.00047862377132875744
0.0007090426666977444
0.0006452843160868843
0.00020301022761743488
0.0007100855017347996
0.0003698818002391726
0.0003143613350521064
0.00018274405851607294
0.00035488692211715683
0.00015694077835492177
0.00020270854827646612
0.00034083650060180834
0.0006816062904822904
0.0003515788525670917
0.00033067104049707547
0.0009807157268571925
0.00018562548564747026
0.00025577708712850824
6.21383431934206e-05
0.00033164363840812114
0.0005451314493712579
0.0002713536780585924
0.0001507508501646057
0.0002985701958611458
0.0004881680027469085
0.0009020091344594901
0.0004021128477502407
0.00042381964728326163
0.0002114867119571929
0.0006405234336071076
0.0002678739183097091
0.0008209594522615429
5.620206668227796e-05
0.00017528583934914646
0.00020828156255334272
0.00032046755089596053
0.00018990172115938722
0.00034273108505690096
0.0003946621271311837
0.0001746382226277318
0.00037790231019144095
0.0004471623028497786
0.0005384617446664118
9.78815581076818e-05
0.00036704645217539456
0.0004784388027877406
0.0005203403638728845
9.007874825881874e-05
0.00015512245428249332
0.0003664298612637553
9.626842190844447e-05
0.0004421453909461569
0.0005038534723140327
0.0005176380320582068
9.581471173858986e-05
5.545507300622238e-05
0.00035940204366155293
0.0005887091496220728
0.0006944847676168225
0.00016458696746499715
0.0001647390093706664
0.00023848950643167263
0.00028420323718948985
6.910132071341248e-05
0.00010957774581994976
0.0005970172020493785
0.0002955996134655284
0.0006358507487327905
0.00034846813215675884
0.00018513099941286902
0.0001454414974575144
0.00020612435146414226
0.0001401090948016819
0.00016705380759665165
0.00014802773430796457
7.956426114849927e-05
0.0007064062697800884
0.000280604869241261
0.00016711831880373806
0.0001154773410116558
0.00012610243318997397
0.00021411428781915374
7.347404250868348e-05
0.00010275846847382323
0.0004296717810371605
5.964328442328444e-05
0.0004044708453876174
0.00015127157610701287
0.0001173771530904486
0.000562441419457121
0.0001963175011676125
8.523463079313512e-05
8.418904994939623e-05
0.0009736214257089126
0.0004957144370368751
4.615968185284327e-05
8.919938659296953e-05
9.996350854257309e-05
0.0004319361504180536
0.00033501891797722063
0.00023392292529915448
0.0002454925159524385
0.0003613941140882178
0.0001234036282645545
0.0002401835741542706
0.00012286621368257604
0.0003206550285061399
0.00023141994796900686
0.0001746527720950805
0.0005075649642182794
0.0009478627531618705
0.0005821229563907809
0.000211984547877319
7.910448656162773e-05
0.0003211422204759793
0.00025965627345431733
0.0006720541062100033
0.00017926576408829823
0.00017512588712435993
9.602414665862651e-05
0.00028232239040978783
0.00010415471530027578
0.00025470912948798044
0.00020735593896077057
0.00016003321050242175
0.00043560778577077697
0.0004276925821131316
0.00015975279620626475
0.00041794054617119334
0.0003253276193201123
9.848124340988378e-05
0.0003801307138531988
0.000994912329194252
0.0002591294226425073
0.0009347519970575731
0.0001733867155810612
0.0002931939701936274
0.0004975918097854622
6.480219168908273e-05
0.0006236218763431757
0.0010198893552133303
0.0002397476352422572
9.101743350473603e-05
0.00011709352496503811
8.188070340781479e-05
6.150463421031352e-05
0.00023097317728580945
0.0001267360738667939
0.00011654147229053854
0.00011920423630112619
0.00044696860451674396
0.0011186825220762108
0.00021702913629649144
0.00024439423496034766
0.0004187402975560569
0.0008988616886686158
0.00020197198630966107
6.433269227876485e-05
0.0007224946566051849
0.0006919936000454847
0.00012209169054423053
0.00045230382654952813
0.00035466010269890333
4.803429522761396e-05
0.0005580973238041753
0.00021019801657784216
0.00024154464222683517
0.0002555642326879259
8.747952490446853e-05
0.00031702512240761705
0.00012042059233800817
0.0001630797327001141
0.00019044831800984018
0.00017189752992329734
8.331469140349106e-05
0.00028133089323648477
0.00020764109197308765
0.0002166533729931054
0.0007475246426598154
7.357901292222806e-05
0.0001552647082180686
0.0004086106084083789
0.00025168196338219213
0.0004808285401737092
0.00010778481279468442
9.723911500733172e-05
0.00031867313998954773
7.551347596704818e-05
0.00013721019351319147
0.0002021362754542702
0.0002838824599044286
0.00034982281905959354
0.00025728307419549846
8.350611164846978e-05
8.179259182148859e-05
0.0001740901893339538
0.00035423046485112187
0.0001349908758173797
0.00023126940971627662
0.00025528697699482886
0.0003701602932089702
0.0001169522329796843
0.0001872730870774255
0.00018163233279717397
0.0001839051882908492
0.00024454600698784373
0.0001237065652664974
0.00013708746063699636
0.00045857008189255957
0.00023707444977980697
0.0011761283019174576
0.00015843523440332405
0.00020182401501153276
0.0003171968220774373
0.00024542529310720313
0.00012494316317522165
0.00010486408733687713
0.00047223449679731057
0.00016928815566263778
0.00011047207403014608
0.0003291205935251236
0.00015674198825863132
0.0002055997292718081
0.0003553815230995724
8.09100678492446e-05
0.00022974571590871697
0.00010464932844655689
0.0001355061861051077
0.00032821372353960556
0.00032916624243978514
9.538262528892925e-05
0.00018676090974166764
0.0005732853979193208
9.818056321549807e-05
0.0002446615962844297
0.00019391514805033267
0.001693210599766604
7.8064911523074e-05
0.000194043848511736
7.815259927634741e-05
0.00015404781432181575
0.00016351860387076568
0.00019703527787535556
0.00021401801602075873
0.00043388093457113027
0.0004657785229144121
0.0002917985543218729
0.00030147009453296037
7.128904626687579e-05
0.0007003034945592007
0.00017367343902401989
0.00012736426773560583
0.00020093174055414237
4.3434551145890514e-05
0.0008690971400921182
0.0003370395540724957
0.00011321541066496795
0.00015565704407335233
0.00012771895902535208
0.000587799187349057
0.0007422143014413973
0.0005041314832187236
0.0002774951912696388
0.0003591513384893498
0.00037394765900756983
0.0004811038852952216
9.324246151273912e-05
0.0004897986984413566
9.330740964606385e-05
0.0009467046660959729
0.00012781728320963672
0.00012579381320380268
0.0001907746115828657
0.0003467493194803334
0.00018955944108793804
0.00017171271072515147
0.0004819563492333943
0.00024505903791064874
0.00010054469396992272
0.0008202275416967677
0.00010254063631062362
0.00032184550286760543
0.0002924388627857571
8.998812788862468e-05
7.976106269023176e-05
0.00016681962916934527
0.00037603682515368307
0.000387749333923991
0.0006397439272566874
0.00011292192578988461
0.00013428619100333756
0.00019927520179511657
0.0001619218167344721
0.00020010398137284053
9.009804184298062e-05
0.0006031416552420955
0.0001707211977614608
0.00037528485716457476
9.329541455967857e-05
0.00025048337204261375
6.288044439070827e-05
9.620806297471291e-05
0.00038438855061434285
0.0003246335329386055
0.0002009391483440948
0.00012588527542525767
0.00011732338824923844
0.00014588727728471644
0.0002512338074952028
0.00015366803400762203
0.0013069973794871989
0.0001290851796669869
7.628477604403168e-05
9.931619532911524e-05
0.0001657347901039237
0.00039411271297849066
3.5515134288282725e-05
0.00010290730918817587
0.000532466840837647
0.00016046071946912286
0.00020669287105811287
0.0002290439048650361
5.3763229248398897e-05
0.00013467865038135663
0.00014501301847572333
0.00039208923179813253
0.00012286003946908162
0.0003074544692789999
0.00048603322804592657
7.646558542443241e-05
0.0001950249477965296
0.000171775886516137
0.0002336430882585768
8.748172566010515e-05
0.00019893760303676554
9.716224687922315e-05
0.00030253263903124984
0.00017360313540861567
0.00014131321941996707
0.0001069711775529638
9.495983510386003e-05
0.0002699353834861893
0.00033668511257275215
0.00023314723859032367
0.00048728079744423243
0.00012020800460334643
0.00033890160128414873
0.0002805061674398997
0.00038194496189483586
0.0008063303026484272
0.000461458624106326
0.000790756259328001
0.00039748890446021304
0.0002652863668841936
0.0003518096008915894
0.00013777826373542474
0.00016797629669380233
0.000742840427644801
0.0005929786302540871
9.698968821790654e-05
0.0004191755483234334
0.00020299983970061068
7.840162388974641e-05
0.0002035557767767215
0.00015675602009167122
0.00031144795701890516
0.0003896820341394944
0.0001140405672334689
0.00041212267761325024
0.00015313195302890737
5.5803014809403514e-05
0.0004873107871714278
0.0004786421066011766
0.0001570645509891235
0.0002951320191474596
0.00021952232841585648
0.00012061556785059391
4.787150405318594e-05
0.00010569138394480947
0.00011043672073610734
7.763104066031861e-05
0.0003306314870105588
0.0001994698003855089
0.0002485926053713215
0.0002560050079870269
0.00014440346308487555
0.00032547432034105676
0.00017399923989079333
5.978056097880971e-05
7.327543834919656e-05
0.0001143703785603585
0.0004668032765307796
0.0005790903246173534
0.0002366724646799938
0.00023636985851555988
0.00012318759435899434
0.0009215633559050439
0.0003073316354632493
0.00017032135411311893
7.998867348255443e-05
0.0001578252416389612
0.0002321764975649669
8.787657961104747e-05
0.00022059419386714403
0.0007214261731535164
0.00038359497984558343
0.00022968374464382076
0.00033996846773345256
0.00067977996649981
0.000115801776272411
0.0003299051680612934
0.00039441061050727005
0.00017916109475883145
0.000692898249795285
6.854639491401272e-05
0.00020596046612142337
0.000298660001260799
0.00038968209006374235
9.623258681919802e-05
8.88289595731443e-05
0.000525188221564683
0.00016279576913319388
7.043742591036629e-05
0.00017215496569439093
0.0002563409779409441
0.00020222438918373654
0.00015454536505909744
0.00016309182183759608
0.00022216217781283502
6.604981075946108e-05
8.808405009316301e-05
0.0004953868186111462
0.0002628799965340904
0.00015583959909431722
0.00023699749074410737
0.00012923774027609193
4.7122204808143664e-05
0.00013913121712883587
0.00015781331536210297
0.00013515800283572438
0.00023961046875453678
0.0003761906744972145
7.399743024500831e-05
0.0001944976949316746
9.53608535067041e-05
0.00022408646364251454
0.0002605444629354294
0.00029572906173008643
0.0005735109091773194
0.0002265073179581158
0.0001446610793739309
0.0003313026846930067
0.00017036164140918125
0.00026122663429693
0.0001551615183845718
0.0002492173984764252
0.0002701186911796632
0.0003798469980487094
0.00014942200937885836
0.00013859642702153494
0.00034644910048638086
0.00024061698861565546
6.785268802482513e-05
7.715310659140063e-05
0.00013606059710655468
0.00012721621684032034
0.00015004761098365795
5.33605328470265e-05
0.00011957393163555225
0.00014788595310351636
0.0006611807768510046
0.00012578140897769217
0.00013521236522146915
4.729733417580772e-05
0.00040755909788899936
0.00018721488280220127
0.00021199275249770029
0.0001086021402368151
0.00010381447826113045
0.0005461898177306424
0.00039202708504638604
0.0003365596864322813
6.572154712261755e-05
4.948796079815593e-05
0.0002255574167596731
5.838568630530879e-05
0.0002480235821501437
0.0001892140534264897
9.941120420612801e-05
0.00028307921575275317
0.00039755950652832505
0.00025331608289123637
0.00030575881136438995
5.6201863999141145e-05
0.000461126009886331
9.2395295256559e-05
0.00023357694200827855
6.993586997471689e-05
0.00035464213001417674
0.00023307531057775792
0.00021125952606498296
0.0003283673364349793
0.0012054814498018848
0.00036926808308627605
0.00021080502370544903
0.0003464469610339253
0.00013051262607774336
0.00019921156905866133
4.589084872727634e-05
0.0001438602834574103
0.0002009065420184932
4.881738355910963e-05
5.2374006508312854e-05
0.00010069423904968697
8.78064048329016e-05
0.0005977574404033139
0.00014128593032425334
0.00012090988296067749
0.0002110248133751432
0.00019504135747456597
0.00016304492047093192
0.0006770184699650785
0.00010462454872844233
0.00035011363714770925
4.235861631242369e-05
0.0002202909163562629
8.309622302777491e-05
0.00013627789734134549
0.00013452497350027664
0.0005846795826049239
8.189491372264744e-05
6.90990429589293e-05
0.0002117211327457206
0.0003011708062925004
0.0001763951561893376
0.000295514933138721
0.0001026928078760495
0.0005092120228456736
0.0002559951920466605
0.00019627300460827091
0.0004067921430223639
0.0001007116522735084
8.901197766332103e-05
0.000365478668470426
4.649056264369916e-05
0.00014537544723681212
0.00011811520430684498
9.42489602189775e-05
9.869825692923656e-05
5.5351517735882926e-05
0.00011478869080052781
0.0001491971898128895
0.00025371346072226755
0.0005463949713298028
0.0001028057392581599
0.00021661053815671762
0.0004176023404987112
6.209689441821496e-05
0.000503274412686768
0.00015034330057288553
0.0003479961451858989
0.0004732772871153472
0.00017552934585083683
9.556476351575963e-05
9.78155027832227e-05
0.00021501064938815774
0.00011155407689136229
0.0001403105075936067
0.00012232023158497007
0.00027723396683882975
7.484133914438975e-05
0.00011959054407395642
0.00018880645529589337
0.00023604404783228293
0.00030450222990823433
0.00011442857217135314
0.00035296421665945973
0.0005585111743072395
0.00017114588457799952
0.00015635140395022981
0.0003313326227176822
8.866422656644799e-05
0.00012387041294459526
0.00011241315752766638
0.0005115729384590663
0.0001538076392204933
2.8432608554692483e-05
0.0001234112222527502
0.00028712375219526085
6.161031525510336e-05
0.00019116991789398623
0.0001379226434701437
0.00018135769350520494
0.0002056124817291641
0.0003794650978264484
4.609800827755063e-05
0.0008568539354905564
0.00013452838701695085
0.00021260726440655727
8.069096462117298e-05
7.841031906877347e-05
6.598716201519166e-05
0.00026525562493950026
0.0001021240547268098
0.00019238304769430534
0.00012169646632744532
0.0005824254727486249
0.000272266528003331
0.00017594397740768112
8.082726965739101e-05
0.00032470339505257895
0.00015018742380611014
0.0006201603756821577
0.00029862562709077303
0.0002342899039746877
0.000750108462497879
9.316441392297956e-05
0.000108071950322174
0.00013420054089383567
0.000257329902763677
0.0004187785209428999
0.0001730274703120708
0.0001392411722661347
0.000377924452299749
9.877947558979298e-05
0.00013839759365312775
0.00014925794597805115
0.0002461239030633628
0.00032464115970355927
0.0006456206806102339
0.000862251345899673
0.0001665962705175304
7.746813598586361e-05
4.4475121470082606e-05
0.00010524231745064324
0.0001765098038895889
0.000120558250816971
0.0003899078617330838
6.521151194049599e-05
0.00019268638588762534
0.000182171925872272
0.0003676428302979729
8.522232702616741e-05
0.00012977293374161113
7.792832811954411e-05
0.00045953724753519524
8.628474774812494e-05
0.00034271925092467195
0.0001714472090996647
2.8512806759951423e-05
8.84548491189998e-05
8.827866903880387e-05
0.00018200231380197094
0.00020288756395788182
0.000381944098856207
5.1473269097110324e-05
0.0001307931297557933
0.00012602746747033953
0.00018779145383662586
0.00018251877262623868
0.00020628230045245582
8.60279281719038e-05
0.00028237119649930057
0.00013981140627912533
9.00663435094186e-05
0.000140666872740159
0.00011264336793605772
0.0001777080698447092
6.94050986481624e-05
4.271425272510438e-05
0.0003247811286946055
0.00044271499506903393
6.726563770530246e-05
0.000369448771692385
0.0001302562569497633
0.00013453430578019433
0.0004920857241793792
0.00011897285965583356
0.0002239261721669572
0.00018770914021740178
0.0004000816732977912
0.00023654725481155433
0.00012304150529583938
0.00013697950534624298
0.00014879445686947197
0.0002308429339855881
6.064393753585529e-05
0.00013262748871150043
3.747402710367974e-05
0.00022133454246457386
0.00014510310776158305
0.0001820615791062492
6.406194381287358e-05
0.00023311070831434286
0.00016341018719265993
8.11796586906658e-05
3.0693723503508656e-05
7.748492122060804e-05
0.00036776767485073233
0.0003900565702681587
0.00017015864371314456
0.0008328106984504808
0.00010405631011504242
0.0007761654695638056
0.0002714451267940749
0.00037746155693739556
9.742185164375635e-05
0.0001390366166641687
5.739388425160291e-05
0.0003723965124014123
0.0003867848886938079
0.0003711701852151601
7.56097567047353e-05
0.0003994220824313421
3.43310171749941e-05
9.678532235310793e-05
7.501827456223778e-05
0.00016880811433453953
0.00037785918958496576
0.00016345520941561594
0.0005431513518994963
0.00024985705388490297
0.0003402480082368858
4.794175482512071e-05
0.00031685870727781124
7.700775669485496e-05
0.00021350371219438867
0.00020252740443068746
0.00014188188197341117
0.0004271785949534605
4.0260072917541326e-05
0.00028205304124720334
0.00023912111730924098
3.694410443154466e-05
0.0005591338667593811
0.0003403112630000457
2.5386548088177722e-05
0.00014951512988759148
6.44222400846323e-05
0.0002688819393181574
4.8901455015739955e-05
0.00013234636936476695
0.00031933251532632455
0.00018836647672152126
0.0001359769111807609
0.0001035501483677259
0.00014474888515221548
0.000290857192286485
0.0003854622314239082
0.00013007692043285062
0.0004623984159908026
0.00032441470277356767
0.00012829546999093975
0.00010773850898919182
0.00022280174994645735
0.00016823167956785744
6.598295299501017e-05
0.00020219857910853934
0.000998879306779494
0.00032329094225595024
0.00013767476040836015
0.00020007492367933707
0.00012695515464902288
0.00037907789522578816
0.00018045098583035997
5.893477678628655e-05
0.00021226018757224596
0.0006029715904233016
0.0002107378445799854
0.00015349083024196412
8.962236803407277e-05
8.096452237729641e-05
0.00021066354892132456
0.0001893687026138139
0.00031726336057975434
0.00033419894677738204
0.00028026447792983504
0.00015973991633697114
0.0001183718388939103
0.0002176306631464427
9.187055405391943e-05
0.00012139120703313023
3.914337731479154e-05
0.00021517110579639557
5.047374932518314e-05
7.054695350692982e-05
9.089793616663429e-05
0.00025516390780969757
0.0003345508702514431
6.45605654766299e-05
0.0004020372903770395
0.00012750598014713956
0.00011569364567098375
0.00020223788045680663
0.00022827099108996287
0.0003699699434946803
0.00012569194364771199
6.934556582975825e-05
4.9574197076460216e-05
0.00032940391319251014
0.00029671257186364387
0.00020777772953729334
0.00045219172691938786
0.00013075408010515264
0.00011651433216830911
8.057731278906845e-05
8.521003029002252e-05
0.00010497127729060706
0.0002566151254010134
8.2962627614129e-05
9.548057621327459e-05
0.00040987066098536904
0.0003199498030786875
0.0002592056802877544
0.00016338007800906164
6.327826843309272e-05
0.00019169750201163442
0.00019341655322112293
7.985421269099586e-05
8.730007642668736e-05
5.653932429392636e-05
0.0003601727552227741
0.00011322245792551406
0.00012189080267330578
0.000138370481156781
0.00012293269012309525
9.525030046034971e-05
0.00017654498940148386
0.0001199601022293478
7.286757040715565e-05
8.833139069036684e-05
0.0002706707097926511
0.00021273154465028117
8.962620182064262e-05
8.551897919677114e-05
0.0002030315962619742
5.255026212821695e-05
0.0001387875700910294
0.00015287474091954262
0.00039578924894308627
5.461066759877356e-05
8.417136491819242e-05
0.00012558074216914203
0.00013235400085969152
0.00022681996081986213
6.125278315312333e-05
0.0005115490915263196
0.00026260197153366905
0.00017800166472292425
0.00010864536703645687
0.00019420059816505154
5.028450521183061e-05
9.517612454453094e-05
0.0002114199228049774
8.755056288131735e-05
5.528479733385947e-05
0.0001440393030173071
0.0002629475573103881
0.0003173169438122423
6.127296630337631e-05
4.440354242287007e-05
0.00011958421829654569
0.00012151945989431558
0.00046359342830645816
9.363866254530508e-05
0.00027860731805209106
0.00023503357133527987
7.896490974870234e-05
0.0003602538743235983
0.0001415708013579127
0.00010283046459643067
9.676460039995988e-05
0.0001309143473702888
0.0003590413417847495
0.00011129906183810948
0.0005735618656750963
5.542324527134232e-05
5.649545611170816e-05
0.00010940821630738496
6.0892566916272294e-05
0.00014185539738791503
0.0002388770694020849
8.037566249615826e-05
4.2889480326782447e-05
0.0003361092279752711
0.0006446306930824244
6.699906521089459e-05
0.00014873062327500476
0.00029882691616384415
0.0001108854573448339
0.00014049333855919492
0.0006568724141308339
4.2412480118627763e-05
6.0656547613549995e-05
3.403440568186847e-05
0.00017914860567555066
0.00010940101105580833
0.00030587556425310165
7.67576246507095e-05
0.00011386828834418638
0.00014766389608656067
0.00021203513827241548
0.00025592779087908643
4.857993486924446e-05
0.00014658408016584342
0.0005433444294118372
0.0001188698265431951
0.00019046652904864444
0.00024596187026744746
0.0002538724467706289
3.833265273786293e-05
0.00014355896056334608
0.00015111889966199564
0.00014395172270431048
7.037566558519064e-05
0.00016301716048079887
5.893289169846772e-05
0.00018075518108091104
0.0002480113119042971
0.00019383276514550401
9.444884207748888e-05
0.0001262992486546465
0.00013700383809753865
0.0004669612444248722
2.848671417922363e-05
0.0002065369904344193
0.0002503539980259809
0.00015935349643424573
0.0002091260777366462
0.00013010303746932908
0.00017431032604683436
7.774117350497135e-05
5.5641535295789416e-05
6.366861623748536e-05
0.0007663674602317806
4.1143805195009615e-05
0.0001242795323869004
0.0003127619728276117
0.0004425286306164046
0.0001860847846738693
0.0002374061920098772
0.0001635387821735464
0.00020910305829426707
0.00013280203645815936
3.650924974548428e-05
7.480434889223697e-05
9.924087908415834e-05
0.00011070603709674953
0.0001377235665187446
0.0005526877003686385
9.880575591501747e-05
0.00012987150202280488
6.821213958294643e-05
8.793840361887515e-05
9.911482909639752e-05
4.126012406745312e-05
4.929146157029658e-05
9.304996862455811e-05
0.00010151844780021179
0.00016908206569210947
0.0003162344616990739
0.00016596006631922473
0.0003092937668189252
4.435625931782247e-05
0.00010290416299474456
5.146649232403041e-05
0.00044377876320575313
0.00010738348065649815
7.93709532354486e-05
8.026030773347109e-05
8.61602641379721e-05
0.00040884476400251366
3.66168068727043e-05
0.00019948404943042158
0.00021280695816597295
0.00012379481149281217
0.00015208484066227759
3.992701579279005e-05
6.593629381473189e-05
8.500365801072135e-05
7.019782370499026e-05
0.00011098294544586899
0.00017836042918382205
0.00021046029059160974
0.0003276358559063185
5.906194547637953e-05
5.902149361562109e-05
0.00011923443752909433
0.00016547518835793813
0.0007507903479466326
0.00010484231148139163
0.0003779360453661601
6.696615442664891e-05
0.00034407555248150776
4.122638126543676e-05
0.00015350896970964142
9.29060346364415e-05
7.358440765186236e-05
0.00017263943674530947
8.032403669252438e-05
0.00014436451149668758
0.00016987906700399516
0.00017276394160595373
7.379117419648971e-05
0.00012247060115803425
0.00046729187488279446
5.790914142728569e-05
0.0007794712059079654
0.0005085030662375189
8.50864919061475e-05
0.0001447348440797805
0.0002423528081495732
0.00012637689219734783
0.00011935802983711453
0.0001246463721242614
0.0001989489782631037
7.056871424984505e-05
0.00011007566167760884
8.082098214475757e-05
0.00010637770606433038
0.0001272822564052631
0.0001773159837016393
0.00041782036693358395
0.00015371224536309767
0.00016451220437407491
0.0001130688794167037
0.000158786170254634
8.734881673000835e-05
3.496399750474235e-05
8.433116520044474e-05
0.00014162538540535996
0.00021581527573569844
0.0002118552057037412
0.00011832564892876237
0.00012389591280786725
3.946518154321129e-05
6.06433279180868e-05
0.00012547073520198434
0.00010109019901519024
0.00034045878437075403
0.00011055366126406804
0.00028562270301090234
0.00021422518541017302
7.122400793015119e-05
0.00011416970560995273
0.0001213609560396852
0.0002334285206958523
0.00039463454882241014
9.98656845695642e-05
0.00011058022303215563
4.7538469932513826e-05
0.0003225936046818457
5.782832843717125e-05
8.71202689200358e-05
0.00017542276199797224
0.0002487360451886778
0.00014260699217461727
3.0834220746093784e-05
9.176090555527304e-05
0.0001871668591735412
5.7875221439859976e-05
0.00019182353803094947
7.814281324583665e-05
0.00015770802819678275
0.00018077493538892482
4.287761790080836e-05
0.00011481726999283664
0.0001543091927490186
8.967076650470934e-05
0.0003349328377187569
0.000174908584063573
0.00013168937488112426
0.00020693886485130067
8.3205772466305e-05
0.00013762145003078574
4.454928437224022e-05
7.11717186087684e-05
0.00015038053537236518
7.036109360000447e-05
0.00013525568886914842
0.00013033372622817612
0.00014174468279248674
0.0005169317881701769
0.00012054105851248935
0.000196395120413653
7.017007983995538e-05
0.0005952524399545233
0.0006459764468345704
0.00017663547008692188
8.534731922280037e-05
9.472280018888854e-05
0.00042894618257356877
0.00014424439564343698
0.00047982024068923026
0.0002554266166722259
0.00023196046097913425
6.350589079448282e-05
0.00011326971668406556
0.00021512050961828517
0.00011864187125806223
0.00015306032087006958
0.00017770902276509492
9.28819990892768e-05
0.0003784052264424693
4.989828039668084e-05
8.147639723642385e-05
0.0001304891185356964
0.00039443093429545505
0.00023069417143784389
0.000397661590460423
0.000105077420832364
0.00011905081952378803
3.738277624014821e-05
0.00023223033264893863
0.000172470691361235
0.00012848682876627328
4.382318863425643e-05
0.00011119922738038839
0.0001307664230004986
0.0001342326030090446
0.00013579899263521856
4.477776847504806e-05
4.591979762988614e-05
0.00011467887094619785
4.960555770646657e-05
5.9090591490501826e-05
0.00010166902493355338
7.541756408237184e-05
4.011066792018635e-05
0.00022304048451123962
0.0005431359335374903
0.0001846715110556778
0.00021407803937424795
0.00017394897192763489
5.9827086088473686e-05
0.00032291990146404075
3.4683072494239635e-05
5.029218149590059e-05
0.00012863341879676765
3.868839274521235e-05
9.262945688829656e-05
6.981895546988729e-05
0.00021444047872732307
0.0001415236069156381
7.809099871575264e-05
0.00013846481573333194
0.00030715217938235206
0.0001946405235539667
0.00027945090765446487
0.0001584123967639435
9.318860659039559e-05
0.00024372936316512773
5.171319679621435e-05
0.00012528417314210723
9.469554474112099e-05
0.00031003191416123987
4.3433328089563346e-05
3.5482321535837875e-05
0.0003694122994514115
6.221834090537551e-05
0.00018892199331336577
4.8266742395379894e-05
0.00015822390449736945
0.0002979870681554318
0.00033714211016511387
0.00010662581360290497
0.0005230495249490563
0.00011548455866880362
0.0001254888915811187
8.989749740465286e-05
0.0001375749170719684
0.00030285764378267665
0.00015091278007244683
0.00010819427140508622
0.00011633727097639738
6.518479628332333e-05
0.00012452054332096925
5.2440257857549386e-05
0.00022578644417411904
0.00034248260948484976
9.886725277146497e-05
5.682146239015304e-05
0.00037645878143219763
0.00019322831035965926
0.00016051026166810563
0.0001726127113610427
5.5650726441441964e-05
0.0003871476522596198
3.5962004573222774e-05
0.00010535857309105164
0.00024534268336802163
0.00020685644299910986
0.00010758021980932093
9.506943596365234e-05
0.00012523957228724087
0.00017757437990272641
8.501899498669842e-05
8.586731305012546e-05
0.0002388622897892517
9.873274883879812e-05
0.00019132352494392651
6.280632580360264e-05
4.99093216853682e-05
0.00018038435037227897
7.862921176698281e-05
0.0002885110758873563
0.00013416219260526126
0.0002071600714488816
0.00012304725449794511
8.790230260649848e-05
7.073316016064975e-05
6.6816873890776e-05
6.629511538614258e-05
0.00018000027277789515
0.0002522107556831494
0.00030978172488328943
0.00015608911504649223
2.411105721091424e-05
7.053799245667394e-05
6.679109859156413e-05
0.00016404496204700176
3.492722989368973e-05
5.172063730117341e-05
7.359788228917212e-05
0.00022982965276009175
5.375624239050997e-05
0.00014881964302295884
0.00023893084543512565
9.302202320252517e-05
7.216616926380096e-05
0.00022343045995944073
5.532100758054561e-05
0.00018538861065123125
0.0001682430539285843
4.349309635539032e-05
0.0001522398239167004
0.00010921599329144662
0.00040968587688826536
4.211548341432133e-05
0.00010007645764208584
0.00017818674524739273
0.00019849684863374617
0.0004989504065984126
4.0490688045789363e-05
0.0001722115863050688
6.690920921621021e-05
9.669297893392931e-05
6.855421138808673e-05
5.724243082652752e-05
0.0002068428368750934
0.00014668503707120436
0.0004854973398871862
6.980172206335605e-05
4.6214892377087726e-05
9.372345372338568e-05
0.00016328742382175075
4.9948927936199285e-05
3.784181830912766e-05
0.0004883376080735386
5.5067810305166823e-05
0.000191534646695833
0.00016230316587242664
4.3325577365435886e-05
8.04715943284244e-05
0.00045254636486926237
6.322599866172076e-05
0.00015950462210397826
0.00010707259511282501
0.0005623925883610082
0.0001829183970650981
0.00022187906936199357
0.00013407079631379848
5.803853826168622e-05
5.834071769330064e-05
0.00020686932655476117
4.2392999085527264e-05
3.6862733528958834e-05
0.0004698941632236118
0.00022234549246502008
0.00013824283402263482
0.00013141795643998555
0.0001373233542065546
0.00010663452682615312
8.723737825118873e-05
8.277644675163446e-05
0.00015807811205382927
0.0004460397068233596
0.00031161640489081203
0.00031673260697023673
5.004435125169246e-05
0.00014658290638333162
7.179896795455815e-05
4.226660329141227e-05
0.00015434191494899567
0.00014661150591323258
7.432140839669611e-05
4.059783744175021e-05
0.00014128121070986933
0.00016042407701788433
0.0002446112637678874
5.801927903032939e-05
5.911411444341047e-05
8.587261791597442e-05
0.00010378877471731214
0.000165936351060748
0.00016015288513865963
5.175462679486974e-05
2.1203032824906262e-05
4.3498155974628574e-05
0.0002477978528218902
6.823665207763679e-05
0.00012729214205623541
0.00026845609651689856
0.00021079528411670125
5.6423708644159e-05
0.00012240759157729352
0.0001547289858586658
0.0001844362433937839
0.00010165725439369078
7.986524270876789e-05
9.386856337977777e-05
0.0001528937229186681
0.00012576490197409792
0.0002830507765658658
0.0001720403106889901
4.917620111448641e-05
0.00011662234330358624
3.027556923978373e-05
4.133116355546807e-05
8.716521689608608e-05
0.0002148708994083673
0.00012198220869680775
0.00011854351748195836
6.775932726287228e-05
5.418221523822358e-05
6.56981554183773e-05
3.648885993635773e-05
0.00034875991249326414
7.890284333785471e-05
0.0001045362303806713
2.52351288337817e-05
2.518370820763567e-05
0.00013215749240002198
5.339588490830279e-05
6.672085285109758e-05
0.00015761125281412377
5.521221086603411e-05
7.573683450389854e-05
6.0201134538020666e-05
9.26193476345742e-05
0.00016896546228529436
0.00015564979587579132
0.0001732725181442564
5.276994616494983e-05
9.954716112110665e-05
0.00011823143104469625
0.00030662982572349316
0.00021364631851605466
0.00016618342915801032
9.475314606853404e-05
6.906299351641334e-05
6.191228597379079e-05
6.449335593120502e-05
5.182096653215819e-05
5.023038100224991e-05
4.542940058163952e-05
5.1034159720728376e-05
0.00018754877133528915
5.370415332268238e-05
0.00013373686434083886
0.00011639156722806435
4.548508248228188e-05
3.399984832974966e-05
0.00019580788442204652
7.48214269662026e-05
0.00016208093771143665
6.113378314901984e-05
8.534979217617127e-05
0.00013689360641717897
4.5485476703100966e-05
0.00027289581575768297
0.00022458360794341958
8.398725264980541e-05
0.00024188865804154129
7.998803577089357e-05
0.0001769837991434546
0.00012671966487938063
8.793448585527703e-05
0.0002466557058317334
0.00012660710648440562
0.00033007639644030073
0.00015418798353056742
9.283066533337725e-05
8.354563216083239e-05
0.00010334721405207226
0.00010304415486807303
0.0001310941350150588
4.046527533000795e-05
4.452197525847086e-05
7.244469543635493e-05
0.00018906736890111474
0.00014690960150711175
8.22609287491556e-05
2.6905768144479404e-05
0.00032612392010325216
3.421670002439184e-05
9.297866371219991e-05
0.00010575692129551742
0.0002560133508947864
0.00010866085528070888
0.00016790659381486737
6.187529225850166e-05
3.903801059323749e-05
5.573287487639703e-05
4.914507523895971e-05
0.00033527951097558776
0.00014267039123808125
0.00015449616687225005
8.167328806957705e-05
0.00010490399654988628
0.00023618171867349115
0.00015948252244772976
7.247358544634252e-05
0.00010728231458514516
4.807289855579034e-05
3.3365700025601664e-05
8.223553404491003e-05
9.243569511359237e-05
9.34490093330267e-05
0.0001333822847577159
0.00015773206952347115
0.00012305803213543128
0.00015153022173747932
4.7620848662060224e-05
5.426687867450227e-05
0.00019329101445392395
0.00010337796339016382
0.0003804592076062308
0.00026944700714976166
4.583999800239277e-05
0.0003716298402192738
5.4592840583800714e-05
0.0002914982373134027
5.1510147210476705e-05
0.0002792725121566615
9.176774551794721e-05
0.0002421947914658589
4.6865205539187835e-05
5.416576699548139e-05
0.00010237227204676051
4.525036954752392e-05
0.0006245682100154868
0.0002907520678865202
7.461234275977915e-05
0.00011786198683166615
0.00014867972074498285
0.00021435064142337753
0.000184089490896789
0.00010098191234719763
4.993556362748237e-05
0.00010290839808907878
5.981184364194887e-05
0.0002074607281020654
0.00011841516299784734
5.498483751050596e-05
0.00011092472063992188
9.868473884581635e-05
0.00025745904399010694
0.00014230181938071408
5.0332390020858354e-05
0.00012534758736829584
0.00031240629326570983
3.2105529011256254e-05
6.812652826175318e-05
8.374410425155123e-05
3.668530660374199e-05
7.496830745015144e-05
5.089629514709464e-05
7.232156309697752e-05
0.00025484125484079404
0.0001286808615052596
0.00029702244517905993
0.00046194915791174484
6.528181102737633e-05
6.128831513106756e-05
0.00012040492828998002
0.0005380378834117363
0.00011555665529375447
4.839422814873239e-05
8.813399810550449e-05
0.0002745143755760537
0.00023347036311398885
0.00015456216129628356
4.460537351153212e-05
5.9980810296916714e-05
7.085871248841842e-05
0.00011764588146942348
4.873142141933603e-05
0.0003503501237390297
0.00011693054848550489
0.00016126030951926591
8.500014661660447e-05
6.23848045373821e-05
6.718645840059715e-05
0.0001465599370523999
0.00015382928853302117
5.3761267355067456e-05
4.209592413125607e-05
7.103446523842199e-05
0.00026970074498607744
6.689845347202357e-05
0.00024126953088697418
7.320406481778604e-05
0.00010163181060928658
7.242942639262587e-05
0.00011163766638608679
4.375468780276708e-05
0.00012614165784928955
0.00010225718222130735
0.00010439111337768258
9.711891491422759e-05
4.02112967307696e-05
4.6575387250110085e-05
6.895202395287975e-05
0.0001217763869311863
0.0003794961776880039
7.697260207363038e-05
7.615352373415565e-05
0.00017409232910063331
0.000261681471118223
8.134095155998772e-05
4.2886020027356715e-05
9.71374617972599e-05
6.477853718999553e-05
0.00023672322529905528
6.0215007839026674e-05
5.15636977916777e-05
0.00011026252339866715
3.1789931678894824e-05
0.00019029848360530856
0.0003177850010226422
8.20421152903613e-05
0.00012940773825166502
2.7887591962778582e-05
0.00013852091644440658
4.839233129645197e-05
0.00014605479196610056
0.0003560205499926871
0.00016963591782094442
6.129952462547724e-05
0.00035955653361192556
6.642892566872025e-05
4.596043412202696e-05
6.17033227184971e-05
0.00011144441299112272
5.027546262175102e-05
4.452655836382976e-05
0.0001458961861683233
3.270698826191196e-05
9.217293499421272e-05
8.194660479258386e-05
4.432848499341469e-05
0.0002830090235138477
0.00016785797576002623
0.00014222332667654703
0.00011953399387600756
0.00022887102680731937
6.524526845686762e-05
0.00044363928653982595
0.00012285810620394169
3.0193198869851028e-05
5.669429598600471e-05
2.1211890690148017e-05
0.000170888148813747
6.85935533182166e-05
0.00021785595145859394
0.00016311959243869617
0.00012200958810380924
9.35473896893362e-05
8.768459822825034e-05
3.07884719460895e-05
8.111181853359188e-05
5.080449003940414e-05
3.514992882548477e-05
0.00016871767857864264
0.00010457224282399382
3.6922419015312475e-05
0.0001474677716359639
4.863356147789556e-05
0.00016640503836048447
0.00012473441695910363
8.749710152397462e-05
6.61317510832792e-05
0.0003009639899243745
0.00022744879834858214
4.1153932625387695e-05
5.9016678526058994e-05
0.00012816178179097352
6.524821219865219e-05
3.0249810531538e-05
0.00022291736371150852
0.00012449375508559972
5.2481977948365186e-05
9.748191069617301e-05
0.00013520057903626239
0.0001274136372651819
0.00012507790435080715
8.730113517123924e-05
2.371843815665338e-05
6.408236353934751e-05
0.00022321927475685524
9.795354253767092e-05
0.00013197226150184956
5.8165568981310285e-05
0.0001007799329167939
5.3526627317939655e-05
3.91905555301158e-05
0.0002562779578010582
0.00019544237495060858
0.00019717249934120208
7.579396499392014e-05
6.501799921721458e-05
0.00016601452508833542
0.00013634955890775235
9.44104677302064e-05
7.168141856069772e-05
9.971070777978746e-05
0.0002856146794503469
0.00013614782789435145
4.752721902293561e-05
0.00010187027553562119
0.00023313591050383106
6.022451051426199e-05
0.00018716617639124368
0.00010910881201126458
5.274671229298147e-05
0.00021423013189943852
7.977897557953527e-05
7.562896626559949e-05
9.513074083727432e-05
0.00011034291812583112
5.249492790460241e-05
4.0198532059520726e-05
4.9149405645279783e-05
4.987028466493669e-05
0.0002653966639284795
0.00013634414879404574
7.637941250173105e-05
5.4212583835907844e-05
6.100497604850006e-05
0.0003073325011071691
5.276803538510658e-05
0.0001410899787495813
7.992255492235603e-05
0.00021549827687245986
3.751998832099731e-05
0.0002956817628743023
3.911006771440983e-05
9.681057915205072e-05
0.00026920781669895704
7.64630459651853e-05
0.0001392836034840377
0.0001593670123723123
0.00011374230843590088
3.085001797630389e-05
3.3817519652078406e-05
0.00013172933825525115
7.362553557140926e-05
6.758318439906547e-05
0.00010550874461949654
3.363845987033463e-05
5.1596437170064694e-05
7.608491623303982e-05
0.00011753327758357328
0.0002354315979003102
0.00011628476460218303
0.00011435872411154285
0.0001253778621126116
4.641419710490612e-05
9.307771191864795e-05
0.00010407289964153376
9.551122680307609e-05
0.00018114610879245717
7.086320800139507e-05
5.1024045773360286e-05
6.29078437531514e-05
3.492013361811781e-05
0.0002711724527385615
0.0001985432124290449
2.7833652573682147e-05
8.071996172791696e-05
2.427070035780011e-05
0.00013985649146047832
0.00013924062925800036
9.62620913335092e-05
8.425961006996101e-05
5.816506911451456e-05
0.0001235429430007131
5.5527017340064164e-05
5.6426486384077055e-05
3.4401715788053976e-05
3.568674054432681e-05
7.61772410207805e-05
0.00010475628600361159
9.792760914860521e-05
0.00023481026427175106
7.495649278165477e-05
6.100480953088727e-05
6.482480831142872e-05
9.249554292318173e-05
9.816678060955252e-05
0.0004114967228522219
0.00015628177448308563
2.3937799251400924e-05
4.0180761671128876e-05
0.00015548456188093165
0.00010057029986616457
0.00013654432027465226
5.404699020888765e-05
0.000137082775372218
0.00025082899834336504
7.175772370774609e-05
6.669163597894135e-05
8.819867250535785e-05
0.00016582425337121747
0.0002037951148302372
0.0001416452527646867
8.663741771096352e-05
0.00011821021948740436
4.885162727409133e-05
0.00011460402734541539
4.087828010500073e-05
0.0003902237189645139
0.00026571640393688886
4.6179074832054825e-05
0.00025686672880813425
7.750393227002929e-05
4.747422682648088e-05
0.00046031770552594893
5.428103920696955e-05
2.598860583689669e-05
7.517837706455337e-05
4.007805556859881e-05
3.14739495260206e-05
0.00012338153674327812
6.603395424661633e-05
7.689074758254928e-05
8.714668362396685e-05
5.8684695992483e-05
0.00013945556631478535
3.052758566060215e-05
0.0001724361182137907
0.000254120170858519
3.985178861667618e-05
0.00011549043587614206
0.00020112954318507562
5.937121661560772e-05
8.28859451428838e-05
8.058321950929461e-05
4.9386409503148145e-05
0.0001668013996119453
4.035612483305581e-05
4.295990959449602e-05
8.978530342511233e-05
0.00022162136325415633
5.347327774291571e-05
3.455460287256665e-05
2.2164929967487003e-05
5.0865138346856e-05
0.0001295187893325082
0.0003391960907581381
0.00024405522138162513
0.00022431765865466884
6.298627389425962e-05
8.916093087874175e-05
0.00010350121983608557
5.510527590670918e-05
6.523169933091276e-05
6.152870830258439e-05
5.9101826590921174e-05
0.0001149066473117844
8.876263675567887e-05
0.00033203674223744844
3.3480414127942515e-05
0.00029142951607588835
0.0001799140850224907
4.1493361716782555e-05
0.0001872893748904915
0.00013286149586852765
0.00016641308004699209
0.00013059452256384028
0.0001334571494867266
9.806423990594959e-05
5.179208686204773e-05
6.654970049280049e-05
3.4109044513455396e-05
7.359511636926057e-05
0.00011236892326786843
5.2934722163773576e-05
7.376835296527572e-05
0.00010409368948138957
3.2545440297200786e-05
4.488903343968123e-05
0.00011418083535039775
0.0002572600204911342
0.00010176207146002996
0.00015496644654186873
4.742266626260711e-05
5.4078089982033116e-05
7.415393969597832e-05
7.141171571780331e-05
6.29631764735286e-05
6.345997917124044e-05
5.964914009736281e-05
4.969450317027155e-05
6.0540622082432604e-05
0.00012570442751051083
0.00015082623318859995
0.00013201762529145707
3.8621658995888154e-05
7.630566565548064e-05
0.00011504819845970765
0.00013116746119294688
0.0001913433537293126
8.116358398565291e-05
0.00012497761520235002
0.0002733049327476653
8.197606994689021e-05
4.5581527740112674e-05
5.5969423354341376e-05
6.63598592989587e-05
0.00012923285951759158
8.073372393996985e-05
0.00018141841356535452
4.509463143714276e-05
0.00021491472342337724
6.485008606565538e-05
6.740437381924572e-05
0.00014685494387682127
0.00015912870087778671
6.767107768707494e-05
0.00021191935295516412
8.806554035505362e-05
8.884349866671993e-05
4.119329964255378e-05
7.137178731428726e-05
0.0001330932789296938
0.00012304998969602603
3.9116430790903434e-05
0.00016425239664084117
6.372265777173347e-05
5.124479522561644e-05
7.337073472637369e-05
3.493057939351009e-05
0.0001350607000399247
0.00011981138481117409
3.3019947979792494e-05
0.00010421580823770374
5.3958789127137286e-05
3.7607795313337046e-05
7.176757647034427e-05
0.00021391022143408707
6.422540957592339e-05
7.037091104140152e-05
0.00022795754897651102
0.00013343374976907923
9.79394886749142e-05
0.0001506527714007865
4.91697329165813e-05
6.639065912972041e-05
4.56861800539332e-05
0.0001315784060592038
7.942684373933026e-05
0.0001349360802921837
0.00011493450404528088
4.904892993535447e-05
0.00010497190624562644
3.3030051127185345e-05
8.741960716140642e-05
0.00022204098926343293
0.00011548845551024934
7.799363739815173e-05
4.250563075312505e-05
5.151551995543686e-05
9.046492769598217e-05
9.241725132408777e-05
4.078930974577296e-05
0.00010324781072348618
0.00016562350200420795
8.072452739894495e-05
0.00012358449850455766
6.252644512614275e-05
0.0002111679160302043
7.638720587059501e-05
9.67192464396803e-05
0.00016835123467941304
0.00032375224655258554
0.00010741037769393023
0.00011889665117232129
0.0001482769499226374
3.2796915539576805e-05
0.00012687391188984207
2.492028526259658e-05
7.069980471407905e-05
0.00010633208126375488
4.89345207040364e-05
0.00023433546240939266
0.00011424652347757797
0.00012079870897779053
0.0002561844873946783
7.606792033096158e-05
6.105366871579385e-05
3.3771460579627645e-05
0.00010234517117116872
0.00021152630808886133
3.8604111389758364e-05
6.325175714615188e-05
0.00010932705523383985
5.619379315774736e-05
0.00016132247832465846
9.090489345618898e-05
4.447581734618058e-05
0.00010663615660512462
2.4782147810984106e-05
8.64631415869936e-05
5.037129056810698e-05
0.00021148233662713795
0.0002723796459721772
6.366470492806525e-05
0.00017103686097476306
6.291544056345199e-05
0.00014219600297270214
6.071781453016561e-05
8.086482325014169e-05
7.434572988619596e-05
5.3675112078390965e-05
7.466027284976066e-05
6.31588642204648e-05
0.00011038433894882097
0.0003195583566665462
4.7379717715652306e-05
7.967756993061568e-05
2.83933214907998e-05
0.00010007759009958077
0.00016458034425662096
6.254091013907807e-05
5.18146260067807e-05
0.00018476778416842192
0.00016182705245788517
5.405367918190639e-05
0.0001230929556814178
0.00022216525266700822
5.487033101387798e-05
6.0413306296073654e-05
6.522794613957286e-05
3.603738553449848e-05
2.88665072941593e-05
9.957244295472944e-05
0.00013077433889824086
0.00012731112034953726
0.00013319087038976822
8.020486761896489e-05
0.00020801877836298602
5.003542466271731e-05
0.00012725838118421776
7.990156468245786e-05
7.171591740596131e-05
0.00010106843758098081
0.00011458280414388799
3.316680026463392e-05
0.00014772866312385158
0.000163071284458645
0.00012442052368566913
0.00015080077836960375
0.00040147876981808415
0.00012923554922150883
7.113122827619857e-05
0.00026651619336674195
6.90256237481151e-05
0.00014162982368303535
0.0001376453010097117
7.828328058818497e-05
0.00017143308400046362
5.065525969324329e-05
9.171895620856387e-05
0.00018855587103652104
0.00013199243914382348
0.00019506856586196697
0.00010526702583573646
0.00014856053345238174
0.00012649091052852358
8.72198097584925e-05
5.9738273123171414e-05
0.00012143145631939304
0.0002024236293939955
3.390658048694836e-05
3.833477685774624e-05
7.702347495215651e-05
6.537846205486733e-05
5.065136951963808e-05
0.00011520613426268355
0.0001191961346764982
6.138529933806227e-05
0.0001650929640742262
5.548472600806732e-05
5.680067949499218e-05
6.726655774932798e-05
6.781712810645389e-05