0.05651782087730518
0.06849623041367896
0.027296876829863273
0.01860536383166229
0.11934548235220936
0.034055801665834495
0.07212183658978437
0.01708784302667692
0.045667694641236926
0.04719925603352294
0.07220043486984341
0.059413476852381554
0.005024484009054716
0.02421603986377562
0.00809248585636307
0.005815811383649686
0.01424570578418718
0.04356123527084312
0.013021897774287309
0.006000184776635634
0.021210881705923997
0.010654366925157033
0.0059599897170395455
0.004790848324935492
0.015210567811352483
0.00837268318555218
0.004752759166573268
0.0020791106672252584
0.008577753722018907
0.003705880761551837
0.004740028297562338
0.0039902537642699165
0.0009681696456770475
0.008142423608315498
0.015571114441010574
0.006207008900326941
0.003728364216776061
0.013773769167485713
0.0022024095877752753
0.00413495283016689
0.011271365491619896
0.010702221343852845
0.005881947814138393
0.0045593751875994655
0.0006091248427404071
0.00377619522141775
0.003693830437385009
0.007681726791030453
0.009498831437257264
0.027891834064528873
0.0019478414256981138
0.0012142029066760588
0.008261942818931717
0.003407924187214534
0.005188833234947764
0.0036125425393333673
0.009156899848749098
0.006026926932727193
0.007450125398091407
0.004590612913144921
0.0040854846238351375
0.0022397271485913315
0.005174668809870126
0.004886034260434123
0.0029727181616137984
0.014405416206935953
0.0038897793200310016
0.004282767079089821
0.0027211217054202005
0.006026619575891923
0.005247114194765194
0.002954296890815109
0.0030687859224846105
0.017839748803160315
0.009894050333044344
0.006554634090990297
0.004333850690098407
0.0037005973831969637
0.0028196342868607215
0.0041543574220048686
0.013122408254701005
0.011870240358798244
0.004424389264640577
0.0048648474688875966
0.008155237112560318
0.003198263057030146
0.0020791413972897133
0.0034563115183756325
0.003330911365738056
0.0018568688681527914
0.007878139782871068
0.00227676441450532
0.001420423895294811
0.00085297446175528
0.001656081944755069
0.010655301080213543
0.0033325119305561888
0.0006411754705890084
0.0024097230613971707
0.008091354876965879
0.00610299093542578
0.003297895589791859
0.0034148410224884096
0.001833621688093015
0.002455876289443708
0.003191806699202138
0.005166071775151367
0.0025569628528641273
0.012429736090960906
0.0010601220456862076
0.0042469006336095325
0.0025483514071698017
0.0019229178510504971
0.0025906209969365312
0.003944964216757498
0.0028386188971445897
0.006117441349877632
0.006372695568392745
0.00035661075057295626
0.002635738097214946
0.00282121331289248
0.004176507798632312
0.0055673043844845374
0.0002914235989458056
0.00452354987453203
0.009785834064919625
0.006136291102284723
0.0030744997641327597
0.0008217374298583437
0.0030086648390766552
0.001035532654538342
0.0040640412021851185
0.002238601039547338
0.0006638735324743246
0.0032376278358097494
0.0018395507148365022
0.005274714933155026
0.001577970635690819
0.002667840373932
0.0012027614640915338
0.005074959199898062
0.003141594194243716
0.0016586375615304254
0.0009156954729844545
0.0004925705969044753
0.0028962529950329486
0.0026822880849681095
0.0013182329780331797
0.004893137476293997
0.0005333895107476546
0.0011711628642525466
0.0044172833208987365
0.0028186247494470054
0.0009161937862526587
0.0022400230090399193
0.0017449102235158138
0.0011685923462995589
0.0005420245285466737
0.0007274685324883214
0.0018753704555013562
0.0013285401583330357
0.007242459129815239
0.0016853546425200574
0.0005408172342512346
0.0026591728155580955
0.002314120873712745
0.003451754433583799
0.008178791379008614
0.0024541293850852373
0.001233944592310903
0.0017616571281579253
0.0024403524988925685
0.00341614161112125
0.0006410762060386265
0.0007281546226455737
0.0036701406241708636
0.0029686217235483105
0.0011805027984017433
0.005612914161691661
0.0007326063864511539
0.0016403542082158676
0.0009523312843297201
0.002594657117713944
0.0007500455834612737
0.0019089487750154853
0.0008909956903874736
0.0016532237375517396
0.0026537425464949384
0.0013197803717914895
0.0018972937643528974
0.0012735516833282403
0.002057607596846152
0.001153820116402684
0.00043443713110304387
0.004192932974576863
0.0010078786121067293
0.0011618185404657048
0.0015671836904134254
0.002863341355049326
0.0010837400420769972
0.001049474257994565
0.0018851209578327264
0.0009569694503202891
0.0018715032266848944
0.0005018225355929582
0.001641018280307077
0.00016877630308326707
0.001325635196554054
0.0010262903036332772
0.0014105635664284188
0.0002454830563985364
0.00017720021668636197
0.004424996754436787
0.00045335410754577485
0.0014873801153086784
0.0017571667878114217
0.0021051213215342287
0.0049393452820342965
0.0008606822900135673
0.0007749328400603765
0.006186836703996898
0.004371041429355213
0.0012871602572407344
0.0009089706447442913
0.0025135371959336197
0.00041728243130101454
0.0014275295761835421
0.0035234358989510418
0.0016382844766438945
0.0004013722718690677
0.00279534073309986
0.0008120938750853548
0.0018029402544229392
0.00018178993796103056
0.00233905011002852
0.0003184274696065212
0.002156979872142325
0.00240618177869311
0.004307942469956074
0.0004988586688715019
0.004076191535123066
0.0016561373338130558
0.0002396359794412182
0.0009108054829317392
0.0008236744054921785
0.0009035084942276456
0.0004337196079668393
0.0007712101385614096
0.002563098926790003
0.0009845181082735637
0.002340004678064109
0.0013826449085909236
0.0017535601224994333
0.0008655450485233621
0.0018354960221539922
0.0003984452247842814
0.002167473689853159
0.0019885798722155457
0.0008237166004766433
0.0014374835168885563
0.0014420720754684448
0.0009143247417855563
0.0016013478883766463
0.00096229238562169
0.0006137600335553006
0.0008496852736040609
0.0012806439865593602
0.0006715665934446751
0.0018338338716612087
0.0005732987902360976
0.0004716457472106144
0.0007349000941760151
0.0011408466075711128
0.0009777249269425983
0.0003689126538242421
0.0017304512372965175
0.0015479587581713912
0.0009119716194049908
0.002165091717022822
0.0015928803701045031
0.0013067406935926824
0.0009276996074695375
0.0007061832397065475
0.0010774112560137234
0.0009416532296326237
0.00026037424474564656
0.00040792099554295204
0.0028899588728474273
0.0015704793423625132
0.0011917537042559082
0.0017016684616382115
0.002865982663105801
0.0002930420838901301
0.000686630896341361
0.002407569923901255
0.000563555725680176
0.00023795350837279116
0.00048172952007559096
0.0009043957424706535
0.0002964368004571391
0.00158819019409688
0.0020634499481679545
0.0012824541894670715
0.0010789097820063116
0.0017686963807666532
0.0005947916394306659
0.0007955138901028958
0.0002665584862436645
0.0037682230596954155
0.0006121599063434787
0.000873081994989362
0.00031064468236835166
0.0007793040172321913
0.001721366435650038
0.0006109390113557082
0.001524507739585004
0.0002927382981951168
0.002194787887401337
0.00028621087284497003
0.0007623044838347994
0.0016481538551633397
0.0009466588034450093
0.0004263125894174474
0.002939798306085058
0.002031474132495095
0.002015619819649739
0.001312878323692964
0.0002862898858558325
0.0002446799942571335
0.0010991012648962437
0.0009641311155124401
0.0007724854476546881
0.0017083936292920274
0.0017994631486189891
0.0003014325572149817
0.0005280697992412559
0.00047656919059643494
0.0008383277292307744
0.0016078976025306316
0.002286386355464059
0.0014882630617467868
0.002665508664203042
0.0010961767699000514
0.0010254220539253987
0.0025988766357186856
0.0006770988637112706
0.0009132309139192126
0.0025545974240970973
0.001686501493243213
0.00022732919310064305
0.000250783429967915
0.00024279496225677443
0.001023176868537726
0.0001604472920147375
0.002342820554123647
0.0010836442587269421
0.0026248679910288284
0.0011399817011479075
0.0010968958562332493
0.0004419031768446968
0.001109008709203412
0.0012141186728779707
0.0005218445698677468
0.0004357235466762084
0.0011631930132639905
0.0006117993859680702
0.0011918017991893333
0.00020502590927048305
0.0011270504096149098
0.0008003852854966136
0.00015315976755650817
0.000984448396430509
0.0025805231808087416
0.0007867095784744838
0.0006729903770758353
0.0020150208886622026
0.0009708418085365991
0.002397437146362123
0.0010119440052432222
0.0044791751216578775
0.0011614221330580473
0.0023880122011964607
0.0010508871907825602
0.00010987484331996757
0.0003381701517870901
0.0009757021238029698
0.0008706621712284077
0.0006658571966657589
0.0020904954091926554
0.0005770057490408598
0.0020059873778344017
0.0011891574579147499
0.0006987112459550926
0.0007523269607680289
0.0002149160758683363
0.0013097737227695777
0.00282345684955854
0.00030332934212445287
0.00044622016354755434
0.0015284372857818631
0.0012019867122998816
0.00037970705435833144
7.411948643420493e-05
0.0011277854901880786
0.0007989094835846402
0.0012984743678006246
0.00039914944414867634
0.000532167826045056
0.0017178024073812557
0.0012591174707869345
0.0016245028634374785
0.0007977983043525013
0.00041392772698840786
0.000274054018191864
0.0004408034687010525
0.0005890052072422661
0.0007496658733287105
0.00018551621368570202
0.0007994333737396089
0.0006237833799180684
0.0008363108958174392
3.921467971031097e-05
0.0011636186556570876
0.0002289434622881754
0.0004912119689708874
0.0007252472180890546
0.0005817888616856554
0.0009384065206119588
0.0006277762382929273
0.0003138310395794819
0.0014131507064638377
0.0007625561271108143
0.0006379660220669922
0.0003880128353634973
0.00022433026492712818
0.0005162733322929818
0.00025144987182514896
0.0003764005242349309
0.0005223177863033408
0.00042018779395812557
0.0002585827672905008
0.0004920124723087321
0.0008305690189551501
0.0016527548431608558
0.0006042263705552736
0.0004265991246143225
0.0003723479683704012
0.0010966644769533455
0.0016686796972860964
5.3994918161437774e-05
0.0010791633471870711
0.0005401855129312807
0.0009142667134227602
0.0008250816069046785
0.003610558393996824
0.00016195822623316116
0.00027587381651400375
0.001174070601709382
0.0003356910537205875
0.00051667917665551
0.00044368453619794376
0.00032528797009684563
0.000924464711494515
0.000281482548684326
0.001313767576147733
0.000585329863207763
0.000631159881688379
0.0014484254981685194
0.0018254352687700514
0.002168690490457244
0.0008877422771595573
0.0002456368796004332
0.001602285900408498
0.0008522632088622517
0.00030791633434753673
0.0008713565948772718
0.0018363515745123717
0.0009468331372025222
0.0002433002772768948
0.0011738705247857652
7.513672617263784e-05
0.0007478316359294278
0.0001147391985294722
0.0008175448772501883
0.0005441879564176368
0.0012052735612880002
0.001966647551612744
0.0009762529768595904
0.0005870005477441978
0.0013790593942282735
0.0012281694171576048
9.322508282621189e-05
0.0005571411718920728
0.0017594548646372176
0.001981480068295398
0.0011664589167454794
0.0005356945326874771
0.0019192002338145543
0.0017242403077280168
0.00047163959292249657
0.001216843264781167
0.0006297441532351532
3.509798029654494e-05
0.0005257231156678198
0.00035888043551638175
0.0003750554670017842
0.0008039177925803434
0.0006274278014337555
0.0002459131854641425
0.00022534387903874728
0.0006968993396227146
0.0023269876358560245
0.0012686904613354553
0.0039000274929917094
0.0005612132122570585
0.0003890724928477212
0.001023557877677293
0.00023156121072088188
0.00035532008837698255
0.0002433354175820216
0.00047402630828068234
0.000715655913325229
0.0003677211424108802
0.00215594848698315
0.0001498358355088984
0.0003716348502833283
3.732812320829096e-05
0.00048090806133482095
0.0010825557942877595
0.000543937453680297
0.000460657247546161
0.00016891055621580197
0.0005878278893652355
0.000960811632314596
0.0017754866092387109
0.0012578287911621142
6.149950501097376e-05
0.0002946212919059567
0.00176464674764187
0.0009724111641368107
0.001963315821960429
0.0011638386653413989
0.00020809327613663134
0.0007015920523251774
8.696005596560161e-05
0.0004770129280429309
0.000370374602304449
0.000430385941690555
0.00011399130473045429
0.0002006720604217044
0.0013250526315273918
0.0001721724102192483
0.00032272815384251375
0.0013866707228219312
0.00046417574965414946
0.0011243666667320714
0.0003122081220402071
0.0002675561017823631
0.0009354676503230045
0.0014722122122649043
0.0002191482110097004
0.0006968545467323092
0.0030012644790735903
0.0005876333792488429
0.001030800682881178
0.0014789956930416467
0.00011069963652070576
0.0006642317503818172
0.0014935863915539562
0.00018909540925986395
0.0002950573882283315
0.0014048926884553913
0.00019310825370887845
0.0006314519629796092
0.00037419666695232126
0.0002483623965757517
0.0002681621316423198
0.0003130236502035294
0.0006424898331311356
0.001386023142265252
0.0005794759881450018
0.0014302621053753166
0.00018361105910015197
0.0003741613095693994
0.0009352544255701012
0.0001754045919781902
0.0002939018055457487
0.0008353025938251983
0.0008018522830689685
0.00034722827710390454
0.0004395080777408162
0.00044628487842006013
0.00040343481450790366
0.000445640821277571
0.002493953054427559
0.000694892063802376
0.0010552821486008172
0.0006540702956281208
0.0004915951712285492
0.0024604084954581115
0.00025548679436104306
0.0004336806265436361
0.0006743456741595483
0.00027814985966530985
0.0002823909699740402
0.0014112527091580194
0.0003393146095274853
0.0002044143098051446
0.0009473939374630942
0.0006145241460070023
0.0023025028198664465
0.001285565558911401
0.00046563911385413706
0.0006329907393077817
0.0003748054121971546
0.0005870606401168081
0.0004555830008341708
9.324599294453705e-05
0.0002065060530429132
0.0008829136478342519
0.0008956049832421463
0.0003301341823211085
0.0003702120908024357
0.001987723926883499
0.0012642724231385878
0.000676309284581779
0.000515670729857372
0.0003464437306380824
0.0006052201910039235
0.0003704639940212328
0.0008913462495442835
0.0006326136058397924
0.0013297801659979888
0.0004429987003699303
0.0013358860470510856
0.0004899413707831574
0.0008271862327473439
0.00012375644725487434
0.00044107834171009584
0.0002877901933055023
0.0007880456762137433
0.0005623122778554086
0.00046040049922818204
0.0004828212834910668
0.00011002442930325937
0.0012649176261499931
0.0018017760455898537
0.0008780785578064071
0.0003830452455966568
0.0008297866555647222
0.0006057893286428362
0.0006396564480714694
0.0003282675524537934
0.0005596559410015629
0.0003812804911807461
0.0001329453482719529
0.001326081063244597
0.00040984147765999503
0.0004430183338469576
0.0009558319156081343
0.00028452026224957613
0.00045939020898583185
0.0016617677412458464
0.0010813509011000835
0.0004009796793438225
0.0007880989832017028
0.0005694911068754556
9.35093545658329e-05
0.0006036311341196924
0.00014120938406785794
0.0006360292779754723
0.00021728510955390802
0.0006893623241374612
0.00026345354820382465
0.0005198190517028523
0.001275744922499651
0.00017178923134580462
0.0008097945541893013
0.0007047263961374799
0.0009721186113213915
0.0007006123426602847
0.001051806000119876
0.000958439507997759
0.000747184237995868
0.0009235630686800102
0.00018101304438629363
0.0005916261756540915
0.0009164314137528881
0.0005490363567622358
0.001125449676491567
0.000521745234876518
0.0004274154451735016
0.00015367891147639268
0.0006881240610975079
0.0007452617841741003
7.971995685520599e-05
0.00033811239321786377
0.0014732678915496333
0.0008921626906190512
0.00015717262037036184
0.00033358072712485353
0.000383463211098202
0.00013399543457352705
0.000945029110755425
0.0007085526827917246
0.0009796764374281977
0.0008523663348284198
6.364239106802464e-05
0.0007241940926249741
0.00013319651473708065
0.0003804608985429589
0.00017811493268580597
0.0004953831047879917
0.0004259025209314634
0.0001824319076109451
0.0003515065925498135
0.00023014098454720205
0.0003291420757020199
0.0004711347817137115
0.00020584589024141197
0.0003837574732662578
0.0010030882935575488
0.00032993365863205664
4.5074717945998776e-05
0.000863903514264566
0.0005221639862073649
0.000289535054351842
0.0005193273376748919
0.001044427144278022
0.000310593252078494
0.0006433856084633551
0.0013388546813446116
0.0013292110365203918
0.0004919574944994496
0.0004950364052183757
0.00016784237142186977
0.0002273963260727951
0.0005023162493130621
0.0005974238371972075
0.00018849266982472003
5.718264533903463e-05
0.00020437577918919385
0.0006210517204992162
0.00015223888930342825
0.00037884633451544747
0.002123611742624224
0.00022507835944443364
0.0005349482483441468
0.0008821600522274771
0.0001830593395684212
0.0004966361173167744
8.645765025935812e-05
0.0005473999199384163
0.0007147450858141065
0.00021888606903204956
0.0006783116253007994
0.0006140741995557696
0.00023170306439719617
0.0005979230684706008
0.0009257980032527513
0.0002966885928819793
0.00013878703652242506
4.619958518824764e-05
0.000583494205625858
9.502676536673286e-05
0.0002610385109250842
0.00041632675528808464
0.00036840255566761515
9.726371525629977e-05
0.0005904821997749976
0.00045714183810100824
0.0001464902039076719
0.00020674065529215294
0.0004936320719789843
0.0003589465786869607
0.00020667592309625183
7.56876759393168e-05
0.0003390685257818877
0.0006255534419662175
0.0001576608183970288
0.0001552595492157513
0.0002478344706202275
0.0006498053608975284
0.00029776168839843505
0.0005965929759903647
0.00034344889125744154
0.00034185772062510764
0.0001556636820796707
0.001337554780420021
0.00022807837574670436
0.00028833700384022664
0.0003713516212963549
0.0001575074846857794
0.001948627109744554
0.00016532339735643667
0.0002626418212125433
0.0006160842644114035
0.0003077971700225983
0.0011390148312233092
8.235564557686697e-05
0.0005152880007428518
0.00012841724814666497
0.00044249792582609567
0.00025631071608659154
0.0007384327228857066
0.0003531984678355371
0.0004526503395799568
0.00018279286050996312
0.0004345488278836896
0.00061312716530738
2.5555465828571997e-05
0.0004822685105084507
0.00020791967620777653
0.00019349535985742003
4.2312262607384945e-05
0.0006669701734343461
0.00026848249008093336
0.00018406129277885258
0.0007591612380752245
0.00019569688703476398
0.0002748517550595982
7.514291967886653e-05
0.0017956462235366336
0.000352056721470928
0.00033954529323359736
0.0002639394225196785
0.00023027419997564684
0.00015812996137069986
0.00046536734439379317
0.0006699444931902174
0.00019603207447597886
0.00011693262692696004
6.725220750384302e-05
0.00043531461657773365
7.951042508847136e-05
0.0009827027153638777
0.0002225442952728645
0.0003070185110474905
0.00010186466702375109
0.0001252243748106615
0.0009127466223142187
0.00031708386062838194
0.0014225313480988593
0.00030485498526388986
0.00012783712796302915
8.41020344079623e-05
0.0005720338560401103
0.001177195092455479
0.0005474884876555401
0.00044454757703868484
0.00020344159983520083
0.00021865951581031114
0.0006310898155861604
0.0004131812174560812
0.0005427071313433271
0.000872301513182955
0.0006623261778988308
0.00030761987439822177
0.0002448076677102753
0.0005989017420245529
0.0005472330524372159
0.0005534337986394119
0.0006250950070771259
0.0003342271514844005
7.475105569278723e-05
0.00039469687908542077
0.0003221482649458805
0.00029005794197645314
0.00046409804010950684
0.0007177632584169471
0.00029399140745635193
0.00033083073500048024
0.0005162737807246241
0.0007763402031371882
0.0013065075426007596
0.0003280519969300137
0.00031056103188867144
0.00064930668928381
0.0003704135711353889
0.00035234350963023284
0.000735827984375306
0.00011369662714974211
0.000325640930371131
0.00022523618604828618
0.0008499157164919004
0.0007130997212495249
0.00012830467894189382
0.00011498382363546692
9.129291944605852e-05
0.0008191532382865911
0.0003889922656344672
0.00011295236991362747
0.0003422486440972376
0.00021017030788075036
0.0002673291241782806
0.0002856692893448432
0.0005100098004421216
0.0011157284901606684
0.00031423788812459674
0.00024538797388643223
0.00010278577395968317
5.7479386675464613e-05
0.00019329109155068747
0.0007786450244629813
0.0005811583770474385
0.00011022932778264111
0.0025672085886762857
0.00036511971886068567
0.00037758990691691934
0.00019942204521777304
4.147505496304275e-05
0.000139671729607124
0.0004392500257110195
0.0003067243963786659
0.00028034387336367463
0.0008272035208765186
0.00029053371967447685
0.0006594210615799473
0.0010437527455880197
0.0003696618856274854
5.8852906596584065e-05
0.001174568797201439
0.00026131000749472175
0.0009369046360718023
6.833539584105986e-05
0.0002914769853832052
0.0005435705290229843
0.00038518533261541147
0.0004487029576860038
0.00014443216090137458
0.00022112741438181285
6.817345370024294e-05
0.00017466727680902426
0.0007485597554922732
0.0001974340136147855
0.0001485958678218286
0.0005967711820947445
0.0007693766853562808
0.00030811666011442427
8.763794849305303e-05
0.0011376338628864525
0.0004517529860677228
0.00012072459815005041
0.0001269816575326921
8.72561590780179e-05
0.0005715705861523701
0.0004200616400469006
0.0011238020394685358
7.5780670924766e-05
0.0003879871024305806
0.0002619883822183441
0.00017989208205164254
0.0005558093085791918
0.0001498588595108356
0.00038359826013425997
0.0007179823522251373
0.0010147186883902321
5.898930581483909e-05
0.0001479658380004247
0.0008268463730426673
0.0007076362966859732
0.00031699195290180827
0.0007929844506676318
0.0005261936053974099
0.00021115767406395213
0.0002829860124189962
0.00043679593304599975
3.4471486201298165e-05
0.000409124741780312
0.0006901340420657219
0.0001310212815099781
0.0004666074760492259
0.0005083877658339876
0.000650146151379256
0.00043300743450281893
0.0006126900982150795
0.0006643929042578808
0.00012264692477666992
0.00028042180877114667
0.0004565550935368205
0.0001269932648200525
5.005596972731426e-05
0.00043505182283924443
0.0004711190892872876
0.0005098591290726342
0.00021917713028469198
6.475107913523144e-05
0.0011083041724423727
6.915497984959341e-05
0.00042719690320480773
0.0007557649791815196
0.0008352762485135858
0.000618601103698131
0.00011693062581154124
0.0001531145611718389
0.00013063590091189447
8.627717125596987e-05
7.037233411528233e-05
4.2385112601374e-05
9.620003201805969e-05
0.00020103765845594018
0.00012344350249807667
0.00047333749334212925
0.0004222217450016235
0.00020046300290302822
0.0006190542635665902
0.000310702615122456
0.0011470077891800187
0.0002384131025361989
0.0002798034225585239
0.00023771943942013277
0.00023322231641500194
9.387916445384243e-05
8.748435721100972e-05
0.0001345514543069353
0.00011469380306234092
0.0004641302263212504
9.156939624446004e-05
0.00047683018282186916
0.00023287381283096422
8.747077726308486e-05
0.0002314207565516936
0.0001712201820382674
0.0003868886395020275
0.0003454842767214104
0.0001839352175416821
0.00022983090061988391
0.000803007563089589
0.0005852481463763406
0.00017286068142242708
0.0002554266677599647
0.0003085228876161227
0.00048021505199586555
0.00031700145996330396
0.000524239091339703
0.0005197881667359168
0.0014027443466700428
9.717064180507409e-05
0.000507308902660462
0.00032275678111143725
0.00033895046572737173
0.0007320878009833461
0.00036818557054657444
0.0005405369375523906
0.0007335270312796379
0.0009028763371460876
4.714399887605693e-05
0.00035251017571379285
0.00041116510778295835
0.00043320718492406734
6.433754333481685e-05
0.0005269172070353394
0.000378692929150321
0.0011829164458399659
0.00033224712124957633
0.00023891008896512742
0.00037730070345924833
0.00015845154959891525
0.00038957863917928
7.437373410131694e-05
0.0005595712777845742
0.0007494237136486558
0.0005490132926689242
0.0002674589812999297
5.048100885171452e-05
0.0013777487304914248
0.00014511498283372828
0.00023073296096520578
0.000398793342183032
0.0010167197653229703
0.0002424637568151601
0.00025114948059304555
0.0007262303846644909
9.619039277784226e-05
0.0001428317402280039
0.00014894674932752308
0.00040561777759597745
0.00017203671237129257
2.968946215900394e-05
0.00025056734559210516
0.00044088959651677415
0.0002891005618531868
0.00011805402853880605
0.000255565952460759
0.0002257700968008899
3.767965144509682e-05
8.609623086102547e-05
0.0002527403249133677
0.0005686171334024779
0.00035876731369512084
0.0007279665240323721
0.0005321199656008123
0.00024016153092947537
0.00015346230824874623
4.7578956390509205e-05
0.00021636306978083287
0.0001193367898425982
0.0013717016999461396
0.0003200541602815801
0.00043445741580313554
0.00015706944206975824
3.8919698367289485e-05
0.00034118942186613533
0.0005681125639365227
0.0005549781728902184
0.0004267291199262318
9.186276689023351e-05
0.0005065347401462988
0.0006112228668094122
0.0005300099042994375
0.00014072979282605296
0.0002898747938801076
8.499861956232446e-05
0.00019040698037316162
0.0002128946218472722
0.0011370716255877718
0.00011950116499014578
0.00030124296096416096
0.00016899434437569994
0.0007230238346465625
7.432183491954186e-05
0.00015007184729243068
0.00011027758906449853
0.00026678094319650537
0.0001498771084745479
0.00048336005908567375
5.44207837729242e-05
0.00012668493056105699
0.00037994063354536965
0.0001537105377431586
0.0006669760843978972
0.00037881591195531303
0.00039364047373944655
0.00022858105774356926
0.00045096549248246253
0.00034168709706665313
0.0001279757308478319
0.0002622661344525434
0.00018044696115899857
9.06669019095265e-05
0.00014957500770685915
0.0002825238601494235
0.00025353292852720374
0.0003768169989849632
0.00012590211713045757
0.0017718994758484953
7.114022088098889e-05
6.951033887343438e-05
0.0002225526293693367
0.00014935209126933216
0.0004232150807496314
0.0007150013046632088
0.0004321021182357311
0.00032065508421119237
0.0003122302551371137
0.0001844347760597303
0.0010482607478412907
0.0007332725477841542
0.0001421106422173143
0.0003435215362548376
0.0008105280694606869
8.665946409401872e-05
0.0002965220967570966
0.000181661468819234
0.0009026705884461962
0.0007978901454197037
0.0003767020518631747
0.0003931810141642869
9.684688466481436e-05
0.00012654631010701632
0.0001448581196697667
0.00010371133780866349
0.000520048274934695
0.0006415557650043832
0.0003189087963273183
0.0004752779112415731
0.0004801347471549993
0.0005552790484958104
0.00010209616309622472
0.0008510255611330534
0.0001725581870408125
0.00011709541619905905
0.00025389647252005887
0.00035002893404643054
0.0006165285545975938
0.0006467841297060629
0.00013402366848813544
0.0001325353054352703
0.00016847938984821347
0.00021353236122107695
0.00011513665899627372
0.0005339985481932846
0.00011598375735188951
0.00013727056636991466
0.0006017718794895342
9.707746592228272e-05
0.0002645538203391731
0.00024319936214844292
0.0002882347676511391
0.0004741559202637407
0.00020019526520659994
0.0011366007816209715
0.000126828676585941
0.0003475717015412586
0.00012405180613037165
9.24548818780576e-05
0.0001660828641369897
0.0011328866953009013
0.00021655658690117533
0.00047979173274978
0.00011252437900004112
0.000329001247808497
8.259396569187575e-05
0.00020645173112477356
0.0001294513536280624
0.0003186038499598257
0.000102642420521595
0.00036494864520236265
0.0010597982042725535
4.375997552773467e-05
0.0005556553148856956
0.00014085689684959182
4.671528459885725e-05
8.851745760055274e-05
0.0003777929516923504
0.000313956170798636
0.0004485959906073572
0.000346624569163816
0.00022705188821150628
0.0003087711780525919
0.00014981431615763505
0.00013666408560972563
0.00018834441411956162
0.0003226491505545487
0.0002715600862663519
0.0001581819592705637
0.0005119675416437903
0.0007826820625965497
0.000202817124163387
0.0005500015751540002
0.0006105666038525193
0.0005540134225880375
0.0006991373618303559
0.0006413991832867638
0.0003172521024941757
0.0001757001813192557
0.00020548759604357855
7.333567008004267e-05
0.000966048278430168
0.0006014041614650038
0.0003427166572920751
0.0003841747720404837
0.0003145350099634081
0.0008649935036418518
0.00015700592507811233
0.0005082140982231047
0.00024782518095103814
0.0006339301280956714
0.0003412198542586095
9.768025006876382e-05
0.0002648442869339417
0.00018758654398904194
0.00010659251025507886
0.0001541205700248146
4.584997861554871e-05
0.00026829582697296596
9.69791326152151e-05
0.0002855761118488297
0.00030853997973344794
0.00040525610276479336
0.00019788927896528078
0.00012578659614999614
0.0010704927116145617
0.0005962346309671285
0.0007879731451395374
0.00022736187756722598
0.00018900805050402878
0.00011207849546948348
0.00017274141722140843
0.00013058390641532334
0.00018048037236285784
0.00046801815937286013
0.0008297398183624683
5.579796431319752e-05
2.9841552860684104e-05
0.0004937569061984681
0.00012289336977803448
0.00013514662399836011
0.0006634285720201245
0.00035817063282989986
0.0018973121596598153
0.0004965562698443402
3.772368388252219e-05
0.00021445485935009097
0.00033178636086540276
0.0004063955967834845
0.00013089397061288752
0.00021164222840091315
0.0005570048870372236
0.0002588374441368293
0.0001577979705464337
7.213563407558097e-05
0.00015215677273473405
0.00016903282599775102
0.00016489569894713782
0.0008018983831691988
0.0006038092358964622
0.000611868907250395
0.00022505922734488237
0.00016877445637096712
0.0005415346046617002
0.00035271275092115884
0.0011378484436925923
0.0004357991556678548
0.00014571778254518473
0.00016863438160016845
0.0002044032046850447
8.789748894117528e-05
0.0001892676536895655
0.00014850364949011853
0.00034518735095024955
0.0005622319659555052
9.67066900101352e-05
0.0006502027195653593
0.0004575663142923835
9.971572136564052e-05
0.00021961319002209145
0.0001891951584336643
4.5701144301330496e-05
0.00035740980456122997
0.00037818823632691204
0.0003990034176161833
0.0005075876327372354
7.307934336143557e-05
0.00022728409747585954
0.00014938624921849688
0.00011037831127090962
0.00011915712178525403
2.5642555777601597e-05
0.00010236748587342062
0.0003876228340785012
0.0003299608051789888
5.315622363525283e-05
0.0005424504010926591
6.864050475230468e-05
0.0004147016829322358
0.0007660636906390929
0.00016506500470116518
0.0001093461315696279
0.00016205140722656998
0.0002357540193517487
8.520961047270366e-05
0.0005193465436833448
0.00047525138132037485
0.00014330304664715015
7.330908744644726e-05
7.745637631606078e-05
0.00010493920994060291
0.00014604475230070541
0.00012331023143603457
6.1003282859706054e-05
0.000604111217573996
8.812110964648557e-05
0.00031647024059011604
9.39461557217717e-05
0.0002589386569214047
9.104466871015484e-05
0.000235925932562399
0.00022321419062642676
0.0003031038917728702
0.00035549690214976826
0.0008648400346301374
0.0002890633610924055
0.0001039489076351125
0.0004915621199615624
0.0002515921618120772
4.9753423040243965e-05
0.00011984343008106443
0.0002245793535450584
0.00018544001373161194
0.0002009458625102849
0.00021450074499653908
0.0011472526943876067
0.0002660666759967401
0.00021197239801473553
0.0002354265414355996
0.00023601135105820058
0.00012687168832160262
0.00028056753721675487
0.0005264784763326809
0.00032184419526358677
9.051619440530218e-05
0.00013062340146235884
0.00044442052980777475
0.0009193915202765961
0.00011226860334753325
0.00012406084188108134
0.00014811113988852305
0.00020330998970106905
0.0002454617615519838
0.0002335319752514891
0.00016967617732557505
0.0005203495618729752
3.7713776947221345e-05
0.0001294496037875197
4.573096898459944e-05
4.15062398648078e-05
0.00011884039165739298
5.312715958673166e-05
0.00014411320956311563
0.0002357825805093298
0.0002214906697073054
0.00012948930408780934
0.00046014591544206614
0.00030617942402634584
9.665960324261306e-05
0.000359140663654137
3.4095428171829235e-05
9.276088256439618e-05
0.0002079193669512568
0.0001770518204381586
7.479599146462206e-05
0.00018540660383761039
0.00030579277434423054
0.00011411790290582207
0.0002949887020323747
0.0006626159709642701
6.597874070940456e-05
0.0004169519173284369
6.531355289364846e-05
0.0002523499075369376
6.518184733755515e-05
0.0012156690270017252
0.0008964598252974736
0.0004932690333201949
8.322055048902355e-05
0.000637695378573355
9.823352499829478e-05
4.698064717752231e-05
0.00019138452371704042
0.00028828032459358115
0.0002529487406659807
0.00016291624438109805
0.0001581984894371638
0.00024061724274628254
0.00022955247944766094
0.0005031233309677172
0.00014400660311355453
0.00031030503909504863
0.00011462295241325814
0.00010717805680220172
0.00014707639549957084
0.00026461285555663493
0.00010922503248260216
0.00025574469137430413
0.0003281590070727293
5.254743304889956e-05
7.2219347914148e-05
0.0002144875929628909
0.0008265393979867988
0.00020005027318951247
7.893511311386713e-05
0.00019540934215631227
0.0002191046517672852
0.00016301279225453813
7.615010478255196e-05
0.00010488191935503652
0.00023146328360561718
0.00038818504785510685
4.2357865052822486e-05
6.438374560040338e-05
0.00024091198413993882
6.440444158989059e-05
0.00032552524877250705
0.0001299265012115436
8.889543283895697e-05
0.00015627738392812174
0.00025278736905192783
0.0004624863454076303
9.02689290033584e-05
0.00015268568631135422
0.00017818752929394294
0.00018640066399921578
0.0006933950255393123
0.00020046139228208304
0.00011141404119391693
0.0007707914622655444
9.182345319499561e-05
0.00014776736714066903
0.0002633052626088143
0.00044079021484748636
0.00013267031080246145
0.0002775232071577087
0.00012571200288203661
9.554102867249531e-05
0.0004027847256016325
0.0007876817391879292
9.726495298058568e-05
0.00033547864040675335
0.0001256900142182384
6.532312512666157e-05
0.000573985156426382
0.0005361825004668262
0.0002808994202546263
0.00015682375478622977
0.0001444720880515633
0.00020716801494481137
0.00035270933306937757
0.00016715726599280135
0.0003771731706367302
0.00020532230133088708
0.0002937844540213673
0.00019129378127363776
6.856295597142638e-05
0.00033782557512303696
0.0004955544103582511
0.00019075370895203967
3.0085693397435455e-05
0.00017446419805742565
8.162768064256549e-05
0.0004889602010977375
0.00023324539320583652
0.00010904161516023895
0.00038883043759192873
0.0001929964980155864
0.00033712480373863615
0.00014949249679730085
0.00011922016964833465
0.00013566392316383726
0.00031361335060066625
6.6449157800915e-05
6.609113633417647e-05
0.0001067430733669552
0.00013977933098514042
0.00022059056823508705
4.539003511229365e-05
0.00044785356741722227
0.0002698821551369173
3.207444217095695e-05
0.00032632041077313166
0.00021194782790408815
0.00016402638585536405
0.00019438901558407017
0.00022195793730220303
0.0002497227439196672
8.256866183574894e-05
0.00019349785632091865
0.00041125771794258494
0.00012038106091215614
0.0004143910633259313
0.0001286338277536405
0.00032992388600742707
0.0001243055645321342
7.170411856688823e-05
0.00018778207357996525
0.00023508901507497405
0.00014091607100116877
0.00010173938379907318
0.00021356916087196854
0.00042947014808013165
0.00018133544219981588
0.0006854612326359016
0.00045291172467225137
6.317938747940932e-05
0.00014994768143823857
0.00014424368243573963
0.0001629794973759265
0.00018750438596996087
0.000488673460854436
0.0002284861793864394
0.00018308776121206017
9.889583669505903e-05
0.0002805689220416527
0.00044793041795737035
0.00042244928845055205
4.4548473561811104e-05
0.0002943735045820129
0.0005196603432242445
3.743326707116191e-05
0.0001264925549256783
8.231621715373015e-05
0.0001115014582956248
0.00037157096812262113
0.00021479235191450353
0.0002785004876699609
0.0003074210176736809
0.0001612548748860157
0.000118707494855015
0.00014881821449629166
6.076138370257765e-05
8.473383842661063e-05
0.00026714210147705506
0.0006859440783682375
0.0002127983694428926
0.0001735488847433343
0.00011306350838463865
0.0001591630649846414
0.00011398385862576712
0.00013306147046340043
0.0002144872070819311
2.6225444261458307e-05
8.262079971978706e-05
0.00045381690860388387
0.0003000847460696936
0.00014968047204114984
0.0006820400543292441
7.333761692739289e-05
9.995207039439366e-05
0.00032781478653238545
0.00023101819164422744
0.00012220654797048087
0.0002339019658536162
0.00010179551230755351
0.0001434173184672702
0.00013075845190869777
0.00020050685141110347
0.0013002837897460925
0.0002813600574367063
6.577820732817929e-05
0.00025077916732042744
0.0001535930571474763
7.997688985840533e-05
0.0002542053874675893
0.000289588996407901
0.00023434346430788942
0.0006772997060793313
0.0002717172745979793
6.474055379934137e-05
7.205283712691538e-05
0.00014468357617901525
0.00027217600356561444
0.00044007607999429615
7.028912351865439e-05
4.887530504220166e-05
9.19283054472167e-05
0.00034675791578920397
0.00024354799287597587
6.265058868465004e-05
0.0001404702776254461
0.00016265308298825281
0.00038474691513368876
0.00014874996492141273
0.00030179366416248186
0.00024352713940809762
0.00013431789941573523
0.00022582695521530861
0.00031714029868942556
0.00015574837120228371
0.00019908357636103856
4.9847281357354135e-05
0.0005266446612769675
0.0003749979336604751
0.0004978416232787926
0.00015234949404103546
0.0004611067686020034
0.00011899438153518273
0.00021444297906465066
0.0006302497516573246
0.0003843627926860461
0.00012753228759855592
0.00015064883191922022
8.786037123094716e-05
0.0003899721943247199
0.0003432176063589235
0.00040124864339161987
0.00022221848349595683
0.0006293497250027735
0.000779699388704596
0.0001920488946871939
0.00019688716049628553
8.410384578147416e-05
0.0007769802683465346
0.00018702998699746622
0.0006699560451045582
0.00033006694907008555
4.9679768332030773e-05
0.0002786173997840854
2.0620577603110986e-05
0.0002498388509506492
0.00012920197535521598
4.409890462077229e-05
0.00017889788981198136
0.00029027911461940994
0.00016264198543478213
0.00022563419934918728
0.0002513229829427538
6.59005651293017e-05
0.00015838627539585892
7.650592598825519e-05
0.00017943589134007058
0.00011165598835334956
0.0005411801863513005
7.278660071835745e-05
0.00030914752409142706
0.0002818140159916551
0.0001280861515424682
0.00018640832831297383
0.00015305760515987328
0.00011359791951295629
0.0002204028742495447
0.00030699433952643225
9.57460457604698e-05
2.891813728468285e-05
0.0004090707897318183
0.00010547983354751844
0.00018427868617642383
0.00012791478407834928
0.00029906553976985544
0.00017162962607210447
0.0005494994021725733
4.756380756557098e-05
4.2606769182155284e-05
0.0002514821037009757
0.0003737593798868549
7.298451646402731e-05
6.372191201132244e-05
0.00010830190418121191
6.220708911116034e-05
0.00024066945015604734
0.0005377971718509198
0.0006450078124273941
0.0001614899942252735
0.00010551730227274663
5.597924336397359e-05
0.0007131073661007386
7.199072821541449e-05
0.0002731514525714315
0.0004750230228707704
0.0001888480195723928
0.000160368419339085
0.00016009152746020746
0.00043120666193796826
0.00025882431304156744
0.00018292866105808537
0.0002545286897740455
0.0001911222895251185
0.0001332015586132497
8.899747612792868e-05
0.00014089290039351525
0.00016342373974476086
4.296635526668339e-05
0.0003245008578016338
9.961297660403501e-05
0.00030607308673682467
6.580557567542589e-05
0.00014627311204345133
0.0006361459722774776
0.00010349037668278963
0.000810910688329353
0.00036124910767296084
0.00017222822055438757
0.0001469481962833931
0.00046387388454517464
0.00020061291040386682
0.00010456662413745202
0.000275585572083938
0.0002684095116805878
0.00011583757269511469
0.00013674511939434447
3.4523756848039564e-05
0.00033664574046964393
0.000321988303613406
4.239365078824362e-05
9.248538729116078e-05
0.000410497251198872
0.00021398837747716357
7.184118240173592e-05
0.00010867182577007075
0.00029025874711741513
0.0003567737296464534
0.0001628424400879651
0.000507324744425271
0.0002382132048783482
0.00017215860605289822
5.7567069091548366e-05
0.00012211393523758443
0.00032988323307428036
9.195352880406653e-05
0.00033711976289852775
4.950890379331975e-05
0.00019608772075678732
0.00012370371852817003
0.00028630557300676876
0.00010789771680688165
0.00012844317810169407
0.00027704472027267007
0.00017929875052732813
7.432017916858881e-05
0.00031141133705619523
0.00013910027336367853
0.0005321377977888978
0.00020875108603042483
0.0006205666438226297
0.00014938977990219314
4.504689468924345e-05
0.00029917006990558617
4.521090942425537e-05
0.00022773502294067788
0.0001537354214088299
6.989716381967137e-05
8.993433282179971e-05
0.00028091928278182804
6.529304579865706e-05
0.0005097658444990688
5.103192939922096e-05
0.000355996399067876
4.636645253585171e-05
0.0001198733275775348
0.00012079420561092364
0.00016122865175269245
6.480191782407816e-05
0.0009392415912152283
9.149621448683651e-05
0.00021251921345713076
9.270254834499132e-05
0.0002531779015227823
0.00021611814073735586
0.00019257608336173263
0.000499169299006479
0.0005188033453242194
6.152690255419312e-05
6.49829356913207e-05
9.750816336442853e-05
0.0003188272533784496
0.00029630980202628
9.348946317372588e-05
0.00010051760053930959
0.00023327340711037624
0.00015553635987971341
0.00014201848382041079
8.696388983188407e-05
0.00018313598763395494
0.0002726531229019028
0.0001588473462926796
9.21527362837252e-05
2.7217793933785245e-05
0.00010700496352454526
8.842970215964864e-05
0.00020099137750498907
7.041175690341881e-05
0.00038505331429223644
3.4076978589174555e-05
0.0002636435175170017
9.754231368877963e-05
0.0004307048228184879
0.000359317520224042
2.7029044321474793e-05
4.6295417880640494e-05
4.8398815133893794e-05
0.00020670073997801531
0.00030793629016222164
0.00013291437459284582
0.0003666217634786577
0.00027120333805216176
0.0001962566261000729
0.00034418045053214905
0.0002121567577971916
0.0002143479508760088
0.00010295208909473616
0.00015418831924491727
0.00011050814783549213
0.00010009083597000425
0.0001069601909955079
0.00023368026928076086
0.00023474986132564004
4.635053300509802e-05
6.56224247180665e-05
0.0004904525645613974
0.00033853805166222446
0.0001681992131063481
0.0001945738280765023
0.0002209249085323867
5.253096998424e-05
0.00020981987899415915
3.9162693625232435e-05
0.0006970722619154513
4.447499097220871e-05
0.0004648492298583356
0.00021064950840335613
0.00013178443223859764
0.0001536211394491061
6.850494614977372e-05
8.252348594734238e-05
5.0011432923963916e-05
0.0002287610492127174
0.00018193384719294588
0.00023970852925074207
0.00017862057697044052
0.00030089051322838725
5.6895806962270446e-05
0.00019215859292893213
5.535769922225705e-05
7.206916528447601e-05
0.0007073343223463805
0.00019605212709967562
0.0004431532220588555
0.00022874438253826993
0.00024646239148271395
0.0003610928179592743
3.681969438151263e-05
9.178012881045497e-05
9.513774103522046e-05
7.008959085727077e-05
0.00013338305357635325
0.00018754520365399298
0.00013905130046383383
5.511440650359366e-05
0.0002291693727985098
0.00038638844355351243
0.0003587382756502599
0.00013414635422691215
0.0001131666853097855
0.00012848281525712385
0.0001321214143300489
5.1186547210399295e-05
2.7854571786107236e-05
6.016013658492751e-05
7.726904762965239e-05
0.00043485498165438645
0.0002886388537168691
8.792435586945448e-05
9.301393295675372e-05
0.00018034081608726333
0.00012748933700709345
8.669727013163956e-05
0.00023762005664427002
0.0001277428544126361
0.00010751401016501491
8.742110919932512e-05
7.469752129004514e-05
9.598734437464387e-05
4.711218246086453e-05
0.0001027127297332395
9.888400062690953e-05
0.00012029333243476954
0.0001670172946982046
8.147426934118781e-05
6.667596271861905e-05
0.00021531624551688933
0.00013409158889914055
5.399205027365058e-05
6.377837620455655e-05
0.00036026616185762716
0.00032161519018143015
0.00013370832939302906
0.0003084756211246539
0.00014857139366794163
0.00011375624242726472
0.00014783632389287206
0.00016219293200807135
0.0003399834760387743
0.0001445975085490378
5.776245935857379e-05
0.00039009993292264265
4.123119613919266e-05
0.00023302543811041805
0.00010766043929111281
0.00015166900991352475
7.9940507064903e-05
0.00010063756999075209
0.00030586839644410513
7.113150763795323e-05
9.475698361112456e-05
0.0003122392713022581
0.00018968557109613724
0.0002490175233921091
0.00010745635741949437
5.662435559577009e-05
0.0001577784780490055
0.0004910395783780891
6.315606237018668e-05
7.02051227563691e-05
6.458066476562019e-05
0.00016599517377959198
0.00024546806777664187
0.00012258269167895197
0.00010458750843861533
8.117775341613589e-05
8.654876447276882e-05
0.00012503423542394097
7.05884387369531e-05
9.292065065010946e-05
0.00014247372651053866
7.77507876546154e-05
0.0005933173937671423
0.0001302265189974242
7.493227645001858e-05
0.0003920418088322238
0.00027305006868927627
0.0005716693596633361
0.0002127498858572262
9.311513630126412e-05
0.00012457432218661744
7.004066482889903e-05
0.0001243682400881943
6.709595196213832e-05
0.00039784003080380184
0.0011587202438576828
0.00031314640159760054
0.0003207835469860536
0.00019348648149074168
0.00010059865526046465
0.00022643841678391923
0.00021190180181675063
0.00010222849362942016
0.0002451747983652791
6.713867551402081e-05
2.513149029574403e-05
6.002112415431998e-05
9.380652636056951e-05
0.00014849194155659587
6.108071649811326e-05
7.812954885823395e-05
0.0002445625172203384
0.0001724967471429614
0.00018237875182060148
0.00010716668754691306
0.00022991001678254288
0.0003215852920699817
0.00040419215207977797
0.00017875929079017293
0.0003121378329507679
0.00013755476293778724
0.00017097311958024007
0.00012076326545858705
0.00012312076995249673
0.00028235364299615176
6.969131903088059e-05
6.971365599139223e-05
6.408201980428446e-05
0.00011469475565074429
5.729593571123259e-05
7.065904271770561e-05
8.401850796825922e-05
0.00024002975923827045
9.319433144216598e-05
1.678085364469512e-05
0.00017539032929056846
2.2885197458299472e-05
0.00020880087574219708
5.082265289003172e-05
0.00010659809166443105
0.00017296182210090085
0.00011276220128189831
0.0002701928508545844
7.283344611214893e-05
0.00019453094957515461
3.284464415807507e-05
6.622251218482823e-05
0.00034245689135965285
5.517333083170711e-05
0.00027018485101971794
6.241076869573568e-05
0.00013505355635887162
5.0885004438251556e-05
0.0001076344005422075
6.832439630001443e-05
0.00014191059204901734
9.383193028931402e-05
0.0004453238400250673
0.00031977402675451656
0.00016037669430080272
0.00010406960442447603
8.364611689814968e-05
0.0003410120205319717
0.00016614520397452147
0.00017463900092453137
0.00031807032698488144
0.0001462283313374837
5.3146293766659675e-05
0.00016892272307259565
7.549950562757391e-05
0.000176197087366074
5.6721949792238634e-05
0.00012061311999331165
0.0001981530618898488
4.189567366916287e-05
4.821070980880147e-05
0.0005621913292368403
0.00029917294501312423
0.0003540401803732534
7.182904863616989e-05
0.00013534256634098736
6.367733748055965e-05
0.0001682990590746514
0.00011298891010552799
0.00010017778351961498
0.00013633558165973225
0.0001666845194736955
7.761431085346797e-05
0.00018774366665320785
0.0003457229553039113
8.355738870369903e-05
0.00016583617296942493
8.15774984375165e-05
0.00015585239353525408
0.00018482944904464694
0.000932683761251843
0.00022185977823827214
0.00018683070088052666
0.00027312398911741016
0.0005109221886297758
5.502305830459979e-05
0.00012976592899361955
0.00021882972667585634
0.00020811927012767567
0.0005849005913383223
0.0001353393777228252
0.00036002836798703074
2.358246224480363e-05
0.00035801041946371915
0.0003091437924276015
0.0001221984889427483
0.00020742208936858338
0.00039418596504726386
5.845239350582935e-05
0.00034638813245547816
0.00014301461550579475
6.1006859913186005e-05
0.0004586254146173472
0.00016816037097981373
5.98274696227097e-05
4.031764079549791e-05
0.0003146871882145996
2.7917942832612354e-05
0.0003064956598149492
0.0003253053952205839
4.5142389887750424e-05
0.0001690519899281549
5.707994639880751e-05
0.00013095036381638667
0.0001013378023092884
0.00019003841407009325
0.00012788126574960097
4.4865253567797e-05
0.000130904397108446
7.453770000400098e-05
0.00022688668585733605
0.00020186550333740953
7.873693254676096e-05
6.234371974228198e-05
0.00021318026026540524
9.80382826107723e-05
0.0001371368738155077
0.00017422123226072333
7.325239742262551e-05
0.0001306335563598176
3.705533978977985e-05
0.00012232483209170187
0.00016126901869716547
0.00016894648360807658
0.00010187914958825689
4.5184762519010816e-05
0.00015808759475989683
0.0002458434362349076
0.000303621882065318
9.650969314122312e-05
0.00013465499946240582
9.545667888403757e-05
0.00030345232519877807
2.0258508402959937e-05
0.0001257150116421925
0.00011207773602341583
0.0001910901537186838
8.016766900899156e-05
9.737782242089948e-05
0.0001174692802406381
9.727416975996564e-05
5.5803723038198264e-05
0.0001465956728219505
0.0003228570647461362
0.0003124092511633832
0.00015373262817880946
9.691837921421971e-05
0.0003495744455607178
0.00019050702786739708
0.00010494755527341035
8.181254475678692e-05
6.632269159549434e-05
0.00010385763528369568
5.006973877542297e-05
0.00016173850378190747
0.00020451488344616227
0.00012953675628634857
0.0002070801728813064
0.0003127982547615293
6.072538837627404e-05
0.0004280244085955622
0.00010244423656951529
0.0001817063268964956
6.949191479181943e-05
3.109011635263078e-05
0.00011779453899608014
0.00022080687613469232
0.0003719193099725202
7.644663547043923e-05
0.0001533414796868762
0.00017276365117320833
8.520043933554562e-05
7.435623292139115e-05
8.916888654242606e-05
0.00020442443981231347
0.0002573236523094094
4.634541526598501e-05
0.0008212473761404948
9.449867173048618e-05
0.00013492686075762598
9.92875525692999e-05
0.0002087784026158542
0.000159043539548215
0.00010161155085855562
0.0002447752436264748
0.00016035799213528072
3.374957454048753e-05
0.0003234177902882034
9.109546850871504e-05
9.3346310256141e-05
0.000170395163086412
0.00011831062120944875
0.0001776634308046345
0.00015831057526975408
0.0001568948150477676
5.254976076556622e-05
0.0001431428910595275
0.0006033355285246638
0.00014716027114645012
0.000253886789400277
6.183442251966859e-05
2.9842201382295473e-05
0.0001937347982496344
0.00020163705166224938
0.0003208239997187367
3.783062191318295e-05
0.00016339942201093864
0.00014912773750815872
0.0008693996463265152
0.00010341726193741279
6.706662312508407e-05
0.00015874320278815463
0.00018298755390508338
0.00011338898582521433
8.079762024852074e-05
0.00010193688433872408
8.680831099276678e-05
3.809835047737524e-05
0.0001524523951124215
0.0001786295310171104
0.00012614954018546625
6.55541635502512e-05
0.00013892623169171946
0.00011544095059889537
0.00013228450133218042
8.365907525708993e-05
2.215480431141481e-05
8.215201857189612e-05
9.673362878264911e-05
0.0001172116242842861
0.0004738069118138144
9.109970224905138e-05
0.0003770906401383281
5.007442564327133e-05
4.4112776628417264e-05
4.345062898757323e-05
0.00016476096207331388
0.00015398524570980847
8.584543234301483e-05
0.0005451482126017231
4.4535554761225496e-05
0.00036439104249890586
0.00025438766079663054
0.00024267491073260615
4.920180345579765e-05
7.338737746522912e-05
0.0004390625179646796
2.273679942307551e-05
0.0003247068376988642
7.581734372993575e-05
0.00014728552605375084
5.2838745638607144e-05
0.00010503776894205294
0.00020705546482556496
9.814744270292043e-05
6.854197923011971e-05
0.00013951112969256424
4.6277943966586746e-05
7.775221916817735e-05
0.00026033202602700596
0.00045552180887099695
0.0003098333193250826
0.0006760793162546697
0.00011469180127227655
0.00024891478172007125
6.588893972290639e-05
0.00011045816905389204
0.00017458118973075442
0.00018894219736753765
5.221002437137692e-05
0.00036371358999607954
3.771751597602586e-05
8.738301226218783e-05
7.324977115247101e-05
0.00040053272593017057
5.081804600761524e-05
5.004849058265044e-05
8.831188064303109e-05
0.00023441641822510658
0.00022573650714709223
0.00021372648650743153
0.00010256301973585889
4.2556506889024404e-05
5.846402144713739e-05
9.467248397267046e-05
0.0001278079339664335
3.835723380986245e-05
0.0001612297474158426
0.00015267549013648992
0.00015290105122203434
8.144755501806255e-05
8.82332958642772e-05
0.00011163023235078104
0.0001385396918118687
0.0002567914905278001
0.00012336865279764683
6.746049278656989e-05
9.341083024243376e-05
9.52000722786153e-05
0.00019287272136840513
0.00010991813030371254
7.858412313663093e-05
7.537456718580037e-05
0.00010112404489976384
0.00015576043869318745
6.416490180124315e-05
4.614533798733666e-05
0.0001595540069021954
0.0001611122731745529
0.00015731938335945895
2.2250342232071094e-05
9.478000652469682e-05
0.00019630908478384965
0.0001541416629632166
7.23940607419563e-05
9.321249589057248e-05
2.8164912203662758e-05
0.00010451438219296952
0.00042801652751393247
0.00013899469408920197
7.684106167639375e-05
9.5178748849119e-05
0.00016774838245165545
0.00023040408861559194
5.1052791098726544e-05
0.00048103362892667123
8.039685766604552e-05
0.00017962010560779605
7.314680460098624e-05
0.0003863143139337019
0.00012593056922943654
0.00014341244985499276
3.353034688596112e-05
0.00010715764535471261
0.00013893863145931611
0.0004322042510461522
6.088906931226868e-05
0.0002515339843266135
8.24351903109842e-05
9.637963380111635e-05
0.00020767524059759937
0.00021805708307175053
5.738603229487939e-05
3.7242073141937365e-05
0.0001570906457454283
5.20446500024072e-05
0.00024271066546566596
0.00010728410757790234
0.00016049220553543596
0.00024425326507569815
9.314554338425402e-05
0.0001173882374479942
0.0004569395670948272
0.00021106581167928149
0.00024340483497018174
5.184256248273861e-05
0.0001491704104370881
0.00010020788178256153
0.00011644065730467398
6.595030021333888e-05
0.0008155697282800951
3.7677682501060975e-05
6.94938007391363e-05
0.00014189721190286967
0.00010947489259198569
0.00014386115811748816
3.238926451055131e-05
0.00015388087273219335
3.83945213522034e-05
8.262927697083487e-05
0.0001157218898372446
0.00016133898394097296
7.163645668408618e-05
0.00024998824586137643
0.0001292886773113292
9.175810809284819e-05
0.0003690229602349455
5.497940206326441e-05
0.00014364113294947705
0.00046170925128507297
0.00017327391553363991
0.0003546907512756756
2.9502267125475765e-05
8.626851376713671e-05
9.307027857451502e-05
0.0002987445524225538
0.00018552270187847616
0.0001518069995481796
3.5249375088294775e-05
2.0461997577497404e-05
0.00019858146097464022
6.921208445685862e-05
5.983552994448512e-05
0.00018270759080739262
0.00013986852033333626
0.0002038785513283594
0.00013445498959365469
0.00011230677228463451
0.00011844786528667545
6.856938833485432e-05
0.0006078660735520224
0.00022610296221835515
8.473903646975463e-05
5.4875899554567986e-05
0.0003553415368449539
0.0002763803715765278
8.774058157072225e-05
3.273039097481247e-05
4.674635321086563e-05
3.542390474696023e-05
0.00013381100386454284
9.439967879827616e-05
0.00013350318020624274
0.00015125470457042116
2.5691070435000296e-05
0.0005948486011669488
9.835568977182751e-05
4.659459011772556e-05
0.0004064618567398925
0.00013918909458454211
0.0001772640358230075
6.483205308883242e-05
0.0001369443699062625
5.16722296885228e-05
0.00010862513850441815
9.186071525703969e-05
0.0002523648459891373
9.13178040863634e-05
4.19684930804442e-05
5.2131287922755834e-05
0.00031677801933041946
0.0002452394577360416
0.00011236536004955901
0.00011706786524507301
0.0002864817531716651
0.0001845820432772835
7.841295312800205e-05
0.00021208112650557528
8.39228626252945e-05
0.00025244311718315037
5.034317759737567e-05
0.00040221222554742545
2.9681450310381305e-05
0.0001353563005996153
3.573379553346554e-05
8.630548028591723e-05
0.0001243535915115895
0.0004199321880372837
0.0001474190846988061
4.0714078957937434e-05
7.53752519427788e-05
0.00012200404042296075
9.703512453840964e-05
6.774230786791359e-05
0.00010081252477265188
6.875668722757342e-05
2.7155779485946598e-05
7.19402568395633e-05
0.00015234393162519828
5.246584082165293e-05
0.0001993246320379976
2.5054872742534296e-05
0.0003211078038389836
0.0005101918477705747
5.22839043315756e-05
0.00025596892581842976
0.00042090593750105894
0.00014780136583562048
0.0001124605687759795
0.00012711836832525185
0.00019055094306996337
9.900562935196614e-05
0.0001419766200415471
0.00012901798852337084
8.180530344411175e-05
6.513071067645637e-05
0.00010941622769973995
4.4216954720497875e-05
7.22309338874697e-05
0.00035925603235300224
3.2212555215329945e-05
0.000252152232249699
3.4119850443959656e-05
0.00013023121692114464
3.727485324272065e-05
5.0011402630112626e-05
3.3544525961827676e-05
9.07820388076588e-05
0.00012347047446298952
0.00037314348473085673
2.302518737303057e-05
6.236403616666977e-05
8.878751665208018e-05
5.3488533917950305e-05
0.00013083852314339043
0.0001388050596364328
0.00013931119827724448
3.526755134824889e-05
9.476097462790751e-05
8.11391695321006e-05
0.00022955341846984609
3.171282365988937e-05
3.847485659483596e-05
0.00017835089848057645
6.526613305126728e-05
1.749879619104953e-05
0.00041255312817113697
0.0002834194706163153
0.00010926022346361076
6.336341012149378e-05
2.19227980096748e-05
8.904675194344488e-05
0.0001450881307191941
0.00014303575831553955
2.4271333491346072e-05
0.0001897065939790447
3.344827661928711e-05
0.00011300600023803902
7.500915790618639e-05
0.00025813748539710914
0.0002083927264565559
0.00013799182178943968
0.00021677938951551403
0.00017440406836365346
6.78506361832268e-05
0.00010622623946841971
0.0004354954202897193
0.00012355841352680493
0.000252590071704683
7.560021586286837e-05
0.00023509460805011626
5.838982748145382e-05
0.00019076504416722708
3.090824568561861e-05
0.0002785422582332362
3.5794261833811885e-05
5.17515511953952e-05
5.970350056989604e-05
0.00011679943869367456
0.0001168228527263993
0.00011309920199534146
2.6312674697794536e-05
0.00011580745006265232
6.425151990852825e-05
0.00019709903726702557
8.613121276838449e-05
6.87108751971353e-05
0.00034942548781452927
0.00016173471247661196
3.958871121186696e-05
8.321761936045618e-05
0.00010524959272500755
0.00013724907051998003
0.00010184805245485317
0.00014178884402528424
8.111106872218307e-05
7.921352893176238e-05
6.0491378659802936e-05
2.703236763392888e-05
0.0004908266603061139
0.00010478854121380148
0.00015986022511710514
0.00029570811024923937
7.08406078433958e-05
9.090304929769952e-05
0.00013819994369968235
0.00018231186358859934
0.0002669797788845212
0.0005410312926467533
5.9142415717995696e-05
7.775240378870086e-05
8.726711598956062e-05
0.00010414485868703334
0.0001500345716238925
0.00022570094681493224
5.325436476079166e-05
0.0001879016011674982
4.2231486798812465e-05
0.00028692951063633655
8.77471238767823e-05
0.00028077839154890026
0.00023304811334300205
4.11873739693062e-05
4.8138709475556184e-05
4.056365190763774e-05
9.699132511321186e-05
5.6619875902969e-05
9.822107991296824e-05
5.395300778533179e-05
0.0004606969567193905
8.895576567084334e-05
3.755701867660891e-05
0.00010434630586285605
5.598221984262233e-05
0.00015944093302753856
4.0005579752032854e-05
0.00014048727182047911
0.00024417949932920143
6.463826184124626e-05
0.00021321225242687238
6.508468836408697e-05
0.00026566487722456375
7.266259770173373e-05
0.0001429006991942289
0.000168950018404627
0.00017316029081812642
0.0001525418839986577
6.288569441163683e-05
3.6469778419008396e-05
3.432259369137212e-05
0.0001820008782981726
0.00012864999662050077
4.3641573650463805e-05
0.00021317839997264573
0.0005407125947150454
3.87547980298286e-05
2.3327388179243776e-05
0.0001283369592558336
0.00011071099249477148
0.00013483786991593135
0.00012005736406697168
3.4246954712468184e-05
0.00029127887524625575
6.415144442017423e-05
7.988056051095518e-05
9.229021211119617e-05
0.00020752620543409926
4.679584284731263e-05
3.660941857148894e-05
0.00011302011476030237
4.304705555684573e-05
3.863148440146974e-05
4.467866959684719e-05
5.318942478778068e-05
0.00016138784645293474
0.00013676437235312521
2.2225643002021397e-05
0.00012046026449804938
6.789340676379675e-05
8.177428302537735e-05
0.00021409051899907763
3.1706321115668504e-05
0.0003302093095107836
0.0003668710191533285
0.00018610196049417656
4.515307775891164e-05
0.00011621902660915265
0.00012817083225401585
0.00011698857098476087
0.00012133258743887324
2.392421848685119e-05
0.000225569679146894
3.537355931678973e-05
5.307322980979386e-05
0.00010668417530463715
0.0003146410084141876
4.001827123172111e-05
0.00010049664065739025
4.147666793566754e-05
8.710665597354366e-05
0.0008627959187150759
9.144640202589489e-05
3.727980799444316e-05
0.00010452267701118657
5.30443643235015e-05
0.00041797583058036144
1.6233010532216214e-05
0.00042174751504307377
7.34681878449986e-05
2.073413664346959e-05
0.00013908914236644395
1.9933133968604707e-05
0.00011870186724561313
6.892033464759208e-05
3.553283199749822e-05
0.00013855800749474755
9.496562385420083e-05
9.953959855625383e-05
0.00020997714232986052
0.00010572550108817958
6.829215520374049e-05
0.00016050908096000812
5.727941186379344e-05
3.9012381194078654e-05
0.00013678593310180548
5.2510637593137735e-05
0.00013317023557232375
3.61924528930312e-05
8.93836168518072e-05
5.7420865129670426e-05
0.000183522069677176
0.00011368831802431082
0.00015862227570833263
8.607678730816101e-05
0.00013200115123548418
0.0001500431934798633
5.751774609376009e-05
7.84703035941943e-05
7.799925983230445e-05
2.7123882504389692e-05
0.00021568418171451074
0.00014922211787974016
0.0001780350212569771
6.006510404634353e-05
0.00030875963408155617
0.00018524701360255965
2.6659779857784493e-05
0.00010657313212913921
6.403349377062828e-05
7.05505927230791e-05
3.940660216400807e-05
7.058844133607468e-05
0.00016731518812419853
7.691359494638235e-05
0.0006279181624090684
6.310718323549476e-05
0.00015100323313751738
5.1975549470985655e-05
6.652353963628611e-05
9.47576377481885e-05
0.00020967667712175033
9.988984632741224e-05
7.279836434289428e-05
0.00015080955417612482
6.921383698771583e-05
0.00013299911474166083
0.00010500062487499594
0.00010837664770851144
3.949660965264008e-05
0.00010465003276983193
0.00013042383803782374
6.016990307018331e-05
9.678066777537884e-05
0.0005670166959265022
4.0647601651428106e-05
7.638160253931547e-05
9.614216540831643e-05
6.062385066725876e-05
4.9482166234958644e-05
0.00010288276872502257
9.07470560796939e-05
0.00011456179034165752
9.408827121429681e-05
0.0001412497175617463
3.873471131459953e-05
4.312935385611839e-05
7.035171281938405e-05
4.476321934027744e-05
5.3871901472479746e-05
0.0003430892437695747
3.160470458050425e-05
6.009060896815093e-05
6.483048861680624e-05
2.220824674092273e-05
0.0002404563935659598
5.476520888686354e-05
7.557373951713719e-05
7.434890677353347e-05
2.550210200593293e-05
0.00012033410904452175
6.719355839875911e-05
5.786239177280941e-05
7.065044599020913e-05
9.020060090369976e-05
3.68707138026679e-05
0.00014360224672741335
3.343139264322189e-05
8.395629753295111e-05
7.090892228112032e-05
0.00015696836133834074
4.065100862940919e-05
7.827613468019776e-05
0.00018261624141731604
7.103162169039624e-05
0.0001971035622065045
0.0002911272667254093
0.0002871983673390294
5.214364897527893e-05
7.82451584657378e-05
5.1730080327956005e-05
3.9516285652781254e-05
0.0002646151612975832
2.9655197076702115e-05
5.9894633257745185e-05
0.00019147433102043024
0.00041140576105951055
0.00010939897010094596
0.00010807795774319221
4.965070766863414e-05
0.00019991816967015525
3.196294218425141e-05
8.346045195796815e-05
2.957377839481466e-05
5.1814224296917095e-05
0.00020653356389599715
0.00013236506319298604
0.0001621521785643122
0.0002220091461066437
5.584847093403133e-05
0.0002873029164797861
4.404134189190547e-05
0.00010025237491129124
0.00028819216881641126
0.00011764791805792907
1.5814274731291747e-05
2.2663432411171078e-05
6.686228766425973e-05
0.00027069163532909813
3.110417808887899e-05
4.9408649057294644e-05
0.00012620481455971995
0.00010029436862811356
8.932302575336961e-05
0.00010358547907120861
8.380102568391159e-05
0.0001658061698970461
0.00013690694057398538
2.0832840047190344e-05
0.00011048931452742371
0.00030868264735867167
0.00032347841674848753
0.0006707761398780593
0.0002972193761350713
7.44702121777163e-05
7.221645813886051e-05
5.231908502370692e-05
5.574692223192578e-05
6.107155369866518e-05
3.1837408889714554e-05
3.299814539125955e-05
0.00029442382357691547
0.00013382376243866
0.00012006595788551609
7.537297534878552e-05
0.00010050339360437862
0.00015925902944837774
0.00011072981408649992
0.0001643699809809724
0.00027222582871527345
5.2245001171190334e-05
0.0002476115229372372
5.512336350491923e-05
4.463801282066404e-05
0.0001729783777965056
0.00015693289986641007
2.1796480325969312e-05
3.743523049699448e-05
0.00012820473667717554
3.322033752610298e-05
6.742262160367567e-05
7.065856627195989e-05
1.8641443749834184e-05
0.0001860561908857501
7.62840210698281e-05
3.8387224082044956e-05
0.00014276032699508167
7.410558858116063e-05
7.419234818847343e-05
0.00014990252746012952
4.1505592452578787e-05
4.2240939668885036e-05
3.8330498063438746e-05
6.279062401667316e-05
0.00015604316430243843
5.0178835947093116e-05
3.6166709681778044e-05
0.0001531852891508682
3.647294045416645e-05
3.3643231877197174e-05
2.7554497963399794e-05
3.0127790481793034e-05
0.00016860857336045075
3.249954179046805e-05
9.809088152660314e-05
0.00022281453980353864
0.00011655711449121684
0.00012190663765518252
4.0079259177675876e-05
0.00023252623126548337
3.23294082165767e-05
2.1774199409648575e-05
5.4505425081467246e-05
0.00012757396544316353
0.00017584128892163473
0.00021883318752350715
5.7222149556019745e-05
0.0004936553720914381
8.014087607251197e-05
0.00012441025786851087
3.372874503495006e-05
4.1689054876217116e-05
4.470691072042396e-05
8.147248539279847e-05
2.2682786899060724e-05
3.572559531025188e-05
2.1857753058869875e-05
3.893498711582095e-05
0.00011844802272067636
0.00015835594554558722
3.031558318635159e-05
0.00010961632577151778
9.301903343128805e-05
4.2227833564449264e-05
6.99186859944324e-05
4.505285428980553e-05
0.00023922469143735376
0.0002917927443833039
0.0001987724603640667
3.546106191754252e-05
5.7347690996662475e-05
5.469886880419863e-05
2.3366029777968292e-05
5.8906857699777705e-05
8.897183237446331e-05
0.0001284755091987068
8.383731284614035e-05
9.563099550750596e-05
2.887199109859609e-05
0.0001285593043310913
9.677706823169688e-05
2.2202075726194882e-05
0.00010134816585640885
9.169419070254808e-05
0.0001221945854826211
7.482089581597968e-05
8.569389533566885e-05
0.0001592506872611526
8.142619910268398e-05
8.374197442393878e-05
0.00011169135178799623
0.00010585168336597572
6.266307915356128e-05
5.9906924605972446e-05
4.638834400903403e-05
5.206131049968483e-05
0.00011707719666467405
0.00032011599100832764
0.00018954588494343323
8.172909091194682e-05
0.00014607717897241107
6.355126752961881e-05
5.899638724895561e-05
0.00016098796595021835
2.8823703851654327e-05
4.563493006244722e-05
8.945224476980391e-05
0.00011207626978654911
5.724026043916439e-05
4.9762160471061016e-05
4.157663345196921e-05
0.00016677550760335475
0.00021128260282999583
7.706624512166819e-05
0.00010723297993526689
7.98924728979359e-05
8.085487586750397e-05
6.641697379275647e-05
0.0002634128684901491
0.00015156415615911114
0.00030864350245505417
7.208482126428109e-05
0.00017670293919689158
0.00018286614604245795
8.883971869553738e-05
0.00012826333496516063
9.592949361508e-05
9.321289420808525e-05
5.676481908125717e-05
7.620469952533434e-05
4.969035840454675e-05
2.8962567830278797e-05
4.2129991683320933e-05
6.791860543545596e-05
0.00017953502066082535
0.0002255797313541581
5.6943991025312744e-05
8.128767551030917e-05
5.9013603782769786e-05
9.069170169630889e-05
8.671115252538329e-05
0.00042632065392875863
4.9440997795175356e-05
4.5203549780809325e-05
7.970961951616363e-05
0.0003165090233702538
6.694597726333054e-05
0.00011819736135117742
0.00010418236925128497
7.191972825228919e-05
3.3603122190094485e-05
8.664996696304227e-05
6.951769033705838e-05
7.314833492536652e-05
6.813421989997508e-05
3.7770652156088165e-05
6.97847428118243e-05
0.00015205840377080997
0.00018103911568703512
9.515509459712181e-05
0.00013310879480241486
7.304335997527936e-05
2.5605545850213136e-05
2.6744404251209184e-05
1.4409013455690659e-05
6.51479987389284e-05
0.00015939280836013437
9.829501296432485e-05
4.248996625047956e-05
7.451193988669563e-05
4.64181446939228e-05
0.00010920705634104434
7.466259538486033e-05
3.5569217290145605e-05
0.00012221326900903312
6.422049160798647e-05
5.810799471062344e-05
0.00039699405310473596
3.7833932100553014e-05
4.7530856290659866e-05
0.00024522575730075337
5.261378758908051e-05
7.241746849071571e-05
3.6352253257481535e-05
0.00012530058340680129
3.4879557751767294e-05
3.80500795563465e-05
9.643728733351192e-05
8.95695691699727e-05
3.548590350137362e-05
9.848840246752184e-05
3.4055807266471414e-05
0.00011127377989541209
0.00017179852444383924
3.111217029679558e-05
4.291473865533693e-05
3.2527026519224556e-05
0.00011402245981656995
7.626297570729267e-05
0.00010747838561856929
3.5957099594600004e-05
7.307966486674552e-05
8.258462177750585e-05
0.00010832098462287677
2.779090749509106e-05
7.265709735043048e-05
0.0001141417874462088
0.000207335602500293
8.513466971607433e-05
0.00020833151225162943
5.8637712088752304e-05
4.54148282539566e-05
0.00013886709489754567
6.383421903261477e-05
4.508362454717906e-05
7.255407062827007e-05
5.255753413847548e-05
0.00010414768368041038
0.00010443256939986418
0.00017460091378312725
3.342810650707862e-05
6.904566686187761e-05
0.0001092501677606495
5.975453009770144e-05
0.0002112274458062188
0.00012807852392294943
0.00011046691973144133
5.54595668606999e-05
4.465155706513279e-05
3.2916763991427055e-05
7.28364245580715e-05
2.9740841601892963e-05
4.5512051975868244e-05
5.55536205780775e-05
5.575826863886517e-05
3.0507791839976067e-05
7.577845065895786e-05
4.49635881431435e-05
3.773993275406931e-05
3.207971460050097e-05
5.749646120619085e-05
2.1080701389605526e-05
0.0001162614097315865
5.641127331709624e-05
5.170979845511641e-05
7.192710169543356e-05
0.00020422420687532978
0.00026194104589663905
0.0002455561309200774
0.00013675597146523043
3.8276424642763035e-05
5.7921484300683314e-05
0.00045258328366263223
5.512613103548103e-05
3.820566215479518e-05
9.238337272665282e-05
0.00013161325371628148
3.9192796762515306e-05
0.00012413780384326766
4.802003621619723e-05
0.0001874313859596463
1.864828836724121e-05
8.846872182931165e-05
3.2293551208822324e-05
0.0002466692821255357
2.694989525324072e-05
8.149398406402745e-05
0.00011333508451971491
7.803287937930279e-05
0.00011624989933675052
3.9984188130060835e-05
0.00013139285928609766
4.521684726347201e-05
4.6804281160002935e-05
0.00026938451055511957
0.00018211666827880235
5.155376780122446e-05
0.00038502276470440164
4.319804024846883e-05
4.026533096121912e-05
3.638605497424421e-05
6.073166187385081e-05
0.00013156904842438635
0.00011938296407855622
2.322924125012041e-05
0.00016737040158730724
7.148483275489713e-05
0.0001250666630957512
5.153773299433526e-05
2.4020353491336466e-05
0.00028798330551356135
5.297006443579227e-05
0.00036440239593711946
0.00010687265638865213
0.00012382750802964468
0.00030206929080409367
3.676531003419055e-05
7.83156028066879e-05
6.310935151407612e-05
6.925270719990468e-05
0.000981047598644418
7.066797716807137e-05
3.508268816001433e-05
0.0001443861659651631
0.000139555791658552
0.00010529160364979942
6.247992294024948e-05
5.107970623030155e-05
0.00010072917138619775
2.8153806699506792e-05
2.1515530623345105e-05
5.940251824892743e-05
4.053152959433744e-05
5.023765602586482e-05
4.1830260163920786e-05
5.339522341570127e-05
3.730140852240247e-05
0.00026495509006394105
5.9381603109192165e-05
0.00022583246904863847
0.00012421959428694998
3.1580731646255075e-05
5.071211797107586e-05
5.297510025152165e-05
8.350762770570974e-05
0.00017055987073030001
2.494431693158087e-05
6.202642364012743e-05
3.6118260366160715e-05
4.000811505511672e-05
0.00030522169364690104
6.132801865906626e-05
0.00028070501357496913
0.00018203064178686735
3.1144096685014194e-05
0.00011367381289782479
3.7600756353113494e-05
0.00013217905341268233
3.8960014040030484e-05
0.000247191044429148
4.429403266178304e-05
0.00012572738271534632
5.963724971850299e-05
5.2286814415099745e-05
0.00012164426560975624
5.210547644127941e-05
3.506270612123345e-05
3.4995835064477026e-05
0.0003368924606132459
3.4775860068401296e-05
0.00014099195745250517
6.335532951522318e-05
0.00012443610415746533
2.5550035575931335e-05
0.00011273113770926316
5.536689588244009e-05
6.960792180340922e-05
3.812856393586926e-05
0.00014772329319191708
9.00647831811691e-05
4.4359391032497086e-05
2.4627236698585587e-05
4.5917048520223315e-05
4.933437870529364e-05
7.459794095519353e-05
0.00010930580379994704
0.00016928432350799891
4.962353658101232e-05
0.00011507229935302528
6.927156371076656e-05
0.00022612974605691033
0.0001754790696874908
5.83891227108111e-05
0.0001932628878243418
1.989788276739777e-05
4.8721683319595667e-05
5.139696251343075e-05
6.273015139269755e-05
2.5787703821015407e-05
3.4183979308812294e-05
6.191685572357752e-05
0.0001169310283206779
0.00012246969457321315
0.0002064855238563239
0.00015312721364095462
3.7878398082054095e-05
7.208980476761367e-05
6.936136187855258e-05
0.0001563273959958633
8.128420135447522e-05
9.559752509471963e-05
5.631280980650267e-05
3.7132448386547655e-05
5.8551352858885756e-05
5.5626374909321536e-05
2.994464838649457e-05
3.521646566955762e-05
0.00010302916669125762
0.00011084299560629545
0.00013345174964681403
3.7314150145061764e-05
4.7310548239237644e-05
0.00010915423003534124
3.769043529609991e-05
2.8914596925843385e-05
4.734601107149544e-05
8.503969766983977e-05
5.681298786803873e-05
4.355225878238602e-05
5.3566430210042736e-05
0.00020054005997849824
9.984303314503652e-05
7.451985950576056e-05
4.4662593908904756e-05
2.3849201568620808e-05
0.00034853611659174536
6.888096872083963e-05
6.035723270461689e-05
4.728117003220351e-05
0.00015390570188605494
2.2986385737651137e-05
0.00029535459230333936
6.387621225714763e-05
0.00023463672898893032
4.646966745896669e-05
5.639693384898057e-05
3.521488781496852e-05
2.820677860722722e-05
8.124636162697386e-05
0.00014233270164927411
6.877569259174333e-05
5.7838922031650544e-05
0.00020898611842646222
0.00017992205915402361
3.62714051090063e-05
0.00024002696049729965
5.406549509895807e-05
0.00011306646511185018
0.00012401044490804495
8.866013740009614e-05
0.00011312316341308751
8.034982342062224e-05
9.66663964137296e-05
8.600093180472645e-05
0.00016656804059768016
4.70813155805645e-05
0.00016190076597781013
3.704634223017117e-05
0.00011189141062222875
2.8419161724741258e-05
0.00026726853990927964
5.5498162250925406e-05
2.7880698076861233e-05
0.0001401742582821616
7.332081459799115e-05
4.770274828700258e-05
8.470381613979347e-05
5.946725782138725e-05
0.0003271031113840753
8.40867375260902e-05
6.427184584396504e-05
3.8160140817466094e-05
6.79105001585874e-05
6.663854911524528e-05
9.347262622874977e-05
4.238601367092639e-05
4.045082133349004e-05
4.20398220575939e-05
2.9380689578979754e-05
3.628195232774038e-05
4.125165663593356e-05
0.0001548763549109394
2.631661100851038e-05
6.322003812645267e-05
6.0509161254723136e-05
3.933531050820532e-05
0.00011396556690128099
7.730287342207917e-05
0.00012264846459854447
0.0001258771979461635
0.0001433857132580475
0.00011117263857387551
3.1400085696363604e-05
5.668822121703322e-05
3.019920733369693e-05
2.5229696882780423e-05
8.326197892812544e-05
6.929393541701346e-05
4.69564265792302e-05
1.823994573655725e-05
3.895092891129637e-05
3.909348466837226e-05
0.00011005071706009142
0.00012396998386482572
8.3653496381808e-05
0.00014156915436418918
3.617583722536554e-05
5.3662507487794235e-05
8.535519878200744e-05
0.00017893075781153458
7.347353840281405e-05
0.00015845522943577133
0.0001230529577390789
0.0003047162664108661
7.690537589904207e-05
5.905424119492278e-05
5.7447240417215217e-05
4.574077243714089e-05
6.875986172787529e-05
1.8792185205294727e-05
8.29091464228782e-05
9.069982095597133e-05
0.00019994769686681365
2.3126972083760175e-05
6.382730642799607e-05
3.2804392506745e-05
8.085885226411176e-05
0.00012065588892124555
4.051215669507185e-05
3.31408959290113e-05
4.349920416303899e-05
3.6427027146265435e-05
9.516949842788624e-05
5.6190346198805235e-05
3.185227139409452e-05
3.998502691924896e-05
0.00016537623238828587
2.343003871800961e-05
4.034120335414521e-05
4.7787221082311266e-05
0.00011898673669261681
0.0001512718958610419
3.765665721821743e-05
7.921133074468844e-05
3.6850385162204595e-05
6.505814475392762e-05
2.436036393685586e-05
0.00012633692161281095
4.759711837424273e-05
0.0003205145309086343
7.527843497662429e-05
7.63927201520445e-05
4.340208491393744e-05
0.00010677512295021786
1.1870706809615515e-05
3.551472996125736e-05
3.9556417107903195e-05
6.93900894025391e-05
0.0001075358876136136
4.263728781494979e-05
3.861025271295092e-05
4.440871724207554e-05
3.928180720686809e-05
8.421995410526904e-05
8.211400996289916e-05
9.32777825721452e-05
0.00013665042151562626
0.00013902880535088393
2.6518886011853866e-05
1.4981354022818372e-05
0.00010359884819026857
2.375984247566208e-05
3.582665950933347e-05
8.450871433969528e-05
4.477388453142693e-05
4.4265431315098536e-05
0.0001658234512964295
0.00010825294305017492
2.8258144142324056e-05
9.097052037677782e-05
9.685444444192169e-05
6.710956527965732e-05
5.80686812110248e-05
5.4940773556448795e-05
6.615262691117742e-05
7.874146870283805e-05
5.4849442535701094e-05
0.00010256319805781571
0.00012793769827340793
5.846990740374904e-05
0.00011711116331936095
2.8132008686101234e-05
0.00020766954147051356
7.261027973839746e-05
9.845057065932992e-05
8.458350604401988e-05
0.0001656160373399809
8.681282345236559e-05
0.000195787404366558
8.288272941006192e-05
0.00012043760388695417
7.005593579711304e-05
0.000252304345554284
0.00015335307771023767
5.2435030830299524e-05
6.827078697133424e-05
2.0632333676313456e-05
6.801523563724136e-05
0.00023606179376168583
4.5649455930955814e-05
3.154547756781532e-05
0.00012207877727402161
5.720061300858819e-05
0.0001947501968997277
8.664070061076585e-05
4.118363074086685e-05
2.903827650906277e-05
5.503146198938312e-05
0.00015787687245367437
2.2230906535499824e-05
8.804536977885017e-05
3.0012125329095656e-05
3.1274106861253786e-05
4.45587330286039e-05
3.114240652784703e-05
0.00011048009201041711
5.2878005671813846e-05
0.00010284104118790729
0.00021289582462102728
9.040621120828953e-05
5.0902412544470666e-05
9.72650309560953e-05
8.101923673661072e-05
0.0001452025291273272
6.649246779362824e-05
3.46929036521835e-05
2.8234307060136098e-05
3.194515048333236e-05
0.0001294586663284221
5.126410640473006e-05
8.879021099717212e-05
5.9207595969443254e-05
7.126874474393225e-05
7.634898970132316e-05
0.0001249571795457961
3.002628436340185e-05
2.7988756043195528e-05
3.0216711155864696e-05
6.876512011672964e-05
7.707245320120448e-05
3.972992391428027e-05
8.413529644131662e-05
2.6057199539622464e-05
4.0058341649616226e-05
8.842485326081848e-05
2.7956727084713405e-05
3.7430985039021934e-05
2.7844120590215862e-05
2.173109661018544e-05
4.310206237526603e-05
6.615542728124532e-05
5.7818793768925644e-05
5.269035759369149e-05
0.00014364942913900293
5.5213783132567185e-05
2.845037956006848e-05
0.00010159601105402165
5.4220928578300426e-05
0.00015327780792347712
8.280266973580888e-05
0.00025511062838309525
0.0001247459052948809
7.736796046967464e-05
6.516332026369028e-05
7.208393948678113e-05
4.3685801920528347e-05
0.00013732122110576275
6.850779083252e-05
0.0001597576838881703
3.293539698982882e-05
8.702122141171701e-05
0.00022953431649347971
3.117588082881333e-05
2.74486507033216e-05
7.299441604769716e-05
4.971936211998784e-05
9.544780692851154e-05
0.00011870330378886806
8.496939060158965e-05
0.00021315990442552732
4.968756013961666e-05
6.502838421142452e-05
0.00011849796248558079
0.00010581716819244087
5.585442526367381e-05
4.2358920798290884e-05
4.942985739028692e-05
9.397048804537181e-05
3.8517298761337864e-05
4.427496537213196e-05
0.00012427741843291676
0.00021606840964992212
4.75093254314889e-05
0.00010899073159175168
5.8881934637919136e-05
5.5033594532290024e-05
3.907548846952259e-05
3.46671915857657e-05
5.349527829292464e-05
6.572131976454187e-05
3.613303582704355e-05
0.0001194150749875947
7.374089908932808e-05
6.297297989448774e-05
2.8422869367041105e-05
3.798564649760004e-05
2.3386932242870318e-05
6.380395713288385e-05
8.75352670613879e-05
0.00011879220462786773
3.332288781247506e-05
1.9533197266308432e-05
5.600432475516369e-05
7.118639943144452e-05
3.5275924744122725e-05
4.474124671380738e-05
0.00011100367978288146
8.809823520359743e-05
3.892518078461884e-05
3.702565691777566e-05
0.00015780270621517902
0.00018826588801583343
8.41271831181362e-05
7.166432604001752e-05
6.675340981759462e-05
2.5770906995238326e-05
3.871628779233131e-05
2.842456356024992e-05
4.749509142650546e-05
7.17026308761319e-05
4.334342172631856e-05
1.5498485635692565e-05
6.023447826505057e-05
4.9129749937100514e-05
2.139723910415304e-05
0.0002872585600857027
2.797476711267768e-05
4.279755531361596e-05
3.130350897428232e-05
0.00016577515914439068
7.21346104064096e-05
0.00011669974444125856
8.48385630636206e-05
3.4892139106422186e-05
0.00020268622656810585
3.188076354046127e-05
3.5589163102890115e-05
2.2093704220396617e-05
6.17422495202261e-05
2.1397551569283965e-05
0.00010990568263721562
4.785406448276778e-05
5.4436560191534164e-05
3.159124425446792e-05
1.7428267808643968e-05
3.901031958214221e-05
8.380627476848283e-05
9.693983033185435e-05
3.779062942574819e-05
0.00011076160161238435
2.5201541056126478e-05
6.0702689809794974e-05
5.309050221293115e-05
1.6616700596065995e-05
3.108328461389232e-05
8.151425010626341e-05
1.4391769444967524e-05
6.157644697167316e-05
3.506860437652451e-05
0.00014812432094060715
6.70948225058967e-05
5.615369893060034e-05
0.0001075342980312828
5.078204347232212e-05
0.00012567461505941477
0.0001221002200117226
3.543172635705226e-05
4.228074906010044e-05
5.8052633215849715e-05
3.595216382997098e-05
0.00021812784560556057
5.151762558714055e-05
0.0001114820344078935
3.776691475265035e-05
5.800410134385465e-05
3.362923330261112e-05
0.0001354256876581409
2.6652822219570442e-05
4.6744019961446895e-05
3.3145105053317135e-05
4.662829539152901e-05
6.092491613026963e-05
0.000208212446492192
9.157147877067468e-05
8.101042488783168e-05
2.8798491257599752e-05
5.709603128223197e-05
0.0001583475542496187
0.0001429734586956239
2.4416718702281907e-05
2.958446283226487e-05
3.6516699909720845e-05
0.00010327095025725204
3.765132151212594e-05
6.172145336080792e-05
6.78909075170597e-05
3.283505788462297e-05
4.7637348897466526e-05
0.00012116989583029393
7.578790362322495e-05
6.221365157839692e-05
8.891783355179692e-05
0.00017309543480761893
3.43861949113596e-05
0.0002046489728935229
3.189720821210787e-05
2.7925307315228726e-05
5.0332019745049175e-05
9.437734943500534e-05
9.577020773778958e-06
8.217989668735439e-05
0.0002448105315755021
7.017637002014503e-05
2.788236798769573e-05
5.2376463547516474e-05
4.4998844446210953e-05
4.1564059900187556e-05
4.9599452630853605e-05
5.418734522947717e-05
4.630852145912291e-05
5.770153916174778e-05
8.15259138187345e-05
0.00015180667673783752
0.00011354604985306354
4.5299601405946386e-05
0.00015290881098291274
9.503193914719119e-05
6.635244235104703e-05
3.8120480428362465e-05
1.620495853759262e-05
6.189729067494625e-05
0.0001318858108113849
0.00011290343875437386
0.00011444519535755062
0.00014675384277152388
3.1101011234456554e-05
5.229679586286749e-05
3.2231431285100003e-05
4.702563389300108e-05
0.0001571873361342385
1.936121565977651e-05
6.511767623512719e-05
2.4693763427308968e-05