0.001874618979882138
0.13889153200298712
0.06021762964487421
0.040892418137000175
0.13700426587423492
0.03250604396115232
0.033182294792201916
0.014177264177264183
0.03773781908456831
0.050720693832148944
0.016062148647287965
0.13427404348456976
0.0317848460263321
0.06447692895061317
0.01784385205437837
0.027168779490760922
0.03598293458974573
0.0020253336042809727
0.012559120376457837
0.030842272947536106
0.0026007169970018265
0.011732648574753838
0.0029347016189121456
0.008842489105647
0.0037989116936485356
0.00396969452697007
0.0002980424033055612
0.023551472235682762
0.0017137897942851503
0.001948478264267738
0.012556555977608613
0.0012395854501117659
0.01358317395469098
0.005881083512662462
0.0028706171895026378
0.0011356353461616621
0.0035527140790298684
0.006537653906074958
0.0023216470584891636