0.017554422877003522
0.058149377504216206
0.03450961225154773
0.12046782966137806
0.11402546676740223
0.10325853358111421
0.13451909500296597
0.01632461326009713
0.05326852359110423
0.06885965885965883
0.018284922962342316
0.0012867777383906416
0.00817703204799979
0.02983803532190629
0.03164173341592696
0.004684061458255006
0.02120482265643556
0.006492575524833589
0.003733572281959379
0.029105052653439753
0.0012406947890818856
0.023265700846346004
0.0007885304659498209
0.005072615556486525
0.008643268320687675
0.0022819593787335724
0.009735449735449733
0.01248002296389393
0.003797653958944281
0.007384234642299158
0.0130603506409958
0.0046057347670250895