0.08945347452020708
0.019857397504456326
0.004094304388422036
0.03679114481388332
0.12736425984077984
0.030716656332078967
0.014194124928183255
0.1831958322887636
0.1732946536629186
0.018711109563803577
0.05685034030066159
0.01641135241975578
0.0266435665175161
0.014159839446542363
0.007462840614101116
0.0033753501400560233
0.025831432257532108
0.01811305874331084
0.011457487423873976
0.010103100886590752
0.017486467780585425
0.004221544095493675
0.01728291920086285
0.010745207173778604
0.005012224003820643
0.003368183143269649
0.004768082743861291
0.006594746495883422
0.0043844390903214426
0.0035186382245205776
0.015058355715795158
0.0026044357136794107
0.011586634653861545
0.005357658214801071
0.004667885802339584
0.0036646126982261443