0.050772267901726495
0.018907847174751455
0.06887726652432537
0.05213968882276764
0.10221890404461884
0.05527830341616536
0.08592568073582461
0.039654955908045374
0.012798497021186092
0.0901836316880415
0.030027097085920617
0.07528420554391622
0.044906218897815535
0.03402228490463785
0.016648023459168965
0.023887426765578024
0.0422650815433811
0.02405796326627817
0.008787847512513849
0.025803863023339046
0.010866407168928177
0.03167123863119908
0.01449447525298918
0.0022252085719577978
0.009940960067010488
0.0020074696545284774
0.006901888960712489
0.015790116951758082
0.010159525348600979
0.0036222694205887483
0.0029254886840026162
0.0073762355620981416
0.00558220319166803
0.011446895774626866
0.004322959953212054
0.006959097364435969