0.014339540530016721
0.11419722203962218
0.014801311096829303
0.012930825528864744
0.16764799061570404
0.05567780381690157
0.1586291769942072
0.09292266171043999
0.06585909217488163
0.026902356902356903
0.05008302984493461
0.033476178350127936
0.004344923154446964
0.0055607734853643735
0.005936401851188818
0.015245859286475531
0.008795093795093795
0.013593531688769785
0.0022822091799682832
0.010062437166963189
0.00764378478664193
0.011532798304506988
0.0225375578195127
0.0001984126984126984
0.00748659768709894
0.046692549073501455
0.0024498324936921426
0.009680545618920969
0.01329239103048627
0.0028322675871695476
0.002343159486016629
0.004529758740285056
0.004006734006734006
0.0025283446712018134
0.00539739500265816
0.00259069390648338
0.0031909800957420006