0.018641368641368644
0.05907992991326323
0.1213312754979421
0.015809369976036644
0.11498374831708169
0.12148241523241522
0.10070510695510694
0.057197784281117624
0.031406475156475155
0.0064770668937335595
0.026560420310420305
0.0037588412588412594
0.030815859982526648
0.047197155530488866
0.021975196975196974
0.0344028344028344
0.06336804045137377
0.0074968366635033284
0.007436328269661601
0.018052630552630546
0.02287287287287287
0.0006360527193860527
0.0013868034701368034
0.007308796892130224
0.008449781366448032
0.006521700271700272
0.003172128172128172
0.00420455628788962
0.011330042580042577
0.003934887268220602
0.002844977844977845
0.0017982267982267982
0.005255255255255256
0.007805641138974473
0.0014764764764764763
0.001151151151151151
0.002695011028344362
0.0049829591496258156