0.05253519561288985
0.12175756935907311
0.001150793650793651
0.0336242210866271
0.18519624045313265
0.10296067350453314
0.04142824019014495
0.0724167275219907
0.03469089992899517
0.010567921125565236
0.1375662255687318
0.005842870301516917
0.03756017629451214
0.03482979468317814
0.005824514991181659
0.008160513718157826
0.012771682972184225
0.01477821296868916
0.019415469891660365
0.019088106546753164
0.00862925170068027
0.005872500515357659
0.000600151171579743
0.0013080319847237141
0.0025296616963283625
0.0004603174603174604
0.0003968253968253968
0.018286722096245902
0.0
0.0036660253326919992
0.0026140085663895183
0.0027998236331569664
0.001690127332984476
0.005250062988158226
0.005253212396069539
0.0010899761614047328
0.0032602670697908795