0.14783093046868914
0.0018766092295504056
0.01038684850589059
0.04396781239375984
0.1499847397429355
0.08772651866118503
0.013565849144784273
0.01445948090333117
0.06204330988102204
0.1178745404448729
0.05000634145019171
0.025674779894728748
0.009216818040347453
0.03953824276423673
0.008094955153778683
0.002096596214243273
0.01721878339525398
0.02197998316924148
0.009253165135518077
0.04749988573517986
0.00183032369733137
0.01658249158249158
0.010056446821152703
0.016476080990147485
0.032465474711464014
0.012445579900822866
0.008516537928302634
0.0026393186239733555
0.006633453692277222
0.0018326444797033031
0.004783125371360666
0.007944574004792556
0.003590902195877783
0.0032778768072885722
0.003106697224344283