0.05022799510894748
0.031020256198827627
0.018623078861174095
0.05609599395313681
0.04235658961849439
0.15995017989065616
0.062193895170085625
0.05573844145272716
0.09601172857125236
0.007698097757621567
0.010466742252456538
0.045506757351995455
0.026590450995212893
0.021336036097940863
0.0937062606705464
0.00031746031746031746
0.022598279145898195
0.06961502342454723
0.01855883093978332
0.025597660716708333
0.0015406903502141595
0.014658031562793467
0.008147518266565885
0.010427059712773997
0.0017592592592592595
0.0030586080586080585
0.0019288119288119292
0.010678560857132284
0.011120995406709692
0.005403238736572069
0.007448349710254471
0.01192308573260954
0.003664021164021164
0.0067506589530399045
0.0074553929315834076
0.0071124290171909205
0.002872260015117158