0.0
0.06747335311005095
0.07755137166692982
0.04943900401996993
0.08304427340398264
0.07324939895962622
0.030814233903722538
0.0355432748543544
0.08736748148303963
0.04338759749856007
0.030435484128665948
0.0657191029997681
0.004856601731601731
0.011238146323373596
0.03464070149188799
0.02257512738796161
0.0710523987178399
0.02626688228710287
0.02139345292754384
0.017837977994227986
0.03942452038207385
0.01008222101972102
0.021445857383357386
0.006525635822510822
0.013370840760546643
0.004848402859766497
0.007218150115877387
0.017566316785066784
0.004402541902541902
0.016208190978411564
0.0038885772111875052
0.008237017612017611
0.008287816455430091
0.0035474397606750545