0.10980805168480239
0.10249709985004103
0.16481030847977632
0.0035300281728853156
0.16773297068114995
0.05533951161402142
0.011735993024508428
0.028131824084205035
0.011886832951258721
0.031112027302503495
0.04177696641982356
0.007574497812593049
0.028317128198080577
0.037520327996518464
0.02252259645116788
0.031469892282217214
0.023594121927455254
0.014832623285004235
0.010117157974300831
0.001495396138253281
0.006325173944221564
0.0020011850894203834
0.00017636684303350968
0.0013876863876863875
0.005182087079846183
0.002508417508417508
0.011600643624453148
0.003792953078667364
0.003959011213913175
0.003335807257375884
0.002195767195767196
0.008716931216931215
0.009054328802227962
0.00643361048122953
0.002054673721340388
0.003596526929860263
0.0028258542474228743