0.061538998740682097
0.0649740916157246
0.10039536673292483
0.01287408071330352
0.02539523185980362
0.06390582941108756
0.029460464383047714
0.10489530967816028
0.06335927482683104
0.0006523977112212407
0.018959608044139663
0.1155448227015154
0.11169880403672992
0.003962898699740804
0.016814990500962315
0.02923135304359725
0.016528843078473122
0.01946182880975712
0.026197127702028616
0.016507691851013157
0.0013228543086842683
0.03131767793222491
0.005353126405757985
0.01693038764043268
0.021647032679421346
0.019346619042975317
0.007285224896560929
0.004744588145397862
0.0009150776008237967
0.0008348039724557942
0.011956662523094595
0.002720229238447862
0.019551220259722283
0.005579571875118434
0.005179041407905423
0.01022481890263693
0.0009896536212325685
0.005715011484242253
0.0031148189042925875
0.0025346972715393767