0.004169698182303224
0.03166259016975775
0.021204360532091623
0.06655150446302202
0.15787960090110364
0.12405354627796543
0.172729868033872
0.018764061774442394
0.03899280293496804
0.0018715721582750749
0.012432155365917102
0.051142216930649936
0.012335558932197586
0.04830299321154486
0.03744742624871146
0.03650548440958722
0.004229085573623389
0.01328397669228119
0.009122618744467483
0.046935622733942056
0.0
0.0018487698109546848
0.0008003201280512205
0.013269323772289664
0.006160954577909595
0.0024598074523927214
0.0019061564019547212
0.008374117918111984
0.005056749972716359
0.00408275431384675
0.00366100985848885
0.005130749269404731
0.0018207282913165264
0.0034380418834200352
0.007539130556925911
0.00634724656350954