0.14126441866995632
0.01099626170560944
0.012197939896803532
0.027436441339305118
0.1163271188540327
0.2714863269711285
0.02741728115443989
0.06882508027227277
0.013218324431559722
0.05586236320387038
0.02572336609989649
0.0019314019314019312
0.003928489439853076
0.017235280915621473
0.008210612844900768
0.018703124526988156
0.004121341621341621
0.01792697849067466
0.012611761876467759
0.006636303511303512
0.0029947638790518054
0.007067700817700818
0.0031009499759499758
0.004751219950083586
0.002201281462645099
0.0023190929440929445
0.016925072723869516
0.0008680555555555555
0.006292676179039816
0.01684987747734018
0.001991772153871084
0.004097522847522847
0.001341540404040404
0.006532195265747897