0.004876930221757807
0.10296470451642864
0.07985632183908047
0.017953342953342954
0.09686458177837487
0.16228404737025426
0.059081952530228396
0.10995459521321592
0.05181772569703604
0.0423595146871009
0.06510959347166245
0.026547494650942926
0.03274738352324559
0.009262452107279691
0.00045977011494252877
0.000603448275862069
0.012593670697118973
0.005249042145593869
0.009114834718282994
0.008631802424905874
0.0012434691745036573
0.000689655172413793
0.00032840722495894905
0.009371547992237645
0.005158730158730159
0.006275397654707998
0.005773664394354049
0.0062803320561941245
0.00132183908045977
0.002778772951186744
0.004973710835779801