0.03556706451443293
0.062086277750721675
0.07525418084777455
0.07627252899341493
0.1172243302065879
0.11003016976760727
0.08527653403814395
0.014287405127486098
0.015408433222198401
0.045325824052901934
0.0427991390869457
0.045383331618149426
0.05117975254614929
0.045642867404001
0.018787285588905026
0.004524130839920313
0.0300136173617955
0.0015274199484725797
0.009677018887545203
0.030341447800961964
0.016215674964781896
0.018650336767745676
0.017266389331166657
0.008528357409043287
0.0031193615201712366
0.037790036474247
0.000149947518368571
0.002430318219791904
0.005342333479985302
0.003766424009338988
0.0029819108766477183
0.005196947302210459
0.0064714038398248925
0.0005517186631737715
0.0031463125533142205
0.0009012916907653749
0.012478228773775331
0.005848372649992083
0.0011058629479682109
0.00567403299601442