0.015514898627760999
0.07267693116644292
0.08282913810305738
0.02789268070016733
0.15428763071807056
0.13138014979789123
0.0435557405980081
0.038287939505220664
0.08191299339459138
0.015894703018260573
0.06884674362861809
0.008652478438574694
0.005487431958020193
0.037108739838827086
0.007285035226211696
0.03519518862890661
0.008867998523798925
0.021019414334922357
0.03395946780865904
0.023144663969319183
0.018702540592492746
0.00240239703907524
0.003402371049429873
0.00357586560795117
0.01633885524259856
0.005265832221097863
0.002475213254008308
0.0054559473008670865
0.008497459165908362
0.003294981904607573
0.012682258789525225
0.0035650623885918
0.008024991447451339
0.007295536707301411
0.0030460312467232883