0.03882452386146967
0.06768490130559095
0.0010673234811165845
0.10699753858620854
0.08716426567411792
0.1731605764241232
0.05685416116450599
0.04949157301374051
0.0755658271668124
0.011793693443939745
0.08845883864356772
0.04616517171935891
0.0033622644460082883
0.019699724194798086
0.00466905152865744
0.02534912405602061
0.0340005642961308
0.00926781893530662
0.006186957541637344
0.0035550792939955497
0.0003518648838845883
0.0059964529176351825
0.0197234484180297
0.0119290739364631
0.0030973883806396127
0.004429765636662188
0.0028235653235653235
0.007720440479061168
0.008715497693330207
0.0037260358688930113