0.017345909451172606
0.01830542751595383
0.13692233692233693
0.05946638644007066
0.11235197550987025
0.030271044744728956
0.11285510298668187
0.03416534732324205
0.023514740620003773
0.052663807926965824
0.026977505924874343
0.06611677795888321
0.03578181078181079
0.05252634792108476
0.014556350082665877
0.0024275432170169017
0.02110472373630268
0.005124991967097229
0.007618015512752354
0.02399807794544637
0.00230549177917599
0.018886401123243225
0.0014775672670409514
0.00201679412205728
0.020929922903607113
0.007597519439624704
0.015504622083569453
0.01280284043441938
0.021038805249331567
0.0031815650236702857
0.002557676241886768
0.006071316597632387
0.01807252201989044
0.003128864313074839
0.02289070578544263
0.013717033453875559
0.003305271726324358
0.009385740964688333
0.0016306792622582096
0.003938848675690781