0.021661309407614824
0.026771951365547428
0.06405250044801508
0.08640960831004905
0.135011933519193
0.14079727649989512
0.012137487221101426
0.050871597362393314
0.03327733022314303
0.009949806840525014
0.013751868000636474
0.028882946771201894
0.05546150483342601
0.04362149208208321
0.029358162578930008
0.014025991796927756
0.012845770813751111
0.004751980367743914
0.04112930173275001
0.06242915972628185
0.007616493709960134
0.011983027918988509
0.01325336404154138
0.004135389788099148
0.004035393998448185
0.01093466467850704
0.014924273289583116
0.0037542916853261685
0.0014432633307406445
0.008701153224098519