0.06812176329417709
0.015273034755793375
0.03058203609927748
0.012682017854431647
0.1339574856816236
0.27162844180085555
0.05183497855911647
0.05537613727268899
0.046574861919689514
0.06907349355625217
0.01318748301506922
0.01036082691255105
0.0028735632183908046
0.00781609195402299
0.019134141720348614
0.007197310990414439
0.011746031746031746
0.0028143504005572967
0.0016475095785440613
0.015538388814250884
0.0021819432164259752
0.004993614303959131
0.009808429118773948
0.009881351088247638
0.004148877941981391
0.025559976422045386
0.004683171234895374
0.003857955582093513
0.004888368336644198
0.009972741179637732
0.005936955764541971