0.15177941339706044
0.007097505668934241
0.16591419085116563
0.011903761504601838
0.16402531175640417
0.014697135264362154
0.025205228944724743
0.030549809667456723
0.051279138695105086
0.038687474989996
0.04748417548837716
0.049007640352178174
0.010284113645458183
0.020600440642457446
0.011852741096438576
0.02024245595674167
0.0033708634969139176
0.0024262012497306613
0.01323537340344063
0.0006302521008403362
0.025199413098572758
0.004142990529545152
0.0355016318881865
0.011944110977724423
0.004196363860229407
0.010834333733493396
0.0038849059437294727
0.0007563025210084032
0.0059037554415705676
0.002423696751427844
0.007038815526210484
0.007595765578958855
0.0023889555822328933
0.00276844070961718
0.003646689445008773
0.002929171668667467