0.0016740567899842093
0.07723365035148778
0.02436300995034017
0.20401752130980697
0.12956334777748188
0.03883915011488229
0.06707373165883353
0.03181472705162221
0.029561127245231657
0.04294714876474216
0.03584425840500755
0.04580221393278481
0.04284860141980261
0.023982167762674974
0.01921098334908819
0.025764655636525333
0.02988248870305322
0.004393061575521253
0.012045894382216536
0.022969248022304045
0.020617769298000622
0.0014336917562724014
0.003470032608402727
0.004680328249141916
0.011349403284887155
0.014318120923596302
0.004656393114054404
0.004883512544802867
0.007835446923148536
0.008296919519595665
0.002484246441164947
0.003239828401649285
0.002903262731891764