0.05888457947281479
0.13853068966514342
0.014268495276898637
0.03817218495789924
0.12266674735162127
0.09948339708843908
0.05649796981729754
0.02469120981726023
0.10059269395403848
0.03724875497984742
0.00029011604641856743
0.014027459468635936
0.017472140371300036
0.015349594383207828
0.016306112188465127
0.0027777777777777775
0.02789048952914499
0.005833358984619489
0.06180290297937358
0.013841930711678609
0.006695405434901233
0.005834333733493397
0.011956638133108724
0.01699779911964786
0.009941976790716284
0.020286447912498336
0.000392156862745098
0.014914965986394557
0.001154923507864684
0.008510404161664667
0.007721421902094169
0.005002000800320128
0.002568950657185951
0.0033133253301320525
0.008765524857961832
0.007634447718481333