0.07790187934850017
0.005112983690286322
0.1882994238892863
0.033699024731470906
0.1252223917706872
0.05963172620618793
0.03294624478835006
0.08873233552509867
0.04141722456614802
0.09388782624428559
0.021012841325341324
0.008957882395382394
0.01846610687071213
0.03950944888444887
0.004441123901351173
0.009678598083203344
0.007130753018910914
0.009655217467717468
0.004503841674894306
0.016323973601934123
0.0003787878787878788
0.01563302806200534
0.010832281144781143
0.0047379368925421555
0.014225562947153854
0.01175369769119769
0.002725919913419913
0.006662560923924561
0.004764043826543826
0.0029693107818107817
0.0030098478962115325
0.007997268934768932
0.003118235930735931
0.001933396464646464