0.02821698898246058
0.07584680384579574
0.2661795927453799
0.05167314764088959
0.05875571451592664
0.07671356311893654
0.023834081902980916
0.09328232786770656
0.006443264542843784
0.00359842792784588
0.00734332214653042
0.017780073041731525
0.027498067568632083
0.0370882142051497
0.007616612364377091
0.020295127285835556
0.020636391084760647
0.03005927946430225
0.0075117851020726194
0.010799216051013036
0.008242927547363032
0.005685963901689709
0.0064301569845924686
0.006716429851510496
0.01177442629055532
0.003836349874218037
0.00025201612903225806
0.005281990221287205
0.008261074163291904
0.0016201036866359448
0.0041002624167946755
0.0017584938145071382
0.002367803713350698