0.004081431055115266
0.002431755063334011
0.03220499273130852
0.07029477753161963
0.2390341186393818
0.023425118819855657
0.03779543121648384
0.04698762593499437
0.08039396394659554
0.12044171846803424
0.007355121170910645
0.008534286165865112
0.020085067453488502
0.04930843220316905
0.0011443846970162759
0.018021846969215386
0.030690265558686612
0.02076577208156155
0.011173963147647358
0.002016866490550701
0.007194615089351931
0.03865081101923206
0.011064455143402511
0.009751857120278172
0.005873832189621664
0.008241955610376663
0.020719027297974667
0.047876838666312344
0.008843937791306211
0.014907764907764909
0.010235329314276682
0.0016275746538904432
0.006527015737542053
0.003978625689152005
0.008985865564812932
0.004794695584169268
0.008677901441059333
0.0039248111616532666
0.0017227754069859332