0.072685492642879
0.013569537575219393
0.1374262732217278
0.019655702042065678
0.15020525034729582
0.1121154834223016
0.1147806423374605
0.010866443110761292
0.03756573025038934
0.00573449593335957
0.02529255782096691
0.0023417554667554664
0.02150452136247591
0.08919306966181964
0.012833694083694083
0.008249909812409813
0.008151339401339401
0.015817810135991955
0.007442867528094801
0.009681022891250163
0.0022868913493913493
0.00623609607984608
0.0
0.010194156643020279
0.01390316859066859
0.020513235712099346
0.003511440159167432
0.010719614980978618
0.006265782828282829
0.005326328763828764
0.003267634091497728
0.006247902980857524
0.007624062595653505
0.002274934661298298