0.029329361570740873
0.03968380278725105
0.01812807881773399
0.21609826954654546
0.08903821593476764
0.06693949728432487
0.020412052825845926
0.1204504371745751
0.0057370917715745305
0.009086845466155812
0.06634941686665824
0.06514230979748221
0.02671171740137257
0.006269560579905409
0.041406256578670364
0.014072740796878726
0.0020251778872468528
0.0017022441160372197
0.007277728657039
0.028073975832596517
0.004310344827586207
0.0032065316548075167
0.01113195233884889
0.016858097202924787
0.004898741105637657
0.023099799306695857
0.008976464148877941
0.009979930669585841
0.00180623973727422
0.007746761539864988
0.006464148877941981