0.10207195103746829
0.07326342240135343
0.07239942369252714
0.0152468444709824
0.12875927712134608
0.02847566864808244
0.05411879946362705
0.02408327942810701
0.07340691237242962
0.01526919440712544
0.026883639987088266
0.13771075348661554
0.016579002096243474
0.004699416164933405
0.020130874872254182
0.001043605181536216
0.005753512132822477
0.0098028153200567
0.024704433497536947
0.002286079182630907
0.010763058780300159
0.028176918866574033
0.009290731618317824
0.01196126351298765
0.0009578544061302683
0.002961221409497271
0.0032567049808429117
0.01154989965334793
0.003959131545338441
0.010418802142940074
0.003348841452289728