0.04370436450222312
0.025555533888867225
0.03601095701843896
0.056566622310946356
0.13585210643066678
0.14460324147824147
0.11316654998285545
0.009644752353085687
0.04845045898967468
0.01848346623565922
0.013867493034159701
0.015148255344333773
0.054523277549593345
0.038810903149138445
0.010541289707956375
0.03531024008965185
0.023059964726631396
0.05205498079272589
0.018258442400599262
0.008848086205542345
0.003495665995665995
0.01574591135994645
0.024724401862559756
0.008064574731241397
0.0025304150304150306
0.01027824839099349
0.01469282565773794
0.031262097583692014
0.017622701533305248
0.004407979407979408
0.008790395248728582
0.007881691215024546
0.002568044234710901
0.005813876063489066
0.0017212725546058882
0.0063428146761480095
0.0030257530257530255
0.005146921813588481