0.024121087992055732
0.02501745566261695
0.039911862331217164
0.05719803493997042
0.20811434085627625
0.051140018881954366
0.1279604027991125
0.08957407586439846
0.03612329128458161
0.06217218265605362
0.04436704275413953
0.015649583391518875
0.044941504135052525
0.004835296125618707
0.002174432497013142
0.018902381966898096
0.0035330261136712754
0.004717606169219073
0.01772974934265257
0.0037063414482769313
0.010767195767195765
0.004867724867724868
0.0036488242939855843
0.004918928144734596
0.001087216248506571
0.004237924560505205
0.0015873791680243291
0.01172043010752688
0.004084183439022148
0.010168970814132105
0.0
0.002956989247311828