0.008003533713760985
0.06494729491888583
0.004541833377060651
0.11052776138003412
0.19112969049048595
0.11579035968240511
0.11216240619649709
0.100997899932559
0.04698540621836076
0.025673237747101375
0.0033166486291486288
0.01026034151034151
0.003860924954674955
0.0005140692640692641
0.05398676449812813
0.020147361056451967
0.00832137664524028
0.018343540928768196
0.007224230945821855
0.0
0.0011047979797979798
0.003424873737373737
0.011243270618270615
0.006518308080808081
0.015569452643316278
0.015610788622152257
0.0039997723236359604
0.0003551136363636364
0.0027296777296777295
0.004395278543005816
0.014822467095194369
0.007681044754908391
0.002444903581267218
0.0033655685644322013