0.13220462595462595
0.0239843635676969
0.08364406489406491
0.0711225815392482
0.07450363075363074
0.020147195147195145
0.027563881730548394
0.05675196925196926
0.04281942198608865
0.008671983671983673
0.013771820021820022
0.10570845154178485
0.025495421328754663
0.05219763136429803
0.031858240191573524
0.019798348965015627
0.04235620485620486
0.025109475109475105
0.003225546975546975
0.03239936573269907
0.006655877489210821
0.0036316619649952976
0.006163420746754079
0.009574678324678326
0.012460637460637459
0.0209022459022459
0.016480241480241478
0.006099064432397766
0.0013155638155638153
0.020830516663849996
0.0053333636666969995
0.0010164010164010167
0.004853273603273604
0.00628953128953129
0.012368137368137367
0.0020395395395395397
0.004265033431700098
0.005425626258959592