0.020739309191690147
0.013743478743478744
0.05451198636498843
0.031084763139628564
0.03994691375643757
0.17676256704724613
0.06758399716991847
0.037716687307784616
0.07761057859401545
0.05192806522516668
0.0017977392977392976
0.028972839904516927
0.006413965223489034
0.02616739961978058
0.06066892543083019
0.010018438351771684
0.04109986784935025
0.03271386902339283
0.002263794406651549
0.022312176359795405
0.01579193063665113
0.06444811476384976
0.017930380906571383
0.009455222141557546
0.018082899387247213
0.005064168635597208
0.01670451682356444
0.0044331065759637195
0.007742504409171075
0.004432018598685265
0.00755984162298862
0.012010422672948553
0.01500023402714914
0.01685133649419364
0.00288680455347122
0.016674230224954862
0.006906651549508691