0.09481774985999046
0.0010040791417309635
0.014778501203840569
0.06640978584831131
0.1093743882452974
0.13282893639620177
0.046769229972937615
0.02465349129811846
0.011310102182929044
0.021464426695622093
0.18649496082531516
0.009054583004520958
0.01917768466351462
0.03627691826605102
0.040567339745715546
0.008524979470442675
0.038890933430673465
0.004823861099164743
0.016617856180847365
0.005704398315734348
0.00917983650777173
0.0014811848819945984
0.012261265279841132
0.007126869981120992
0.012860059418763873
0.003032491259638073
0.02107706733212806
0.021543980520115184
0.002944210535303652
0.002417334502354745
0.00510348850429822
0.011227393956991228
0.0031001410928962595
0.004683148610274116
0.01660089423247318
0.003840098273296654
0.0006502269660164396
0.0014998946173035244
0.0037641021446689453
0.0038488801646696376