0.00446285029618363
0.04187158770492105
0.08554793554793552
0.02497448747448747
0.09005246088579422
0.14044169877503213
0.11569274069274069
0.031050435217101876
0.022108417941751276
0.09475741142407809
0.02118719202052535
0.10288639871973204
0.030227846894513563
0.024404924404924404
0.02180110513443847
0.002449473282806616
0.0043346918346918355
0.019489131989131988
0.030431134597801265
0.0007077590410923745
0.023376515043181705
0.019309190142523476
0.003807378807378807
0.0015086515086515087
0.013486700986700987
0.006408193908193908
0.0035519285519285525
0.0034820534820534815
0.001001001001001001
0.02580579663912997
0.0018793143793143794
0.004677296343963011
0.0028355736689070024
0.006937890271223604
0.002815911149244482
0.0014448972782306114
0.0030035071701738367
0.0033260533260533257