0.0005827505827505826
0.08234496737170532
0.0636936741214816
0.0
0.05732495866185707
0.08940806420752943
0.1582805192430861
0.12576391720776747
0.113890088422174
0.0591469384250133
0.0059764309764309765
0.0055640437993379165
0.006803572244748716
0.008646690999632176
0.04443361154591101
0.010997563537670488
0.008621092712001802
0.007712875359934183
0.01232177408647997
0.0037063797758984923
0.0021795495057527143
0.03791647053679139
0.003652794027125578
0.0015137368078544549
0.0020790484025778144
0.003214551342893589
0.00650588518235577
0.0037331874898719817
0.003469460822401999
0.003017963913685839
0.007363044461974943
0.0020265236842776945
0.012930543411826834
0.0016474909523037863
0.006096681096681097