0.047352784610849116
0.07154125742835421
0.05066758211919502
0.12666276674341193
0.1897731181602149
0.025788064981613373
0.08670281928346443
0.01398070567425406
0.04701807750194846
0.06463928246186311
0.03088140354269387
0.006323759872146968
0.013345862620056166
0.00903383354996258
0.014756095159320965
0.013308322501870891
0.014278266536331049
0.022768817204301076
0.03637566137566138
0.00938300051203277
0.002179925808958067
0.017015779919005724
0.01190995981318562
0.006185355862775217
0.0016214371053080731
0.0030596912048524954
0.012467144563918758
0.0004928315412186379
0.0070388213936601034
0.0032554034973389812
0.0028366615463389653
0.002946903753355366