0.1061679357861624
0.04454090654829571
0.0366027445460943
0.12301786541318561
0.1329340200029855
0.06749390456287006
0.028216508450498588
0.031095259420382573
0.02651221930778581
0.01611348421693249
0.043372261290980506
0.0012315270935960591
0.011734693877551019
0.0215810735515169
0.03721441393855186
0.024771991828642075
0.0037986746422707016
0.04505665380049616
0.029851952234957155
0.020685034724443593
0.0013136288998357964
0.004128547970912504
0.004981909169101287
0.020931377735564922
0.01693083189388608
0.01640294571329054
0.004286398467432951
0.007047071702244117
0.007871849004853932
0.0025359595248757812