0.04513243029372062
0.1852643741288286
0.02312707992231134
0.0006093189964157707
0.10140941334677521
0.0297736486551679
0.0415974815273553
0.0237530815362786
0.05614112888306437
0.04355531868777692
0.1429049330683511
0.04328235544142909
0.05658824436173664
0.0029290825768231226
0.020834613415258576
0.009008595944079814
0.041315899904734416
0.01512320094987627
0.00251122727981073
0.011267500209658013
0.010851549883807945
0.01899865653021333
0.005448008694853015
0.0011469534050179211
0.00210098318011292
0.005732519946292043
0.003707608304197955
0.0018878830379531642
0.0033401843079262435
0.007892209343822247
0.00518130891121004
0.003174603174603174