0.010886340275860789
0.13657061878638746
0.025240406185784336
0.0
0.2011769032307836
0.03724780505922374
0.04963533747517929
0.004619673181215445
0.1138080968024122
0.00024009603841536613
0.01512292398105547
0.057986513404209905
0.08367843421476638
0.04511732377031438
0.015204468459535193
0.01605650459827425
0.005392114887913207
0.024222598130161154
0.017700474129045556
0.01471098599867754
0.008286512465948945
0.007834937896727316
0.006391950445336506
0.015930675300423205
0.004531334678393502
0.0028828197945845
0.005952598508208987
0.010948850128286605
0.006393052764777923
0.011101186395304042
0.005913050534899275
0.009207349606509272
0.0027771714746504667
0.005589133089133089
0.011966554892901902
0.007994531145791649