0.02808354480768274
0.006481481481481482
0.07561591346074105
0.04032403101368619
0.22501898484657107
0.14880672328948188
0.09716742389156184
0.004958808751912199
0.019040652833756277
0.01492610837438424
0.10752300700576561
0.008887976646597337
0.003831417624521073
0.01463983015707154
0.015492859630790667
0.015696372592924317
0.021949512811581775
0.01973800465179775
0.0018756530825496344
0.027009089250468563
0.0029737695254936636
0.0007881773399014779
0.0010217113665389526
0.009396676120814051
0.004089582193030469
0.0026564495530012775
0.004544874027632649
0.011434583934583934
0.01707988052815639
0.007952472176610107
0.011109369557645419