0.05951057579208839
0.013691879108545774
0.08949872826623527
0.05190368118239265
0.21388119324393837
0.04359338633148156
0.04779332634374652
0.0141104219465564
0.09222475314912289
0.05115500901215186
0.04115286168857597
0.0018789940218511647
0.049618133189561764
0.006629693058264486
0.06166351725875536
0.020796342105865912
0.014574063502634932
0.011115892484940102
0.008777280920138063
0.0023269820748812345
0.028281749115082452
0.0012055933484504911
0.009530623697290365
0.003392502559169226
0.004628233318709508
0.01581291944387183
0.021675117858591247
0.010362983577269292
0.009897042992281087
0.005905197095673287
0.0018972605877367783
0.003881960191484001
0.006977976375735479
0.0033866794581080295
0.005196523053665911
0.0018560757636387887
0.0019608786275452945