0.007639419404125286
0.10359007021686446
0.11413731724384693
0.016717689202209327
0.17949096462324718
0.025213878021364645
0.08754787498103005
0.020430495430495427
0.03127824591728335
0.03419562281439568
0.032313969036457064
0.07441301492807262
0.035332593962624906
0.024323962826636625
0.02870508625856219
0.016857137712752684
0.028804823123004943
0.0056500803404828165
0.01639187838878241
0.002807486631016043
0.02795373792066727
0.002687422656462904
0.027069202336582016
0.010639659904365786
0.0056446821152703495
0.0017114421526186231
0.006317375435022495
0.0018763486255746317
0.013081341472841613
0.015708388618605337
0.005293834705599411
0.003004966908710224
0.007229861641626346
0.0021560139207198025
0.005174484853629238