0.13627299285194025
0.032603622077306285
0.02870790305000831
0.03100626258520995
0.10048367745736166
0.15981066704750915
0.02259359496201601
0.07742272544904125
0.013588793851951752
0.013407234459866038
0.04696768578347526
0.0233236141130878
0.010707338338917285
0.0286451339082918
0.01811074574232469
0.04971914840335892
0.011593572777783303
0.04151248822301453
0.007281717808033597
0.00905426958058537
0.024044735886841154
0.01342838053364369
0.015038209775051879
0.014102696339538444
0.018795212216264845
0.01526743763585869
0.001224909119645962
0.018613538350380456
0.01580625988520725
0.017573366257576783
0.001986384881121723
0.002643150669466459
0.00035561877667140827
0.0012700670595407436
0.009637987269566215
0.004704328388538914
0.004874712769449612
0.0023517536675431413
0.005254690781006571