0.06254822908184252
0.05853664775933683
0.0
0.09067887122951257
0.26824762661781687
0.1406087193802807
0.05004106807733522
0.022616004198268678
0.02109154151170958
0.015166546805202264
0.016300168699549502
0.00819557488066997
0.025268587621528792
0.021883149530208347
0.051241209525154686
0.014429953799701698
0.023823519838557433
0.01168048571409916
0.004684661743485273
0.0015401248218585679
0.0027254491540205828
0.0027262373480860876
0.005207775417859452
0.0224585778367291
0.007235964070329395
0.0011611917494270436
0.0031766039749233027
0.01725291981594503
0.005764833353289788
0.011769480826314085
0.005568287921229098
0.0029055832859459572
0.004213018540749633
0.0008295625942684767
0.0007257448433919022
0.0010574229691876751