0.02331181407536087
0.12079321882277547
0.08036672550219347
0.0019293924466338259
0.09401306821257562
0.06521791016864908
0.05705103599192269
0.14782778797557122
0.022613887207483266
0.05362158367084476
0.009156483910178492
0.08495747547471687
0.01636272184301741
0.046865497665990276
0.0009852216748768474
0.015344029260285419
0.007205260530383683
0.01589380788888178
0.004509823783222798
0.021032812288969926
0.0033104006010409954
0.0009715380405035578
0.015116622567361484
0.011820554924003199
0.005250783699059561
0.009454352434648
0.000716524854455889
0.00896091456436284
0.0035577449370552817
0.00498297542632518