0.08540812225374564
0.01955427717459803
0.04710579329563287
0.09186560252560816
0.08226337320412751
0.08406446377527153
0.0944923985699387
0.0014296260285565098
0.030527063548453925
0.020150748517621584
0.028448444582697324
0.051871467963502865
0.07506738656471278
0.027141488438279883
0.014708004413886767
0.0394109700329796
0.038548796795349
0.009102535907348738
0.010640567592439249
0.030987427110421763
0.04773559526233323
0.030256917588046214
0.005171462524403702
0.0027428923819298153
0.00148544266191325
0.003107915632542708
0.01526785907590861
0.007200953214885103
0.003123030663137615
0.0036133040636277336
0.0045102154727823165
0.0034929123164417286
0.014301904014822673
0.006814130610922056
0.004037530107048823