0.025666068925872854
0.0327996827996828
0.10575023148552562
0.06341828841828841
0.12375191884995806
0.06063025082632925
0.16780290983722357
0.017272726831550355
0.12147693887889964
0.0042163694124478426
0.016999215283529007
0.016073610191257248
0.008925732455144218
0.01105198813532147
0.01694015444015444
0.003276658056069821
0.022739312077547372
0.009956439123105787
0.0024746926707711015
0.06459801312742489
0.00310369893703227
0.005528461778461778
0.0022360882655000297
0.0004170837504170838
0.00834016789899143
0.01077181469338332
0.016882720191543722
0.0025495733829067166
0.004741646408313075
0.003274843470921902
0.003934887268220601
0.0031294599922050905
0.01081750518025028
0.006906733132223327
0.0016856141856141857
0.0015322952822952823
0.0013817388817388818
0.003430951960363725