0.06287162109217248
0.042295672859582634
0.01759542877116222
0.04855962638875804
0.1165005660247441
0.10233756438275088
0.027562882021086355
0.032710329370914656
0.0020185118172734266
0.169271360720572
0.10895414736322152
0.04914746547210059
0.03900164461973395
0.035503699537312985
0.024448908995569764
0.0029105989374307224
0.0028077213791499506
0.035553683529874015
0.01314187854288105
0.00437860779339476
0.0048437653936695664
0.0073059684212566384
0.0027336860670194004
0.0017058338486909915
0.0017867419872432406
0.003152041961565771
0.00227844744135471
0.008268728462226912
0.0011574074074074071
0.004472531436817151
0.0009157509157509156
0.009224858034381844
0.002202714644112256
0.006205894263538373
0.003307525807525808
0.00317097209254072
0.004457116957116957