0.07733214301196757
0.09619402952736285
0.05729650630966421
0.05722843486001381
0.11615774017089803
0.12009018785334573
0.015080583830583834
0.13773205966188423
0.02582000213579161
0.05713994463994465
0.01410354590179151
0.03357414300396756
0.007818945318945319
0.006824302657635992
0.017236788070121398
0.002385475302141969
0.00238988988988989
0.028933803933803938
0.016670275003608334
0.026678801678801673
0.005695539028872361
0.01119588202921536
0.004471787805121139
0.026073912806368945
0.001057063557063557
0.0043085402734525545
0.0013978263978263977
0.001349848498971306
0.0011693108184336254
0.0047744714411381076
0.0031419406419406423
0.002010343677010344
0.005613611863611864
0.0054298887632220965
0.0018504706004706007
0.004134830450619924
0.004496593312382787
0.005651045782624731