0.01589016441957618
0.04552792383674736
0.12212881171214503
0.04628215559588109
0.15948703350664137
0.09093019043999437
0.03366305572187925
0.13285632207200834
0.024441569784707042
0.047115545644957416
0.03926775961089687
0.05064617393048766
0.024296627605451128
0.04271290643839663
0.02397617250558427
0.0067891261518712494
0.004766794105029399
0.007559364177011235
0.022095092928426263
0.019951553284886618
0.01617860220801397
0.007224540557873891
0.0012918221251554585
0.002327467523545955
0.00938642041583218
0.007378491937315467
0.0009384384384384384
0.008760654593987926
0.0049092382425715755
0.0053633991133991135
0.0033516024937593567
0.004125206821285253
0.0020346693140810787
0.0029050249638484936
0.001261503099738394
0.00918250501583835
0.002698044364711031
0.0028505778505778507