0.051341139874123934
0.029706082421014548
0.050534818836795496
0.10918791765421916
0.12292980144849634
0.05233300940016824
0.09341436934018499
0.0334759635634844
0.018526615085319536
0.10728377681521288
0.08020947788154267
0.05302907281652221
0.04903747694888442
0.006634353580054937
0.0031590728959150012
0.02106706139511569
0.00366607506700386
0.006552739486176018
0.013560469722651191
0.00565966530184201
0.012277673967957366
0.010712913192670277
0.0007443242767129407
0.033773033591442736
0.0006072874493927126
0.005080987564912309
0.004188233793496952
0.011522362028434902
0.0034810911835203326
0.010090396932502195
0.004745838956365272
0.0026433268336102348
0.001707177213250088
0.0028036590789627227
0.005072233209885032
0.008949307178052117
0.0012766516249488385
0.0023543020447045213
0.0014346764346764343
0.0030123385386543284