0.036190077429573225
0.11266061285339588
0.042817162515630135
0.061866119819654175
0.16586431748072877
0.1140510677052941
0.0752698911732525
0.017761353958832944
0.020323418137308404
0.030190520469808656
0.022376885486129178
0.06796111286966451
0.024726047281657757
0.018332927576625052
0.005509694073707914
0.021909961845700845
0.005291449913298653
0.0037561691343203957
0.00518306156961619
0.03850277173806585
0.00835936239297584
0.001890047394249075
0.0011913739854916327
0.010380988265318468
0.009339796524670475
0.012505148912711938
0.004357354349939619
0.006185534819988601
0.013087356154583046
0.005439903234020879
0.0019183181293907937
0.01487795118047219
0.004108613142226588
0.0028371954842543075
0.0038544508712575923
0.009121982126183807