0.08948606948606946
0.01901991099470091
0.0503332568458619
0.05282583429642252
0.12096500138516947
0.20733107695292566
0.0659059008218672
0.03521494378637236
0.010009962026768748
0.04871509909325036
0.06497593442971593
0.013619629670049836
0.0047559629912571075
0.016417858518698855
0.02239992966883723
0.03692203688002007
0.023297901911347292
0.0052420548639036035
0.004565826330532213
0.03529888412241354
0.009211745304182282
0.0069072850585455625
0.0006895065718595131
0.0076471194538421435
0.008646689445008772
0.0034761177198151987
0.009062855911595405
0.002717814398486667
0.004910528313889657
0.00170470052822994
0.0011518546812664457
0.003798367831981277
0.00423492473912642
0.0026143790849673205
0.006100440176070428
0.001503267973856209