0.08150816925010475
0.01574500768049155
0.016319797287539226
0.09997715546102642
0.18922338712661296
0.0754143526724172
0.045306957081150616
0.046126573545928376
0.06682881037719747
0.04158434755208949
0.03324871663581341
0.07195259937195421
0.02110793030147869
0.04698009278654441
0.013769414575866189
0.004765395894428153
0.021520892488634424
0.01319239303110271
0.001887694145758662
0.003963133640552995
0.0017025089605734766
0.01069636456733231
0.007018131211679599
0.0
0.0038598736985833763
0.018669305604789476
0.006045400238948627
0.013146441372247826
0.0048771121351766505
0.0
0.0038999829322409964
0.002457757296466974