0.046577005133604236
0.020167515244134127
0.2421485934288702
0.08914671202362749
0.07641845055587024
0.1989440043122693
0.03963399318317758
0.037447477825629086
0.008327895260668367
0.01529615575834063
0.003637352376848174
0.005149957418864982
0.008669012099560789
0.0006802721088435374
0.03501816412839646
0.0019674536481259167
0.009982149722634151
0.0008403361344537816
0.014900014304364278
0.01816773768330861
0.0029097886240743386
0.0028330912784694296
0.00024009603841536613
0.002131519274376417
0.00816849816849817
0.015928492609164874
0.004904022214946585
0.01948120506944036
0.005340510535765107
0.0016233159930638921
0.006311671521755555
0.0007703081232492997
0.002012349434494763
0.003456674044909339
0.004046952114179005
0.001343101343101343