0.008345358345358345
0.17985187805099725
0.006010339432799326
0.15435016063358306
0.11333306371840501
0.03366029715510684
0.05124343198423098
0.0038326085038887805
0.04956877964112942
0.046734715309738904
0.029485632678460612
0.04391948736082111
0.01907978283410809
0.015096013350181327
0.012244919574268426
0.04822946413855505
0.010761678408737232
0.0420275962663506
0.022513923984512216
0.0035586962057550303
0.048135796665208425
0.02401330596517762
0.015594484971647598
0.0010893246187363833
0.0023024361259655376
0.0031660637196969372
0.009955567308508483
0.007371345465085636
0.002882466117760235
0.005137465030513159
0.0027217880159056632
0.003136406077582548
0.006243810655575361
0.0035643550349432705
0.002923118148031643