0.007055347186926133
0.048068983797728726
0.04684135777253186
0.06351739615909657
0.10356890822477867
0.14623369021142302
0.03334943846077449
0.04864980386235447
0.014986872476751017
0.048658617585743094
0.09617756287796772
0.043547549316780086
0.024321858228740823
0.03185004753830665
0.026915512138184203
0.05846144221650296
0.0012153163975026325
0.022825927633619934
0.013603453077137286
0.02318462763806894
0.02944916457062206
0.005382546678093236
0.024461022183694243
0.009079468289994607
0.0049145299145299135
0.006910157618659642
0.0026496220828204635
0.01401939266311736
0.007522594364699627
0.009191769768692846
0.0039016838611980313
0.0034257652678705308
0.012369677855507811
0.0066530560457685965
0.0023959958170484486
0.0018623976113854657
0.005121024199971568
0.001633274507768435
0.0025158227587377385
0.00558559374348848