0.0631381813979853
0.1541191461534599
0.059530188451757074
0.05039807907454968
0.10597487962684041
0.08559839368662901
0.1839472295354648
0.01707485788368141
0.03717468398840948
0.012624752208085543
0.012442306805051902
0.007827154885978413
0.022318883103196824
0.006139205894107854
0.026327151327151323
0.001977481144147811
0.025075297991964656
0.008094050986207846
0.011305759222425892
0.0032817616150949483
0.007607309690643025
0.008921925588592254
0.006309110230678857
0.004787914346737875
0.0026986887281004925
0.0006658444158444158
0.0009743947243947243
0.02049687258020591
0.010510060264962226
0.005038984205650872
0.0007695195195195196
0.006462695188185384
0.004834054834054834
0.005124030736775835
0.00418072293072293
0.004748133669702296
0.0012753450253450251
0.002717440830185928