0.05417077519959159
0.07567347292877181
0.017499864058568508
0.05962667672003229
0.10372519306789368
0.1935951649454864
0.05373837064120465
0.028773851112503187
0.06910256595300655
0.02052555199733099
0.017334566018776545
0.004440053124263651
0.05506859687021629
0.024498834102311122
0.012420474262579527
0.028568467422956587
0.019899768274381273
0.0111303900777585
0.000192789666473877
0.017768129306590844
0.02297476103144119
0.01096206986895246
0.001777910375195443
0.0009334233018443546
0.006965968504430041
0.0056144635092003495
0.031405807417953166
0.01131050179037795
0.01084013452434505
0.0023391812865497076
0.027775931300580026
0.002939097366341949
0.004526272947325579
0.009194460510249984
0.007563163332394101
0.0036040957093588675
0.0037085234453655505
0.0037022231294677114
0.0021592442645074223
0.0064836235888867475