0.04823095013406432
0.08272662252889636
0.07834520068825558
0.004805569286538143
0.07962989364126288
0.12011029065403757
0.0363732592996063
0.16303276912026296
0.03512061509095617
0.033178372953459455
0.004683449137230649
0.031444502934863776
0.00037897511945954846
0.013938981872743613
0.012652636812300676
0.03953811827761408
0.03546580842675753
0.006696678671468588
0.014316610779784286
0.027247141280754724
0.016746552453423436
0.008264407367224965
0.010803169752749585
0.02654473279782227
0.0037452913429186292
0.018244064937095093
0.00046541693600517134
0.004560041485399864
0.01200437750857919
0.007107624621218293
0.005174857821916646
0.010155284930371435
0.004281045751633987
0.004508530685001273
0.004333976014648284
0.005228212497120061