0.1788985108644551
0.04174922990712464
0.061503491534451275
0.05558540535320721
0.06552990051442063
0.17046924477265032
0.14232239069700367
0.01621631884789779
0.02110072729267776
0.024956136798242063
0.00788610649291764
0.016521503208809706
0.030260284207652626
0.02026303473671895
0.009858009858009857
0.01320806955481878
0.010419219629745945
0.0069210345526135005
0.012014315884284924
0.006237369395264132
0.005551706867496341
0.002936763308280336
0.0028146738673054464
0.010317706215539034
0.016690939059360112
0.005393551446183025
0.0014783580573054257
0.00790164335055976
0.015126367370949413
0.010692425166109376
0.002343829898009464
0.0018634267860274053
0.001209103840682788
0.007140824013889028
0.0015726252568357833
0.004368004368004367
0.0035283323209019807
0.0010747589694958116
0.007411782334382952