0.0009334415584415585
0.0783121518356267
0.07267548097392597
0.13028713710531895
0.1273110199321324
0.04040978459339704
0.041946543206262094
0.013943753006253008
0.0540391137692274
0.03333389444708225
0.0372554308895517
0.03760559726468817
0.04928371292007655
0.04861819882005288
0.06164504950016314
0.025124212908303818
0.008954876142376141
0.0020138653212815895
0.031547930792847054
0.0070044538794538785
0.003359487734487734
0.00955988455988456
0.02613313927234382
0.015488143568287108
0.01346021140055231
0.01184774627507881
0.00877607241243605
0.011078891121504758
0.012709686147186148
0.002193813131313131
0.004498747945966845
0.001411863156779425
0.010076728826728826
0.0031447840658366975