0.04877129077326802
0.07603197428704099
0.06681364058032371
0.007995865012671735
0.24421984726977314
0.023994931305855675
0.019201195629767055
0.021867413632119515
0.10058071521492182
0.029837268240629593
0.018537414965986394
0.020100828210071905
0.027745023142947023
0.05968849544479797
0.02232978039700729
0.029166976814035638
0.003700303650872114
0.03086799425652614
0.004365079365079365
0.010006669334400425
0.006593774764807884
0.017879151660664262
0.016426624948621984
0.03139309803175349
0.0024097874443895204
0.01872435056567533
0.006143790849673203
0.018308899317302677
0.0021284021630042387
0.007421695951107716
0.008916960723683413
0.007914716688814563
0.0035640923035881013
0.006769435046745971
0.004988007543618023
0.004846605308790183