0.06972904944306942
0.14115842887640143
0.0
0.03970232321778474
0.19214802222242353
0.09554006255354779
0.034602910114419065
0.06703173104591378
0.027079105287661435
0.03125667163100318
0.02618450981622337
0.0364181668994503
0.011383442265795208
0.00623107828990182
0.003149138443256091
0.01117130047611331
0.038422099785736144
0.016639736902466496
0.011822801145051782
0.0005941770647653
0.04657379979979375
0.01034228200003601
0.0016223617246635149
0.013558683344779601
0.01601298522363391
0.00337730612666674
0.0024955436720142605
0.003792830263418499
0.004597491170381196
0.0020980109215403336
0.006186579314921561
0.00955281102339926
0.002404387314873248
0.002932780490325247
0.005274736157089098