0.023286539298444053
0.03932061273097688
0.043543076127109746
0.019301478944336085
0.10215320432757405
0.1151316685700439
0.019769574107809402
0.03677714584927471
0.1355583437726295
0.013324056895485466
0.06570591665829761
0.04391141706617897
0.010076960076960077
0.0076803456425305165
0.005995418369367949
0.04816163398796452
0.03968797956893194
0.1129195955771586
0.019206584861346764
0.007853105888820176
0.015472010352962735
0.003401360544217687
0.0068484388057217195
0.0022769250150202532
0.00485460591903169
0.0027202008749627796
0.00795693348564497
0.016516715207191397
0.003476963953154429
0.01474015182348516
0.004685116470830757
0.0009474901071539727
0.002159315552172695
0.012406834787787167
0.013456492801730897
0.004261148904006046
0.007787970407018024