0.1224277375392994
0.05185096250004973
0.028483049517532274
0.05575561092802473
0.13175365465426314
0.05596330834667548
0.04054539518028362
0.09055669707799527
0.04523898796718268
0.05461186285729895
0.0746175216864872
0.003491782802127629
0.0026256479603335584
0.03252826956680911
0.027167596133113373
0.0149217130251613
0.01966432035397552
0.010591707143431283
0.01927224529658606
0.003925461511668408
0.0019331243469174505
0.008924715131611683
0.005694513960234041
0.0063419913419913414
0.004640659468245676
0.005318091869816007
0.0023207443897099067
0.0045046524356869184
0.008181071801761457
0.0013409961685823754
0.005035792094615623