0.020067284332257105
0.05236722409136202
0.037879468115402784
0.18679478886375436
0.12838000609325473
0.011894793047243137
0.08849147189437569
0.049752937457111686
0.04157796831118066
0.014955973985012097
0.06206489551317137
0.06922526790947843
0.016646837400013444
0.013820355889321404
0.007504959918753022
0.0028856624319419234
0.011564314558869911
0.004434073689972057
0.003486590038314176
0.015011184956738498
0.002786900200693304
0.0007672786983131811
0.029087800013389845
0.01651077295360417
0.014217002329525018
0.006945672462913842
0.006878332395573776
0.002860791826309068
0.0026692209450830144
0.0010344827586206897
0.0038724685276409414