0.11285970014040189
0.07389398222731557
0.05164508892579067
0.05305374888708223
0.12816214460951303
0.0908847283847284
0.043939602272935606
0.0041234041234041235
0.0939454742086321
0.042239125353160434
0.016049135347380963
0.032940959256748725
0.025579896413229743
0.027995165495165494
0.023682627849294514
0.004335016835016835
0.06009511798985484
0.020144860276439223
0.0075537075537075535
0.0037083787083787086
0.02659959743293077
0.013482867649534314
0.018467791932704217
0.0016266266266266266
0.002750652750652751
0.013057771391104724
0.004396236194481809
0.01091431924765258
0.0028698013347136157
0.003522001986914267
0.004504504504504505
0.0016845793161582637
0.003883553883553883
0.0009848759848759847
0.002380410713744047
0.0027966791124685864
0.010299006132339465
0.009997909997909999