0.0688595079596082
0.1376253643675101
0.0
0.06936739313493992
0.22474031696541724
0.1220652736486627
0.01550283680965499
0.021021744459244457
0.030984671893762805
0.07301389502258487
0.0258263516786244
0.03197858616057145
0.00880277470351
0.017691401055371644
0.002618330743330743
0.011832965509436095
0.025250256341499654
0.010624098124098123
0.00580664600550964
0.006039186507936508
0.007893845669580964
0.0052349917239623124
0.00410961618347982
0.028265489771171586
0.007528669247419248
0.014806171837421837
0.002903357164720801
0.0010462372594725535
0.0026936026936026937
0.004191988566988567
0.002708586657450294
0.0031814355677992037
0.0012863005050505049
0.0026041666666666665