0.0
0.10401092933350999
0.03374836036126358
0.021743769969576426
0.1427501530727337
0.13081726517210385
0.005206597464661981
0.006093189964157706
0.08752844527038073
0.054365920817533726
0.10760094743965712
0.0024074074074074076
0.019283917993595412
0.06583417180191373
0.006255226255226254
0.01303992303992304
0.01356142065819485
0.007338897661478307
0.004133572520669295
0.001254480286738351
0.007971443132733453
0.025265481233223173
0.027834256543933962
0.039974237232301736
0.003924731182795699
0.011985988921472793
0.0036328187941091173
0.00023894862604540023
0.002845195425840587
0.013982839144129466
0.017904156775124518
0.006712618325521551