0.07826094713349616
0.04028509812823538
0.054421030027325165
0.09452928049419278
0.09534814457415076
0.025442830215792033
0.1630162011224963
0.08182154116106646
0.0874615561148069
0.009632640024796885
0.04394089786246649
0.03630058059882621
0.005273866303278069
0.032905120250321496
0.010482431315764647
0.030494937357682456
0.0003385738679856327
0.014444659968395775
0.01290430996313349
0.0
0.02814227520109873
0.01371423022609813
0.006293628442751248
0.001974593641260308
0.014967219133885797
0.0008640993935111581
0.019623076421322036
0.005344464993587801
0.005274484441151108
0.02422335755669089
0.00589702256368923
0.006998123664790331
0.0016099432766099432
0.0028058361391694727
0.008127981592893872
0.007559726767673103
0.00895710454533984
0.00590377109984953