0.093118696257794
0.041637241204910386
0.02901120043977187
0.009800957420005037
0.03226315270174919
0.026259838045552326
0.15625319565795753
0.04010531633965217
0.044638200841208356
0.034536656604325776
0.09570225444285593
0.07361929053031807
0.008718720943031721
0.025335268787649738
0.02908551603413759
0.01613634161253209
0.07447430876002302
0.004814145290335766
0.044599294004055906
0.0073024974654047345
0.02809426464188369
0.009581736605546128
0.00514607225133541
0.034071545506382604
0.004365572698906033
0.0038411324125609838
0.011639868068439498
0.0058051544204426415
0.004935558268891602
0.00947341899722852
0.005915121034168654
0.014261148904006047
0.002409354314116219
0.0062244897959183665
0.0076390406214967635
0.003824708429971587
0.0029787672644815497