0.07598127362833244
0.0025109204520969222
0.03945407533642829
0.01889095031952175
0.21175541545289445
0.13301130708693734
0.04171567927870449
0.04121570306444257
0.04349613971462711
0.04620585297055885
0.05014192157049299
0.014955376089829872
0.03552479266764981
0.007381134271890574
0.07333889733049398
0.008407260340033449
0.025104498675927248
0.004581287060278658
0.005253616598154413
0.00993793321524414
0.011350661476711897
0.02831291490955356
0.0024254923414587285
0.00727737248745652
0.001139122315592904
0.00254024686797796
0.028979568517383647
0.0022296191203754227
0.003712048922132956
0.0039749233026543955
0.0005975723622782446
0.00816860077364279
0.003183940242763772
0.001455146161028514
0.0033773509403761505
0.0074534009407958976