0.011634738186462323
0.06719030650065132
0.07914812518260793
0.025882246744315707
0.07477408287753115
0.20526254077978218
0.07699959682718305
0.0320559453318074
0.09359524894007654
0.020336917233468962
0.04434343434343435
0.0015517241379310346
0.05249483594311181
0.006364714468162744
0.026515094101301
0.007279693486590038
0.008089873089873089
0.0006513409961685824
0.003790366721401204
0.03492552147724561
0.01597413442241028
0.003099965168930686
0.0059303467924157575
0.003235806339254615
0.0017350848385331143
0.011510864614312888
0.016102869033903518
0.00045977011494252877
0.0023435504469987226
0.004904214559386973
0.004345781931988828