0.03177426997349522
0.09239761681243175
0.10675399120342617
0.06432321876838341
0.11151932864575274
0.11021350114381882
0.0027631052420968387
0.017265243449682742
0.10511951048912112
0.004177389869218324
0.03007782093626776
0.05275766247170418
0.04916481730246618
0.029725190530144094
0.009415556432363156
0.015468106782943063
0.014151420072892109
0.014752760385223896
0.014320292380274994
0.005320642041882261
0.013464957239225566
0.0035084033613445383
0.009682531319737925
0.00915972449585895
0.007084167000133387
0.01891505159253638
0.00954100202220503
0.009387876362666279
0.004849684428067505
0.004728447121956249
0.017333960752535082
0.006671857554210496
0.0030142243377537493
0.0033318968613086255
0.0007603041216486595
0.007188500108668175