0.09464846365298854
0.035907562003060924
0.016202818024680373
0.002067422006693262
0.07046711194127248
0.1724699012981938
0.12596225649928913
0.032587954855161326
0.05227282816589795
0.017472027676838343
0.07712423389370283
0.005049044522728733
0.004463451528228857
0.005993047288593846
0.0011133603238866396
0.016260100673056135
0.04872092220270358
0.03146037872758521
0.03788849851602888
0.021716643680206434
0.03378491222025397
0.018879699547715737
0.00033738191632928474
0.015151125677441465
0.02186882318461266
0.006756854631348559
0.003731839460584399
0.002197768493315052
0.019527947862075033
0.010983178790990176
0.006173931560928465
0.005571621361095045
0.007728723518197203
0.0009585106751098652
0.00938074146576171
0.007741606122172923
0.003986881314816538
0.004080467440791327
0.0006416871741949141
0.0019503213835197642