0.04177156979014564
0.06672194819372719
0.03507575288356426
0.006227641753957542
0.06052733815891711
0.12353262250261537
0.04021816390237442
0.16657427451664178
0.06817158303226416
0.07749773016800877
0.032010334844342944
0.008656888920046815
0.05282076597866072
0.018550893550893552
0.04027317204859478
0.01380315216347605
0.01842455789824211
0.023560163033847243
0.002578862485983229
0.001118983355825461
0.013677380124748544
0.0053339934918882285
0.02549753440441699
0.004640808284532981
0.00282027913606861
0.007451369293474555
0.04299737786579891
0.016276354827200266
0.00022492127755285648
0.004909418067312804
0.005239594713278924
0.001774735985262301
0.004867452235873288
0.003263850013076019
0.007371332371332372
0.007779695937590673
0.0019934829532352745
0.006410889305626148
0.0021080083773582226
0.006071033083416984