0.047927821357624315
0.11748038838556081
0.0051624893989426004
0.13603763505241337
0.1476113240891566
0.06384500830313637
0.11722923012947642
0.01798106108450936
0.028590976620533264
0.031228951672301424
0.06143909456717338
0.035709887403237155
0.025731097036515754
0.0014107300745231778
0.004201702785446629
0.011393218166617185
0.00623079028251442
0.01280448820473451
0.037803298917830935
0.013100979480289824
0.007086017430845016
0.004164800716524855
0.0003518648838845883
0.0003078817733990148
0.0014573070607553367
0.004248768472906404
0.00419959761092766
0.0016570354932423897
0.0
0.0018824156139427076