0.03289565826330532
0.02362927138484539
0.03530055014430015
0.09641065748899003
0.16787509941565917
0.09427743252162131
0.0025972999170342623
0.08711730434334797
0.08000558814867402
0.05085159740638869
0.04008679657102333
0.001092519119084584
0.00726952621224443
0.06688378200178485
0.04767447576537947
0.007006309366366292
0.0046515704277801054
0.017352602298344705
0.019944076420890935
0.008410138248847924
0.009568946102390126
0.00985663082437276
0.0048318353584008225
0.0032979413849907207
0.00984412093283061
0.0035866295442908342
0.011078715454901415
0.006784865000590807
0.006018173398391615
0.004815130545977321
0.003157074780058651
0.002404742138791
0.005197132616487456