0.09575542797467929
0.005216025804261099
0.03993829272135922
0.025962053551414652
0.07321470340501483
0.146807894436038
0.024507824107789337
0.1485142907921504
0.08474412901326364
0.02729178697643624
0.011516832580018616
0.001340247923292906
0.03200604513227649
0.009969442322383499
0.026003140952810658
0.007801757066462948
0.030640492144854654
0.01682942517448569
0.01955793578366052
0.011091968043839702
0.017147925561693544
0.005921212873084531
0.005968900536871267
0.005280993516287635
0.02315397341348898
0.0059433139647043385
0.010651395544443672
0.011473983532807062
0.023885057307517197
0.02185934980052627
0.004811007209560213
0.004079185555278667
0.007663360604537073
0.004863994428322834
0.005021567855792454