0.0571679158912814
0.05755653004994903
0.005310702369525899
0.07823207616009059
0.12964767401614471
0.11048280189354012
0.03796120642447689
0.07747265021689287
0.04669616177165722
0.08484428029882576
0.038298980311115866
0.03516065177958193
0.0200389131706494
0.059086733852880116
0.007217149062068848
0.035754580139606876
0.0011246923011628894
0.009347871379956942
0.002054154995331466
0.02738834744182338
0.011809946652912828
0.017501833678304265
0.0055839140063738985
0.006114384724010393
0.01782906141194911
0.005756354954215917
0.007859317351295962
0.0029500816010973123
0.008375903161999418
0.010494363034469984
0.011714033639167327
0.007451263333616274
0.00611436493789435
0.004885755955274672
0.006408752665437158