0.032939598573411215
0.15666906417918564
0.086786062526674
0.05080622347130793
0.08948721184865259
0.06896863011549595
0.12021030866486682
0.04192651780254739
0.10297996355793367
0.010192405060826115
0.01937430171340544
0.00646797721696507
0.0010055003476056108
0.0020412905691420276
0.029464579530892532
0.0006801191011717327
0.005936840936840936
0.05011265692544486
0.0022149293201924785
0.02444776808137132
0.00032388663967611336
0.013712581194432374
0.0066570433382523286
0.014455506257125692
0.0012552652026336236
0.005050651103282681
0.0018861693861693856
0.022421738710304947
0.0003287310979618672
0.0026731212257528046
0.003418824015990008
0.00327158221895064
0.012212125261825107
0.01331042045477338
0.0040126689924260776
0.0031128917566164535
0.012423398417395348
0.0015744489428699954
0.004412205727995201
0.0018139268139268137