0.0002699055330634278
0.005021099757941863
0.06684148611393194
0.0803281094153921
0.16911807034752974
0.016561625861459154
0.12932675053418088
0.0655510717132532
0.042902523305595464
0.07490756423240348
0.031282593726032634
0.022627110481361488
0.02830906700578051
0.03358586982068763
0.014956978469124218
0.006613931084043015
0.03972645288434762
0.037120488576192316
0.031045727402002704
0.00033738191632928474
0.011994546913575252
0.016741140035376755
0.0031200430998001845
0.027075070061495395
0.002693622519771603
0.0033223698143917246
0.013251943914006312
0.001076725418830682
0.03187221760096254
0.0062458932844739
0.0042579739948161
0.021489951044606916
0.00033738191632928474
0.009649166424589144
0.0009911778130401612
0.0022846811308349767
0.01094938200201358
0.00694677192652901
0.005846472642138277
0.004391320180793864