0.015803487700039424
0.02151992089378659
0.07291558780669488
0.0814313397162762
0.15451887126115796
0.1018563361757554
0.03940399319709664
0.08140204622963244
0.06778530705027982
0.02482559149528296
0.02721966378046233
0.014137733275664309
0.047590123797020364
0.020537393640841915
0.046903696223115465
0.01454130798958385
0.005757484096867037
0.001728558797524315
0.02180201025028611
0.00777165766276474
0.02000199034681793
0.008572506675954952
0.027553689168934175
0.003758678304957796
0.0040553527940097815
0.0023371647509578546
0.0067728097673651205
0.0019266557197591678
0.003055042020559262
0.0013409961685823754
0.007494842322428528