0.007415941286909028
0.018054430635075794
0.054335404738630556
0.12591048736210025
0.04867930456640135
0.29956942698878186
0.022371759065307445
0.04568418439386181
0.025765101087681735
0.039466516160064545
0.03646534469115115
0.007113066145324209
0.009616828810377197
0.03934700305668048
0.001342456826327794
0.019839213952117178
0.03363275613275613
0.005420875420875421
0.017393753200204816
0.012823938307809276
0.015446632220825766
0.015149420472001119
0.0063033561420658205
0.0018189964157706094
0.001254480286738351
0.022387314000217227
0.00775659824046921
0.0077940697295536005
0.0033499743983614948
0.0015053763440860215
0.0029358097100032586
0.005340501792114695