0.07498071956055152
0.10024944709818658
0.05904101034353135
0.11533197428155409
0.02040965103990314
0.12103000174428748
0.1118276494747083
0.029741430371682472
0.011865226276990982
0.017195866691665014
0.07271918557632842
0.017389095498339197
0.01562564419707277
0.013116332780198326
0.0013258636788048552
0.023240121223314498
0.053240326433603755
0.0009710550887021475
0.022249361282974726
0.0023701788407670763
0.0015779645191409898
0.004420556101228371
0.008247317575048667
0.02226035868893012
0.01612794301869932
0.03087491406819138
0.0027598918355220877
0.009123831350722108
0.004229267464561582
0.0037269453235839792
0.004523809523809524
0.00403830063493929
0.002828585979846484
0.002365673542144131
0.0028779390544096425
0.006180593449501013