0.03022522010617248
0.06375847926378665
0.007203905253809426
0.06693498624521034
0.1602251950071867
0.11371233567514712
0.0371138407379746
0.015715225088658673
0.04784528570353428
0.009691387044328221
0.041293221769412254
0.08163725733753743
0.09677378164422984
0.020390341348987963
0.022383078839845756
0.005554841819768843
0.0013065784118415696
0.007699002937098175
0.03671997576685767
0.0010577369349299174
0.002132682132682133
0.01583245791671267
0.002989854061282633
0.008832302151629884
0.003963719840912823
0.012281357437261903
0.006668316899409336
0.01010016879064498
0.00812423026708741
0.017697053016601887
0.0026812693479360146
0.014150955928930276
0.005245659517368201
0.005067277357377609
0.0053022462546272065
0.01068670983163096
0.005763967073490883