0.1659147328891647
0.0915603099551963
0.0793773329994921
0.08936575839984931
0.027272146519305616
0.0994726023135114
0.028446868787777878
0.020576435349162616
0.006242621015348287
0.043965798511253054
0.029402315907997727
0.03187477505659324
0.008756975873453143
0.007652070152070152
0.05172443823012005
0.027772259306350217
0.03289619681665136
0.017691964495941764
0.008529627989855262
0.016955266955266956
0.017189176564176564
0.005043830327921236
0.0017645548895548896
0.006497784622784623
0.010388995474222748
0.01943124741420196
0.0066980000218636575
0.0037255200607473338
0.0035076140189776546
0.006063333762197399
0.00781482301368665
0.004003645765009401
0.0055842516069788805
0.005473088569679478