0.05385088424304111
0.05492116570547945
0.024250125475615666
0.028227897590642686
0.16187440329597189
0.16266891058557725
0.09532595905144925
0.013077267856679621
0.051167114034761096
0.02483321270085976
0.03564478662517878
0.047116251282917944
0.012353381716126809
0.050543227626560945
0.01176235759569093
0.004395521062187728
0.005330330330330331
0.024765708099041432
0.010084749668083003
0.0038426413426413423
0.005485842985842986
0.007099117515784182
0.013504976617721714
0.006800397609221138
0.011173727840394509
0.009273355106688438
0.021262387929054598
0.005891010057676726
0.006335502168835502
0.0019473254767372412
0.0025076212576212575
0.0049370799370799376
0.01153772820439487
0.0017535017535017534
0.007154177987511321
0.0035417770711888355
0.0011261261261261261
0.007136952970286303