0.007533446243123664
0.004629707210352372
0.11753290914581238
0.010483351773674354
0.12440541537315729
0.11826394334458849
0.0857125550673938
0.02545302964657803
0.18757445660671462
0.017867496899754965
0.042448737045511234
0.025010730010730012
0.01462350075253301
0.0
0.026607645639903706
0.004028999674160964
0.02210984057758251
0.0195767673187028
0.016597476597476592
0.01803994691091465
0.005540528766335218
0.0018249701314217446
0.0031685757492209104
0.005189708738095834
0.00035842293906810036
0.0035628409821958206
0.0044563918757467135
0.012955360052134246
0.0030891330891330898
0.004428820880433783
0.0019485174323884003
0.004761719761719761