0.05787319515885841
0.03986976546514532
0.07389742015545779
0.005443076192064047
0.20971795662198134
0.12137587567451821
0.022404102869689912
0.02205964091829774
0.018218113398513494
0.017220059870095592
0.04892389635185538
0.040192874302186044
0.02684445294590567
0.08162657456239257
0.008524434030506905
0.013294420379440624
0.02050331882137074
0.03208027914505647
0.037043028725572184
0.00885533025625905
0.0022763055657792496
0.014565508340811984
0.02221470909551405
0.003582674635306215
0.0035356456409087983
0.012545617150880307
0.010191529118654624
0.010341710695961707
0.0018095939148570727
0.003111503307978659
0.010585594492477084
0.006729479097900151
0.01550845293998426
0.012104816760687205
0.0008103781323595565
0.005383798039787562
0.003758288671363214
0.007496353548985129
0.002581074645851974
0.005627895298054859