0.02452838007273491
0.0653103980472932
0.08673706072899622
0.05011752920019048
0.12240960670900188
0.20344540931738514
0.029067676648321814
0.04063929182376764
0.06349775709654742
0.027703189321132863
0.02240783410138249
0.019097040392403293
0.06883956750388201
0.014445724526369686
0.012023848314170893
0.009989439324116741
0.031067006470232278
0.007814245566261695
0.023434322174241528
0.0011340725806451612
0.0037117042157364744
0.004972995194769387
0.0010080645161290322
0.004471631638970348
0.0018409178187403991
0.007338603003925584
0.006279674626448821
0.014560737947834723
0.0018841205837173576
0.004054659498207885
0.004889112903225807
0.0032395509210025337
0.00997431108318205