0.08946862147326545
0.14504853417392116
0.009256685495075585
0.017861638914270492
0.16667385158097228
0.17527629307815068
0.009383347386443358
0.080627784575153
0.006301893143998407
0.005846199770348378
0.023019378050337803
0.005357625017067743
0.01517501780659675
0.06954485921204187
0.0411138797748705
0.006584130268340792
0.008224042434568748
0.019768511873775027
0.0015559566643157975
0.006411846388626574
0.012628094787537514
0.004505742005742006
0.002807135547073628
0.0026733091748571618
0.014822659559501666
0.014838950365266154
0.010408606306439121
0.0066080395027763444
0.0093856729692643
0.001493039496135471
0.006648768490873755
0.005850476748309565
0.003973293369578199
0.0023919813393497606
0.0012328117591275485
0.00382366171839856
0.0031191110138478555
0.0037895110263531317
0.0007237888042841603