0.06706632860866733
0.0004911083540115798
0.09978948582779229
0.020658094145997376
0.18576570159231454
0.117369536825182
0.06524221186519573
0.06250530943071265
0.023336257156821673
0.01492110040497137
0.013031206025157638
0.004222670250896058
0.052279485747227676
0.00812953847228041
0.006032386072708652
0.04334422298131975
0.01066002769631802
0.04721924021319183
0.008713503118745055
0.010724512942254875
0.015073910184797281
0.017243067192663965
0.0030586684820555787
0.006011730205278592
0.005310012568077084
0.003281810035842294
0.00963523483684774
0.0009072580645161291
0.0033682155657962106
0.013817561246996731
0.015834831611041288
0.00788358147229115
0.006830255318158544