0.003995840760546643
0.060409426184827274
0.020579529403058815
0.19268736314190857
0.12036675940419253
0.09276603273929476
0.03607313660789596
0.0998330299132438
0.005902158843335313
0.04002716435871516
0.036980424012509575
0.01753798785884347
0.005093717927942528
0.06855962417459745
0.018807667871838997
0.009910024615906971
0.006783541275519885
0.03379767885115478
0.010773832030516524
0.007061575778153318
0.020858483960088235
0.0007562253551558364
0.020644007408713288
0.008477119038616365
0.009129942151332527
0.012302551874744388
0.003792830263418499
0.006646334453821085
0.005376377435200964
0.005115472762531586
0.0013774104683195593
0.0007002801120448179
0.005803322247172515
0.005486962037764175
0.0020211022884819674