0.006457586618876941
0.05843767940542134
0.0968150010085494
0.029203866623221456
0.12617620133749166
0.16832247203214945
0.06645859516827257
0.02973886328725038
0.04422714084004405
0.028559713882294523
0.009784092848608978
0.01678272742788872
0.006185355862775217
0.0021351766513056838
0.059040404040404046
0.04084656084656084
0.0112340765566572
0.02353139691849369
0.0054190134835296125
0.03139885801176124
0.02812363263976167
0.0028819686884203016
0.0067793138760880705
0.0016845878136200717
0.013206256109481916
0.005404505888376855
0.019339477726574496
0.010305512886158046
0.015919952210274792
0.007895545314900155
0.004496578690127077
0.0017025089605734766