0.02669463755766469
0.007628145522746153
0.010192021241383777
0.10099027559540255
0.05583718530147101
0.1794880226421035
0.026048930274984543
0.06173468114707082
0.11907435578760628
0.0329455866436906
0.1062730240612446
0.04298496831364327
0.029893077936556198
0.004968086470211348
0.026998413843651942
0.005081166396955871
0.0063241432289051335
0.009592581140200188
0.03075154032057159
0.006526832955404385
0.01716756567947044
0.040901074234407565
0.0034545855379188705
0.014665624472750988
0.01780417252848331
0.004750407555790579
0.008690161249685057
0.001729858835121993
0.008095507410915496
0.0050044664330378625
0.012209681852538994
0.006605070414594225
0.005594414403938213
0.001587301587301587
0.0015993265993265993
0.003446438156583083
0.0011111111111111111