0.07656748819525672
0.055974618864592665
0.05728039590268693
0.05579386808846204
0.10006214666848154
0.1347846646310566
0.06841152880090721
0.006329403971699757
0.09033424766337365
0.08518278643903793
0.014156494806649607
0.0017974801256535001
0.006305707514328612
0.007906404542508377
0.1056812041213089
0.020947113844232205
0.004362012256749099
0.0020686578378886072
0.015061336703394334
0.001608640272607884
0.00558785679052409
0.0010668131053937198
0.0070125641868914075
0.008184992395518712
0.01255060728744939
0.009515541791083585
0.00029659948688288767
0.01692245728921128
0.020184799411996367
0.000856685454208674
0.0028138327673931382
0.011077089405262778
0.009741359431761909
0.000382366171839856
0.009584450064326224
0.002417903733693207
0.0018225238813474108
0.0035799970010496323
0.0032296800515423997
0.0016919813359441843