0.03606177685125054
0.03573277915383178
0.08118601013337855
0.07819315977210715
0.07696420459578353
0.04561098771625088
0.1481635086898245
0.013204055309318471
0.014605206710469868
0.004499917657812394
0.05209667841246788
0.05507731560363139
0.03029864477232898
0.044292577187314025
0.03357075988654937
0.03235421919632447
0.0320917189338242
0.03861388335072545
0.03684703158387369
0.013866838866838866
0.02314347577505472
0.0052817500185921235
0.003206932154300576
0.011340078445341604
0.009308622466517204
0.0027991922728764834
0.018025249604196977
0.009588467483204325
0.004668028352238877
0.0033013493539809325
0.0035559272401377673
0.009325694852010642
0.007112580796791321
0.004929091771197034
0.0041513607303080985
0.004725229725229725
0.005171815698131487
0.0039060749587065385
0.0015346317977896924