0.07689251771764087
0.017221831261240127
0.05693511469373537
0.0
0.17229970358049176
0.027710781282209846
0.0760325812665714
0.0057433945364979856
0.05482872354793537
0.14042349959837647
0.05106759004542256
0.03729812196560965
0.03321533420055587
0.0013820470717022441
0.0033692839727322483
0.027318576333354654
0.01105371093055822
0.02367855188052232
0.023587742306954124
0.009809299895506792
0.026166129983863973
0.01086089608257096
0.01646932022547786
0.004612451041022469
0.013353272343420127
0.010926382047071703
0.004965204472593635
0.011856158346306128
0.0010449320794148381
0.0006157635467980296