0.04819606636642928
0.0005040322580645161
0.09076031775124517
0.052779814271749756
0.0738543266769073
0.17360496526323138
0.09241762381883348
0.0008400537634408601
0.02206981246799795
0.10455483696411116
0.09427177884839175
0.026236333670809475
0.003991600917004142
0.05533055933761579
0.03337522692361402
0.012779217869943675
0.00114247311827957
0.013279286237955592
0.005400345622119817
0.006918733708048222
0.008277329749103944
0.006347606246799794
0.0015120967741935481
0.005425219941348973
0.0030241935483870967
0.002711846285434995
0.0013440860215053762
0.009523227668388961
0.006056387608806964
0.005896522832006703
0.0027553763440860213
0.005458822091886608
0.0031502016129032256