0.1813804317813072
0.014356552094888807
0.0010217113665389529
0.11031233476359985
0.14609205490704374
0.0586700433673851
0.1673534778685841
0.006663017697500457
0.016439167137896716
0.020159555105108647
0.019547610754507307
0.014891878975363548
0.02968370071818348
0.015783216107759717
0.00528356700770494
0.01972811117094239
0.011585477102718482
0.019439589448663853
0.012821082455970896
0.00025542784163473816
0.004180666077217801
0.001229917254258025
0.0026430059823889227
0.008447363619777413
0.00331412910146763
0.001429000719061571
0.003549051804629898
0.004509296578262095
0.0005807622504537206
0.0012306977824219204
0.003165227593539753