0.02499990355974129
0.08075810223883245
0.019821366373090513
0.0014367816091954023
0.19234915073657463
0.12582596315862038
0.025006629611092082
0.014037945376687767
0.15489064012390585
0.021387669126005836
0.012612344833440169
0.011589897969208313
0.0592437680267295
0.040125308918412365
0.016903020351296212
0.015097415918916932
0.016403970156505656
0.015770993336916256
0.011275314723590583
0.011024448093413611
0.005828464601284075
0.002586206896551724
0.004698679353851767
0.011731601731601734
0.004213944721044112
0.00727907882066097
0.009677066228790367
0.008668126254333152
0.010287868543446635
0.008877941981390258
0.005015673981191223