0.004806125773867709
0.018786002304147464
0.09770059294490034
0.00964781746031746
0.1410444107995104
0.08366604767517954
0.06197232986547503
0.12815749405822935
0.010827311129730484
0.1425331777383485
0.004986252810019413
0.04176249739876401
0.021768126849957967
0.06567409405111017
0.002350084095221666
0.0
0.0032547965422728233
0.037500637473953415
0.0013632872503840246
0.010599442000651677
0.0030241935483870967
0.009973438300051204
0.006142065819485174
0.0040821222183888214
0.01922637701219295
0.0019794721407624632
0.005610904552436811
0.0031122719126751384
0.0055112618116650355
0.0013608870967741933
0.000706633459835547
0.002278734074274871
0.0022201420890937016