0.05057529904021132
0.11470430330079452
0.09600806662210169
0.056659919159919164
0.13857177848405916
0.06317739344055132
0.03990028419852981
0.02852314518981185
0.05183900008461411
0.007163508479297952
0.033579154412487745
0.03870575120575121
0.0032957142606265416
0.01299110312268207
0.02282472677209519
0.0029696363029696362
0.02487395404062071
0.009954922454922454
0.013813867980534645
0.017639338472671805
0.01744125077458411
0.003079378079378079
0.0403543695210362
0.003393924227257561
0.019089489922823253
0.012096620429953762
0.01532302365635699
0.009937097437097437
0.00324035587193482
0.020908279241612572
0.0031097114430447765
0.02181071764405098
0.014645597978931314
0.006025126858460193
0.008295199961866628
0.016185937019270354
0.015288767920346866
0.006568849551305692