0.017063825530212087
0.08300350210014076
0.12431034651622884
0.023800186741363208
0.17517583257079056
0.028758438107177594
0.14870929257483875
0.09606000908521918
0.011004093945270412
0.05949670311014847
0.02773594286199328
0.03271847200418629
0.011008531617775312
0.009490052431228902
0.029757716606456104
0.02994320338858154
0.026721623381287238
0.008225248141214527
0.005180738962251567
0.0009103641456582632
0.0017366946778711485
0.004162228994161767
0.0018549237876968967
0.01478336789261159
0.0028044551153794854
0.0018507402961184475
0.0011391223155929036
0.009248547904010088
0.002922861452273217
0.004937550777886913
0.007284580498866214
0.0019254368414032281
0.005246287326119259
0.0014565826330532213
0.005142056822729091
0.0029178338001867414