0.020969029250762997
0.051937498698632296
0.008895569118241183
0.03569600290248063
0.0929137937116027
0.16132157481585918
0.06037536440608601
0.025871614118815826
0.001855994309554681
0.021198972717191344
0.06495199989782036
0.1935589134565081
0.0035020778441831072
0.015518034596981964
0.016464188832609885
0.008227815818908937
0.059944255377691914
0.01728558029165316
0.03101222249829062
0.008239664818612186
0.05410909753015016
0.007465418997926738
0.009507208191418717
0.006409866936182725
0.00509286035601825
0.010271736435704048
0.005910624837750342
0.001531071267913373
0.0023608543732382744
0.002489128804918279
0.004104375157006736
0.007552583868373341
0.003036169483537905
0.012555134923555979
0.0024179037336932076
0.001637154268733216
0.0077634702009553155
0.0038611485979907025
0.00451030451030451
0.0016548266548266546