0.024090455741525265
0.03556637228512229
0.1825946873239654
0.047948144522342376
0.10851414643610498
0.07881390278616214
0.04444464276934196
0.033405558530892755
0.03177295740380633
0.04870657247411926
0.006473766905752201
0.04376263961825459
0.02555012899682017
0.013946252549193724
0.014460695739940391
0.04487084668401513
0.06433893337302428
0.009124634834862108
0.0017661736411736413
0.020573697136197135
0.012797311589925225
0.015176507489341715
0.021658174001924
0.0028707403707403717
0.013907854808590104
0.005689333814333814
0.013864838864838865
0.008709183283046916
0.007385756604506605
0.007474392684954183
0.0037256758764111705
0.0032120657120657124
0.012101671476671478
0.005852798821548821