0.023504653615989645
0.13092959484659888
0.0024232590022063706
0.05556582793424898
0.1152801164946914
0.13153568204175486
0.09098021299438303
0.03932191664985186
0.05377617584095318
0.0748668560409451
0.012903515737523833
0.01095307826077057
0.019390172730253695
0.01552918890975571
0.03797551226701024
0.03956559634697287
0.002239490903458515
0.010903727401703108
0.04392990050884786
0.008387339156569924
0.010937368224817617
0.022067481176792917
0.019031967058282848
0.008171579882106197
0.015915565915565914
0.014559447150540266
0.00166120429278324
0.0034973554710396814
0.0006389322178795863
0.0034832126937390084
0.0020174270174270173
0.002298900679467481
0.0026210144631197262
0.0034491636718357362
0.002735933656986288
0.0038178888887390916
0.02023502812976497
0.004455014171613362
0.004149468015864777
0.005819195798952883