0.0001984126984126984
0.008843651938890033
0.05880820237963095
0.03843938248700153
0.292933164718879
0.06035190559000082
0.06011223564794994
0.0907101474363379
0.041347440037916225
0.0333423322709037
0.020549692811597572
0.013981481481481478
0.013099907147526195
0.03777161771209389
0.011924191328953233
0.030258128115270972
0.004965907108764251
0.017181934027172118
0.003652683295540439
0.0032605820105820107
0.015248627034341317
0.01310196197100959
0.016116694152408437
0.00839254220206601
0.025274985155937537
0.0034832451499118163
0.00043956043956043956
0.003252765752765752
0.02087616748331034
0.004077853363567649
0.021540089099612907
0.004218374218374218
0.009724765974765976
0.005923520923520923
0.0035849952516619175
0.00781684805494329
0.00154320987654321