0.056814692341008124
0.0730480559427928
0.11037107155528211
0.01678838784101942
0.13134741424215107
0.07059183309183309
0.069450675371728
0.07884670253091304
0.0729127873864716
0.00023707918444760548
0.09754615938826462
0.006086777139408717
0.0052684552684552684
0.020636100899258793
0.016488488199014512
0.005255871045344729
0.02092736961158013
0.0070215464952307054
0.014736575262891053
0.014834091149880624
0.003813501181922235
0.0018627650206597573
0.004841203525414051
0.0027504264346369617
0.01084248847406742
0.029034066534066535
0.018847426084268187
0.009889861205650677
0.0018531689584321163
0.003454582401950823
0.001395380342748764
0.00495923982766088
0.012844354949618107
0.012968872837293886
0.005227596017069702
0.0020540862646125802
0.0029720595510069198
0.0042409463462095036
0.002542392016076227