0.0827008237048805
0.038161980383075715
0.0007151979565772669
0.033940047444104234
0.16646477330047313
0.08182460222521076
0.08667159937951012
0.0749471186540152
0.0656262357580816
0.024819586543724466
0.060994076166489955
0.029780034780034784
0.01712869505972954
0.025746694519513995
0.051559513283651215
0.005483348069554966
0.011755154168947273
0.013797953605255837
0.007563019018394272
0.0030595203008996113
0.03078807208117553
0.008872468527640941
0.002815152881075802
0.002339844063981995
0.00456380783966991
0.014646904819318608
0.0008455911904187766
0.0037176019833220645
0.002646414887794198
0.003931623931623932
0.00760978485116416