0.020882846662614214
0.009063852813852814
0.06839796035716338
0.014545495617601878
0.3130610626459772
0.17657611370550172
0.0032286066308243725
0.013159218660582511
0.03216032564052014
0.01822571190010706
0.030800916713215092
0.042484490130363
0.04430945398687334
0.007836878030782203
0.008788562467997953
0.008823764720942139
0.009080581157194059
0.02491781292184518
0.008864567332309269
0.004494875907352187
0.013544473263401155
0.01344384864160718
0.002296146953405018
0.002364151305683563
0.011754570474328539
0.0017473118279569893
0.0015266859431944822
0.005559628543499511
0.0018481182795698923
0.0030954708374063217
0.004311052377940423
0.0015540994623655913
0.0006384408602150537