0.04275978923037746
0.012600494743351884
0.06648240648240648
0.04115725077909952
0.29936705218217813
0.04620248099239695
0.05459608085658508
0.04216221686809923
0.03762371615312793
0.05806081406921743
0.06767943541052786
0.007531474128112784
0.017295766791565106
0.010471316731820933
0.0007469654528478057
0.0145225969175549
0.01236997363047783
0.008673530018067832
0.006021075096705349
0.014831932773109242
0.012541580734858046
0.00812130912971249
0.005238095238095238
0.02109443777511004
0.012038269853395902
0.01051754034947312
0.003937575030012005
0.008015994276498477
0.007433434912426509
0.010630312731153068
0.01366546618647459
0.0011938108576764039
0.0020067607462565446
0.004349091617999182
0.003104635793711424
0.006551954114979325