0.045508402532212056
0.052096157810443536
0.1607144905359191
0.03432421855040903
0.09079360234122139
0.03795037854561664
0.030653955832527256
0.0591400816996055
0.08011019844353177
0.04888937121079978
0.024228326787850595
0.019280102613435945
0.017858226429655
0.022859400299876483
0.03983241405860454
0.013711086092038468
0.021272951034855794
0.03145788955312765
0.019234621198906912
0.02153173546030689
0.02015667093048045
0.022838391766963194
0.004485461628318771
0.007004186289900575
0.0014790764790764792
0.02232598309979262
0.020885419694943508
0.001278344671201814
0.006397724850105804
0.007928182928182927
0.011741107217297693
0.003659611992945326
0.0065659032325699
0.0013794406651549507
0.005843865129579413
0.006107961703199798
0.010221088435374148