0.0
0.08785275707689501
0.07954984351536076
0.06323190219741946
0.12278286528286529
0.1269743283536387
0.023290001824484582
0.08050435515952756
0.07477741607051952
0.021045397769535696
0.10932104932104933
0.00459998175515417
0.006238368910782704
0.01131896200861718
0.0050351564144667585
0.017675782072333796
0.010356230614851305
0.0017241379310344827
0.028159095055646774
0.012460518408794271
0.03213099799306696
0.002956577266922095
0.0047888159095055656
0.007913701879219122
0.0015944591806660773
0.009459496442255062
0.007759615863064138
0.0017094017094017094
0.004145254490082077
0.006303677165746132
0.004454794885829369