0.0045871884107178225
0.039281855993085944
0.16865606170419004
0.0028825304226373747
0.06599513083470301
0.050005208695048285
0.08814916515451277
0.012955246377706267
0.08309687935356387
0.00457657810598987
0.013333507451154508
0.10070406420673798
0.012730243612596554
0.09901984033000077
0.022749972348902837
0.034305726952785776
0.034588861326829236
0.028423077219868663
0.0039845874070473
0.004950659362424068
0.010975363515470467
0.004594261947203124
0.010949127125597714
0.007374117267165395
0.007050792344909991
0.01610097666247398
0.00451934676533607
0.0046019340136987195
0.002576844822834128
0.002779899838723368
0.005311518546812665
0.004463530131979329
0.003701710252512391
0.0024538098067509837
0.003702288996406643