0.07219443469443468
0.026133985344511657
0.02309696388643757
0.08890243232348495
0.17593533185638452
0.09628735615577722
0.03869623145938935
0.08411123805860646
0.04234941405994038
0.07951134332713282
0.03840203182308445
0.0010668563300142249
0.014098525940631204
0.029202179202179206
0.014138864138864138
0.007930038193196088
0.019461451698293802
0.060509389456757864
0.003996021759179655
0.0011898248740354004
0.009916423074317811
0.03102851984430931
0.001971708550655919
0.001224909119645962
0.0007112375533428165
0.002750509329456699
0.015046807152070305
0.009176484176484175
0.013255288255288256
0.005850211113369008
0.003681039207354997
0.005585524006576638
0.010778353541511437
0.0009618641197588565
0.0031716939611676456
0.0014753620016777912
0.003922444711918396
0.0020744428639165482
0.002877516035410772