0.12652917933898394
0.020225939153064657
0.04531541821631595
0.017064023845400362
0.0467353090460818
0.2716841847936726
0.04179758425709843
0.00868715180456071
0.06277723739878291
0.08275039664319721
0.02542118551843952
0.04862907747523133
0.020291630989571492
0.003287717875818562
0.009698439961597857
0.010092842380291771
0.0061307263736413535
0.012848808958648776
0.01415487533908587
0.006818747304577263
0.006505580189790716
0.004607600002336844
0.003337013863329652
0.031858172192180276
0.0017959098930758852
0.0054096257097489275
0.004721604778813016
0.008059509938580525
0.0052334361544887865
0.0023456076087655037
0.0019529034403176278
0.009406626511889669
0.007726275546641679
0.0026203203460728546
0.0028939871045134194
0.005782648900057806
0.0029448240546638715
0.005455048774886833
0.002054350283095222
0.0016494227020542808