0.025238305112254687
0.006496659269768513
0.054529294235176586
0.003045448948810294
0.21590938473291413
0.06797765026756623
0.09977012949702027
0.12114917295589561
0.017330969683910857
0.12476615587960126
0.03914022951838078
0.025989773531790335
0.04099464028035458
0.007185328676925314
0.007958516740029342
0.022374926660640945
0.017619444048015475
0.006047547224017811
0.004513199219081572
0.009692860827314609
0.0030411138814500165
0.013372015472855808
0.004150788520536419
0.014200528696327016
0.005364145658263306
0.0022222222222222222
0.01273013634358172
0.0032187420422714543
0.001705913134484563
0.003346793262759649
0.0006521582992171229
0.003306322529011605
0.0032110373286843874
0.0014272375616913432
0.0016303794244970711
0.0036488115059543635