0.04515278035795114
0.10694632000668527
0.08533806583201743
0.062849148137336
0.10077712155807507
0.013322029080449384
0.09561917696998344
0.08115946553446554
0.05374653677547414
0.0030337941628264214
0.07293941102646036
0.00975620086744375
0.025665437240389808
0.0063657293318109265
0.05020485786614819
0.020384650072150068
0.011151986454405809
0.04094756609877578
0.006450907963004736
0.02319435716613136
0.0025699099287808964
0.001673460947654496
0.005753356450106924
0.020866426360377967
0.0030474677652097
0.00684691092957222
0.011586486989712794
0.0
0.0027664539761313956
0.0018475064757085629
0.006329205069124425
0.01108511586452763
0.006589898676592223