0.03872347139392594
0.0022605866355866356
0.06218383888838434
0.015255845795618525
0.29540978802342444
0.04259980339525795
0.1393338774020592
0.08972981984345618
0.031200123529668982
0.033265829288556564
0.030359555217509764
0.0029206431195067557
0.01335664020323111
0.005129419191919192
0.010622663321526959
0.009154860291223928
0.007903391852255491
0.014808187393414664
0.00761021386021386
0.0007102272727272727
0.018118455618455615
0.004655319428046701
0.0014993686868686865
0.006002257422711967
0.012893955791683063
0.020579578250032798
0.0028868227731864093
0.0006628787878787878
0.0030551729415365775
0.000744047619047619
0.0036061371288644015
0.005608164983164983
0.005055765993265993
0.003381167443667443