0.03212801754468421
0.005490442990442991
0.04768905810572477
0.02482544185975559
0.20019933034638915
0.1407429229733151
0.04783038655587676
0.0013680347013680346
0.039613222701457985
0.031055287918033005
0.054770307221287624
0.04951210907093261
0.011119638202971535
0.023095389762056433
0.0067259898142251065
0.02865857008013871
0.04825446908780242
0.059862645279311934
0.006641073307739972
0.0019318337945788925
0.03697640364307031
0.003733116233116233
0.015188826218237982
0.02563591730258397
0.023618842368842367
0.005043940460607127
0.007794126544126544
0.004051091551091551
0.016305928805928804
0.009477801144467812
0.0042248750582083916
0.0020550853884187216
0.006149131149131149
0.0015158015158015156
0.004133116633116634
0.0026440130606797275
0.004535596202262868
0.00293975293975294