0.05750183000617656
0.09501299394446305
0.02156657172956796
0.00963914301352725
0.15089435179264216
0.19323987653095162
0.06515159234660829
0.08475326671139478
0.0015661175651033663
0.013032711678031876
0.03991328626941493
0.01146853967051011
0.04197464614010542
0.016856587904834786
0.020998400163859444
0.011872313831890764
0.010487019741583635
0.020946221909710756
0.010282451538609174
0.007736817096423007
0.003407154196780392
0.00240831964969896
0.003227232537577365
0.003633831958955112
0.0035177602911593054
0.002572523262178434
0.002234191643058638
0.0033437826541274814
0.0
0.009479676043715453