0.04900751976603009
0.002641040876334994
0.07233350894093267
0.1138668341504207
0.05155821049354701
0.05718767269569409
0.12390892638475279
0.0431745837756068
0.0005941770647653
0.14686280920809144
0.0631712997712013
0.0456595416098678
0.030236881559761324
0.015194228429522547
0.0008584197842509862
0.0024665256123056634
0.0019876637523696347
0.04248134020861293
0.02356994362341956
0.012264408329276963
0.004336839630957277
0.02556523317768993
0.00025464731347084286
0.0017463473345826284
0.012012279659338482
0.0346288787465258
0.0028100983983336933
0.003463369064392083
0.0010677964642159016
0.004076104595135736
0.0030961989692517475
0.003777268483150835
0.0020236875773207955
0.006114429242771489
0.004913941277577641