0.054425646092312756
0.02674352813241701
0.0057639140972474325
0.07212125945786077
0.07587655471642397
0.07729586062919394
0.18961836282097724
0.05221805630302362
0.040830140666741975
0.07425692184679111
0.02236792792348348
0.0646391491162733
0.010200386589275478
0.02091547630763317
0.025239018294573857
0.009096755461134545
0.005362505362505362
0.018391042002153114
0.01910760869094202
0.026031817698484366
0.006169425613870057
0.0014065201565201563
0.01836826395649925
0.02098643418087862
0.0114311822645156
0.0013228915189699502
0.0019957006068117176
0.01259040009040009
0.00329030329030329
0.02392983017983018
0.0029267187355422647
0.013217681967681968
0.006022506022506023
0.003635236968570302
0.007324243435354545
0.005781376614709948
0.0043236513824749115
0.0038147398441516086