0.028929924242424233
0.10435253975945818
0.02629005832130832
0.06493554397548382
0.1259917617537938
0.18211315400904307
0.02508620872591461
0.033605178182384066
0.01761265355015355
0.04796640648913376
0.07280893868460712
0.01983901515151515
0.01111787518037518
0.034847830515444156
0.0010119578134284016
0.013311865150100443
0.00834385521885522
0.003666877104377104
0.05925081306097349
0.026120956589706586
0.02740934174757704
0.0038930976430976427
0.006970749158249157
0.0090007215007215
0.002374939874939875
0.0018789081289081288
0.00545484607984608
0.007175174362674361
0.009421596921596921
0.002954770923520924
0.0019407131539484483
0.00506416983689711
0.002226307189542483
0.003243371212121212