0.04707234733972701
0.05344732015855011
0.03656825448269298
0.03852729761820671
0.09938419176387092
0.08176924580667896
0.13276307768286374
0.00659182865065218
0.04657826823602225
0.07026821712650588
0.05080483984227299
0.02509834194326173
0.0713299153807175
0.04402228292602624
0.015007343616969286
0.0038662862192273962
0.011696928541848329
0.012893063561512758
0.053941696053995514
0.012677674375535337
0.0027537920586048928
0.02167331084443384
0.00790982141249521
0.02101857837151955
0.01899848517495576
0.006767959709136179
0.004659338482867895
0.0017301870243046716
0.003819709702062643
0.004314857256033727
0.0009047696213471615
0.003971855041373758
0.0016141810259457318
0.0046907712014663885
0.0076019296607531895