0.015511996821520631
0.09334446588242844
0.07370639455225922
0.015854618459660477
0.22236199497588266
0.0303394235118767
0.04024081556994723
0.04934626482171815
0.03668205503823961
0.09070895011721342
0.02794377865106156
0.028888162102447826
0.006624567205799699
0.019006466611508625
0.0062777976687751124
0.02030981690921983
0.011647948612234326
0.04391639804547072
0.010210160046515641
0.04500496031234642
0.006831191943236761
0.019353944115848877
0.006564117099831384
0.009539581273695972
0.0012327868210221151
0.008658788301645442
0.0058514331658589365
0.026057007366531174
0.007824758783405399
0.010571750326652286
0.0028540507111935683
0.0045036649728526475
0.005624429777090842
0.011468174682460395
0.0030616223097426104
0.011797391321200846
0.0036116044449377776