0.030345142089093703
0.0074036738351254475
0.10698779267327653
0.07625069822650467
0.09312857841083648
0.15983459305031886
0.045895737327188935
0.026838663128985713
0.04875672043010752
0.0013760880696364567
0.05640062782199878
0.04756638970348646
0.12714333717357912
0.0035170250896057343
0.028394617255504358
0.01947404633896569
0.003573028673835125
0.011061580668435505
0.000825652841781874
0.024271953405017914
0.003516225038402458
0.014500128008192522
0.004381080389144905
0.0004032258064516129
0.0021553379416282643
0.011780826700181539
0.013712077572964668
0.0042394713261648745
0.006700428827444957
0.010347862263184845
0.0027721774193548384
0.0012960829493087556
0.0031330005120327703