0.0030525898946951583
0.0214382760435392
0.032064780091095875
0.16077202903828286
0.22967061028206542
0.04031920324489983
0.03752058357321515
0.004756243417234129
0.0697080505517038
0.013968783705625806
0.02856035619193513
0.017195296800559954
0.0002844950213371266
0.025156359366885685
0.0625189256768204
0.021731694100115148
0.00942451337188179
0.02208024034649421
0.002035711246237562
0.023874421745938772
0.060041681442610226
0.026916976259081515
0.004476563029194609
0.011169995225722778
0.0009821851927115084
0.004112609956263206
0.026946124585443473
0.009397367292104135
0.0060965172807278065
0.0003048160942897785
0.002552552552552553
0.005477492087399209
0.0
0.005983427036058614
0.0023761377476547757
0.0016520424415161258
0.005462346251819936
0.0030125990652306437
0.004017778282484163