0.10172463551773896
0.03012953840540047
0.08386550231377818
0.014180889353303147
0.0930786104061966
0.1517549468411538
0.03227786900200694
0.041894810170672245
0.06441686984790433
0.03276633328357466
0.0038580385132109267
0.07449934484417244
0.0011494252873563218
0.020271475012854322
0.06524041730938282
0.002339901477832512
0.004501915708812261
0.003989318472077093
0.022046159459952565
0.010780133021512331
0.010378580550994342
0.008852399197226784
0.0034263820470717024
0.0010673234811165845
0.002140120415982485
0.004993614303959131
0.009450830140485311
0.0023836891078270386
0.012134646962233169
0.004283972732248594
0.007961387271732099