0.0013440860215053762
0.0031194723735046316
0.17801770526806107
0.03321216194200065
0.05537593533917063
0.07974571318677105
0.06039029262167307
0.08566216423782838
0.10449428977358294
0.053982225738629916
0.05336208897048554
0.03267489119303635
0.014188579644580592
0.021694805497580637
0.047070576153237446
0.028174306652129232
0.022562519772552976
0.0010416666666666669
0.02870183691756272
0.0033266129032258063
0.003340286505609086
0.0020314027370478983
0.024794459572685376
0.004918468628146048
0.0014713668947539918
0.004289874551971326
0.020993416305916307
0.006476414490527393
0.007289339244984407
0.013012032770097286
0.0
0.0006048387096774195
0.00465229774705581