0.03874657909140668
0.006439518336070061
0.03678708264915162
0.007655537310709725
0.16432091854505648
0.11191877726360483
0.10662806223151051
0.054743742847191114
0.06006410575376092
0.023813172778690023
0.018412242291552635
0.05001231527093597
0.07336642284918148
0.036868438075334624
0.036081090046607284
0.03140684347580899
0.001637474913336982
0.010229138677414538
0.020612114577631815
0.01872924648786718
0.004718117131910235
0.005013683634373289
0.0071510673234811166
0.0017990247300592125
0.003965517241379311
0.001412151067323481
0.005868454661558107
0.00478562306148513
0.004086845466155811
0.005747126436781609
0.005600255427841634