0.09986454726759433
0.0659591803636125
0.10801732477632754
0.030429475027812975
0.06673786324063334
0.1302370543367773
0.03666203901660965
0.01157023497743719
0.024472497671943653
0.03925230227169285
0.09667869553603625
0.023094539472655815
0.009423302047955787
0.006475715686242002
0.014044166675745621
0.02298662496030917
0.02573590987718412
0.026296469059626962
0.018012497617760772
0.0021762310543473984
0.03792332338038709
0.008502194028509817
0.008376893833957547
0.009558684558684557
0.016117500328026644
0.030098414308940624
0.002837576521787048
0.014431810068929182
0.010102794105564191
0.002420614124215232
0.012018680370480924
0.008246420088525351
0.0032783795941690678
0.003066839908945172
0.0020980797296586773
0.006340755024965551
0.005840066366382155
0.008771929824561405
0.004473951842372895