0.10475622346590088
0.03196193292967486
0.12515359726734934
0.004199599683470651
0.1792955865112062
0.1328879059694
0.04697655768114171
0.05850384979417236
0.006712303919434648
0.018420456484972612
0.0068838348974172405
0.026603740534131025
0.034579335020761166
0.01286605647386632
0.006867445577122997
0.00799385579521403
0.014374926149119697
0.026797312603764216
0.024156247764057608
0.00887681016713275
0.01745689165892901
0.0023444118605408927
0.02282393830780928
0.004807987711213518
0.0051377057828670735
0.00417562724014337
0.004505729132214701
0.0014541730670762929
0.005851913916430044
0.003914490527393753
0.0035944700460829497
0.0020543293718166384