0.07028897150838627
0.019743517687190914
0.052600097691478886
0.004289127837514934
0.23256397591112463
0.18525544789701381
0.03407789343273214
0.020874370237697906
0.018431975901265822
0.05763520231262167
0.017314389561967708
0.01822844419618613
0.011261810344003493
0.03923248166032547
0.0025704045058883773
0.0037490108457850393
0.043137998764184726
0.0005120327700972862
0.02472785643214086
0.007057919942170417
0.00761854610651175
0.0027683905103259945
0.017235876429424816
0.002977936042452172
0.005307306850300958
0.007875786101592553
0.0025802171462812624
0.005632050148179179
0.0021249359959037376
0.004736303123399898
0.002867383512544803
0.0037545966578224643