0.07861098628399665
0.04839644660826073
0.0899555784194934
0.07625820902884668
0.07005042658774739
0.07596253652976341
0.07061573553046614
0.020129361768017228
0.10459397992022806
0.029653240975534595
0.02104320516085222
0.0016000339529751292
0.005650593570761637
0.00719160391429299
0.02433589121923279
0.0097156928039281
0.04928935910028345
0.0015621150420952695
0.011811922630014573
0.011522316591520743
0.06067510426630544
0.013025877017473656
0.004783403557501432
0.0023986065014240986
0.01915013064049149
0.023629871529031187
0.01340731466040413
0.010495845396982324
0.005554681765754429
0.007469885390053454
0.009088513233347636
0.0034254307783719543
0.00755026952505944
0.0027337405550455474
0.007118241235888295
0.004905192846369317