0.11164615907676803
0.055153966509801734
0.007663696721868467
0.0578305266361715
0.21580142659108556
0.10679914892942623
0.07916463858292114
0.044439678391725385
0.04222531100837365
0.006125041961486619
0.0014904685957317539
0.010911011118767352
0.023897721356702817
0.017530033319507005
0.0037667254772517926
0.010357941278993912
0.03047771119899821
0.0031443376077845554
0.07538523503385598
0.025733401460548276
0.020301736148418074
0.012296516173127032
0.006328051757414639
0.0018336926231663074
0.0011645018570226326
0.0005098215624531414
0.0026476447529079103
0.016385787345079166
0.0010410641989589359
0.007418215312952156
0.007323936903838514
0.00122865267090246
0.005862378736872664
0.0021479982006297796
0.005026009181133836
0.0030650379680850597
0.005439881755671228
0.003060502250785652
0.003213891371786109
0.004646328330538857