0.0
0.12727710989743074
0.030323029119820565
0.04831057732127251
0.1595333662178582
0.04055436047414657
0.08283777027092538
0.05801043381257285
0.006950199730948394
0.02593524518658208
0.011195261462641142
0.1614528766935184
0.059122265138307914
0.0008870214752567695
0.025484215724857436
0.010569233697575944
0.032633824879814186
0.014191829165091199
0.018234741095703663
0.0006556723134263241
0.005963654091996338
0.007233912848886111
0.007504542397590528
0.012366337366337368
0.012143332998947971
0.01129438001095755
0.002376065210289809
0.007463778052013345
0.0037109058499432824
0.003872954140333819
0.0005941770647653
0.0064148814148814156
0.005063578726680332
0.006560447870608297
0.0021906742494977793