0.00822169287081568
0.0766282976293296
0.05318076897024265
0.06896065229398562
0.15800775967184638
0.19507901976942224
0.038401957764702864
0.04315492210229052
0.033967272254165966
0.009227239180799549
0.06891618509265567
0.003252954413945126
0.022187370432984473
0.014007098282124082
0.035906481739815074
0.017203482244761915
0.004974204754906509
0.0085783760319364
0.024575515932585078
0.004761953291365056
0.0020556270556270555
0.0029858806174595655
0.005404322070988738
0.017068240288054527
0.004749172731628871
0.025239216467286642
0.009961812593391541
0.004261404261404261
0.0037403704070370744
0.008957079790413122
0.00547392630725964
0.0042894735877192
0.004865500544035115
0.001633776633776634
0.002065160398493732
0.001698126698126698
0.002264325729238009
0.002591877591877592