0.044268368416095695
0.09804581466513285
0.033271295203113394
0.1568340119476483
0.08709003538548993
0.04202526219571674
0.05480021872067326
0.03871733275142366
0.046583472293699565
0.026858069329660235
0.018826564849292123
0.0056088009213009216
0.053451719786947065
0.06114944609262792
0.015490759240759239
0.023764924049014965
0.020126974246292423
0.021461451006905552
0.0325925862857681
0.02557884035156762
0.006044912579003489
0.005283395056122329
0.000961317722681359
0.010562674909265818
0.023614637677137673
0.006948953823953824
0.013450864161091435
0.00918560606060606
0.016881382506382506
0.002531401679128952
0.0025590728715728715
0.003880321067821068
0.0076449697188333545
0.006631815154542428