0.014666938835658045
0.03678673884954674
0.004027325301955844
0.006630875965851336
0.2552937620671611
0.11225918307199094
0.013190651029320983
0.07343710955164158
0.06362362664702564
0.049198201907561516
0.043283488542109234
0.06230069191891851
0.06768187340847441
0.014588897008847747
0.005225798421611229
0.011800832582852286
0.0007916959887403236
0.003881842705734331
0.02593133467517704
0.012355344436625223
0.0014983579638752052
0.0175730570742886
0.0042937665782493365
0.0006157635467980296
0.010205397366727414
0.00668414439966164
0.006521495745633676
0.0010156100057577891
0.0043249443495748914
0.006271841185634289