0.003475010827952005
0.01243352854315421
0.08348419010183716
0.10018568267583186
0.09860771349653982
0.0320343952520986
0.15401635141291772
0.10404091704753116
0.016468642661296752
0.04006217875483285
0.011516871501391624
0.07730042913690534
0.051372474873741414
0.05469521969310879
0.0008417508417508417
0.010711324305470098
0.023232516146954648
0.0056875413158835614
0.013608634696447812
0.016610248769691496
0.0019217766368061892
0.00844706392834735
0.032565520733969934
0.003634383046147752
0.0019097460273930862
0.00440192605968007
0.007086626563125296
0.0047739940788069125
0.0014759864605065843
0.005989095652760161
0.003161413905855222
0.004220779220779221
0.005657475401353813
0.0030449741750051347
0.003106147248421384