0.06771073348694316
0.0045362903225806455
0.10211393208309716
0.04010784176818333
0.15352993714592383
0.05039351823329529
0.14482591484785504
0.009302268072429364
0.06218467286719183
0.0025002327421682264
0.01828306102499651
0.03305811571940604
0.001994715897111533
0.0011892525827535314
0.03934586358981519
0.018489328771586832
0.034021304636224
0.032085351858240845
0.015094578887273388
0.020155150892223948
0.03302244712645567
0.0007600486431131592
0.01637582452335773
0.007125632511068943
0.021039395719186987
0.003956017891027379
0.010877102551675606
0.006511689475399152
0.0038260331014126074
0.008500993261429692
0.020876536098310295
0.005552355350742447
0.004605471220746363