0.02315401482068149
0.018376427806252364
0.018984311966768107
0.03520687099118472
0.08273928371967587
0.17280081522857585
0.10833928311998486
0.10441109135639577
0.023466396712010753
0.05986180005787849
0.0662480729560193
0.014437336496160023
0.01830192773175229
0.016991784883941746
0.07379966656282445
0.0028766862100195437
0.003303953303953304
0.008413283413283412
0.0046779948740733055
0.03592941509608176
0.012228941176309597
0.006885444140346103
0.002342927342927343
0.001227698286521816
0.0026323942990609654
0.015780769947436615
0.03498627643364485
0.005008554853756092
0.0010943274101168838
0.012918376734166208
0.01149173780752728
0.0018481851815185146
0.014306189306189307
0.004357114006236813
0.0032729157729157734
0.00617283950617284
0.0031455475082926066
0.002513877513877514