0.01786156420610202
0.06377303368900007
0.0
0.028159478243511858
0.27447290804433655
0.03436026625102255
0.13943790103453968
0.015574873305965742
0.012505780867125407
0.023379552287115312
0.09827400890426101
0.011882240075517388
0.00210484193677471
0.021909644976871867
0.012664091277536654
0.04494026981421939
0.015356706785278213
0.002541641365170777
0.002078061994028381
0.006028411364545817
0.033457923962125644
0.016465392683880076
0.018357557475204532
0.021147750475481564
0.010235786622341243
0.00498532746431906
0.006055653030442946
0.004805213460675645
0.004599070397389724
0.004730558890222755
0.006290637467108055
0.0036013566265667104
0.003508069894624516
0.0015892604127898246
0.004337735094037615
0.004998017855160711