0.021348467097454946
0.038354452917444104
0.01838393275640239
0.03333264162032917
0.17770638187106394
0.09447090169583619
0.05539757138947422
0.03711621746868234
0.043300280422214225
0.019056801647894764
0.11058538830032044
0.01568434564385982
0.01862014690962059
0.001760986977705244
0.0050896464238926725
0.01831825581825582
0.08121486775332928
0.032252980937191464
0.03097969282179808
0.016956045903414325
0.03189147597042334
0.004837462732199573
0.005118663013399856
0.01793570988915118
0.01212291607028449
0.0019220494869458913
0.031418569963461596
0.01135795528508079
0.0022928138253215653
0.0075954260164786454
0.00940229361281993
0.008015863279021174
0.01518294513650551
0.008050185681764629
0.005628216812427339
0.001936026936026936
0.004354417512312249
0.00245539061328535
0.009725204849043857
0.0036037348730847177