0.04562237361788216
0.12361977947677748
0.0796949902861233
0.18176380873062994
0.08515030359061075
0.01871139260301822
0.02625628098679388
0.021163873072740064
0.0798203683852771
0.010727818979050506
0.04823745590190098
0.013894094732982011
0.009172922042380169
0.006507793616602658
0.005900277883036504
0.03397228113976883
0.006519593208234182
0.0018842815640845196
0.001172882946281961
0.016998466053087902
0.007142857142857143
0.005424663233993862
0.02081085307686293
0.014360673535550386
0.007659333325806809
0.0020525451559934315
0.01959300961764016
0.003394090133441046
0.009708538587848932
0.0019293924466338259