0.0251409544756319
0.0018001152073732717
0.08790882616487455
0.05807561614013227
0.11982281271595786
0.11982948167423976
0.07304054592361044
0.09046651153505993
0.010283858166922682
0.0298299091141833
0.0994885434905596
0.02282128713580326
0.02294946876600102
0.009300667970022809
0.031764186754106104
0.014338808592840849
0.040580197132616486
0.02159153570443893
0.0015681003584229391
0.002578514675288869
0.004604367406786762
0.0004032258064516129
0.005829318530931433
0.007991711469534049
0.0
0.023568853861192566
0.005354815435460596
0.005350742447516641
0.02170938940092166
0.0031586021505376344
0.004520362030442676
0.005542827468230693
0.006608422939068099