0.013986640599543822
0.0874221279569327
0.13068329642923293
0.012507095511377447
0.1511132175101827
0.1216727989364187
0.052990094936190016
0.031438054816256895
0.034399247411238065
0.02451676676949447
0.05403229319201055
0.04336969199101552
0.05722362808759867
0.02240002183669167
0.009935908625424754
0.014591971319319516
0.01951456723752739
0.0023176418275289742
0.019942171403864957
0.011920981124610156
0.009522159068530036
0.009499414379632596
0.010458373360662883
0.014627842969280347
0.0031723484848484845
0.008529440989118408
0.0026026392961876837
0.0077229669971605455
0.0033586876832844576
0.004045219070685963
0.0034631269032797053
0.004845997593238678
0.004189694713888263