0.031880148546815215
0.017003453032864796
0.018587184396007924
0.08283172534978521
0.28762077342443687
0.07018663500861645
0.04732392795473292
0.035316181697760636
0.04971464786996263
0.07807571612396173
0.01204061204061204
0.053892779350725686
0.001001001001001001
0.014249811308634836
0.031950597146675586
0.024114479596935738
0.019395420711210185
0.0351235416121897
0.01761063011063011
0.005581474331474331
0.0013645138645138647
0.014465490781280255
0.011590757424090757
0.004473223223223223
0.0032339969839969844
0.002002002002002002
0.0049499986999987
0.0
0.004883587449376924
0.010961665128331795
0.0032051599131062486
0.006819099801555942
0.003513317238807435
0.002176039676039676
0.003648539677951443
0.005525168025168025
0.0037224724724724727
0.005489752548576078