0.01785287075203041
0.06525652452123042
0.10095987579180855
0.04859788437519531
0.0823708411103369
0.20124552851443608
0.06015089952064743
0.023756341697518165
0.03312077278463833
0.041320476908712205
0.03480122118777581
0.003528642226121217
0.0053876702196029936
0.05776337574656901
0.001008403361344538
0.014212412237622324
0.00781569037871559
0.037600224238879695
0.07275799830421681
0.0043381548423565225
0.005962506214607055
0.0208449207188703
0.004681539282379619
0.0030955902174389567
0.0009315614357631164
0.004355135993791455
0.008195338741557229
0.011224867569405383
0.007360277444311057
0.0028183581124757596
0.0029756517991812114
0.007058217226284454
0.0034099887041063514
0.0017700600053541231
0.0022088835534213687
0.0059839833369245135