0.09396913247180627
0.06829591976650799
0.04134983653700231
0.005908045212858046
0.1825458483880943
0.14486855489529288
0.041865927694804704
0.11874432509459247
0.01588967825598842
0.03719559555121052
0.00896217072687661
0.00025464731347084286
0.017830639354703522
0.008880310618278533
0.01741263786718332
0.01070557487669787
0.03893853225404027
0.0048220496081458645
0.005194587547528723
0.02126877380888076
0.008934069495566821
0.002006074733347461
0.005850361264799766
0.0031763987646340587
0.017562304995460076
0.002136336628315238
0.001416893662882968
0.013185670538611713
0.004753416518122401
0.01416877586663683
0.0019007878633547084
0.0055769047747657365
0.00576789025986887
0.009545030133265426
0.003073515907740507