0.13649787860314178
0.05277008040165937
0.017679997556158546
0.0
0.08241365448877262
0.050947614997639445
0.04672841354037377
0.014388298305521704
0.1222143993367718
0.04977693004008794
0.09257448440273926
0.11378631678452433
0.030516356608095242
0.0018529609942352324
0.004454830770620245
0.012756810125231176
0.026570289512280715
0.0009364627785680417
0.013442758024801367
0.022688883076694717
0.010364876154349835
0.0027145566619250832
0.009292375081848764
0.031086919012615608
0.02293169120609238
0.006760892209808618
0.007546610178189125
0.02982597441616506
0.0
0.003265021686074318
0.0029839135102292997
0.005859294017188754
0.002296073279452781
0.0038075327549011756
0.004484747905800537
0.0022983824922883094
0.007639645797540535
0.005200136640579854
0.006965416021143576