0.02658180026601079
0.00972570314675578
0.011196357248988828
0.007112965007701848
0.26329799680002114
0.07407639219380109
0.06834641217232311
0.05859411244026629
0.06873113016837712
0.08187100423942528
0.019378672010250952
0.012877424719529981
0.015064654943197451
0.01368022815391236
0.018403492593775994
0.024495971864392917
0.0649959764332234
0.03548670178224834
0.003456436351173193
0.014352216983795928
0.002669065826960564
0.01115672826199142
0.00487017855438908
0.0208985458985459
0.03743834138570981
0.004088358035726457
0.004212454212454213
0.012713534778312108
0.003404228100584376
0.00044984255510571296
0.003616948353790459
0.01809082730135362
0.0036962063277852747
0.004252000810705263
0.005928866455182246
0.007462547948377907
0.0014994751836857098
0.005228981544771019
0.0019583393065174446
0.0032218755902966426