0.011570490265071544
0.026783759480803814
0.042472490563623566
0.12498462812502222
0.10594536142565697
0.1579006106099702
0.048865324604240874
0.13313811940659231
0.0614768373389063
0.014533263671194703
0.0022354082698910283
0.03222584749678346
0.02733723583477278
0.003946928823776114
0.0061558583726071415
0.015836851982172176
0.0056613815850269054
0.05581545575387939
0.0005571193994839314
0.006430330752990852
0.0049095813874139
0.002828602705449996
0.013686566580655249
0.005731576852266508
0.0018472906403940886
0.003366174055829229
0.002748544558889386
0.00828855052992984
0.00400059710404538
0.0022167487684729066