0.008515348288075559
0.047605367065594345
0.010798818185181821
0.0
0.077155099740327
0.14254980078843713
0.1601690502258684
0.012961953871044776
0.04956081376535923
0.03501161611957067
0.04047132896564716
0.05462946670333035
0.056758866133866145
0.04363755457505458
0.04331272683545411
0.056239635785090336
0.016429377650968562
0.016506652018015655
0.01852129352129352
0.022371988281079187
0.008302356313719951
0.005955387205387204
0.008806954829682103
0.0201605685980686
0.002026098901098901
0.0021201599326599327
0.0073517917267917265
0.0019240702479338843
0.009963379423606693
0.004280972604836242
0.0058358886483886475
0.005834406544633817
0.005023217523217524
0.004889807162534435