0.010969534667013656
0.03913763873847907
0.08822600135625346
0.008217614318454655
0.17128024170040976
0.14557644736216166
0.16065445572168258
0.05697774680967957
0.013162393628780182
0.0011368855234401452
0.021458602088854185
0.027236738051864093
0.015373416033079896
0.018834158371973497
0.006946167278100051
0.0024882260596546316
0.005233083443167476
0.02895469096729601
0.03527753059265664
0.006601337971085871
0.0005946994182288299
0.02112948209586865
0.03917850450203391
0.006236787022501309
0.0069764572495664935
0.0070394045730180176
0.0031243359814788385
0.004280336843362054
0.0050405570153469305
0.008481186413959525
0.0052143831891731055
0.0003361344537815126
0.003858895539567808
0.004984618556047128
0.0013686080492803182
0.0016059757236227823