0.03977307638597961
0.05384108769932199
0.005719406041986688
0.1013322128729599
0.17538754115154798
0.06237383552748579
0.04099244322928533
0.011861316700026377
0.060341942689141316
0.11783215935168397
0.1013330770970839
0.040344729941504134
0.02079046998401837
0.009564345451442224
0.013073476702508958
0.00837173579109063
0.015293434164401907
0.006182795698924731
0.01863070102883346
0.003280500861146022
0.0012253338059789673
0.005263188518706345
0.012548134755265486
0.0054214423569262276
0.00804803022544958
0.006887771726481404
0.010597449145836244
0.01247342043606899
0.007076203052433953
0.0024692780337941624
0.006835637480798772
0.004081133919843597