0.053105871503048935
0.03551769131406228
0.008292603453893776
0.13413032979565234
0.16055696655495041
0.083061679583857
0.01252174684634362
0.10127382697947214
0.03543761346180701
0.007291666666666667
0.03419535213890052
0.06497892228739004
0.007445421961550992
0.014417068146906855
0.007463095819950659
0.013865178280500863
0.020869044709770516
0.016421341874970907
0.0029161866359447004
0.023621148117115857
0.026312956756505138
0.011221809104873621
0.020809331797235018
0.003950652841781874
0.004566837732160312
0.0009072580645161291
0.007259082763115021
0.011637690266722523
0.012219254759577337
0.007106200251361541
0.007393345901410417
0.005547627775450355
0.003362615207373272