0.010930735930735931
0.27103534107628363
0.08635468592854956
0.023718448008220733
0.16060260622844177
0.05855356548037028
0.03909793801588588
0.03228370692859329
0.008142094647776465
0.033629017206055975
0.06739412362741239
0.0034645418084589207
0.0022975409171933233
0.024721238357601993
0.011538585820002932
0.014806684266911539
0.013011046934843723
0.010709201609936905
0.0036003979185797366
0.008480503082775809
0.00541751307961201
0.012216865625956535
0.006890685567156154
0.002126377410468319
0.0037578162578162577
0.016180650405249335
0.0022017045454545453
0.003353133608815427
0.0016940235690235692
0.0023591570466570465
0.004950615461979098
0.0028363997113997116
0.003932178932178932
0.002256329529056802