0.0
0.028388464683982886
0.026376640529301592
0.03117342093532569
0.22815469596281923
0.12366937114135992
0.035556591971157785
0.13777013809926975
0.0713354924979575
0.010212877950973191
0.034540525611954184
0.03770883437550104
0.043199952345610595
0.016312386907625
0.012295781819591343
0.03824361705314086
0.0034587310707758882
0.013670319979843786
0.023991044229139467
0.001065662732329399
0.01036009845533655
0.0246067349498722
0.009205622419908134
0.02870135000387101
0.014238587690968642
0.00501259763164525
0.002961908669191582
0.008673011292058913
0.004120055429579239
0.005482392387154291
0.006904664999903093
0.0030353993449231545
0.002694747932843171
0.002344322344322344
0.0032754987516892277
0.005646939687555934
0.001167073667073667