0.024231339648006313
0.04893385028188949
0.01615989830275544
0.019928484861958248
0.12772319585694936
0.09737939348233465
0.15660380378517638
0.06884389109179026
0.023214558550693
0.02456305158686111
0.038937561556609185
0.15183668727786373
0.01672484482008292
0.01561562335371859
0.014278763564477851
0.0034826152683295544
0.019388459864650338
0.026247795414462077
0.02746547103689961
0.010858734066016978
0.013090776714726297
0.008162635424540186
0.012360166288737718
0.004632206417920704
0.004714869112628216
0.006164021164021163
0.009278270230651184
0.007722701875362939
0.002937973169065606
0.00040312421264802217
0.004796548248929202
0.010842247673480167
0.005083144368858655
0.007014624031430753
0.0012694168576521518
0.004206252301490397
0.0014109347442680775