0.03799425550970405
0.009721613668982089
0.1236141237206654
0.05269624406104271
0.08630067618454577
0.11802480375887581
0.07339556155345628
0.030757303125724177
0.029828115354431136
0.06004699028351276
0.17944401842761099
0.010325564177045103
0.015150441535483084
0.010372892963986082
0.020895815835087084
0.011155608524029576
0.007317731001941529
0.007082065482875198
0.007413346887031098
0.04286892444787181
0.007953931776646458
0.025197706776654148
0.01819622872254451
0.005442121231594915
0.003599908863066757
0.004200137094873937
0.004348132118215221
0.005217976339859998
0.010058946901052166
0.008601924391398076
0.0031597057912847388
0.003242615084720348
0.003509356140935088
0.006161689562499279
0.002254324622745675
0.001297046033888139
0.0037214247740563534
0.0045182887288150436
0.0007607863563542232
0.0008318141282130201