0.08274261892682944
0.06763197684250315
0.019935568619779142
0.04614866720129879
0.16887351426825112
0.08948480395848814
0.08331431291957607
0.03347371176318544
0.016604657394131077
0.03777057461267988
0.01719686193370404
0.0003810201178622231
0.08202087544192808
0.007972547446231657
0.025077784946206005
0.010729013360592309
0.04073146309988415
0.005506641690852218
0.048384332594858914
0.00276717118822382
0.02794814242182664
0.0021641942694574277
0.005680920154604364
0.008101898891372574
0.005764801817433395
0.01319841451420399
0.009742876848140007
0.012668495563232407
0.00023707918444760553
0.008263216157953
0.0014410159147001252
0.005965363860100701
0.0031852926589768693
0.014429481534744692
0.0007290184921763869
0.0038757828231512437
0.015339942971521919
0.007543229253755569
0.003957067114961852