0.0462732658755386
0.013657735887849522
0.14505755450357724
0.14178726103442013
0.09085006954325135
0.04479209237731965
0.08420605331116691
0.015826413695731876
0.015145024377978924
0.03624135754817573
0.04735651553833372
0.05489751199978473
0.011387352651557195
0.008863595369277187
0.03309813608109063
0.004789481351981352
0.027509674668765575
0.02884219631378722
0.018896725643884726
0.013760952326293232
0.01262547690104508
0.015664922199013106
0.0060644742462924285
0.0021555517294153657
0.006399303558394466
0.0054457116957116955
0.01553508570554025
0.02601763766536494
0.009295423642014551
0.012176302233120412
0.003222471972471973
0.0055506362324544145
0.003312091948455585
0.006553515928515927