0.0064457062732924805
0.045993865649038054
0.02880394153213625
0.09838458626491081
0.17415802738317948
0.08538033861563271
0.008240284619594964
0.0648655851698448
0.11879308806286495
0.0232169273142904
0.007008642698297871
0.0883530386674403
0.01551969741624914
0.012729445822752114
0.022884172022103057
0.0032960143304970892
0.0033404909266978237
0.014327396741189843
0.017542138576621333
0.04076082920910508
0.016003632382942726
0.012667190070841189
0.004231974921630093
0.00025542784163473816
0.005138743759433415
0.006176735142252383
0.01035395000912242
0.006126619230067506
0.00702982202982203
0.005856844305120166
0.004735532666567149