0.02664091257762937
0.1351103375414152
0.03796701755035088
0.020980725623582764
0.14844044577440565
0.11817502197514727
0.06553489395594658
0.057911068788261764
0.01134874222593521
0.023996134516184632
0.041676343938248685
0.03822568084472845
0.021326365433508288
0.00735577972106794
0.03217452961500581
0.05442815700961065
0.0029793398841017893
0.018352214364119122
0.0029661696328362993
0.01946662904996238
0.003379847665561951
0.015659626157746458
0.01934941381369953
0.002900487148607449
0.012937051925147163
0.018338651277247767
0.01408562997848712
0.0028768349445041173
0.0029324965853787907
0.011393573357859071
0.0014536697870031203
0.006322396739063407
0.002056248425296044
0.0032992404420975844
0.0026528291628542255
0.0036785084404132033
0.001150793650793651