0.002748466810966811
0.03324239417989417
0.13851354874082147
0.05671551985472439
0.11046671131898403
0.13095193947466674
0.03238181746704474
0.003743536556036556
0.07230289439096256
0.013228264790764789
0.048543102520375254
0.04936875519261882
0.004395517676767676
0.012819934694934696
0.06625968465457102
0.01302684583934584
0.007136093073593072
0.021940386002886
0.02500408629669993
0.010859106171606172
0.008202629651493288
0.003945707070707071
0.019334032970396604
0.002046130952380952
0.032857696280991736
0.025570265698106606
0.010279882154882153
0.0016684704184704185
0.005991462241462241
0.006143346342209977
0.0031956469456469456
0.0069654882154882155
0.0033554986679986683
0.0054315003178639545