0.019793849436492976
0.10788484453257179
0.0516500912807731
0.024729573877301157
0.11880771601913949
0.13831196727802592
0.09634678187309764
0.049948948606992866
0.0016395184980711294
0.046116788995826066
0.009535902859766496
0.058023074358301625
0.009050376264042533
0.012449371966417417
0.02649986507268206
0.017635268771632406
0.016223710168088157
0.008699980574980573
0.01570848824885906
0.056393742764855204
0.018615017912266715
0.008604715991079627
0.003600739538239538
0.0012819583393746073
0.011706178396519305
0.005690290349381258
0.011218721303948579
0.004049893874953683
0.009648569023569023
0.011078433876729328
0.004359886746250383
0.007439721031228207
0.0006257752968279283
0.005266600508077781