0.08305744160012184
0.08378721750017637
0.06581078118893245
0.003682200152788388
0.051642768750243324
0.05144802271294973
0.08443343280141156
0.0335525195233289
0.07808428708251795
0.048385445700792895
0.012923043343211408
0.1630169670616376
0.0009996306214793609
0.0437107756855656
0.0025649840355722706
0.005491991668462258
0.0009803921568627449
0.005886775762936753
0.006765588826623765
0.029625183406696006
0.032563710799004913
0.006414565826330532
0.0063752773836807455
0.004332399626517273
0.004133653461384554
0.008193235336092479
0.011838068560757637
0.010342136854741899
0.002351823320421286
0.002138188608776844
0.02493839641119605
0.004501800720288115
0.002935174069627851
0.00938221442423123
0.011957203934205258
0.0017527010804321726