0.10416718357894826
0.028422938717056357
0.007761682761682762
0.08845862742921565
0.12273004773004773
0.15570091673032851
0.11579316652846064
0.045207461383931974
0.05047719165366225
0.014567241037829274
0.056356905621611504
0.009234148204736439
0.002341694253458959
0.011547194635429931
0.014352586411409936
0.01383208294973001
0.013924746277687451
0.010671844495373907
0.007208423384893974
0.001549811843929491
0.0015827037885861415
0.0008021390374331551
0.012676974441680321
0.015887516622810738
0.0013814616755793226
0.007528364881306057
0.019888308858897093
0.00603503250562074
0.0016395369336545805
0.004449852979264745
0.003824661177602354
0.0011310584839996603
0.001888634241575418
0.0054626745803216395
0.002299497887733182