0.011524058487621239
0.05644631646655939
0.033029895580502865
0.05624035583549753
0.12456103650435633
0.18298197154472456
0.024153743991800668
0.07166471630034384
0.03642678733771851
0.015823713698207623
0.09447321309669487
0.08935571101563003
0.008128683432327156
0.014344184081026185
0.02843907854029312
0.008980249769723454
0.0048973930552877925
0.018181660894211506
0.007533889112836482
0.0309559049437592
0.005780106083749809
0.0010346378767431398
0.013683055585889595
0.020822437421627704
0.014566783493908999
0.007845180011171914
0.007071062840293609
0.001150311676627466
0.0029662420350679455
0.004975010744241514
0.004536496641759799
0.00885435976529094
0.0030271685129984725
0.003922198659040764
0.0017672386093438722
0.011264822297210961
0.0053354203151774
0.006421502474134052
0.0038151232483216286
0.006999384630963578