0.017528624079426215
0.06891810902506092
0.025006747065570593
0.014631738829599792
0.11865436504473938
0.2734041112383358
0.003666876795219041
0.10331398646906667
0.06261000833193348
0.0287706401342765
0.03030456867355263
0.01975047135474943
0.0027233115468409588
0.03519746741671877
0.0002631355572532043
0.017909932214745048
0.006016705615636095
0.0002631355572532043
0.033139968567776054
0.006734026520122777
0.0024912995501230797
0.006933109473216425
0.0031931229792192357
0.002466606477301665
0.007983104239788734
0.0012018581537298113
0.0020238030933218097
0.007297060238236708
0.004390608401303588
0.004369214663332311
0.0036586902897063323
0.0030904923953052293
0.005870392234028598
0.0025609565716517594
0.0023605034300221467