0.024170040717659765
0.009459825888397314
0.019149029982363314
0.1107246765580099
0.155555718531909
0.07243507814936387
0.007517980256075492
0.07180288406478881
0.08402563045420187
0.047992677516487045
0.010022045855379188
0.012711811997526282
0.06684967589729494
0.05281230233611185
0.02084541120255406
0.016329028114742402
0.004018891161748305
0.02354090794566985
0.0027928949357520784
0.019809203142536477
0.017992276682752877
0.012564247921390782
0.009107457797933987
0.03350185528756956
0.01260137129184748
0.016877676996724614
0.028970773494583015
0.004464600655076845
0.006492092563521135
0.011119356833642546
0.003889421865612342
0.0038937341318293693
0.0014991181657848325
0.0045888943507991125
0.003301839254220207
0.007345049130763417
0.0035102331530902963