0.06354823977372996
0.10521628977511333
0.060107168195403474
0.013963872297205627
0.06779599941364646
0.0542013292013292
0.08901901377391574
0.0480656522323189
0.08922795001226373
0.09073019073019073
0.03838841730998594
0.03122680206013539
0.05407109965933497
0.016025972888717988
0.02903038319704986
0.007754399421066089
0.0428248009130362
0.0030686530686530687
0.026053017474586108
0.011689232522565856
0.022270609770609767
0.0051153426153426156
0.010959963656042085
0.00500312583645917
0.005645093145093145
0.0037029007617242916
0.011118873618873619
0.0038306163306163297
0.003499836833170166
0.006807381807381807
0.002748040248040248
0.006370656370656371
0.009287225953892623
0.002561398394731728
0.002144314644314644
0.0023434690101356765
0.0035953160953160956
0.006542906542906541