0.03037418972902844
0.04606434187079349
0.0
0.012274869694224531
0.25851549287033154
0.23911518588937944
0.0228158699126441
0.06191692417498871
0.030989070666490023
0.02426349636027056
0.002375700762797537
0.03643102417295966
0.007183688474011055
0.027765132119970823
0.002844210747436554
0.012625301818850203
0.0007168458781362007
0.015578722352915903
0.006251788832433993
0.01972362762685343
0.01170848267622461
0.002553074165977392
0.002136752136752137
0.005288182546247063
0.005235535074244751
0.01294661730145601
0.005077658303464756
0.0067596561144948235
0.008132088938540552
0.0063202150298924484
0.0034356085968989198
0.0016129032258064516