0.0
0.02037916086303183
0.013453010549784745
0.07669133136875074
0.16551349486833355
0.24701474153087052
0.10009651041909105
0.02110451078193013
0.10982031707838158
0.01680747567844342
0.0016786140979689365
0.022438284535058726
0.015076106689009914
0.001116231438812084
0.01569462795269247
0.006126549674936771
0.034652671104284
0.00023894862604540023
0.014753860237731205
0.010993934381031155
0.012122322122322123
0.004536610343061956
0.006671786994367639
0.0007168458781362007
0.002346041055718475
0.00023894862604540023
0.0020276497695852535
0.01653291750065943
0.015037549069807135
0.006146100017067759
0.0019713261648745518
0.003592918431628109