0.0
0.0690714503229388
0.039072799075180596
0.06257685933799295
0.265417267652919
0.06650488622982074
0.025137118445048907
0.06102748201759871
0.10212995165067087
0.022269636945750303
0.022905050789666172
0.01378954975942354
0.016682129536380545
0.0034134724924198613
0.061787260572685666
0.024824839652774874
0.005072339940760994
0.004235481867060815
0.0047744738921209505
0.008618233618233617
0.0016812865497076023
0.03132929074224621
0.0007067536866298477
0.0061639140586509005
0.01290522343153922
0.009142286514875227
0.01107767064244797
0.002375514723692861
0.003951000244760664
0.004163638880238071
0.013266700311234727
0.010581475055159266
0.004581578816515705
0.011140029561082192
0.0014507422402159243
0.009790112972418283
0.002434593072244894
0.007075249686585719
0.006242018590196726
0.0043688280530385796