0.029386646806001643
0.06085459343523859
0.00629761516858291
0.012450076804915514
0.19334452286065187
0.19364727267953075
0.006157784867462287
0.020960371766823378
0.1096917658207981
0.010144377725022887
0.07486531389757195
0.08681437439501954
0.010769445608155286
0.015708126998449576
0.006059907834101383
0.010775496904529162
0.0005955334987593052
0.00905204114881534
0.004469270275721889
0.01136549830098217
0.005573476702508961
0.011234852363884624
0.0023655913978494624
0.0028282828282828283
0.008414482769321479
0.006790819694045501
0.0019713261648745518
0.004762137504072989
0.0014157706093189967
0.0043228754519077095
0.0026344086021505373
0.003308197179164921