0.0009110714993067933
0.04072465168038917
0.04196838176573611
0.08952647181463756
0.0948757178291871
0.11017052585548968
0.09863029388078647
0.11334319467690601
0.013460606040819943
0.010806033643403885
0.03316564745473207
0.029259043095941486
0.07137531032830781
0.034346751718566756
0.005554543079170155
0.018914344456140115
0.0027501909854851037
0.024890889463081975
0.021428757574268414
0.01621022570220431
0.023895584639198154
0.024240191321034357
0.01336904826209639
0.001979066684949038
0.003602311314104165
0.011800084912698941
0.030419599945352833
0.01055323818481713
0.0041545904435177795
0.0048267206935937584
0.007063826448853187
0.009673254058280796
0.0013695585809458094
0.004793986126662738
0.00446678494806837