0.01504831973581974
0.18769821035446038
0.027270154613904612
0.020605233886483887
0.12617876914751916
0.059986020923520934
0.008793925981425978
0.047475036537536534
0.026536599974099965
0.027217631905131903
0.1711379187941688
0.005410128066378066
0.021320722101972098
0.001822309634809635
0.049239938302438294
0.010545819920819922
0.015881283068783066
0.03448698292448292
0.0021537490287490287
0.008114252645502645
0.00883237133237133
0.007325487012987011
0.008010797073297073
0.019568221130721132
0.008421786546786545
0.0041193181818181815
0.006113099863099864
0.00457401394901395
0.005557810245310244
0.0020066738816738815
0.0003787878787878788
0.0055276320901320895
0.0004734848484848485
0.0010311447811447814