0.01830133132875282
0.02150531904434394
0.022594624302483917
0.02591928025982453
0.23918542408844726
0.07184575584619812
0.1306078146327775
0.0447333118731771
0.03283765143893405
0.01743994567523979
0.0676707250409022
0.05065725995234022
0.01698658854738934
0.03991759709505632
0.015686857493580182
0.0257343151164209
0.01932889006418418
0.0018614718614718613
0.000666630288479028
0.02509102111620518
0.01239568554694605
0.020112893642305407
0.030066406927504313
0.012226788151157898
0.009646700785577387
0.0054776835283248376
0.0016006402561024409
0.0021135727018079956
0.0003361344537815126
0.006308887191240132
0.0051740655776480625
0.006154583045339348
0.004972812654473554
0.008888949519201621
0.002619047619047619
0.0035014005602240893