0.018952563031510397
0.02662649428843761
0.01370067179783779
0.13896131234187914
0.11756421903183033
0.13233613552439463
0.0302838393425438
0.04578447680674402
0.10054050388058483
0.004731668091991979
0.09851674041957444
0.016005789082712153
0.01290603233923072
0.058914567214162356
0.011978095378905098
0.00706190083720448
0.01775701431571877
0.0015085454356709414
0.02663452531873585
0.004784850027765007
0.018802800887821134
0.01577395838529442
0.03315982263350684
0.014228536495742971
0.0026180259985928004
0.010767907680863146
0.007048385337859022
0.034048291639384755
0.006809369967264703
0.011758076231760438
0.005835115551714741
0.0043660680300356405
0.004938628622839149
0.002234802234802235
0.00560634821768425
0.0008900456268877322
0.0008956349543394076
0.0033175888439046335
0.0033314301532925005
0.002243239591417729