0.20711535357652422
0.025218236157094457
0.0673190604913294
0.0442459633962097
0.16362288183499427
0.01065366143242121
0.04814129212492007
0.013212314505417952
0.006239976096539412
0.05894823285796914
0.070207179809469
0.028866263972030414
0.015485902985902985
0.0020549599150004832
0.004508098955360618
0.001570614983393888
0.01722005416586697
0.010410889699501694
0.007426410802243895
0.02218876940696703
0.011820759973469333
0.018190614803915296
0.0051108374384236455
0.010085904790338288
0.03303742845904538
0.005313558185914025
0.005985095187500288
0.012889033517112335
0.0007653857298887725
0.005642801691048577