0.04963836322956441
0.10340733770540989
0.007125516873416033
0.06893599397801081
0.18009805595074996
0.1000258685676382
0.03239518623848827
0.024410430839002267
0.01437556374531164
0.008805704099821747
0.0772568374669215
0.01848725943140179
0.036215577139946886
0.0007690348866819456
0.024083134144923562
0.00908762078806567
0.031815514084421646
0.010560364005742158
0.010699006875477464
0.0014434008897676717
0.02569596904989885
0.028299997360798152
0.034223083172663
0.004050443706894523
0.017685874569216137
0.01493746518215129
0.005676937441643323
0.015786454441916623
0.006101349630761395
0.0021802054154995334
0.004719342282367493
0.013896892090169402
0.007016988613627269
0.004283046551954115
0.0070114292803368445
0.0021600948071536304