0.03271747201554419
0.016629591916294834
0.10747411867530501
0.0015472855808990264
0.12810766237113247
0.061294817666542836
0.07289065413632888
0.0530584401592805
0.043971817165094476
0.013632798793451289
0.07778566109015937
0.07141144240501632
0.027906286057546564
0.011829247536118515
0.04985760244040027
0.016871284644393882
0.019599774641791443
0.01220904212500851
0.002994992868942449
0.029396207406588028
0.04732860043784414
0.06099337472545579
0.003238950591891769
0.012457831617495483
0.008512489597511842
0.012472863271182598
0.0018826504960958743
0.006337322807911044
0.011364303297076406
0.006021232022220653
0.007302837218803604
0.005520002872944049
0.006503995537608984
0.003752064928535516
0.0034025918059531505
0.0038235294117647057