0.09989748434808918
0.03103587720523204
0.043738493809058324
0.18717732480333288
0.06048302727738212
0.03651139854768887
0.04405253572592282
0.027061848321928966
0.024618761055252982
0.0644218393613555
0.02199579318530931
0.016689839058790668
0.05185333315877671
0.011853296792812922
0.053133320532514065
0.0524997963506028
0.001881720430107527
0.03000853872829679
0.010207111436950148
0.001320084485407066
0.0036290322580645163
0.01911434331797235
0.013953911232137038
0.0041931410883023785
0.013505649816133688
0.011790645510403574
0.010109767025089606
0.0035951755457803844
0.004876952124935996
0.005555555555555555
0.0025098333566075503
0.006935389319461899
0.0035795018153889115