0.03716967264761382
0.09608530241050293
0.193330893272404
0.02182207152126938
0.12915022440423507
0.04202267392441189
0.07534347275323211
0.022554106494614517
0.011802931112757318
0.04629753787507798
0.038496765167888164
0.0029914196023821693
0.00454826788382938
0.005341402074356619
0.010962567772393975
0.016785823604005424
0.029068484867281655
0.014955439378901947
0.024906369934779026
0.011088769185360092
0.04265699547283771
0.011551239659528428
0.004968789627880536
0.012049252799587023
0.004783605493832766
0.013747363747363746
0.006347880061115355
0.0028183621933621935
0.003303365652964583
0.005065741287332195
0.01558612368271459
0.006923511042829224
0.0069873045725318455
0.005758996091549566