0.1113298523832798
0.0
0.07585941164570197
0.003157555929733349
0.21356688506386087
0.03229153798710249
0.13315963550338553
0.015756269939737676
0.10724385101905262
0.03804981980385206
0.014170260742841386
0.026677687791599076
0.014910031165071487
0.014849504214423567
0.019137901748788842
0.0114405587691878
0.02493267261412423
0.02461204789833822
0.01596625260939777
0.008935125694198274
0.0048351094470046084
0.0058330502382921735
0.0
0.010067044290834614
0.00491238712004841
0.00635642918909048
0.005125827353649934
0.005446625507109378
0.002446310410020088
0.005333541346646186
0.002203341013824885
0.006425233592572302
0.004726302483358934