0.00041381094012672964
0.001709843815106973
0.025045651361440848
0.051071228393209815
0.24226939188239496
0.07101641954583132
0.18371713391063235
0.02216235614068431
0.03076602747655379
0.07427069451063259
0.007491348938717359
0.006123996913470597
0.06343719617713423
0.028371100584722878
0.003388077072287599
0.006377265432992986
0.03046851994220415
0.05433655367865893
0.03381336736599895
0.0007290184921763869
0.01278180546756398
0.0037154721365247677
0.010685030344473066
0.002110620531673163
0.00718180586601639
0.001864843312211733
0.0046063151326309225
0.0052855919728984745
0.0025661512503617765
0.010455961771751246
0.003964302648513175
0.0031464307780097248
0.0010973379394432026
0.00211960080381133
0.0032948875054138213
0.0023181463196943076
0.001838060971187906
0.004429271534534692
0.0037414379519642685