0.05885065439097928
0.055491522527272276
0.02722208114503712
0.08962275806077528
0.1304134805246665
0.12871759319381912
0.0835812627239898
0.04361959146508964
0.05024481040275242
0.02269489877531207
0.047655544158889784
0.09269004558673305
0.03399612179835143
0.005601132210580359
0.005658283515426372
0.021547062113690948
0.01597422445751996
0.002646035622226098
0.01991624072663936
0.007620272723656182
0.011243455866688477
0.005848999153723229
0.0011625194077196724
0.006863046167380114
0.007951649858717054
0.0020124716553287982
0.016497972926544358
0.007441014151540464
0.0016491722843096559
0.0031505707696183895
0.0009523809523809525
0.003261201960662877
0.0039625850340136055
0.0016717629812867908
0.002015524158381301
0.001311413454270597
0.006224770078153537