0.002717028455944712
0.039526332999239404
0.14694098320945606
0.04196088531063901
0.11491683603752571
0.1902742030820849
0.030098131206505587
0.03351033203249952
0.022099445436883858
0.042002735906676796
0.055527115194602863
0.02707691870253447
0.001436781609195402
0.010043876484763183
0.01647998279771679
0.043948600660423325
0.012543005708030339
0.004641861969448176
0.010192202433581743
0.036676815248243816
0.0017104542966611931
0.023509550110535335
0.0035772929861599806
0.00548429403109206
0.004284631624533103
0.004341471336545228
0.007935469019212861
0.004820097800393367
0.0022988505747126436
0.007699675803124078