0.019362317969129114
0.020921743332609204
0.07807499949839908
0.019868875231903293
0.07133264751610902
0.11275765871666196
0.05657840312913718
0.06281593863237725
0.04637782244768163
0.10748364948779411
0.10516208032062421
0.05073062260468632
0.04133748460373848
0.002104241705260381
0.004789923274643139
0.047182487159267344
0.01541656485854029
0.05724732285453348
0.019557784598232014
0.013014181769799469
0.00211901972737886
0.005481875063918408
0.010329883278799688
0.009392676420540197
0.003220325588746641
0.000612869614417602
0.0031904689524783402
0.0006429874850927482
0.0036160733529154577
0.003841774944341607
0.004615838748965684
0.00869018369018369
0.018694271362053243
0.0025693216345368543
0.0034052165631113
0.00872477962261244
0.004885841573148075
0.004472175524807103
0.0020092460881934566