0.07131294631294631
0.08459776782357425
0.025678336000916645
0.05979278188955608
0.0840715318134673
0.15307529388174548
0.03038860184021474
0.07668988120601024
0.035401629433887485
0.014577883287560704
0.0655508171637204
0.014456547037192197
0.017062173191205447
0.013554360812425325
0.005425064779903489
0.04563949789756241
0.00692268305171531
0.034263681360455565
0.009277180406212664
0.0
0.03469722631012953
0.02623937591679527
0.02386677838290742
0.008336824465856724
0.012739375320020481
0.007386794806149643
0.007573119831184348
0.01374226132290648
0.009427454266163943
0.0019216983733112763
0.006473800989930022
0.004157706093189965