0.0
0.015481588066815339
0.012372985810485812
0.32992001947967853
0.15257850051884142
0.06535937231959958
0.052648064792951144
0.016717405069677796
0.025193992665583573
0.01917514041093587
0.06677570115070115
0.0008494031221303949
0.01465163098685826
0.0004734848484848485
0.026791316848135033
0.03096543082338537
0.00963700913985005
0.029392834648516466
0.0013032106782106781
0.0018961940836940837
0.0021968404070676797
0.0023448773448773446
0.00220283189033189
0.004483616131343404
0.0037542161121706576
0.003013905286632559
0.009768690379485832
0.0008085664335664337
0.004577020202020201
0.0018014498128134488
0.003489345250708887
0.00027056277056277056
0.001341540404040404
0.004429918776509685