0.045543044804128546
0.05955365789109631
0.08920523237025703
0.04447492163009405
0.18936576559729268
0.06433537726641175
0.05743723299142019
0.032323765451844254
0.07056018693949728
0.0675735116006052
0.010669325201344903
0.017372050500129316
0.0007916959887403236
0.036259676284306826
0.015546563452967394
0.007959965595433575
0.011863711001642036
0.01349747679796941
0.00904985818778922
0.01215974091589855
0.013146063022910312
0.008343107357885684
0.0195773711783564
0.024962858706701074
0.007398936586128706
0.009057588552662444
0.005952380952380952
0.001026272577996716
0.006634696720903618
0.006486042692939244