0.0034914139080805748
0.047171271951973695
0.09496727106376228
0.0363966752124647
0.239354174551543
0.06741034449367783
0.059586946867648635
0.007229719729719728
0.032196293161205446
0.010833386929878158
0.06471024387691053
0.022653661250152474
0.004716438049771383
0.01002173710507044
0.09977779933920283
0.002865977865977866
0.0012051525209419945
0.05704013620680286
0.007938410021743355
0.0037523787523787524
0.0019923033080927817
0.012827464910798244
0.006148318648318649
0.003428238844905511
0.01734300955792184
0.00974665141331808
0.010564731398064731
0.020676570676570676
0.004640262973596306
0.007827846643636118
0.005752089085422419
0.00394333727667061
0.0006673340006673339
0.0035785785785785785
0.009958655791989126
0.0018548851882185216
0.006999956780658534
0.003234836568169901