0.057979657992922005
0.08065784370151195
0.06384542086629373
0.09327948959115942
0.2806999720293688
0.016138093384860084
0.005697815377887533
0.03368637028176503
0.028060406392324898
0.04354169484141145
0.020931211125364977
0.024505955832731026
0.020483634397577513
0.002871456500488758
0.01674688998277708
0.02904280419401387
0.012639641143835692
0.002920936590291429
0.0
0.03012773310682903
0.013442238293681416
0.0005040322580645161
0.008475569009843201
0.0233599677652097
0.008466360028860028
0.013708877368151563
0.0009802732638046728
0.006864534435098953
0.005053697685932031
0.002645245066971822
0.0023031739765610733
0.005203242098403389
0.006829309803100124