0.015646273979607314
0.07813586980253646
0.04995272911939579
0.02871166621166622
0.14195961524392892
0.1355195058626431
0.0122040107334225
0.050120920709156004
0.06896539396539399
0.029972559139225807
0.004535596202262869
0.009500572000572001
0.054008585871330964
0.022165659420561375
0.03867458450791784
0.007139616698440229
0.008631997357487552
0.059609542697778
0.0018643643643643645
0.02911151219974749
0.006642481642481642
0.010261576928243595
0.021407679741013076
0.00858592941926275
0.0213745990706775
0.017863117863117863
0.0022999189665856333
0.0021426729760063096
0.024584550810041007
0.009374851041517708
0.0017281987870223167
0.012610933444266779
0.012099707933041269
0.007236001598746696
0.005285046951713618
0.004597562930896265
0.01059621892955226
0.006409906409906409