0.0
0.026802093181403523
0.06473329352639696
0.05985196795541624
0.19759284138594488
0.13063500356603805
0.008473818646232438
0.09303320561941252
0.07743344777827538
0.00542535370121577
0.06036141380968968
0.04944485910003152
0.036281119901809565
0.0
0.002337164750957854
0.002554278416347382
0.0012452107279693485
0.0013026819923371647
0.008092750161715677
0.022039856695029107
0.007088122605363984
0.005221674876847289
0.005727222968602278
0.0066742133983513285
0.015292083395531673
0.021774311257069877
0.0014860426929392445
0.012449702277288484
0.011355011527425319
0.00028735632183908046
0.00753263339470236