0.1170054021217909
0.040392073470085416
0.008699009447672549
0.12886918971536773
0.12060698845851411
0.14501715939274917
0.06531472354844485
0.058083090351099154
0.011094416284727703
0.011875600370410057
0.010761594550521888
0.012280533128283993
0.013757090602010386
0.09811451518434847
0.0372627176512046
0.006819455054749171
0.0022123192711428013
0.008459011774519798
0.008705825764649294
0.009248430317949034
0.009186251400784272
0.005668732139320375
0.008059362142407125
0.007070332589363731
0.0018850974733327672
0.008305039187392126
0.007656395891690007
0.002660074130662366
0.006366041366041366
0.004893638976683959
0.001766751766751767
0.002128382609666032
0.004826338248798142
0.005041373757951298
0.0063419794703217175