0.057528187791345685
0.01646141514562567
0.1515444356775626
0.028631454405448214
0.14329640970507845
0.12062162658137889
0.054616104383906246
0.031157337117089436
0.04142270953416464
0.06522006847084247
0.016210139816950964
0.010442773600668335
0.05545504430953347
0.01632378327424767
0.0020998901803855365
0.00034051078942719807
0.026928693801758823
0.011834869729606571
0.021583760980045812
0.0022543364648627807
0.00023707918444760548
0.03645683498624675
0.012676576995462444
0.010733304154356785
0.018251864304495886
0.01766318848362192
0.0025110470930904366
0.006523330052741816
0.020141968593980975
0.004482535984083971
0.010492549966234176
0.007664431348641874
0.013028808926641747
0.0016460528844429773
0.006357673462936619
0.0022340153919101287
0.004259060838008206
0.002164804718984286
0.003977850030481608