0.015385256505946158
0.014900275331309812
0.144806623772141
0.01000323431357914
0.12550993706166122
0.06195633868047662
0.04392227823262306
0.07375428530600947
0.05023593902904248
0.03272005772005772
0.09101992834751456
0.02144139385518696
0.018664643147401766
0.013725083983704676
0.014828747242540343
0.007374732547146339
0.00028735632183908046
0.0050191570881226045
0.02612678509230234
0.003033205619412516
0.025316755402962302
0.04414920328713432
0.01467988588678244
0.007356404770197874
0.012487933522416278
0.009912051549982585
0.016126619230067505
0.02728248124799849
0.0038010648355475936
0.01095127095127095
0.004945208048656325