0.05556835637480799
0.020692742517339293
0.0362208635898152
0.04339477726574501
0.24586875378206025
0.07583285330261137
0.03144681259600614
0.04923522378159476
0.09228692454498906
0.037498399897593446
0.010104646697388631
0.046724590373783924
0.0004032258064516129
0.041506801889866406
0.013662474398361494
0.04310123120606991
0.009616033607969091
0.025620839733742958
0.02234062980030722
0.0029610622352557836
0.0007200460829493087
0.005496351766513057
0.015293778801843318
0.0030073924731182796
0.016918682795698928
0.002240143369175627
0.0067284306195596515
0.006637297514313643
0.0018481182795698921
0.0054483486943164355
0.004514761672019736
0.006270874063212773
0.0026433691756272406