0.03578670395897287
0.022423514860489643
0.15020220209295834
0.011211333018055705
0.2332730458150626
0.10065508254583884
0.05398572948993116
0.030728498858750956
0.05007444469629344
0.014207986224792947
0.01568000626824156
0.011983812172887803
0.002886002886002886
0.033155257440971725
0.05101458765324311
0.009950877787012239
0.004252610134963076
0.0010644257703081232
0.00928862454072538
0.025751944134297076
0.03891216626510744
0.0031800599027489783
0.0036941699756825805
0.003055282719148265
0.011407096638189076
0.003808215593929879
0.005853530223278123
0.007592491542071373
0.0025012918920481945
0.003234020881079704
0.0003968253968253968
0.00771114506408624
0.003088023088023088
0.0024509803921568623
0.0011522557741045134
0.002452981192476991