0.08789661581254438
0.08403963620433547
0.0026821762115879764
0.05583774135991815
0.07918695226728209
0.12287651171278927
0.033740887491239296
0.06317804884095177
0.039469381633832554
0.047008605601178574
0.059256178949975404
0.05594766821195193
0.04199762535427507
0.015587074887417595
0.035457623126701455
0.0020851348155531864
0.01421658654278975
0.015969126931693778
0.014028207694703284
0.018447563760555268
0.0034850898172697478
0.020936357166303682
0.024664339889253376
0.004059669025066948
0.0013335477731762561
0.01444557621028209
0.008911059697470516
0.0148473530826472
0.010988752023668663
0.0033034058435127953
0.002540878610397327
0.008457415267732978
0.0006455532771322244
0.0018504371445547914
0.0048814673146223946