0.10387900148404347
0.014388543296106318
0.0014833206009676597
0.19427659175558337
0.12067262802556922
0.03432384608855197
0.04165568791619212
0.026201953975063218
0.030318430402464014
0.03326209271587423
0.08061955784644861
0.03745583081717535
0.02408884766027623
0.042160379303236455
0.023594892502455524
0.0011491869475062752
0.009360387511648015
0.002792305733482204
0.03054300508082021
0.012051608522196756
0.0027325475644803376
0.01980737749645313
0.02829465119381086
0.010108164477912376
0.005110771581359818
0.007581153673590649
0.03618061210498185
0.01271053876095893
0.0003361344537815126
0.003526804661258442
0.008506069094304389
0.011321922708477332
0.0032807062218826923
0.005568894224356409
0.0039048533166180233
0.003641456582633053