0.0029032258064516127
0.054378679862550836
0.0
0.05995271296979075
0.2879826617967035
0.09561534010300615
0.04238507012700561
0.04724529529083608
0.04728807983077432
0.03369872625090841
0.0227177896248105
0.028229285648640485
0.02541981281070465
0.014743130227001194
0.003906810035842294
0.0344137224782386
0.024474406400402608
0.0028602938280357635
0.0421056601701763
0.017657450076804915
0.0006298003072196622
0.004147867032117507
0.013322107999527356
0.005872162485065711
0.0005376344086021505
0.006503353277546826
0.012156511350059735
0.005193267271066132
0.005711594259981356
0.006559139784946237
0.007873357228195939
0.0026548362032232996