0.049835343867601925
0.010994919059435188
0.059845847103911616
0.08147713099326002
0.13021470763406248
0.006475507765830346
0.0931454507260959
0.03463477382832221
0.22450691482949545
0.033032397709817064
0.03476547347515089
0.036658287948610535
0.012789725209080047
0.016152927120669052
0.0033751493428912788
0.036661701500411176
0.01989674005803038
0.007831541218637992
0.026508473605247794
0.006800648574842123
0.004183898538737248
0.001075268817204301
0.004350571769926609
0.007348601219568962
0.0019474313022700119
0.006447345963474996
0.003688342720600785
0.010062297320361836
0.0022205154463218976
0.0020471464019851116
0.002027649769585253
0.005341355180064857