0.09002956278916449
0.07886553133708184
0.08505234276822428
0.000583579530947952
0.043529980892963074
0.14051703433972704
0.09232701446323742
0.09221641905831512
0.0332195438044321
0.0002844950213371266
0.030936283828301235
0.010283505020347125
0.02053925845972536
0.04883499903058936
0.01663131173423199
0.0013252118515276411
0.04650138551276531
0.05156449729707197
0.052585418936561115
0.002796004609660371
0.019922448727569635
0.00791184986231426
0.0018097044412833888
0.008998197156091894
0.005788118946013682
0.009539862367031643
0.000769429716798138
0.005226749305696674
0.004953739164265479
0.002115613957719221
0.0021331995016205547
0.002732926019680266
0.005472711891630811
0.005625422653286431
0.004723688536758572
0.0024544668507516807
0.004570772671768404
0.0037898801056695797
0.0012446657183499286