0.13087625197958638
0.1308750169476813
0.07460994727430713
0.04132897498735813
0.12099631491735925
0.037559589525616575
0.056581621197066306
0.028208447326094385
0.01642472771365505
0.014409882056940878
0.08020989007148177
0.013298233461806912
0.0017817150170091345
0.02899874757377116
0.028417824006059293
0.02145267906513581
0.0247293140026704
0.004221653010580345
0.005410684087154675
0.014436798594552604
0.004621848739495798
0.0036939671887768776
0.009969442322383497
0.011778312037827608
0.010029921059332824
0.0042194288183593
0.006882067695216485
0.0020771231843896205
0.013324753549667044
0.0124408271467095
0.002534614558836012
0.00695328636505107
0.004986843222137339
0.006175530223973131
0.0040933467404055636