0.011254487570277045
0.048509931017670954
0.01858766851841644
0.09166451754849995
0.12524507188023565
0.17259069084472384
0.09753831697370884
0.002632194737457895
0.03216867266484344
0.043147095493518826
0.0264729975256291
0.002661628900018993
0.02705931615415076
0.05673553661169759
0.012425771636297952
0.012433656799796605
0.07355142155533226
0.016326488324207078
0.01600973172180602
0.032737783829522464
0.0005734306899371263
0.009333633017843544
0.002544782730541244
0.020014696253086346
0.01016622719409097
0.0003939161833898676
0.0015714094661463084
0.008287046444941182
0.00451127819548872
0.009342048815733027
0.0036212810980612836
0.003095323915757353
0.0038822972340977883
0.003726319283594826
0.0030189568278210935
0.0019989518604477054
0.004073810652758021
0.007120278172909751
0.001463508042455411