0.10302872120099012
0.02019462900415281
0.010382395382395384
0.06854127613231255
0.10051998059000859
0.11428101077260738
0.03442374152458185
0.030417868001901615
0.07377960637764558
0.07995381291599779
0.06510517234606872
0.004303846894883308
0.035657657779506524
0.02129445044010871
0.0035471494995304516
0.023092351418681954
0.046189899166089635
0.023845586926819422
0.005308884237455666
0.05505835563958815
0.006435614649900364
0.0037037037037037034
0.011223883233687155
0.003523705778607739
0.007770294079817891
0.0035203685203685194
0.017593966879681164
0.012865520722663578
0.005812991863412032
0.002566137566137566
0.0038214915595867977
0.00164021164021164
0.009965545917926867
0.005204968286200779
0.011570782159017454
0.002980599647266314
0.004207150873817541