0.03571604691297528
0.03245062838279158
0.013896265584773646
0.0
0.236381705969289
0.09699502808492373
0.02490053908904715
0.1308507825126065
0.06608779095140574
0.0028672604277442987
0.04393910070795743
0.0067032010328381296
0.017364587104862245
0.030376162256202578
0.005779569892473119
0.014711754386505335
0.01076588901689708
0.004140818858560794
0.022885649296939616
0.026751796031029902
0.004043604245217149
0.00861108899533947
0.007286343249044863
0.02013448745540776
0.03883590367965368
0.01577476343101343
0.003250557686041557
0.00771251597864501
0.009855257309894404
0.009589167552877231
0.0049592820999367505
0.00499325745412083
0.00711500081459759