0.08804764111781657
0.038388071364261846
0.04171531070340594
0.002275132275132275
0.28537391794597305
0.023268752040681864
0.035997707388684845
0.09887919515739065
0.008618949972333433
0.005537017285137585
0.01576324028704981
0.022154873113519723
0.0349100414576605
0.06484518788090217
0.00817397329302091
0.030026463835987654
0.05070334265196422
0.011457231040564375
0.028968462962823863
0.008299491513777226
0.0012169312169312168
0.005674279192449619
0.016655958679768202
0.00378665426284474
0.01033899081518129
0.0033809722719497152
0.002059305912689371
0.004417989417989418
0.005945452254976065
0.0035951702618369284
0.005064683993255422
0.012692016977731263
0.007233674614626993
0.0028809814524100243
0.006351095993953136
0.0032248967963253677
0.005251545771595896