0.01397718544895964
0.014544507319056654
0.012232167474102955
0.04654188546800027
0.14106171737813106
0.1341870044224171
0.048115746787473525
0.059752103854926436
0.043072371440492876
0.13013534174290817
0.02044930875576037
0.016592211551888968
0.04286201589629009
0.000687316715542522
0.044504824779374126
0.00815522962700382
0.009916511579818032
0.007776439773593473
0.039333085149617406
0.010128720965414515
0.034850049407686975
0.007386072708653354
0.027725235377631014
0.009416552309697469
0.0026464462956398444
0.01942183765001602
0.00403465821812596
0.004573965461062235
0.013197832896599497
0.011223567506181358
0.007442221756737886
0.005496351766513057
0.008559512514683293