0.048398842536773574
0.11956764180902113
0.027930453964936725
0.05030764254902186
0.12321516924965202
0.03671149412528723
0.0376118581290995
0.06027997545238923
0.015694988281195175
0.007786900200693305
0.18319745388710906
0.015265462506841817
0.02740831327038224
0.004621279104037725
0.04681917699159079
0.016462783704163014
0.01143282005350971
0.02078775630499768
0.02968676279021107
0.0016365626710454296
0.016477717684614236
0.0018336070060207992
0.002468527640941434
0.004408949926191306
0.008012638702293873
0.00524373455407938
0.002845366638470087
0.004789272030651341
0.006041863628070524
0.005364699157802607
0.004816722230515334