0.017655966345482478
0.001080069124423963
0.014426545676545674
0.09980703100662777
0.09824161333737948
0.13519375449819
0.06776436768876286
0.09041607474067152
0.09138001055843802
0.01706640134059489
0.05051263140980883
0.005301561677569741
0.005050695272469465
0.021482538518828847
0.0014280913978494622
0.024330524985766922
0.005897054334554335
0.01118366120886282
0.038723904903340385
0.026548493509178994
0.025485776544244287
0.01061022870498677
0.003353764291264291
0.019417265082587665
0.002478158602150537
0.0032482078853046594
0.007565284178187404
0.012028769841269842
0.01260727959316669
0.019348511031978773
0.0048155809244518925
0.009354752550317067
0.007888977621840525