0.0032080658804796735
0.020238261100330064
0.030065930238344033
0.0511361563085701
0.23714617438755367
0.1752293460052081
0.10439149292597567
0.022056525849629298
0.03468453002935761
0.01742955001575691
0.03539184952978056
0.06559892852996302
0.00482584465343086
0.0013793103448275863
0.01402970592625765
0.009244663382594416
0.005618500273672688
0.026674876847290634
0.003159177986764194
0.01820246803005424
0.01283300990197542
0.004570333880678708
0.01512862616310892
0.02426344728068866
0.0058648056923919
0.005202517788724685
0.006573617952928298
0.008431855500821019
0.0005747126436781609
0.0023555754590237348
0.004605082018875122