0.08207641666690359
0.06731722582350055
0.05343190869610134
0.06989744262471535
0.12596944787719777
0.05151434889870512
0.1041924900902815
0.03082285579926347
0.057374415980854604
0.02540955776249894
0.026544828866810286
0.06077140968616276
0.00937880202586085
0.04956554169377633
0.0007377698554169142
0.009541045520375331
0.025040319157966215
0.010513043601278896
0.010184772877443527
0.024973671188137835
0.0458327924158374
0.0309573076952756
0.004386457352260898
0.014300568712333418
0.005992700110347169
0.0020019969710372188
0.00196078431372549
0.0048503882728481666
0.004334186545573774
0.014646464646464647
0.002201702535927135
0.003859788042169129
0.005925810671799977
0.006615769851063969
0.0050043094160741215