0.017794011544011546
0.006392045454545453
0.06494572346845073
0.050286482246709514
0.33402422493331585
0.07925480453889544
0.008928571428571426
0.0014204545454545455
0.06473371430757793
0.003787878787878788
0.054810961345052256
0.009084145021645023
0.07375787091696183
0.0010732323232323232
0.012346681096681095
0.014331764615855525
0.012229437229437229
0.002919823232323232
0.022212451899951902
0.003158820346320346
0.014393939393939393
0.0012941919191919193
0.004786706349206349
0.013362794612794614
0.010366311928811928
0.00769901394901395
0.0025357744107744108
0.0057841674318947055
0.016317189754689754
0.0018150252525252523
0.008754208754208754
0.008237133237133236
0.002874729437229437
0.005573593073593073