0.1453619295175272
0.032581201917065296
0.08191285768135866
0.0556837964902481
0.07707785573060716
0.1332555970981018
0.054981613368710144
0.04726552806249199
0.019803338484552905
0.001307259049194533
0.09409904453547717
0.02980302254495803
0.014330269491559813
0.028688468043306756
0.023147276505910284
0.025108551228095823
0.014633399140040505
0.0063762521827037955
0.004512870641902899
0.01918679886421822
0.0015360983102918587
0.00511179382147124
0.0029348787413303544
0.0030449657869012704
0.014452202516718646
0.0035902031063321386
0.008289810547875065
0.005275845105067116
0.003489580908935748
0.0037788018433179723
0.006795605827863893
0.006776831292960325