0.022318888894263984
0.038122444907989085
0.042171453902223134
0.04991512496394612
0.14055742870996502
0.1782807389350614
0.029865950513723788
0.0721891713818363
0.023292978950873684
0.04023882849793781
0.037109612909208056
0.0258446025938286
0.003627406107163192
0.007803137408400564
0.018061631725599332
0.013818290875328265
0.04616829414400264
0.01154477626137545
0.0037647537647537655
0.03135411222455757
0.02297507298519444
0.014505913190123718
0.025264009098255342
0.0038399795365739635
0.055796946894231966
0.01260413036550212
0.00878141951016445
0.010703137018926492
0.001354474360547235
0.008423940357138738
0.00371363414707068
0.010526199696240182
0.006546139420633347
0.003881193030990602
0.01928879899527673
0.0037732398056284705
0.0011737924693390278
0.004527544355479578
0.004751647362983394
0.0035974323322501456