0.07794718423750681
0.028689112560080297
0.022521711193437946
0.016809182454343746
0.1926404058377493
0.16482612545231143
0.022779297447229136
0.058218936871688304
0.05306716756432127
0.01701321975515524
0.04723317479484462
0.04945105249659329
0.03233780135108409
0.011586951245395268
0.012324085711182485
0.002626805691321821
0.017174432497013142
0.017477253928866832
0.007328243125207072
0.0019364148396406459
0.024298264108510787
0.020149776430611346
0.016850914915431045
0.0011930363543266767
0.0007168458781362007
0.0024951750758202373
0.009707172439620259
0.01294930875576037
0.010850827786311659
0.003764526990333442
0.0028868699646688255
0.005740120094958804