0.10867389439370864
0.12279970236626586
0.10990478088001307
0.00925910128696506
0.08170272825845581
0.08417936192703995
0.03231525839884973
0.01143944030940935
0.039089741179524455
0.03337757362525163
0.07237828019561765
0.018212809931076185
0.005343836845384834
0.010294911533301624
0.02131124367966473
0.022817801765170183
0.009387398203187677
0.02080687072947135
0.0019701479453801437
0.04727674959873102
0.03174136989926464
0.028638401664717456
0.0041286974723507225
0.004030916530916531
0.02642654995596172
0.027670267143951353
0.019377072666546345
0.00325479009689536
0.005111868927658401
0.0046823138928402085
0.004702788913315228
0.010404261062155798
0.005177023443277313
0.0006519677572309151
0.0017770162507004612
0.010185437430019472
0.003407243538822486
0.005232640758956549
0.0062915944494891865