0.0035843299001193734
0.12289780087564021
0.22696819698204745
0.035320035458539616
0.12447653915797964
0.09331379608387917
0.04256664388243335
0.0039019460072091646
0.02113222778042723
0.010934038773373954
0.013485383499233915
0.050744723113144166
0.05668302406529554
0.005577512156459524
0.002108756125376624
0.02622148550126389
0.002442586653112969
0.021513817566449142
0.015685384175688887
0.01346952011771956
0.009344449025889469
0.002915943705417389
0.015845168476747423
0.025037681616628983
0.003063310958047801
0.0020264822896401843
0.0073800955379902744
0.0009371719898035687
0.011969171179697494
0.007692891903418218
0.009337248880185169
0.004806889017415334
0.004497890024205814
0.008581282265492792
0.005368021226746988
0.004739215334783203
0.007243000664053297
0.006130711393869288
0.0021577837367311053
0.0029855621960885115