0.00940065681444992
0.0335124645469473
0.051708437976910895
0.08355175885964063
0.0849523218981347
0.05083221376324824
0.08872900498516262
0.055644369314320055
0.06824845925831147
0.09978384368778458
0.049855870730254964
0.029035838272291472
0.030786400244528316
0.06267726526347217
0.014104983686264474
0.021202791461412154
0.011568412430481397
0.018347648520062314
0.014218540080609045
0.014423528031902416
0.00806943467041989
0.008117416245495062
0.0027895954620092553
0.02511710375010868
0.008767300023457658
0.006158879434741503
0.006724884311091207
0.006258307920869497
0.012382711705371802
0.005788177339901478