0.027069724380937195
0.01412981341471044
0.00455248146895744
0.023436585936585933
0.12207804418902816
0.11230013329555665
0.1180379719853404
0.03459237992990853
0.12754331630189755
0.04066595645543015
0.08534928463418168
0.021421080603002796
0.01345825544910213
0.05513295561922565
0.023237123237123236
0.03520639962287559
0.03984801018553879
0.00883424304476936
0.014992384729226838
0.01551824380771749
0.008987698432778525
0.0023838004101162
0.007164677530810253
0.0015006804480488694
0.017628084733347888
0.007176859808438755
0.0023843905422852793
0.0005585729269939796
0.015957687010318588
0.0018587781745676483
0.011285922384320555
0.0023510352457720876
0.005897062476009846
0.009908883593094117
0.004404223483170851
0.004333237885869466
0.008614515136254268
0.0022063357303631903
0.0034696949170633378