0.007896695396695397
0.06383168049834717
0.04451716326716327
0.07334024834024834
0.034675440925440934
0.1051749468416135
0.07180041555041555
0.03480777855777856
0.14434709434709433
0.031195910362577038
0.15529811988145314
0.019353169353169355
0.009304569721236389
0.03621349871349871
0.041584718668052
0.009478526145192814
0.010706562789896124
0.02503690420357087
0.019446286112952772
0.028793032959699625
0.0054666846333513005
0.00724748016414683
0.00261367969701303
0.0013168471501804836
0.011926320259653593
0.004500204500204501
0.00025025025025025025
0.0047220380553713885
0.004141262474595808
0.011355565522232188
0.007403236569903236
0.00037537537537537537
0.0019383019383019384
0.0020441770441770443
0.009767261850595184
0.004298460548460548
0.0014180847514180847
0.004964559131225798