0.023925234711525033
0.034573988959069595
0.055328866921608856
0.09935830298733524
0.04312064503596761
0.06750888000888003
0.10140252332792654
0.03291250640040962
0.05860063995144641
0.08633656330228913
0.05794639947865754
0.10527397669534767
0.009802372806405061
0.008396045039190201
0.041122654227492936
0.007720516490677782
0.0031411464879206818
0.022088613671274952
0.01227525834380673
0.004209746346843121
0.010170877509587187
0.011595287552948844
0.006589898676592225
0.03364806116822245
0.005902777777777778
0.0066425789712080035
0.007418751723187206
0.003632909429280397
0.0035119786127850642
0.003718391823230532
0.0028008561778723067
0.003919523576781641
0.0012096774193548388