0.022781311919242948
0.10559622369967196
0.025642480125238745
0.037198114784321674
0.17497143341970925
0.059787862201655315
0.017875272875272873
0.006584424515458999
0.042322951633296454
0.052764413109240696
0.054091693746866155
0.09108127823645064
0.029730888523991975
0.059991375163788954
0.01678716558026903
0.013867078005009038
0.03369254627875318
0.009999626809971636
0.02199825079135424
0.006729611384783799
0.026239019601088567
0.0034683707097500197
0.006552081379667585
0.016941749183128494
0.006821052510707681
0.010111153214601489
0.003777678260436881
0.006423097974822114
0.010148414803587217
0.0033025339921891645
0.0020311903932593587