0.0817537004776094
0.01223845028399108
0.08490659245877463
0.001597542242703533
0.09494720228116811
0.0916706789239996
0.23645223951675562
0.031294363272541634
0.02653942252139595
0.011862859889425351
0.0012032770097286226
0.013064420294021809
0.0004337218758471131
0.025500705984576953
0.009003644468540102
0.0
0.011781491753028754
0.017051781762407948
0.06219259551327861
0.002900332326328531
0.01283331750124919
0.003127719318421406
0.02774766030933014
0.010407621579348336
0.015661685984266628
0.005080947410169422
0.008374781975351235
0.010924807850804056
0.0056025831642529935
0.002803082784107452
0.012220127542708185
0.004304512691609466