0.06460734996831252
0.08473464048330358
0.019252301471552807
0.022894272493202975
0.16017384526742814
0.10899053165095948
0.14599111029592315
0.038873816814993294
0.029222547604900544
0.040560687084751246
0.025458686688633218
0.010604002849992154
0.0410193416209459
0.04318071263258429
0.007217374129138834
0.005627351950881362
0.0327674776204188
0.014278351377281858
0.005542115836233484
0.003303232714997421
0.008487890105537164
0.01062794405040394
0.002553610976070869
0.012607871431400844
0.005695965254788784
0.013975297330912302
0.016401745412440598
0.004705806176394412
0.0017761650114591293
0.007078515166750461
0.0
0.004271419311526263
0.00404040404040404
0.00532721635662812
0.003497992401735717