0.07680225795199054
0.11870739678226311
0.0085514703161762
0.15176818538724798
0.11777925059224209
0.10762676836520813
0.05081049590722443
0.10819330000676335
0.016870910304379944
0.00201878731290496
0.006537330267276791
0.018535122270573672
0.005002904310862788
0.0005888719124013241
0.023226611446177346
0.004527063350592763
0.0196691405247555
0.011432796258999463
0.010468184257111593
0.01705365341728978
0.016451116718496396
0.006284612100120121
0.010203930056871233
0.0023677575148163387
0.012676994227796367
0.010878085075946039
0.007149409547962552
0.0016127663186486713
0.011115130165932305
0.0036309748876593795
0.0024352009646127293
0.008746991477409847
0.004400677788535605
0.0042005231844804035
0.0056325482796071025