0.02915181719658976
0.019102880528219894
0.046982977418795466
0.010603480340322446
0.13528535558185475
0.06356979683366919
0.05350967071614844
0.2064581846315592
0.024224288364559855
0.1009198300398586
0.056894834413291184
0.014880733301785933
0.037578693038326276
0.008639812861056013
0.0365023153484692
0.012015615962984384
0.0013884563479705178
0.005567045040729251
0.01056355550282676
0.007801029556209361
0.023218174617317268
0.029067229067229066
0.014353360292869696
0.01385359280096122
0.003359871673755931
0.0013051276209170945
0.009760171602276865
0.00625027993449046
0.0056464303427866186
0.0032066136257610416
0.002039329867384166
0.00295664374611743
0.006872786832301003
0.017750971079144456
0.003644386229525548
0.002958512252391748
0.0019963617129609033
0.007370061513905288
0.0031119952172583747
0.004172139900884839