0.04534094989977343
0.08106998043972831
0.04182072829131653
0.037018079959256434
0.06591679095880774
0.10426140153030909
0.022869052049724323
0.04502465321793053
0.1235350107408931
0.0010175282234105762
0.05162270968993658
0.04091023822116259
0.12391493660401226
0.01734584742988104
0.01430963993989204
0.037022687863024005
0.01187620502746553
0.012367734972776991
0.00861762886972971
0.001368608049280318
0.020713315629282015
0.008949034159118192
0.012995046503449865
0.011824851152582245
0.005783040488922841
0.011379339614633732
0.012036269053075775
0.0015966386554621848
0.00942534589593413
0.007628445317520947
0.005420853656147774
0.0033627996653206736
0.007639055622248898
0.006724727186912062
0.0006930044745170796
0.005085215904543636