0.009280102613435946
0.09838180338180338
0.039386719981958064
0.025652162185775634
0.2727045920673372
0.04364323066704019
0.08370111784677611
0.07145957321027348
0.04534042236423187
0.014670800980324791
0.00836473050758765
0.013332599032879146
0.04431230689634051
0.016448591091448233
0.014747280937757125
0.023022079072499237
0.015193999122570552
0.013206164620730446
0.013954659304799357
0.0014576941887866257
0.001996775918344546
0.005204711514235324
0.007001305572734146
0.0022234819853867473
0.04644738418547943
0.01164217616598569
0.018810783572688332
0.007014566769468731
0.012862772148486435
0.0034260580689152117
0.009864478554954745
0.004087467413797946
0.004615692949026282
0.010545757800659762
0.0017636684303350973
0.0045358345358345355
0.005093279736136878