0.031402971230557436
0.03209186088496434
0.06147986751435027
0.007752949477087409
0.07595803940631529
0.19421007472731605
0.06854009336767958
0.04785010647079611
0.11267644871093146
0.009967069967069966
0.04168239168239168
0.028607069813966362
0.017180259076810804
0.0035703759841690876
0.025105124760297172
0.002980927118858154
0.0414314166038304
0.02372714131334821
0.014367280229349196
0.010160414298345334
0.023694102832033867
0.03246454056798884
0.01066690014965877
0.00647609095884958
0.0005747126436781609
0.01405521043452078
0.004068460275356826
0.002890978753047718
0.007104345207793485
0.004406130268199233
0.0037761855003234307