0.03633286539366394
0.002948943239324364
0.011687552213868002
0.05870779368510766
0.11464073249463447
0.03538758663531803
0.016402651928967713
0.02155827569620673
0.07048286005182557
0.21480460723654915
0.01597609925196132
0.02110444472513438
0.028416417218595075
0.029309502422025107
0.014370718681063507
0.00682597297842307
0.03676221288290253
0.030656980312152724
0.004621995602031899
0.019289363254880492
0.037459550767173264
0.035350301039956206
0.01655669127538456
0.020015508118956395
0.010013709151640186
0.0020178799489144316
0.010221757807964704
0.008187457497802326
0.002333635813672111
0.0069532766084490225
0.000832541122922248