0.048992801121723877
0.15015964273150104
0.003986645163115751
0.0
0.15143645829971644
0.062362955518827326
0.08209357417465002
0.10199622839073656
0.027055793533066256
0.023494577030101584
0.026260781516463334
0.08058806054008172
0.001721007926151467
0.08382312602557819
0.010421817931536827
0.012674106805386708
0.017628394332939785
0.007992300455535749
0.009510240031322566
0.01883106634527089
0.004873200851071664
0.019111361680141582
0.005853488089450656
0.0018623737373737372
0.003290104781582054
0.0027184726048362414
0.0021608126721763088
0.00629046879046879
0.0038720538720538717
0.0025649224512860874
0.012933933175410448
0.0013591800356506241
0.006647138883101449
0.003538971107751012