0.0699186767061637
0.02466191992426309
0.009629928397241415
0.055708226830110494
0.11417864714749312
0.156093957630351
0.006933701878300213
0.056059819425470406
0.04312993229198215
0.07513035355911478
0.02605582968028287
0.04386839435315889
0.05281601926338768
0.007664637212712566
0.04207829207829208
0.0006632986896144791
0.02846196346967207
0.03107114620272515
0.003322795497310732
0.03248208393637756
0.01188093095987833
0.004005254005254004
0.0038680660584685337
0.03823240995500054
0.02103442796167254
0.017194744826323768
0.008505211040902497
0.0025419268840321473
0.008850257730943608
0.01294716492084913
0.004353833301201722
0.011531625695712382
0.00552454368243842
0.003632076346757787
0.005057564268090585
0.003714608977766872
0.004235311472153577
0.0033575335075692304
0.0030947870649679346
0.0004892037786774629