0.0016571969696969697
0.004141290354525649
0.08206398288283315
0.011559836417790962
0.27710235521064397
0.22410772531093384
0.053001286381968195
0.050229983301507374
0.05624352808510562
0.04240647820193275
0.005104071013161922
0.0036962563951200315
0.0003218459100812042
0.0062199795154340605
0.008719773492500766
0.017008832917923825
0.011053554227016793
0.010867809589400501
0.005369919432419431
0.0008928571428571429
0.004104463755199049
0.008715304303539598
0.004014099326599327
0.000700633788869083
0.001578282828282828
0.0010583778966131907
0.0007953307585660525
0.00463165306915307
0.00872456822490245
0.004804169142404436
0.0012626262626262625
0.0010281385281385282
0.009063006648233923
0.00199320695644225