0.046041568142408465
0.021094353825446256
0.1773200608914895
0.01588242289922962
0.1556648207068375
0.017994507826440603
0.09701613512537884
0.10530698526496846
0.044235526378383516
0.05591603541183374
0.03626068142874865
0.006850194623303866
0.03119301799974069
0.024899857378848977
0.019345192622503546
0.0005402160864345737
0.007497847623898046
0.006054421768707483
0.005047389585204711
0.011007190755089914
0.0036321195144724547
0.0037229437229437225
0.010607030691064303
0.017110965598360554
0.01118520135326858
0.0015800259497738489
0.01265441374685072
0.015215456812095468
0.01105904832795589
0.0036234493797519013
0.0016298827223196971
0.0050066693344004275
0.006177277437781641
0.0042043484060290785
0.003624862532425557
0.005478550394516782