0.13788672538672533
0.0009884884884884884
0.049636953803620466
0.10257784632784633
0.10730990939324271
0.013716313716313717
0.17184476142809474
0.01645564978898312
0.03493432868432869
0.00036575036575036573
0.02878933712267045
0.06874861666528331
0.0469651386318053
0.005985655985655986
0.0008121758121758121
0.042077804577804585
0.0016285224618557952
0.015640748974082307
0.007405782405782406
0.030757020340353675
0.007822216155549486
0.009234338401005068
0.008663631580298245
0.008022943439610105
0.010733369066702398
0.02013340763340763
0.0016082099415432748
0.007837653670987004
0.012471074971074973
0.00238333571666905
0.019941457441457443
0.00074002574002574
0.00830592497259164
0.004438421105087771
0.001710845460845461
0.003435188851855518
0.005832618332618333
0.00468032968032968