0.02900952700829548
0.02537850040747752
0.24678973791912073
0.04317762110068688
0.04221522826637286
0.032487034682050615
0.029352277443410443
0.06309487202163239
0.04783245827870575
0.00160032665103659
0.06340842100042332
0.1508723996390615
0.014869011667041222
0.023251943048741078
0.006677302582474996
0.0007606490872210953
0.0023908152602733885
0.010834772780585587
0.006123426382047071
0.007350084555966909
0.009128815902214918
0.0010859829825347067
0.0008107553366174055
0.0026869682042095834
0.005181618101786168
0.00799923940318029
0.011051844980416408
0.0034306826178747353
0.005423606224098835
0.0047388547895647285