0.024639737139737137
0.06649832605714959
0.017044154544154547
0.0349860347409367
0.15503406545073212
0.04835528168861501
0.05362016820350151
0.039962305771129296
0.07088755397578929
0.09044528186685048
0.053146352043410866
0.08915232224055755
0.07495730865828905
0.022813176979843645
0.009748547248547249
0.0016283766283766282
0.001426128509461843
0.0011824324324324325
0.012362524862524864
0.025767856160013022
0.00939000081156944
0.00753074503074503
0.0013385950885950887
0.0015754390754390754
0.00839356672690006
0.005432867932867934
0.010957981791315123
0.012709440405518838
0.00334322417655751
0.009761340153497016
0.005457205457205457
0.01049805216471883
0.0022522522522522522
0.009965430798764132
0.004971150804484138
0.005844535011201678
0.007295530824942589
0.003138219804886472