0.03553812814538157
0.014310512083621326
0.0
0.03148904145144748
0.1936586706821117
0.12869496492008656
0.033906891427899835
0.013052008682260785
0.006043114829050257
0.06542909422387529
0.010953469106941022
0.09135923342469118
0.01580027815321933
0.0383418493148701
0.011427195586859451
0.11060748725941116
0.014135229849515561
0.00952739113066402
0.015485382964374555
0.021183620301267362
0.0337907748058124
0.0021505120266730174
0.0068072450425391605
0.0007563025210084032
0.007916621193932117
0.00953116444713083
0.01560357476323863
0.005191224815284966
0.014120981726023746
0.012189519164309078
0.0036620895444424858
0.018462112117574304
0.006405956321922708
0.0050313458716820065
0.0076544137468507216
0.008269993312010119