0.08114385794253566
0.002621331870100343
0.059518505577618876
0.027822013782604915
0.25426330701965916
0.0695427127822772
0.01578726508561873
0.033921289654372355
0.14860274904998785
0.047957577092915434
0.00474440037247919
0.04978047458116164
0.014183866215885918
0.014329547026591363
0.016502989347816934
0.009285279796687626
0.013392218072021025
0.01655381427548915
0.0031718589292480913
0.013439884878178886
0.003855052992984027
0.0035260464480065205
0.012886005619995769
0.0065379338778353575
0.015754688661092604
0.016276621572188073
0.003910925555014225
0.006294471811713191
0.004490444090521871
0.007735378332668975