0.06994608418757026
0.09674403335864085
0.09140440456229931
0.06327507242700081
0.14051319384074054
0.057394576815240884
0.0030791794642210154
0.03577956874355766
0.06462438274649202
0.039307398549260644
0.0348008716429769
0.03658292268456342
0.05998108933864314
0.021191146887741315
0.005234823655876288
0.026495167119501232
0.02217406842317535
0.012700919166744361
0.00800184221236853
0.004771149646495907
0.019793967245741475
0.008444868971184762
0.02067050882840356
0.008992664255822149
0.008216014181720303
0.026395631438498785
0.00645261171576961
0.008023212039832538
0.014398885141919199
0.0013164510068534837
0.0017768780926675663
0.0
0.004013822434875067
0.014649921228868601
0.004646230962020436
0.004114014640330429
0.003558356018841597
0.008088110719689665
0.0038794538794538797
0.004693357324936273