0.01808413598186326
0.006245374995374995
0.04898374264402972
0.026320104116156748
0.09021816943467661
0.15678975878587117
0.12082994867085774
0.02563957673108391
0.08245289344272598
0.02019874922835449
0.07841554295651186
0.002215676789540426
0.01763255324110587
0.015911182672546303
0.006134259259259258
0.07831887704046794
0.00318512506012506
0.01701087184789338
0.00884506879572669
0.029092732980292788
0.0038283475783475783
0.003914141414141413
0.034380447934574725
0.018147720943773572
0.0016694654030180345
0.00101010101010101
0.014754379392537285
0.006144029581529582
0.0037720959595959596
0.004453648203648204
0.025331229166456436
0.002956649831649832
0.00988211045776835
0.005867652084757348