0.05449685691065002
0.08006025902577626
0.027527708562191316
0.023721202169478026
0.11430037361979285
0.004085680065716363
0.001545338441890166
0.1107837007383287
0.06161864082009273
0.05311786318138405
0.04597532466860961
0.047392877002677344
0.0022779519331243467
0.02864315525840026
0.007695837468977215
0.0633828935734562
0.011924831235176063
0.020206415551243136
0.05766475307310154
0.00587873812011743
0.011428571428571429
0.03992850464719794
0.0039821863959795
0.0036729362591431556
0.02348152251056062
0.012647352647352646
0.00305062115406943
0.006577506985855443
0.0036763364349571247
0.016651490272179926
0.008924408924408924