0.01882017298683965
0.004242500075833409
0.0004004004004004004
0.24486680320013654
0.06477352519019186
0.17689329772663107
0.03822220072220072
0.09307817641150973
0.04519532644532644
0.0561427998927999
0.013086029752696415
0.0690874440874441
0.011533915700582365
0.022482401649068316
0.01260179593512927
0.005052867552867552
0.01607004732004732
0.007550515883849217
0.011724278390945055
0.001787014287014287
0.0009974259974259974
0.001358220108220108
0.014631568798235465
0.006133049883049884
0.008687475354142021
0.014496449913116579
0.010755019088352424
0.0010427093760427093
0.004297116797116797
0.0025031150031150032
0.005131917631917632
0.0030203363536696875
0.0024503670337003665
0.0012103012103012098
0.005236188569521902
0.001796960130293464
0.0020743145743145745
0.0020674520674520674