0.011983023978822298
0.04074699110413396
0.07446354107253761
0.03551714858437548
0.16507368489696722
0.020136054421768707
0.11285778523667798
0.022279038860848057
0.058724136713508936
0.02373251864848503
0.029444110977724418
0.003798342866558388
0.09304155502870283
0.056813599565700416
0.013752834467120176
0.05638820233975943
0.013579036715467755
0.007881485927704414
0.008115280803120644
0.010261694421358285
0.010426734796482694
0.01915281798994108
0.010936768646852679
0.018792904793893422
0.01402294251033747
0.0003361344537815126
0.004443651586508729
0.015284113645458182
0.01497153310796415
0.004007936507936508
0.015446239101701285
0.001800617682970624
0.0036424569827931174
0.002001467253568094
0.0014495798319327732
0.011416723552165966