0.0499819430359728
0.04460710602800885
0.051992064088838275
0.04339620100780593
0.1172223415771803
0.05987584218733724
0.10247346672768624
0.08215744626335858
0.08495122795207687
0.048133614575739815
0.03472787964723448
0.011187862316894576
0.006454902887540458
0.07392774568071682
0.0018679349324510614
0.03365829488819602
0.010810664842922908
0.029951256432830385
0.04542912740281162
0.003309846162138183
0.005011959366798076
0.0020097286226318485
0.004056472201633492
0.010642385844123584
0.012807148926693518
0.007072196809038914
0.0016223024287540413
0.0012007168458781363
0.002741058003217196
0.006549752517494453
0.005152329749103942
0.005017180046891423