0.013965304096883046
0.08026193420930262
0.11739539305328782
0.11986776460460669
0.042309612704349554
0.08505348768506664
0.05948568382778909
0.03299913892019155
0.05075792707371654
0.044342531184636456
0.034498625288098966
0.03642377063429695
0.02185531396057712
0.010823337797022008
0.023512995223521533
0.021708140129192758
0.01003342319131793
0.02698596645965067
0.007790309106098579
0.00863927837612048
0.001296648665069718
0.02341023525234051
0.015316465974360711
0.01097748466169519
0.022830725462304406
0.002304235198972041
0.01601865022917654
0.001671408250355619
0.02186557712873502
0.028434415276520537
0.01472549104128051
0.014910551752657012
0.0013824487508698033
0.005127684075052496
0.005876176928808507
0.01624229058439585
0.001878621615463721
0.00951849833428781
0.007203733519522993