0.006160324032994841
0.016624900672519722
0.12093529228409267
0.04425303585393709
0.17268704017760156
0.05057778071646662
0.11092643314434206
0.07206908149789651
0.0732479643659768
0.007477531168768531
0.03352859662383473
0.0036315939222101687
0.02433886629097322
0.037990928565158254
0.05256340641951408
0.021989543866599032
0.00797977595596643
0.0183146971275701
0.006492407504312266
0.02024042095470667
0.016764201407058546
0.006015805182471848
0.015219562617565296
0.01417732285531579
0.001736788991690952
0.016777822240007113
0.015011064006923218
0.008805017733589162
0.003974552784076595
0.004144105453629263
0.0038144659573231
0.004317644436692056
0.0024040641897784755
0.010090187590187588
0.003231252874110017
0.005057949105568153
0.0013492063492063493