0.022367316596184617
0.07134873200617146
0.08682644619619409
0.03477909880529752
0.30758795277332096
0.024355033388646835
0.037722226145360103
0.07892920448036611
0.054803026105547124
0.005239742956005932
0.04003377108419125
0.002296918767507003
0.05134615151421875
0.0017476794639424398
0.011539949313058559
0.014910486339057767
0.0008403361344537816
0.00749024386938376
0.002515829861356307
0.006636230249675627
0.020202202092958393
0.0009391992090954029
0.008132136990268478
0.0020188075230092037
0.0022543562879697335
0.0063004176029386105
0.0014985994397759103
0.003291316526610644
0.005298035298035298
0.0024738736849463493
0.0023249299719887958
0.005929111257830981
0.018089549545308323
0.004835850424085717
0.0007703081232492997
0.003585434173669468