0.0024210896479804045
0.09540124208191435
0.06706816120590325
0.07375852966097762
0.16621806440220765
0.15719919730332593
0.0708978905233929
0.017212134270957802
0.0006402561024409763
0.032541483401914525
0.08263646251041208
0.026480774127832948
0.005235427504335068
0.009766455077014083
0.00604335825746129
0.002359030568749239
0.0059556736447492755
0.02097117634932761
0.031870835290638
0.007995053499255177
0.017394610423474142
0.014819946626669318
0.00616565730376472
0.005975784253095178
0.005097665294961606
0.0040998217468805696
0.0
0.0014176105224698574
0.007930215564486665
0.0026750544141848492
0.009826051632774323
0.0008293752283522105
0.0045231425903694816
0.009510550140802241
0.0018521347933112638
0.0