0.05154764832635981
0.03939127295569872
0.03567219817219817
0.02657744061105406
0.15450537920425875
0.1108869569583855
0.07109109870314352
0.02290707528802767
0.03159645909645909
0.011155202821869487
0.03833597904326195
0.01485314068647402
0.11768524633370574
0.10550443824253349
0.022362221759980865
0.016609250537821967
0.008979167424545577
0.026710712775138548
0.006166230802085143
0.00317314960172103
0.0017104249107050226
0.00031746031746031746
0.0038881621024478164
0.010582446653875227
0.0064506745459126415
0.015930398059249597
0.0026631393298059964
0.004362226372030294
0.0013932980599647266
0.006876713648422332
0.0042290249433106575
0.002808641975308642
0.0011948853615520282
0.003225141908615298
0.0025264550264550265
0.0032716049382716045
0.0017479213907785334