0.09396400944983942
0.03361010334694546
0.053830035611412134
0.033457060633173996
0.020347222877587244
0.06916594801210184
0.1372768968922815
0.02570631123262702
0.20280855371948492
0.07223897522480519
0.02231687940189964
0.012585148769359294
0.002157102157102157
0.013142242747505905
0.01777456499116418
0.031272747720116144
0.006835479709973637
0.007482931673215073
0.04443939251631559
0.009599854336696441
0.0015947989632200156
0.0008724219250535039
0.022610527873685768
0.020526555091332423
0.007473760307768404
0.002705983475214244
0.007297770455665194
0.0012589899229575343
0.004852506168295642
0.0033288349077822757
0.0023820234346550134
0.01204122013838613
0.011069452364998924
0.0026653171390013494
0.0022498943551575133
0.0019715421031210505
0.0012317117580275475
0.0016628595575963994
0.0017335977862293652
0.008798852219904852