0.1195312095312095
0.037923522685427445
0.08806845271130986
0.09091933639552685
0.089042694518885
0.13017881369071843
0.03745645888503032
0.06674136709850996
0.029572746477508384
0.03150138001328477
0.009301461325270849
0.0001984126984126984
0.01480580266294552
0.04168278590897639
0.060668758049710426
0.018475056689342403
0.0032655241583813012
0.004499358666025332
0.011804610733182161
0.003953039905420857
0.0035809979262360213
0.008925131306083686
0.0021624407338693055
0.02396573444192492
0.005449008663294377
0.0035366881795453227
0.008842616818807296
0.013748861367908989
0.0025691900691900693
0.00037792894935752074
0.0034139581758629374
0.013512025892978273
0.0015582301296587007
0.0015010078105316199
0.0041005291005291
0.004195956160241874
0.007381599881599881