0.004165156258581863
0.04063132245905355
0.05423246989732407
0.028006772844884554
0.11054683987951411
0.28249156882004145
0.09212291415949347
0.01152594371081766
0.019833644413476344
0.02101733508431482
0.03296518840636488
0.07186603984799733
0.009296385220754969
0.008732518648485035
0.024651921374610447
0.01843367650090339
0.015009355723641439
0.020357476323862873
0.005726242231432542
0.024751915437778018
0.017179496232882296
0.0044971578374939725
0.0004201680672268908
0.0025837607770380876
0.0038812191543283973
0.0033045586258636183
0.008747062927735196
0.011301770125299537
0.002394207100089453
0.010319461117780444
0.0048478972008383775
0.0019956760984936963
0.0011204481792717086
0.004424497071555895
0.001550851109674639
0.0015376693663890896