0.039986034588307316
0.011968303161484978
0.05516364948183129
0.0369620856836766
0.14487310879356335
0.12282887041409767
0.1275383707201889
0.019895724015042193
0.04133980497616861
0.05021262407626044
0.06730406062792427
0.0008417508417508417
0.016318009641873275
0.010268130438584981
0.008647623420350692
0.07812868949232585
0.004054000502864139
0.01114527307709126
0.04294869692596966
0.009633606082469718
0.00871376098648826
0.0039473468450741175
0.009500647710874981
0.0027920574795574802
0.01301065306747125
0.0029776936026936025
0.009523126284489923
0.010526599873190783
0.006675658096112642
0.016151162600026234
0.003637566137566138
0.002720727294590931
0.002299920197647471
0.007464662862390135