0.002124695228143504
0.011427659186279875
0.042929146205008276
0.08219191089880745
0.0767053731708904
0.06079835553973485
0.0739027894200308
0.08179350981075116
0.09695791437170746
0.025681610854024643
0.030608092418437243
0.08459418614591027
0.014455872990355749
0.01845967889071337
0.04411175031864688
0.031950083760428585
0.017525086663017695
0.010683352407490338
0.0032960143304970892
0.021769708580053407
0.005900549003997279
0.017793368827851586
0.016303386906835183
0.0038807616393823287
0.02250755630065975
0.0228288314495211
0.016508102370171335
0.00880085750775406
0.0023958640337950685
0.010437046988771128
0.006194125159642402