0.0015286114445778312
0.14032363994548872
0.18239852584390398
0.05344102676035448
0.09784401872637163
0.0209020577928141
0.1082048483729156
0.039209637234847314
0.03926115900905816
0.003869039457274752
0.0020371785077667433
0.001086495204142263
0.04270011034716917
0.012970642802575571
0.005757454496950295
0.020631282816156764
0.09088219903345954
0.014708302901580211
0.018387415572289522
0.015609838340930772
0.0022875816993464053
0.011050602059005418
0.0034274315786920833
0.010644416274668375
0.004348406029078297
0.0055299695635830075
0.010155941164344526
0.0007206518971224852
0.00677252719269526
0.0030284421460892055
0.005478191276510604
0.0034220961111717414
0.004520269646320066
0.011378346210278981
0.004435629729747376
0.001046012810718693