0.07583605149394625
0.013274085642506695
0.06944318128528654
0.08635378569589096
0.07864642272537009
0.144430972062551
0.08031249807565596
0.07304754475807107
0.032185919028024285
0.0018269722217090637
0.04474222632117369
0.03197314184156289
0.032162130188445985
0.020201384675068882
0.024752401068190544
0.03766440213808635
0.0433951183951184
0.029612109875267776
0.008723785697469906
0.04866082234503287
0.012964157700999806
0.007045728098359677
0.014362863704968965
0.008701068569489623
0.0035593950067634287
0.008911181279602333
0.011550493129440498
0.005682019497808971
0.0032355920513815247
0.0017888702099228414
0.005319005319005318
0.0008337284653074126
0.0044957354167880475
0.0009345956714377767
0.006577972367446052
0.005740170213854425
0.001132053105737316
0.013344751502646237
0.003303970409233567