0.047749332833366465
0.00046541693600517134
0.023265119567640574
0.15503082818208874
0.17204799868665413
0.07264247190717779
0.04695311224722989
0.03249579552100561
0.05145924570294318
0.022727837055568148
0.03370751330835364
0.03540065909813808
0.04882342214274987
0.007688536953242833
0.04169279366758358
0.04627708659221265
0.0099232606795632
0.031140577443098456
0.010298119247699078
0.010826894860508307
0.02613478724823262
0.005314125650260103
0.01926716840582387
0.015370451210787344
0.024288298069810674
0.022791372959440188
0.005399493130585567
0.0018986568986568985
0.0041896758703481385
0.015319437798429392
0.001753932342167636
0.0073283252695017405
0.0031512605042016808
0.005494318939697091
0.003167266906762705
0.0007002801120448178