0.05435229533011791
0.005410768666817054
0.033761942582507094
0.02180369473716248
0.24522460033904536
0.06816755877476942
0.08417306753703813
0.01736125098020259
0.027972466009112115
0.03189061722327852
0.05389136842232193
0.07340137790208948
0.020016533053179165
0.03211387231785714
0.00315399009065992
0.020997938520471725
0.03712489314659617
0.003365015360983103
0.017183499743983612
0.0046114951356886836
0.009512239552562132
0.014823751517299904
0.008434962215204149
0.0010623449131513649
0.015785390684584233
0.014646143770313598
0.010294258832565285
0.009678292137969557
0.00753510042824559
0.0014823717948717948
0.005139905424535406
0.006245272424707908
0.003091397849462366