0.0822970807684105
0.013072975110790237
0.08117441148953755
0.00040849673202614386
0.17723009757858993
0.049999393696872674
0.1963476480678656
0.07319279898988254
0.026982308074745043
0.018211526760711142
0.015910909818472842
0.030458266948627792
0.01370263860377553
0.028020578860914993
0.027434950670244793
0.017972643602895702
0.003494022317551729
0.010632350842434878
0.02473789515806323
0.006623709129888072
0.005376108485352184
0.024557459347375313
0.0019384420434840604
0.005451362363127069
0.018669497142062636
0.01452160186712831
0.013727139560060966
0.0017366946778711483
0.003839493839493839
0.002567148071349752
0.0023503947033358796
0.006413292589763178
0.0019895230819600563
0.011735674662021673
0.0032718845113803093
0.005798319327731092