0.04471970681648101
0.01564594679514034
0.061677373925357805
0.1265429518957745
0.041066773728064054
0.09204130882558302
0.009222190220174089
0.034347333893704854
0.033022258879113725
0.08552420921372533
0.03424051307115824
0.02712568569423408
0.007582157985383791
0.07345681871891549
0.028143546641530508
0.038188334962528506
0.009352089442815247
0.018515730461294972
0.021616583461341526
0.004809907834101383
0.021174904844259677
0.014509728622631845
0.002978467544999804
0.007478224060885351
0.03133560547875064
0.002283223049352082
0.01848220104268492
0.006994193082902761
0.015143369175627239
0.030233761534164755
0.01156088535120793
0.0068817942809878295
0.0019248001102839813