0.06666723957046537
0.11285612819791006
0.004478011037150823
0.1039150976746983
0.09584759838216057
0.09226005788601795
0.15715913744331564
0.06886533518253948
0.012037981930455048
0.00862370874275636
0.012051605872650415
0.027895909205433018
0.009911816578483246
0.011273906869144963
0.021416031058888202
0.02076680601642199
0.05594623672964687
0.024628116947625393
0.010009772613459249
0.013658200762655451
0.011731000552045097
0.0048375478137382905
0.002814940791131267
0.006952137866116361
0.013599773242630384
0.007297808012093727
0.019448223733938022
0.005654446963970774
0.006597379692617787
0.0020786092214663643
0.0015621922879987394
0.00722156832755911
0.006806421092135377
0.00436885865457294
0.0022222222222222222
0.0021693121693121694
0.0024640967498110356