0.04303020737679829
0.07164628610149999
0.02990933358580417
0.07300985834575409
0.02901270966110539
0.0878678084393325
0.16770497989582217
0.02433876098648826
0.050042509542843776
0.12428563248249078
0.015044793169793168
0.0007937120069473012
0.004608585858585858
0.01729310066542687
0.0267762172591718
0.030372433196631056
0.015930195893431188
0.00885869706892434
0.017960012420239688
0.002977530676394313
0.008730794668294666
0.005221745846745846
0.038214873300100566
0.0011754449254449254
0.007503053801516368
0.013383838383838383
0.029651262037625668
0.004847582972582972
0.006319089407324702
0.013173400673400674
0.011787423435150707
0.0022749819624819623
0.00585000542386906
0.0009334415584415585