0.06985329485329489
0.03436111818464759
0.10739326033443676
0.009704892057833236
0.06881715036795254
0.03009802635471084
0.08482392038541774
0.07864036339972168
0.06861047449282742
0.011959228135698724
0.08214851597204541
0.006661149308208132
0.005223099340746401
0.07538338567750333
0.019802429695477825
0.0067439096850861555
0.0007809184279772515
0.030413377472201
0.02395671767329521
0.009400086940193892
0.011147186147186149
0.03921298546966995
0.030639087590959253
0.012271878448349033
0.0156176612058965
0.018704616832959077
0.007202274849333673
0.0021093285799168152
0.00338680926916221
0.004804345980816569
0.000445632798573975
0.0056957401877187975
0.0013269954446425035
0.007885578473813768
0.005861903990246236