0.11160315316662067
0.09895932659090556
0.03220850821470017
0.06442590126800653
0.10148886573035178
0.09381009891845807
0.12510945924258618
0.031692467063984084
0.009370098843783054
0.004419801556024466
0.056059832375621864
0.025172718438972314
0.028896719686193367
0.023267229846177215
0.0185271617160162
0.009723592540930004
0.011129667708615076
0.010566444776971093
0.005896857212646686
0.02470601154811681
0.009045802466855098
0.008839148235433065
0.014351295930243297
0.010722007935630225
0.010318024791709004
0.01947504447504447
0.009574351679614838
0.0034969179706021807
0.003960351328772382
0.011493943072890441
0.004690832322411269
0.0043673372620741035
0.002792758055915951
0.010329791908739278
0.003925144714618399
0.01200663290446572
0.004495386074333443
0.00412687123213439
0.00905116950008591