0.026712369626808126
0.15076078605490367
0.08393672083511655
0.04063904999733876
0.04956554635699021
0.09660003791019833
0.0790636279941093
0.04355562243262778
0.025015621138615794
0.01434320284587664
0.04044600180963818
0.0025607488174333097
0.01573021452700597
0.052093143536993805
0.002164502164502165
0.02770330778352169
0.07644280852837002
0.0021241830065359475
0.013541578247460603
0.020290968686690617
0.02799647866492786
0.002471622257718514
0.028360721275159782
0.005323543558837676
0.008653957450748893
0.020814588461647285
0.0007350047456999328
0.0011883541295306
0.005316489808468417
0.005679406748925466
0.003887615652321535
0.009334946099651981
0.009408639488853392
0.01231592728918932
0.007700380427653156