0.12071338828747055
0.02110322917045606
0.018991778529593654
0.043859134624282786
0.08984616199565335
0.04522736023620588
0.030410855545751608
0.10662275608317182
0.03248674761279803
0.0014289926496914556
0.020826676885942697
0.06156185551143533
0.035635470726138575
0.09010709178776409
0.015032982890125746
0.004004268374016273
0.03379078585182079
0.024127044757296857
0.003161992069555095
0.030672954496483905
0.025118168479513016
0.025783840956331003
0.0035120714952647726
0.018848563348784486
0.022488449925424717
0.009405156001794658
0.003651460584233693
0.0008083233293317326
0.008679471788715486
0.02445056810603029
0.0014805922368947581
0.006075157335661537
0.004864631167152175
0.015153189480920572
0.010292917314146858
0.009943977591036416