0.009466155484300645
0.19862458330200267
0.009887105502024856
0.0017903915081334434
0.09773969869735998
0.13794020719423944
0.06664585974061779
0.08649556648548583
0.03964275531815854
0.05082974261401681
0.04618071780370167
0.025663673244318397
0.016714742470790855
0.03132165773294805
0.023078249035910322
0.021988752734720476
0.012443341828422475
0.008875717696282214
0.0018351943755169561
0.008183869222175674
0.0018911979597463467
0.002927941234392847
0.0055577095395643785
0.008451813643345902
0.012806419610855095
0.009762124076640202
0.0005865102639296189
0.007859703020993345
0.002100134408602151
0.00534128729693246
0.005496351766513059
0.0019962732160312808
0.0015681003584229391