0.038062628314729154
0.029942433849996876
0.02052168186621968
0.1577011830373175
0.18941468895250405
0.045353507370314086
0.06548809267296664
0.06275742931205115
0.016206603853662682
0.01816885728650434
0.04380259796226182
0.01716557019078027
0.055206357601315585
0.034321584111500075
0.08064955585963988
0.0013165266106442578
0.012505361118806495
0.001695139594299258
0.0032652641476170886
0.006427195586859453
0.0019507383372929594
0.006225944923423915
0.0039831083948730995
0.005039349072962518
0.005572205572205572
0.01318440196591457
0.002923630990857882
0.005635503618696897
0.006330891330891331
0.009664327269369286
0.008081232492997198
0.012337116664847755
0.004830496301084537
0.003030442946409333
0.003205743835995937
0.004671262444371688