0.09074951146523726
0.08529596803286321
0.08864239479158835
0.011570340501792111
0.09391717433552109
0.07496166467940661
0.07605810408229763
0.121809121657912
0.04366142090436446
0.00038882488479262677
0.006545772775611486
0.0278829845110087
0.06195081799920509
0.012439596134152586
0.019507147758155815
0.05199554589675557
0.03405457949308755
0.007048596564725597
0.008198524705581156
0.008984975038402458
0.005745967741935485
0.007349824234904879
0.006872716776950647
0.001411290322580645
0.005944380440348182
0.005753968253968254
0.005723566308243727
0.0012624807987711216
0.0020874063212772886
0.011107110855094726
0.004194668458781362
0.0020986070381231675
0.002688172043010753