0.04689603180982491
0.09361550327067564
0.07135208661070729
0.012067341981135085
0.15123089554124036
0.09638686983514567
0.10464129739991809
0.05255279522520902
0.07198449379483862
0.01474716854027199
0.0164692268140544
0.04831524797042038
0.0677476418855729
0.005805825719618823
0.012654790930652998
0.0033277195346160865
0.00772669220945083
0.0005052418845522293
0.0063869495766047495
0.019242921829128727
0.0075693304141579995
0.014555281882868086
0.012861283033696824
0.008182813355227149
0.010333051367534127
0.007050663257559809
0.007763988884678539
0.0
0.002661782661782662
0.006660363901743211
0.004911595428836808