0.05430172591502641
0.08509932186040561
0.019144559600224622
0.022548674642270696
0.0715207138236695
0.03689329963960506
0.0986626468769326
0.16092051763234028
0.023444153000803245
0.03471395872873705
0.035730013008338134
0.01313646670789528
0.01546934865900383
0.019106263194933144
0.02743781943289332
0.05352709004186836
0.020769979883280373
0.0043689889749003044
0.009306826178747361
0.006069669247009148
0.011815018588417601
0.027339901477832513
0.0020096283027317505
0.024372685333276467
0.012237078739541793
0.00419892094768942
0.006157635467980296
0.00980041441864102
0.013438395211794227
0.009955821409023376