0.07567507964234407
0.015247153808274355
0.015074096578765508
0.010568658580383961
0.1396084161311241
0.006778187650163457
0.0649806507748995
0.09231713671044105
0.05590580454491745
0.12499034064054228
0.040686059189348665
0.021110173428721814
0.017694349957720075
0.07131040589763
0.038999724690514166
0.012446051460801036
0.012433872690929142
0.011331630487509094
0.013091914805624482
0.004126417936901807
0.014416626160577773
0.01799903519184079
0.01014552204068333
0.02056999340265469
0.016262663188066413
0.004794983802040253
0.00428121945259042
0.012191180235535075
0.0015433862261111835
0.015552872306904565
0.005960926953870503
0.009244556024055174
0.006531877149449306