0.06964639989146477
0.06997062047424779
0.07755049134262229
0.012443516896958192
0.14854058317269833
0.03566794231264032
0.08720844945169359
0.011923563170883958
0.04312612913599691
0.02057748843784856
0.10765416139549706
0.06226526434161411
0.0730847819068876
0.0014781314508475222
0.052573869527978406
0.0099581848129639
0.0056763742558497
0.043603945965274234
0.017277566664325415
0.004696083643452065
0.012716306036144093
0.004697836827510559
0.014869474700490366
0.006441099482675799
0.0014671787951140176
0.008974533684091861
0.002418211920474364
0.0031906120349797407
0.0061099793893316144
0.005073882086265987
0.00940626567561552
0.0028917325096866594
0.0012221470344331675
0.0030316661895609257
0.0018102954018146857
0.003811400774963528
0.003187786417502766
0.00405802760310726
0.003506294650019346
0.0028718824777927868