0.010375490698071343
0.040364575687156325
0.08274334387237615
0.0476949155981414
0.14882342269439044
0.16131655083267987
0.12558967913806626
0.03816922026599446
0.0060737172027494615
0.03205682012133625
0.0005238489109456851
0.04362089523379846
0.03308682953844244
0.0064679048550016285
0.0248221790157274
0.020749191071771714
0.009666480472932087
0.01921255566416857
0.015566649598907663
0.0029237071172555046
0.005737482350385577
0.009245605052056663
0.0034109916367980886
0.009837080482241772
0.015816716139296784
0.014551117938214713
0.0023041474654377876
0.0017665130568356375
0.004811347553283037
0.007247716441264827
0.005745884939433326
0.0023655913978494624