0.03128144777641474
0.017752953825618183
0.019352542621611013
0.07050462733791651
0.06302368269388683
0.13450498641120487
0.10353745369680534
0.05157230534231742
0.026150209621923666
0.0358380946018154
0.06884369489748539
0.019173525807108033
0.07066089303635038
0.02058889812900508
0.06365782138823976
0.003212928881378079
0.00923587766748476
0.018943766671039395
0.007896085552291574
0.03923946397912061
0.0015024191494779728
0.012824875659100256
0.00089126559714795
0.01860211485879935
0.002416320063378887
0.005531923513206935
0.001413292589763178
0.0011841100076394194
0.020599076339875334
0.002896613190730838
0.009331609665834264
0.02261654714863271
0.005970418470418471
0.008043672014260247
0.0022918258212375857