0.005847162097162097
0.027623864981819523
0.05174383171542263
0.03184438404608859
0.19314810294923931
0.17332254498447675
0.060223591118477485
0.03785199964177236
0.023662217412217402
0.04374674935754481
0.04817803461269372
0.06106972257540439
0.027293531910009182
0.06322003964049418
0.019598959016572652
0.002781603917967554
0.0006944444444444445
0.0015993265993265995
0.02295444980104071
0.006558469413583049
0.0037534435261707987
0.007518023853251126
0.0013122294372294372
0.007220643939393941
0.003365500240500241
0.0011874699374699374
0.008133622480213388
0.013109517797017798
0.00932696827583191
0.0052602595216231585
0.004235434704184705
0.0029814514189514182
0.0024874431124431123
0.0044176887926887926