0.1511050151285811
0.047631686707316954
0.0911708809397885
0.0703719139424291
0.1267150332312919
0.030344816957896967
0.01713082354660725
0.09355446911712896
0.027079416746935932
0.04013079276506386
0.012272134150102724
0.006169208131210324
0.05127917428246254
0.008719385189973422
0.005083089179727837
0.009798993378642628
0.01836051741057221
0.02211507679995075
0.01133583888607637
0.008272716201104946
0.017096171802054156
0.02116592790962539
0.00831791143537581
0.017455103253422585
0.0033613445378151263
0.0043348077043729215
0.004402658499297154
0.03550243174192754
0.0030690224807871868
0.00718954248366013
0.012438789745147071
0.0025816993464052294
0.0009244435587146584
0.0013818860877684409
0.017358321660477304
0.008224333211545486