0.01712565447525341
0.04116549114877992
0.044940705276601
0.014409038982902616
0.06399942093458136
0.1385885538876849
0.21539079390850777
0.04811487439328348
0.017182990620490616
0.016186254822618457
0.02312334656084656
0.009505286627612826
0.10323935849504032
0.022046687529642072
0.012001145640851522
0.00712968268115327
0.012681086243920468
0.03374011980295402
0.03856250021022748
0.008192107765971401
0.01379779701136653
0.01045656784293148
0.009801854537817104
0.006869992381356017
0.006293590668590668
0.011244426869426869
0.004750631313131313
0.0011123136123136121
0.0013085399449035812
0.00584185385321749
0.0037744328853954526
0.004681392891620164
0.0043162277537277536
0.005698005698005698