0.067668909335576
0.040936007602674275
0.1706544394044394
0.015164840164840168
0.04724059724059724
0.07609962401629068
0.007289059372392704
0.0693187401520735
0.1294109169109169
0.011767774267774268
0.02216838050171383
0.02659277242610576
0.004151733318399985
0.03671012004345338
0.06131723840057174
0.04581681248347915
0.009200136283469617
0.010270406103739435
0.012901912901912902
0.016828025161358492
0.002131460464793798
0.005088773838773839
0.0306701848368515
0.012259245592578924
0.0025919859253192585
0.0015169015169015168
0.0019800103133436465
0.013277184110517442
0.00712633629300296
0.015893865893865895
0.00996429329762663
0.010686710686710683
0.004189416689416689
0.005047471714138381
0.01687222937222937
0.003435090935090935
0.0005743839077172411
0.006717540050873382