0.03940921512350084
0.08984892752749896
0.0516474046235951
0.012113133779800445
0.06139763805029911
0.0259454242717548
0.013430567642752517
0.06476673679054633
0.02798930035624712
0.16834950530328688
0.03169017930922693
0.0255776278395326
0.02470983822174298
0.06259175788937692
0.07840245046477537
0.028329446127065176
0.04192094566394286
0.011422163141350817
0.008264407550121835
0.019632880088062157
0.01402821384964242
0.007439936347499373
0.00031746031746031746
0.02288615329581716
0.013161920297774639
0.0020962289344642285
0.013364902293473724
0.004207036349893493
0.003812633574538336
0.004940958512387084
0.003185201690103651
0.002799399220967848
0.007361553790125219
0.0034309825976492634
0.005243151909818576
0.004448486465293187
0.003010833963214915