0.0228534800729561
0.03594783971452285
0.009290564710732778
0.031966124170770736
0.23353556615296606
0.025045491390029203
0.1271248727106364
0.09107388986034563
0.034269754521855364
0.030246227381669787
0.023650804350260592
0.022673372379254736
0.03116858398371003
0.010627276551646296
0.004408198216898167
0.006239162331599307
0.048489521682798985
0.015187870019802789
0.009541937987316139
0.038403081237979905
0.0
0.018508694853232668
0.0015706282513005202
0.010190742963852207
0.04506822309343318
0.0107808951086262
0.008380377792142499
0.020299580410801373
0.004815259437108177
0.004622534328416681
0.005174312149102064
0.0021439591879532562
0.0037746567158331874
0.00715742707339346
0.007014763947537057
0.000434997528423134