0.0015142496392496392
0.05470796904620434
0.014346235871971166
0.1196542530182236
0.1406994020413138
0.09166175940073
0.008034564836035422
0.06574374699374701
0.0628601824373883
0.056078614332290784
0.09655110956581545
0.0721656584156584
0.01098409692159692
0.014345839345839344
0.010314754689754686
0.026200847763347763
0.006091269841269842
0.007214255651755652
0.0048115344622697565
0.001973781937017231
0.000946969696969697
0.03760124679242327
0.0077205086580086554
0.011907837532837532
0.004383417508417508
0.0026515151515151512
0.010710527898027898
0.006223721811957106
0.004955684293919587
0.005197811447811448
0.002314814814814815
0.0032765151515151514
0.012210497835497837
0.0031114718614718615