0.020005120005120003
0.0224334182667516
0.04175503881386233
0.12787331096154625
0.0999793289008975
0.24485131936112325
0.02786557786557787
0.03314477064477064
0.019821440654773977
0.034863033147346865
0.046209033709033696
0.046732181045906526
0.040901097763842854
0.011973814669893099
0.004767917267917268
0.016234849568182903
0.009579974776053208
0.015396104121594317
0.008753189145346008
0.00903762570429237
0.018496055996055992
0.024846774846774847
0.010805373305373307
0.00036575036575036573
0.0016136266136266132
0.031945551308296405
0.0025657150657150663
0.013120442287108952
0.012063957897291233
0.0013835263835263836
0.0051736801736801735
0.00263870386419406
0.010585152251818919
0.00422606525547702
0.004238075071408405
0.0028576736910070244
0.0005118755118755119
0.004918388251721585