0.031580488477040196
0.08251328242091789
0.05840281776242368
0.004342448739000463
0.1112498099874947
0.10906736257721478
0.12226580548624882
0.021527244649165823
0.020889028185826213
0.052782145331406405
0.043059451495412085
0.008408104621158808
0.01617049480349973
0.024453187753680366
0.025356861255876034
0.05728651479883006
0.022668560230136584
0.01475637799529425
0.048240450026164304
0.033728730218878004
0.007325720256754739
0.004363507319172344
0.001476110096799752
0.0031824223942450544
0.0072186160856111585
0.004927352341145444
0.01656270658733713
0.008035314439255327
0.005386741747579186
0.005678745857317285