0.0284848271072405
0.05523479530105896
0.018059141681555067
0.008290313370527274
0.07186823871315846
0.09806927810880378
0.13477977239893071
0.17361210998737156
0.04790012423702264
0.02679773510394296
0.047551502765406505
0.005606440499488628
0.01343843322452948
0.0546402093949176
0.02879060260483185
0.006743076947680529
0.0012180629827688652
0.008934567374465073
0.018246679435937746
0.03429398389291437
0.001888634241575418
0.0028040141676505307
0.007277961689726396
0.011546225868476508
0.020253327106384535
0.002150355091531562
0.005004418239712357
0.012840546263006156
0.013986068397833102
0.0025684654026900014
0.01157513510454687
0.002013727013727014
0.0032814135755312225
0.004045755324527703
0.0037263390204566676