0.005737345443227796
0.04030633656302106
0.005373829972760455
0.06161555813962232
0.18949974070294923
0.16888517503490766
0.01985667085934465
0.07281477435220751
0.07070346468742192
0.03585598151106171
0.03255470514828803
0.045035985009247034
0.007168450483958506
0.02594502447443624
0.02096255398394436
0.013064114534702768
0.019661794929174605
0.04111570247933884
0.025215987715987716
0.022050463895383673
0.0006670987954410415
0.0032531194295900177
0.005527968763262881
0.013302749933765977
0.008232374676224943
0.01449367625838214
0.005205608414164563
0.0021363366283152375
0.002807976337388102
0.002426994672983978
0.007004814357755534
0.004322638146167557
0.004461279461279461
0.00410526292879234
0.005758566052683699