0.08061313532787515
0.036824052515017885
0.031088917726142275
0.030514266250015656
0.054081033727066075
0.20476562713984278
0.038206046302352664
0.01094690380629355
0.10663582948106382
0.01699535333539737
0.048999008168558345
0.05103497528209039
0.03899113272468018
0.04189621492439327
0.03917178582953984
0.0011883541295306
0.007575757575757576
0.007370347567943633
0.012866955781394284
0.016068374089764463
0.0055464666683851796
0.0033934902074502413
0.0008607749319823622
0.0041635739910602905
0.008355894191807505
0.02765706707901374
0.0051305579301804535
0.003988059870412811
0.0022727272727272726
0.015190501579799764
0.0034165181224004755
0.007483158552677269
0.01301586114420339
0.002205223553380041
0.005443272471136248