0.0036507936507936506
0.013265890401744744
0.03562404811704531
0.1299622354769413
0.11642796927110653
0.13639647247140246
0.04353264240169002
0.03659220188982094
0.02786961469384438
0.12491613234260296
0.02676828721646649
0.039058545718209575
0.03981404683085355
0.011826725510198898
0.002966742252456538
0.011147719123909598
0.06588626890797761
0.00395400234685949
0.013006345506345504
0.004959493769017578
0.01962041045374379
0.005773948273948274
0.011467738610595753
0.025750545750545754
0.011580333246999912
0.004102418745275887
0.0032926266854838284
0.0016553287981859411
0.00708771387342816
0.01037411001696716
0.00537279713750302
0.010377470853661327
0.005189933523266857
0.010178216844883512
0.00468133718133718
0.014948817911002785
0.010126423400232924