0.10996848705182041
0.008157562324228991
0.03839168839168839
0.04137116012116012
0.09391095641095638
0.12159686326352995
0.07244899119899119
0.0626499334832668
0.07153684653684654
0.024601360018026684
0.04009290675957342
0.04561504769838103
0.05522166772166772
0.026246626246626242
0.030587893087893087
0.0007778611945278611
0.011476411476411477
0.0034945659945659954
0.00740762407429074
0.0024418357751691084
0.028298942882276214
0.04209470876137542
0.00546081796081796
0.007232990566323899
0.0027703840203840203
0.015411515411515411
0.007422411589078258
0.0027062777062777064
0.0023261898261898264
0.009237809237809239
0.014770323103656434
0.008334091667425
0.005887489220822554
0.002985832152498819
0.003534466034466034
0.002342277342277342
0.0013406263406263406
0.007384094884094886