0.026467924038774245
0.08581611401925762
0.09174011248910036
0.012805200849973412
0.12613657368360867
0.06441253149397946
0.012420210794823796
0.1658866935063648
0.07326392416294772
0.027628721555847058
0.04218582547351302
0.012120657649354957
0.027915273360617488
0.056807954378804565
0.002791147224345605
0.006287766814082604
0.016087936830970886
0.006267270740954949
0.00671694851856795
0.028168907116275545
0.01377219271956114
0.01303657356288935
0.010039536861399209
0.028123192376586042
0.013223326381221118
0.009220731285508613
0.008726556094977148
0.006947438526385894
0.0029859329454471157
0.007992202729044834
0.004092544882018567
0.0021405495089705617
0.014600634033832417
0.00562880157426478
0.003331764554674771
0.005115449852291958
0.004036101100878429
0.0010792612959795622
0.0013061499903605166
0.003955416303594441