0.02646761508038638
0.019425345895934133
0.03593220999638111
0.12837694763614865
0.14764515976375048
0.04971477266224043
0.11398514456079727
0.025190803918391208
0.0029191972963599263
0.038052151790748834
0.00025464731347084286
0.03343058500340664
0.07136535595170386
0.06008285139301181
0.06910943873038872
0.0054722542611815965
0.03896557812883701
0.004417756407375784
0.000980392156862745
0.011457237786272074
0.011218152253068893
0.012342156986699292
0.018220079583715944
0.000283107895564643
0.012685680332739155
0.0066774827470014635
0.022844216820309928
0.02194941445491933
0.006752526538622794
0.007714565327022076
0.006563534504710975
0.007178116001645413
0.0030948386484718664
0.003010497128144187
0.00830574654104066