0.015243191386591328
0.11888189272193676
0.006913803170487662
0.003757555653840484
0.11590167266997949
0.057341795628206446
0.07698622925129939
0.004898733174134242
0.04285945928758133
0.22302355671360322
0.027221662760602512
0.08152840803065965
0.04078765245033188
0.022256435357211838
0.004245485387353899
0.005992855926011006
0.001008750607681089
0.03188529202812906
0.0051900466338969005
0.0019508813626460688
0.005372595813772285
0.00101010101010101
0.0068624349215730155
0.005980739403199297
0.020142031171442934
0.001208758561699738
0.002983887926190206
0.006471425188002728
0.007934574494523833
0.0020828958909454263
0.0033792721372397205
0.009767460703289581
0.0029472161825103
0.0024518541819579876
0.0032263619083373724