0.18723693414169598
0.016006092672759337
0.07227644489549252
0.06559792500268691
0.20161579161579168
0.08655183440897728
0.029675897294944912
0.011195629767058337
0.006727192560525894
0.02476491762206048
0.04812249038439516
0.06725468975468976
0.013325774754346183
0.013224399057732391
0.015392473487711581
0.010343285462333079
0.007574955908289241
0.0032716049382716045
0.00780623697290364
0.0002645502645502645
0.003038509109937682
0.0013468013468013467
0.008947467876039304
0.0019444444444444446
0.0019929453262786598
0.008058704963466869
0.0033245149911816582
0.003733308138070043
0.020618028356123596
0.0027457110790444126
0.0019066515495086923
0.0018903318903318903
0.002374023683547493
0.001417233560090703
0.00261091642044023
0.006827400994067659
0.002485948795472605