0.03554629310931832
0.06909603235233487
0.08543867000855059
0.0383017449404004
0.059310110131649295
0.2297112470310171
0.05015262196155605
0.006407486071351618
0.042148961903495284
0.07436326278763253
0.07238154186960023
0.0616591272750052
0.0010364145658263305
0.03051932894369869
0.004362103815885329
0.02616500569065806
0.0017571239021924564
0.007615440115440113
0.008002349265064877
0.01436816831995956
0.004754901960784314
0.004591503267973856
0.002687556681364731
0.015991420491641633
0.010464667525702466
0.0022553231819043406
0.004416433239962651
0.0035462606095069595
0.008453229776759188
0.0030566165860283503
0.004203135799774455
0.00821540737507124
0.0027977857809790584
0.0059362906001561465
0.0027030812324929975
0.002625368635983408