0.006193674801629347
0.05289371297894024
0.11745061020629205
0.028179249201976477
0.21058274637820096
0.026775050496641407
0.06777653638449094
0.07502848582394038
0.02790852350511441
0.023849714048577688
0.05686176723108542
0.004661195286195286
0.026558810507674148
0.028485203769294677
0.0032069887183523546
0.04409856242242605
0.0016624579124579124
0.008222921859285496
0.006600864413364413
0.015499488936988937
0.019568589028816304
0.015635521885521888
0.010914201539201541
0.024352993387084295
0.0037533068783068783
0.012226430976430974
0.004041907166907167
0.005336803348166984
0.018534937284937283
0.007220904095904095
0.013618772851727398
0.0044250888000888005
0.008860930735930734
0.0038615319865319864