0.1277628146436196
0.020138090726326018
0.010975559440471721
0.06429156783903946
0.1617845235105297
0.22059398648665937
0.04971538258431963
0.01329381329381329
0.005924430924430923
0.004411554411554412
0.003828427357839122
0.012489979156645823
0.01758614675281342
0.015426736260069593
0.03779114612447945
0.03646320729654063
0.0550355784101914
0.014350721058667392
0.01032975331220945
0.023254964921631583
0.023794626116607542
0.00033366700033366696
0.006992706992706991
0.006292953287277333
0.002573406740073407
0.0006881881881881882
0.008680071180071181
0.0034174463999025405
0.0007507507507507507
0.006902248568915236
0.0027962111295444627
0.005314163492698064
0.0046483974760548556
0.004461658628325295
0.0008425091758425091
0.0020962088944545083
0.003712045378712044
0.004248350081683416