0.12013666037942414
0.0303908362965319
0.017985588347399734
0.01023641555387587
0.1847624195149872
0.06155075524123143
0.09834336989565746
0.020364096255786262
0.024147662863815984
0.10475473121131385
0.042032201812780716
0.041829800123450916
0.02431867808851935
0.05024156455295578
0.005908243639336077
0.014151364249403466
0.006280806115073155
0.014225643551040374
0.03306759222725609
0.007006172839506173
0.016429806145025566
0.002512177710590409
0.017483361643025504
0.022430466013565922
0.0033064538946891886
0.0022486772486772486
0.018001693814018747
0.008900759734093065
0.0014007597340930675
0.005965825594677136
0.014285668683427786
0.008190193024460064
0.0052091206853111605
0.003398143510188328
0.001549508692365835
0.0042800453514739226
0.0002917833800186742