0.06710232236548025
0.017010816352921614
0.2584085386716966
0.03942263086999929
0.14854783473204522
0.06280513977882397
0.03096146582988688
0.021307991044833146
0.018561731061731063
0.09101299561825878
0.016171125381651694
0.016281864966075494
0.025646745383587487
0.03372603372603373
0.007580237843395737
0.032841794683899944
0.011534135218345743
0.011731839363418308
0.0005757637336584705
0.010212519423045737
0.0014459521038468405
0.0033775316670053516
0.00136001386001386
0.007558049663312821
0.010453253874306505
0.0008771929824561404
0.005181715708031497
0.006410185357553777
0.006544992071307861
0.005238763133499976
0.017384093699883172
0.00982073876810719
0.010657238288817235
0.0007220138799086168
0.0012488992752150646
0.0027850291008185745
0.0043750306908201635
0.007457885089464035
0.005529871977240398