0.04000736476226673
0.017102930828421025
0.020889347114837312
0.08030896217170727
0.08776512354943725
0.038321296409531705
0.0970343803677137
0.03200046631419181
0.08793031121462491
0.07194764694764696
0.08889042908650753
0.06550469883803217
0.014669556336223001
0.01885343135343135
0.016553458220124884
0.017742191271603036
0.01029454362787696
0.005568572235238901
0.025882430049096714
0.01415327248660582
0.0052026466242152515
0.0174405257738591
0.03997070247070247
0.024299890966557637
0.011886795220128553
0.006919327752661085
0.004975679975679975
0.015695365695365695
0.0034624880213115503
0.007576028409361742
0.001954985288318622
0.009794887490965923
0.0018386518386518391
0.009457287153365584
0.0076633034966368295
0.0009545744839862487
0.006691810858477526
0.01033217283217283