0.08064777963971513
0.0033602150537634405
0.010148794977424009
0.017466863333798814
0.09623314073918914
0.22544461027323937
0.04873235523437137
0.007364471326164875
0.1289718905646325
0.17516037390029324
0.019368439580133127
0.001568100358422939
0.0008400537634408601
0.025035202252944182
0.02089835567658148
0.012399193548387097
0.0038162442396313364
0.026284082181259594
0.004376280081925244
0.014770545314900154
0.012116775473630312
0.007176459293394778
0.0
0.009178187403993851
0.0030297939068100357
0.0003960253456221198
0.0011760752688172041
0.0035282258064516132
0.0025393625192012288
0.0055988310524600834
0.0061467933947772675
0.0006048387096774194
0.0014280913978494622