0.07958819705884458
0.055411836114812874
0.0238009722132706
0.007428693618209747
0.14050991225593926
0.017520982305434387
0.04583934737516331
0.12395448578145447
0.08021709193584191
0.07434284992100457
0.04478446061107351
0.03407110889321514
0.07948585073081041
0.01824164019224503
0.006374153400363077
0.013500813702426607
0.0008385263929618769
0.032384072580645164
0.0017567893575958092
0.019824378920678724
0.00928078220535526
0.022793022389796577
0.006018857934180514
0.007508153249080669
0.004278134763191689
0.006912442396313365
0.003718383431085044
0.0023521505376344087
0.0034330197132616492
0.007864248766466507
0.0024273553507424476
0.004411073588018558
0.002997180054817626