0.039533030843191264
0.004333268237011553
0.06134340505998259
0.10948081429364855
0.10878582202111613
0.08913975210766656
0.1871826925302861
0.022628624099212336
0.07654882748465636
0.006122571229523101
0.06441842965907137
0.048908892157555256
0.018728765787589318
0.01481167871542203
0.016568102129599454
0.01096260641715187
0.012808052513934867
0.013817891357998309
0.01389416930860781
0.005076889836248124
0.0010962893315834494
0.0024547941660241126
0.014744762070965279
0.005194708737489485
0.006326526513692289
0.008171131700543467
0.013479840618878051
0.003401663695781343
0.0022128792182268117
0.010410994234523645
0.002699281308906977
0.0034581307977029903
0.0029651819758771633
0.003340034890837029
0.00029708853238265