0.04864526993197222
0.02898316018540976
0.01988254521016618
0.06444517138092054
0.2509842808726916
0.11925956473450981
0.006798035074244752
0.0810323382227563
0.031272220426632184
0.010198325420099612
0.07039596839162092
0.042893405811456085
0.022647308537058108
0.020525035527407445
0.0025066331517944423
0.0059643817204301066
0.0030342994583232277
0.004640296979006655
0.021618424874738536
0.026204477086533545
0.0017519003569169604
0.008392537122375832
0.05056402078632554
0.0016402932140598173
0.002475546670281016
0.0034634530450906665
0.009411947819205884
0.005013920890937021
0.011621616510729415
0.0035294258832565283
0.006083669850226451
0.004830586080586081
0.0032415516754625913