0.03852871904596042
0.01159916073709177
0.05187673118707601
0.0
0.3022707369259094
0.04234977028080477
0.0418103033620275
0.05021371348957557
0.006264367816091953
0.04753072597900185
0.02716632664908527
0.017299016436947475
0.07807956411404687
0.020310825828067206
0.009767378215654076
0.02031596755734686
0.04091149591149591
0.02665049509877096
0.001833607006020799
0.015295068915758568
0.020128626163108922
0.015420626627523183
0.007860874757426481
0.010471712195850129
0.007398284984491881
0.005458940803768389
0.011958003682141614
0.0026100081272495065
0.009360518153621602
0.006725050173326036
0.004257517705793567