0.0038854057819575063
0.04037061916372261
0.026740890016752086
0.017326549567928878
0.10377834170937618
0.11039674246570796
0.03411396394155014
0.12424582441823823
0.06432784329336053
0.07923122854157336
0.09186512083063807
0.013927203065134099
0.011721649997512065
0.015145544111061351
0.0037073526728699144
0.019717287820736094
0.005012771392081736
0.013750228060572887
0.04732057852747508
0.0024895921447645585
0.013630973113731733
0.018085369292265844
0.006401370022059677
0.002056194125159642
0.007779851055713124
0.014118856877477564
0.019855865717934684
0.008068036688726342
0.012352672869914249
0.013187457497802325
0.00941160372194855