0.06727387588867666
0.03210308771978602
0.07642546819966176
0.0035494412818891
0.18324080234896173
0.1548828166000841
0.02971167808928719
0.006199087650700554
0.06031156172522397
0.03803157942626633
0.046489394715201166
0.047027543403254976
0.006660794402729886
0.024325047712144485
0.0014499837080482242
0.0048591909882232465
0.03394631652696169
0.013190119319151577
0.03151263909328425
0.023438340772306616
0.0022939068100358423
0.01596719887042468
0.005269127527192044
0.03954964144717465
0.005611336095207063
0.004548712935809709
0.01072297475523282
0.004119536377600893
0.005224390831601458
0.004791275910820503
0.005209481642119213
0.005612034321711741