0.01908499766362669
0.019509612251547733
0.06630924519029359
0.005074797514313644
0.25049373789293145
0.11898158964691223
0.050977270936948336
0.09246961595751921
0.037442049438017176
0.046579339119661695
0.03816520620956105
0.005606831564492854
0.035248292254340646
0.030191190977481294
0.01421475030345998
0.00582546373877019
0.01686907962109575
0.005882071557474783
0.007129933238804206
0.016325721769270156
0.0055196259833356605
0.003225806451612903
0.00994565470371922
0.00918286462641301
0.001968125960061444
0.02023331730993021
0.0020184788329949623
0.012187056894718181
0.012303209783048491
0.018217384094400227
0.002771522832006703
0.006322877391425779
0.007674891193036354