0.03351779543573908
0.036510658287722056
0.028180885407776163
0.09876385958195155
0.13521012875189842
0.1804667722018192
0.04470350844300424
0.07525967496555731
0.05922918790442272
0.04007239259340099
0.010191917984799844
0.009493629619680038
0.041520041994584755
0.0024084179126195935
0.014914875040925459
0.018908691681800923
0.006650053960978331
0.027026829379770554
0.011970363903137013
0.005549408574618659
0.005832696715049656
0.007536019755495781
0.0022298366762034585
0.0011259405723073545
0.008816090538779615
0.012916089512728168
0.030704402973310535
0.0024263644851880146
0.021350055173584587
0.0063813404149538604
0.003528642226121218
0.007757102841136453
0.013122289914183143
0.005185528756957328
0.00489642010650414
0.007490825207088183