0.0046913261401897765
0.2007605872662691
0.07564288089856272
0.016499819624819625
0.24262111520634252
0.03273494708153799
0.10940971906880999
0.011745267569131204
0.035201761622216166
0.022569581092308364
0.035357335215289755
0.005456554178145088
0.0312703342532888
0.02051270488770489
0.013137231034958306
0.0013557044807044807
0.002135942760942761
0.015473389194980106
0.010502933514297152
0.013245687393414668
0.0018518518518518517
0.003866792929292929
0.0022892826870099595
0.002424495748359385
0.003474429610793247
0.006693942631442631
0.002164638812366085
0.00297243265993266
0.0016768059381695745
0.003965951977315614
0.00031565656565656563
0.004295183982683982
0.0005523989898989899
0.002525252525252525