0.0
0.05235404380565671
0.05531840918937693
0.13610214158601253
0.17114521679037806
0.10292758615339258
0.02841967470999729
0.07651351336835209
0.014283186944477265
0.005100568487665261
0.03276699405731664
0.05663154050250824
0.01997213360116586
0.027139631575115446
0.005145666758569984
0.010375490698071345
0.0322100808391131
0.014257707644804418
0.023705279189150157
0.028111136175652304
0.0024109850722753953
0.002764976958525345
0.01899982932240997
0.005123711414033995
0.019384086642151153
0.005251618154843961
0.015504167278360828
0.003540008378718056
0.0022529441884280594
0.002222222222222222
0.010327569682408392
0.0068346528023947375