0.0848093668783324
0.02033348516107137
0.15504519745899056
0.030502894295997743
0.0636126836126836
0.042603226913571754
0.03475076009558769
0.05213043661319523
0.014513774858602444
0.09271133081477909
0.01615265322161874
0.050302328578190635
0.027084416222347255
0.032689921827852866
0.02972410731031421
0.0032466703156358327
0.04052251707424121
0.039378928861687486
0.02736228650021753
0.0068273042410973445
0.008707518535104741
0.004944353220215289
0.005133818926922374
0.02152653221618739
0.0023425807908566527
0.011206475516820346
0.009991789819376025
0.0033524904214559384
0.0038166814028882993
0.013494883150055563
0.012098125373987443