0.00466492638906432
0.07285705354670871
0.05533202429754153
0.029780258056120126
0.15469559176455727
0.15650651392030704
0.05046524356869184
0.04096959872821941
0.01736971840420116
0.01900109469074986
0.13701106683865308
0.026154898741105635
0.0007790549169859516
0.014190560397456945
0.04817266386231904
0.021157354778044434
0.005296478744754607
0.009553939036697656
0.005423911975636114
0.009586754241926657
0.004961685823754789
0.0009431181844974948
0.007420178799489144
0.006154758396137706
0.013815909505564678
0.010010946907498633
0.0018417597727942558
0.007951186744290193
0.006688279791728066
0.0011494252873563218
0.002622779519331244