0.05795332020130407
0.11486935723326852
0.13270452945352135
0.048288405143243854
0.04112369205615173
0.16496921257505934
0.06470628385950968
0.016258990225724097
0.039013165374052465
0.025305395769105444
0.02386284470457857
0.017580347519863655
0.01276363925053441
0.016908836011658594
0.013203717765209698
0.033295660992233564
0.0016811845188861318
0.017458717357910908
0.015831334883754235
0.01582876688723463
0.01847318228366615
0.019340264350344992
0.011374881838591516
0.006667257473709087
0.020845334101382486
0.008629352278545829
0.005024394288507191
0.0014158444601992991
0.0032785594781562523
0.010320559816527557
0.005532354070660522
0.004081861239119303
0.0033442364087525375