0.01625438336668283
0.14114570812431776
0.14185442206832583
0.05032760119658516
0.08089981171531975
0.07063346882865598
0.029941315369122846
0.03245651902069014
0.10962228996988357
0.036831642312925746
0.018138110651479637
0.027090398213392857
0.0043359171032967825
0.007450620284844883
0.021999470127812372
0.003391310610561947
0.07026635228506888
0.015631828064983144
0.009772708970569931
0.015518406628032295
0.011301344723804615
0.004010245053025801
0.013398314400988197
0.013471988004073567
0.005990931726225845
0.0024355546414369946
0.006387178379156989
0.003763539391881637
0.0022403176146491652
0.007609050189264092
0.00515590074413604
0.004204003067639432
0.003863822847780067
0.0018684746625923098
0.0018243936693134552