0.05069665694665695
0.006819021402354736
0.034686234466936215
0.04219403725337677
0.10436447350792032
0.21160481839661402
0.06214890690509887
0.12580309764262293
0.08991153010115858
0.03578721703721703
0.023307124622914094
0.06513046806519458
0.0003793266951161688
0.0018112976446309778
0.028575599408932745
0.010319582378405908
0.020891913784070647
0.014973641199131391
0.020283964582210195
0.0055995555995556005
0.000874050874050874
0.00918235354509864
0.01573385454964402
0.00026693360026693356
0.0054196679196679195
0.0022837299153088625
0.007980676730676732
0.0013667513667513667
0.004166806862885294
0.007006411173077839
0.007935316268649602
0.004024858191524858
0.001141460087538519
0.003175496925496925
0.008269304102637438
0.005984555984555985
0.0024877260171377816
0.0009551217884551217