0.06873970636821355
0.13277077536822665
0.011970375356539416
0.04723450795414813
0.08301967689149098
0.21436142389772717
0.0013631403222322048
0.05142486823521306
0.0500792275476362
0.030427763973491107
0.026458250288299543
0.02540873193582553
0.00041050903119868636
0.024396181624710224
0.01074556259285323
0.0030172413793103444
0.04455338039081882
0.023718355250803316
0.003884046987495263
0.0017252041882583754
0.010646933799643162
0.003785881784382534
0.0015030946065428823
0.006299486311266136
0.009906920380255141
0.012792034718571448
0.005332557426153486
0.002515833919774807
0.005277973258268825
0.0049495660333098756