0.00920464243044888
0.17524301266236753
0.026773232740974675
0.006092336576207543
0.20922024809121578
0.06882950382950384
0.03571285345478894
0.04140024849702269
0.027230308520631095
0.028562894691926948
0.0010614833195478357
0.008230926779313877
0.019287289771160735
0.01734084314729476
0.013943583298422007
0.0027956989247311832
0.00850729318471254
0.019734202476137958
0.022088831121089184
0.09905333018236244
0.014520473552731618
0.007087386926096602
0.0007885304659498207
0.0038452348129767487
0.002949177465306498
0.012574671445639188
0.003563049853372434
0.0036644478579962443
0.01391875746714456
0.009296808329066392
0.0035072931847125394
0.0022509748316199927