0.03403897849462366
0.062320760556647654
0.005702764976958525
0.07405797047934143
0.07279791221323478
0.11675479818120946
0.05239055299539171
0.022302680518406323
0.03575204197684037
0.015308179723502305
0.06176169820323046
0.04442506977789236
0.17584010691369562
0.0026317684331797235
0.01877960189452125
0.0012432795698924732
0.011958365335381466
0.03358294930875576
0.022869027254107898
0.009712294314108829
0.019442044290834612
0.006538018433179724
0.004606294802867383
0.011742351510496669
0.004894713261648745
0.006409210189452124
0.0017641129032258064
0.004894190151246602
0.004594694060419867
0.013862487199180748
0.002721774193548387
0.0066204964390448266
0.005420746927803379