0.03248514753091412
0.002361171411514661
0.043885505613194396
0.03823229601261638
0.12223994180515918
0.10508804773678916
0.07761518799848321
0.12904377037672235
0.062482394719236826
0.07579233829233828
0.030846086109243994
0.076639666056142
0.022625073883655124
0.01420698591751223
0.0015224127066232327
0.018733771365350312
0.013760005808060726
0.018487660592923744
0.003308296729349362
0.03425404214877899
0.006520155204365732
0.0036763339394918337
0.017741099892129637
0.008607667818194133
0.007114376851218957
0.003544724597356176
0.017904067846859606
0.009343496814892695
0.027833660728397568
0.0012517473043788833
0.0051949078264867735
0.003124364966470229
0.00044028991397412453
0.0037347570242307086
0.0006231795705479916
0.004408298458641708
0.0
0.003564409456857969
0.002971762811579745