0.040976839637428694
0.047689377528087204
0.030192428672752073
0.10193718683117249
0.09652262145662031
0.025610165027704832
0.021251366587559963
0.03764253035600284
0.05901569756408466
0.026087547328781546
0.11878051501432409
0.05693983300080157
0.07210706336933544
0.0016866961838498838
0.05440664472922537
0.003728764062894911
0.013643260246675804
0.04261419376426388
0.003390587906716939
0.01940923966169408
0.01191693400422053
0.005475236353876729
0.00829272177098264
0.014739609255738287
0.005695379888928275
0.002210943178685114
0.005426041384295654
0.004468767947028818
0.013315894536090889
0.006423508702611086
0.009334303689142398
0.0025089605734767025