0.049463736863932406
0.10366395666012744
0.0
0.023709922255628627
0.1898194249078232
0.08620727827384174
0.046554282785340295
0.007842024792489192
0.11523520959523892
0.011502491627145365
0.025983146145684838
0.03491290712652942
0.06413834285351315
0.02830853327838826
0.011147715095083513
0.022818666007520493
0.02073052262680746
0.0055304841926969986
0.033004407935155855
0.009105443315969632
0.0005608794389957825
0.0313767396442156
0.005194769668453879
0.003594207403071669
0.029544166308872192
0.013491906843707397
0.0020139572771151718
0.0021900323757908895
0.011757485441695966
0.004184296065508383
0.017557971505339925
0.005890340100866418
0.007308380915192061
0.0029162225756653006
0.004847156162945636
0.003085546506599138
0.0035711901892446127
0.0010740208108629158
0.0014140125208236662