0.13130225955732625
0.04999251284224096
0.031050146371451363
0.0008585608931629692
0.10455288409069922
0.0695250328295311
0.030495688471467015
0.07651612406926296
0.0395004276220292
0.0169378613916429
0.05601544086714625
0.07028977530954793
0.05902706537160319
0.0015294353035331778
0.019242261006966892
0.011586634653861543
0.03131786047752434
0.002055283651922307
0.01795051353874883
0.08314896094184279
0.0321409106629077
0.003886221155128717
0.0033367286308462777
0.0062645058023209285
0.01163265306122449
0.021733360010670937
0.007155528878217953
0.004729891956782713
0.011175960580310553
0.008403361344537815
0.0036174469787915164
0.003795518207282913
0.0019281045751633986
0.002463652127517674
0.004573319523887987
0.0038815526210484196