0.037858852514024925
0.0007662835249042145
0.045895075550247966
0.16175287675287675
0.08711219176736418
0.09401606694710143
0.07782125282125282
0.09463633429150671
0.02093111868973938
0.003738228565814773
0.01371832509763544
0.06371508440473957
0.041583652618135375
0.04556102900930486
0.0069549352307973
0.022389934458899974
0.01192665571975917
0.015739854015716086
0.0035676392572944297
0.013154533844189019
0.018680336266543165
0.001977600943118184
0.004261715296198054
0.012021611849198054
0.005155712741919639
0.00655719759168035
0.0045408614374131614
0.012033879275258584
0.016786942304183684
0.007234081372012406
0.00193312434691745