0.09777026706851265
0.014925098258431593
0.061591155670103044
0.05492631380789275
0.14382414886800848
0.11799113158762285
0.09080863455863454
0.0035166660166660157
0.05949658087815982
0.09367451406925091
0.05362885779552448
0.0006881881881881882
0.0127582612231735
0.015559228059228058
0.021735496735496736
0.02872459122459122
0.007696999363666033
0.02150917150917151
0.014994293393416201
0.0026002192668859335
0.003791399624732957
0.004246562579895912
0.0025736177051966526
0.017477759144425807
0.02018688685355352
0.006048144863934337
0.010633902300568968
0.0036286286286286284
0.01082963714542662
0.0024766621257849325
0.0038444288444288454
0.005785406333651948
0.0012438033271366603
0.011627905377905378
0.0033908908908908907
0.005668926502259836
0.002327977327977328
0.0018336789170122505