0.009184623767957102
0.04274506774506774
0.17668557876891205
0.01982816149482816
0.15006026464359795
0.13792197750531082
0.01308604225270892
0.044494902828236156
0.04171602504935838
0.03794170877504211
0.009393376060042726
0.07834517001183668
0.009065531982198645
0.010562510562510561
0.005720005720005719
0.03507005382005383
0.026891637308303972
0.001418886835553502
0.01532157157157157
0.0011448948948948948
0.00887047762047762
0.0199657991324658
0.010589756423089755
0.021251960835294167
0.004367516867516867
0.01645276228609562
0.002915415415415416
0.013378671712005045
0.005575272241938909
0.0008055841389174721
0.009271175937842605
0.0014753389753389752
0.016851781435114767
0.0037374224874224876
0.0030339488672822008
0.009798413965080632
0.004742892242892243
0.004341841841841842