0.04772698909711482
0.015922777296099266
0.0869859033879916
0.2126246944806502
0.11494201141015548
0.09421699533035564
0.04374656307854689
0.050587346613342785
0.041058342853569796
0.028727602550317217
0.041494889875456686
0.0233498095846274
0.022288753303029884
0.009348692243429085
0.0018159715528136581
0.006543164437901279
0.01418084208410226
0.021545439865277915
0.010750166013323906
0.03001335521578438
0.002460745881798513
0.003086304908167256
0.015701482503101934
0.0055743476796108376
0.008021218547534336
0.002229315893283505
0.008353939192422038
0.019422487843540476
0.019539232697127432
0.0034139012883952153
0.003288183551341446
0.0031375668707865592
0.007027767554083343
0.007635812664578912
0.0023342791561415045
0.00022492127755285648
0.0019771651350598716
0.0023824428682728276
0.0030332240858556648
0.0010721247563352826