0.0594812959344979
0.0018707482993197278
0.0334653373446477
0.04260800433829989
0.1852824754610468
0.1355277556324354
0.0455101822096896
0.010761867442901925
0.13552701061937514
0.03901964209845983
0.06519002685874604
0.04484911640084053
0.009472495894909687
0.0199863696784879
0.014219428628295621
0.01607373879541367
0.01350055937494361
0.011908521144974347
0.005971040453799073
0.012438423645320197
0.008687040244922017
0.018987108950163135
0.0026047775432011884
0.011362303542106496
0.0030494956603330987
0.0033485808116349982
0.010162880359924693
0.004614316991164282
0.010908966512414789
0.008832164004577798