0.03916361041867115
0.009653772153772153
0.07346257543625964
0.02361541592310823
0.20575281855646227
0.2029914511189814
0.0526364773328336
0.0013270355375618534
0.04813943928316397
0.006561529638452714
0.025081327055011267
0.03613482034534666
0.0881409282725072
0.00455301558540425
0.009729661551523898
0.008412372228161701
0.0032913480281901333
0.0015277757180591192
0.0055137844611528805
0.01998858840964104
0.03238080894963486
0.010475854554801925
0.017457591141801666
0.01808516120257011
0.00426178634680659
0.004428807060386008
0.016888180046074786
0.002620649331175647
0.011297255376202743
0.0011609398249074364
0.0037952787952787955
0.002170490328385065
0.008391437996701152
0.015547829363618836
0.0058664157854441245
0.005300075542990524
0.0021515764936817566
0.004760663313294893
0.002863997600839706
0.002204228520017994