0.06377208141321045
0.06466726597774984
0.07383669198185325
0.03373997754038078
0.10577513324489128
0.12388052695512373
0.12183656397366076
0.03248932407198537
0.025741720197365363
0.06529484180693859
0.009208343180117371
0.011161732532700272
0.010085736396220266
0.013171265338604047
0.011188716077828977
0.028983208771515216
0.025280817972350225
0.0598500849508914
0.03740741225620258
0.0041354646697388635
0.00176066652881169
0.00878763933199417
0.016183653935670065
0.0012768817204301074
0.0034482206861239117
0.003092270632593213
0.01158568693850952
0.02135133012149141
0.0030114654610622353
0.007035650281618023
0.009604832891123214
0.0036331052460084716
0.005866848205557882