0.033081998663231166
0.012566663028847905
0.14274446569614638
0.010346136641654846
0.1510169857893947
0.05422381799132501
0.02932409716023161
0.035540182921135303
0.05005872434443862
0.042677031962746255
0.11102043588738265
0.006557159771445485
0.014639449149253069
0.053812092824697885
0.027365163884771726
0.015411184675890555
0.07467925450418447
0.02125187863283101
0.018496433020242543
0.0041358024691358014
0.021275274289980172
0.0027510078105316203
0.0023802255945113092
0.009408322251459504
0.004761904761904762
0.003211823449918688
0.005112318431646162
0.002177993963708249
0.0028715332286760853
0.0039678531345198
0.013289745968317397
0.004305985020270734
0.0028938477748001556
0.008105482027050654
0.008211193568336423
0.003662857398851797
0.006949386592243737