0.035961761241589764
0.010438890094760539
0.08307643971492507
0.0041196582694558405
0.2974473164280262
0.11990333147751582
0.0056119854583774565
0.017256858451190432
0.07188083806326245
0.038354788640570986
0.03872844407495515
0.05641662854094385
0.033027886749010825
0.013112535987029912
0.005479428353922281
0.03474522553469922
0.008087526508579138
0.007813024608690244
0.00439984983924017
0.011958163470428294
0.012727583161019693
0.024678475273855117
0.013932232859358363
0.014676465384967413
0.00862289585199802
0.01280949145321615
0.005728530728530728
0.004566437461174302
0.0029730102485520443
0.009424096671060232
0.002221900906111432
0.002663077663077663
0.0066032980893662
0.00467410699608842
0.0023611528672257413
0.0009800141379088746
0.0029942916582592696
0.002792237002763318
0.004460752525768006
0.004124725177356755