0.08923046374727046
0.12449540422229498
0.002081832733093237
0.07751694850434346
0.14207644129913036
0.07038290141231317
0.11199879485593774
0.016015280237969314
0.0452693758155943
0.09558318665461524
0.020136637405544965
0.00790995185953169
0.028077230892356947
0.002204609116373822
0.001926497871876023
0.015606818484969743
0.0013735494197679072
0.031893727187844834
0.020048476266963666
0.016723938992846556
0.01549165120593692
0.005441570567620987
0.001822729091636655
0.0211308462779051
0.0009243697478991596
0.001485594237695078
0.009724889955982394
0.006908618925425649
0.0017603964662788194
0.0013165266106442578
0.0053379230480070814
0.002963912837862418
0.0
0.00952547685740963
0.009226145003455928
0.0015133326057695804