0.13520333400012544
0.031124431124431123
0.004631751690575219
0.12286856505933468
0.11256480522930185
0.07180027329701824
0.09692403631313187
0.01611107994797834
0.02186076773382051
0.016200459533405362
0.003758061111002287
0.03985182452980639
0.031168529430561517
0.021504775933978443
0.10091398242409634
0.02079177420958402
0.03361723936590247
0.0337989500015773
0.0015349574173103586
0.0017896047307812014
0.003168429906397821
0.011515731377391458
0.001099981055224022
0.005989247433097699
0.012350716227721575
0.01170804909179706
0.008787146830625092
0.001884390119684237
0.002315940150164749
0.004894483245448137
0.009790529594063655
0.0017684039074413404
0.0029023363247962183
0.003734276478987012
0.0018536663677328638