0.024700274967654645
0.016190810575837315
0.026411590983783498
0.045578282877748115
0.19086652602695386
0.08855541368910351
0.013649224611791454
0.01652313818089219
0.08324442936742404
0.04225247915087487
0.031654199434948106
0.03455413669317412
0.1419796582898187
0.01064792308107816
0.051761582643935586
0.006207092570728934
0.00838284808873044
0.012691532076558815
0.027105851170022295
0.0125198331080684
0.015536206712677298
0.023748389657480565
0.010416618438008812
0.0006209476797712091
0.016505023991655012
0.0025302040007922364
0.011732444620145154
0.008561165513037173
0.004352945529416117
0.0028570013864131507
0.009105763517528223
0.00777319333469066
0.0025103980986333927
0.004567718872531708
0.007965400612459437