0.0
0.0918478893848352
0.06721867349946169
0.06595107136979059
0.16758645705690037
0.04006733551068527
0.05303932520681289
0.023088050427951902
0.025077153279123722
0.05682297314070712
0.023072261619059647
0.03140959341698257
0.05971575632905683
0.0181630698256314
0.018132018501476627
0.023662640041950386
0.04067329085801992
0.0524088459433287
0.02651677824091617
0.0103673078426773
0.003184226829547026
0.00041050903119868636
0.019666164432174282
0.0074440748086068275
0.009928303770668303
0.0044116939437136475
0.006708890452732818
0.0065886699507389165
0.012999452654625068
0.009206980758704898