0.09132424408286478
0.058690642052711024
0.059242507173541646
0.11221542187059426
0.10289002504519747
0.14942877046325323
0.06406495165115852
0.04526023784644475
0.03823787961718997
0.015488049625980658
0.012114370304025476
0.012126436781609197
0.007014230979748221
0.003235267286991425
0.034691288915426846
0.0020873762253072596
0.01242362044086182
0.017539765470799953
0.011009935147866183
0.01157370088404571
0.006056832694763729
0.01841166177373074
0.007515964240102171
0.012049062049062049
0.0033780332056194125
0.0021551724137931034
0.014169859514687102
0.00317804481597585
0.0017747673782156541
0.008029556650246307
0.0028522084556567313