0.06141154720700174
0.06751126083512447
0.05650717127989855
0.014555409867909864
0.21323747275451815
0.025119451255814895
0.09036253624321808
0.005128667628667628
0.03732066544566544
0.08836224802133891
0.019198068345795617
0.04538890192299283
0.00900755389391753
0.007677970177970178
0.02086981305731305
0.037071813918404826
0.02493160774410775
0.002568044329407966
0.007011333573833573
0.02431046962296962
0.012562148499648502
0.003134675719902993
0.006303245365745365
0.00952282671032671
0.01172090220385675
0.019695534894398525
0.004835442335442335
0.01696287193446284
0.01352952602952603
0.0030918155918155913
0.0069350788100788095
0.003614267676767677
0.004542448292448292
0.010845693658193658