0.09217093315905257
0.05368670456688423
0.17412998114606343
0.0007606490872210953
0.19768406840270067
0.07908653534559071
0.04550617007513559
0.005565329580107905
0.03158710192540966
0.00971644666225947
0.03567559730266193
0.05759519586308923
0.013100762771148166
0.01647946534935813
0.029250723277816873
0.0003518648838845883
0.002203065134099617
0.021248729376808193
0.009863945578231292
0.010761201032136992
0.004355713027112621
0.000844475721323012
0.0036178264409211956
0.0007389162561576354
0.0065799621834104595
0.004241926655719759
0.00041050903119868636
0.003047718564959944
0.0037368395634115713
0.004720853858784893