0.008462105807632252
0.05117231549139606
0.004466914971116651
0.022712655197825737
0.2618442056652635
0.081107308822336
0.12180698660926045
0.008822862478324662
0.11005588016092219
0.02541722118711738
0.018350445073134148
0.013820861678004531
0.018962032091048405
0.02037476830853005
0.011035439816952422
0.0
0.002366074634982198
0.021515515297027898
0.01485545733444893
0.021118242168662336
0.021169650363916298
0.010786845932668968
0.0024369747899159666
0.008497091144149965
0.012419149477973008
0.0011096746390864035
0.03821613493882402
0.006888447686767015
0.021041258680902775
0.005301494929522611
0.004866734572616925
0.0051292824822236575
0.004446240034475329
0.0017247505062631108
0.0067746072788089605
0.0008403361344537816