0.06668589382493129
0.02223103199039028
0.14954875783752788
0.024972922700195424
0.13354811162297792
0.11422453066838091
0.06706828030357442
0.09118190187708904
0.015827567164465556
0.02028469154137603
0.019522935966786233
0.021974341760438013
0.010447390794984378
0.01746807361780624
0.007784555511828238
0.02111467459061042
0.009038693530672137
0.026322558408119902
0.011756603467833417
0.008603606731948979
0.02237657371347211
0.015771864301276063
0.004316761669702847
0.0017726282432164785
0.02051634244147613
0.0015850261839566652
0.019451602071922928
0.000445632798573975
0.007652705781048026
0.006584839205160061
0.003260192966075319
0.009718114129878835
0.005859010270774977
0.014903491240389638
0.004395559876843299