0.002318512844828634
0.024419262283854104
0.07524026032662176
0.01111197807873708
0.2724544082781007
0.04111706831684019
0.027978075346496392
0.06767383602563656
0.11029410817580934
0.023789336715033308
0.03895736250306888
0.012514836199046725
0.002511961722488038
0.053074484429380946
0.0016397976924292716
0.009921041499988867
0.032400517719077274
0.042150318466107936
0.011465811311012548
0.011020644937868336
0.03873843084369401
0.00520436573068152
0.015837844785213204
0.0011762774920669656
0.0031610557926347394
0.002225035119771962
0.010868983237404286
0.010734006786638365
0.005315699975142699
0.004538521505280509
0.0013346525730426656
0.0025548104495472916
0.014382433903372472
0.002944348996980575
0.0003465003465003465
0.009996591420740027
0.005836012414959783
0.008356096436591794
0.0028868857042231655