0.03510282373132326
0.04832878796782541
0.05922556990502884
0.1062211446412453
0.1690346457568855
0.08841764630927892
0.04854676418847542
0.00939084013163912
0.06777552483749401
0.09722624666003085
0.040227197045378874
0.004186826245649774
0.017168679711932304
0.007278669043374927
0.013845374273181759
0.032451134723862005
0.017000114660542465
0.04489613324938898
0.004506491463867997
0.0029690402685055082
0.007934385875562344
0.0010695187165775401
0.012063594951295485
0.005466428995840761
0.014354017413155506
0.0035887463694950325
0.011543207733047305
0.005629525950381565
0.009875670680955363
0.004617733227358895
0.0019665717526680094
0.00416821740351152
0.007001772242413954
0.002363975893387658
0.0034696339509173732