0.05056178864228399
0.150270985023307
0.04949241644288085
0.0012137222663538452
0.19107950756557568
0.042613066142477916
0.025120276436065913
0.03233968729324766
0.06544993603817134
0.01960912347909252
0.010556639504007927
0.07121711788894453
0.0800152733589266
0.06964717475553389
0.01183675471601168
0.00925564872933294
0.0021022808948505545
0.024263453056022722
0.005444354128564655
0.0037032167063126816
0.005087503771714298
0.011736899894794633
0.010850643745380587
0.002441573339406157
0.002234544339807498
0.006503318268024151
0.02973379413007896
0.010189590297949429
0.0015805278963173701
0.0033851678588520694
0.0010280418175155016
0.0006341256341256341
0.0017740188018825788
0.005880825540268264
0.001426169847222479
0.007818665636003098
0.0023937300253089725
0.0012899262899262898
0.005245536824484193