0.024768048452258985
0.0009805430858062438
0.06046310848942428
0.03068948990001622
0.1571863670547881
0.0714502405291879
0.14088784022994552
0.02194495483969168
0.027008055955424378
0.07230020256336048
0.01613293060661481
0.03321451742504375
0.020217225480383377
0.043326621616095295
0.0220162364899207
0.0030611951664583237
0.09494849034322718
0.0180117949854792
0.019460368144578674
0.011666944561681401
0.021567309725204455
0.008083887031255453
0.0020645645645645644
0.0013569960938381992
0.022132111605795812
0.014965212991528781
0.018268798531956426
0.0051622768728031895
0.007188066398592715
0.012804841752210173
0.00607379423168897
0.0035951364898733316
0.0023149602096970514
0.004129606761185707
0.004695738906265222
0.010109169319695634
0.0071812927076084975
0.004868006183795657
0.004912157543736491