0.008208298825466741
0.023382287906097428
0.06238909737343322
0.009083579559770034
0.17840499598331677
0.1645324065844116
0.07448445850074922
0.04748771047016661
0.07371222692651265
0.026439787354574324
0.05602815811775711
0.024253926478237254
0.02227206134161021
0.006838681600586361
0.030055619563764922
0.0172588698779175
0.009197516838494282
0.009738656405323072
0.059064757993329414
0.001955266955266955
0.01401927437641723
0.006169117478641288
0.011249055177626607
0.005600277147896194
0.008030872636135791
0.010270170514531414
0.0027134902134902136
0.014849057468105092
0.006224887615865059
0.004094602487459631
0.001944444444444445
0.008532811985192937
0.0029195583957488717
0.0027943521019962126
0.004421196087862754
0.004502565335898668
0.0011616161616161615