0.05957425669992515
0.15453337898608624
0.05188792163223981
0.02985245205749884
0.09323611437582026
0.055698824503136
0.09928754400679535
0.02198865160512888
0.027413788058841537
0.07082742331321877
0.008615460934144087
0.058499579371905565
0.01775445198740653
0.010674521185884822
0.008288239538239537
0.012025387806637807
0.002463248556998557
0.0431686999868818
0.01637225884384975
0.03746972245050453
0.015971505593831797
0.012540789387380296
0.00031565656565656563
0.01330875038261402
0.01793933654729109
0.004204666830001053
0.01744136359778071
0.00888272607022607
0.00432456327342691
0.009334620556211466
0.004993154993154993
0.005829637008614282
0.005865267939131575
0.0032039141414141417