0.11489990168561598
0.13895893348274296
0.02609479145193431
0.04061802835612359
0.13285260815022715
0.08679063440968204
0.05518638768638769
0.050910579720103544
0.014862452362452361
0.0326283526878765
0.017989017155683823
0.06852179566465279
0.0036821908250479676
0.007404887881078357
0.06275839460363268
0.01650175221603793
0.01317431246002674
0.01569899236565903
0.005851714423142995
0.013237036332274427
0.0025063560777846493
0.002285897523992762
0.006174213793261412
0.0005731922398589065
0.001590508257174924
0.00234006734006734
0.01954236239950526
0.02231567374424517
0.0017492384159050825
0.003159171075837742
0.004675353306305688
0.00031746031746031746
0.0028769841269841263
0.00347826335921574
0.0007275132275132274
0.00922226803179184
0.005779220779220779