0.027030402030402027
0.0
0.12591140507807175
0.0964463131129798
0.12493219576552915
0.1549271090937758
0.03503468920135586
0.02379076129076129
0.03305962889296222
0.11799738049738047
0.046195762862429525
0.039819418986085646
0.022177913844580514
0.01636116636116636
0.006779452612785944
0.012571716738383403
0.009623184623184622
0.013867601367601366
0.019070964904298233
0.0005005005005005005
0.0043205001538334864
0.0020347728681062013
0.011758186758186755
0.0
0.007862587029253694
0.0206677998344665
0.0026646776646776647
0.0015335848669182001
0.0007442507442507443
0.006163322829989497
0.004607583774250441
0.0036697036697036695
0.01889286472619806
0.008474708474708475
0.0074027490694157354
0.0006256256256256256
0.00420750837417504
0.00580954330954331