0.03266709028741114
0.10148817891943004
0.1192200554853905
0.005806730405660886
0.1196701753600646
0.06430868817936083
0.021305452061151472
0.02992693984461505
0.04137747424944657
0.11627856995628223
0.006994729763392533
0.05237826761021742
0.02636967380597453
0.041196478670196005
0.008132895031290752
0.0010499898200432957
0.01018688257206659
0.010091553899603435
0.009173830880839041
0.0024525203247409834
0.05351849300024826
0.006603335839192861
0.022887327566471955
0.002314107461166285
0.031387487537220156
0.01349480386913542
0.010022493846023257
0.014007203170462054
0.010669722434428318
0.007439129497953029
0.0023397262623434376
0.0061642819242031174
0.0037331874898719817
0.0010445007349032115
0.008558271793565912