0.09244591744591743
0.040465394412762826
0.058500907185117704
0.034741957422012824
0.13929970875954253
0.08895575249453366
0.06712042086003303
0.028904324818452242
0.08644329859703821
0.00507742613005771
0.00788987762671973
0.046659641985126746
0.05567841533908016
0.023415512889197097
0.00024893314366998575
0.0012435880856933488
0.040382949385719465
0.02431682826419668
0.009903461877146087
0.024893311666164854
0.027362915382305963
0.004211247563048117
0.015320504136293607
0.011655036585784507
0.01493591164643796
0.001924084749569514
0.013036219476662688
0.011271350745034953
0.011424445634971948
0.010512409196619723
0.0016087516087516084
0.003958760537707906
0.008605409921199396
0.01314854538538749
0.009202623676307888
0.008909487856856278
0.017092296039664463
0.005776547223915645
0.0017346293662083138