0.1069263579063942
0.03526363802225871
0.05101464207634806
0.09546943645854715
0.1678082774589127
0.036923962976594546
0.002682568490190995
0.10315767028561947
0.009788302374509271
0.014955359220331994
0.027839525198871843
0.01916321864597726
0.018004039383349726
0.0627165762918939
0.012717652717652716
0.0012132822477650064
0.0384509422485829
0.00502179778949289
0.009545533111776305
0.01961652013376151
0.024039170482001698
0.020322021528918082
0.004034491253184538
0.005344491496941587
0.012104086845466155
0.014298064642892227
0.01408439110798457
0.004828858544829507
0.006783599542220231
0.0054725415070242655
0.00443196851545309