0.00026881720430107527
0.05045978513720449
0.08420528097947451
0.08385267659461208
0.1076991526991527
0.16118832183348314
0.040728327825102016
0.017741750483685963
0.09875154117089602
0.024540334217753573
0.01503374164664487
0.010528247141150367
0.014917812175876694
0.034887114080662474
0.0443642200093813
0.0005734767025089606
0.03574384396965042
0.03170213896020347
0.03656319188577253
0.018931964093254417
0.003178094307126565
0.002174432497013142
0.0028195937873357227
0.005415677512451705
0.010375025213734889
0.0
0.0017921146953405016
0.014351031286515156
0.0040288445127154805
0.007647209421402968
0.006764185635153377
0.005116138341944793