0.05360196579910548
0.07510417772917614
0.05639802575100453
0.013285675659235779
0.27891107916959934
0.036064475115439636
0.05530942622512043
0.028979957320978366
0.034945399950539024
0.013088686531924897
0.015231694022070174
0.0663306188312142
0.003549925108629562
0.004397882422412073
0.03996172837281623
0.017341864912715117
0.02091542545817373
0.015005394964909137
0.018660443047201797
0.007368001795246377
0.022089841953280613
0.02344586737299287
0.003164018643894805
0.0009012093020190186
0.015813636056551037
0.012382904994241025
0.01047566411343501
0.00753434225094144
0.0016681661418503522
0.0037403378377419806
0.018029723489356733
0.013649021543758388
0.009004898984656071
0.005553462132409501
0.002354595472004379
0.009542061054325878
0.00751484982254213
0.003263585246764199
0.0029225160804108173
0.0035365856216058636