0.007582756047668328
0.06720169614906459
0.07873452566435023
0.16387017965965334
0.18444007566814585
0.055657319253810476
0.0835940123220825
0.042919955419955406
0.06597146969953988
0.008724796224796223
0.03894125538862381
0.04977238683379033
0.004347800181133514
0.013507013507013506
0.021464743394567956
0.008493016826350161
0.0075369685018807815
0.0012762762762762764
0.015107873002609842
0.029228576377699184
0.0034986256477484543
0.007120625103081243
0.013844072177405513
0.013498021831355166
0.007979709295498768
0.0
0.007419700402156543
0.0015094041409830885
0.010632618965952299
0.0009999286315075786
0.0013406263406263404
0.0038239871573204904
0.004520050353383686
0.005254767754767754
0.0034577810893600368
0.0020309783467678207
0.004039158205824873
0.0026992901992901994