0.011362085935949572
0.09096483272619636
0.029773651222514855
0.06620643604266596
0.12092619575908345
0.04996071002922607
0.14088804420104553
0.009775672559763469
0.0859936979798277
0.05452038955548314
0.07529960647022811
0.014899166737402028
0.07681088902679814
0.0070543093270366
0.007218081791945428
0.0037565732878232874
0.014721381837859109
0.008870480010185892
0.0034653162494071585
0.017494451292913858
0.0012138429752066116
0.011725889850889851
0.007291926823176824
0.013973611337414813
0.005038548362411999
0.002399809786173422
0.02038724638156456
0.002362799237799238
0.007085231934830865
0.00042706476530005944
0.0166466125105831
0.0013305954357090723
0.009808651996151996
0.002770438983674277