0.021167078319658042
0.016391296385462835
0.003654357410515046
0.08626786423325182
0.15330872962775996
0.21958638795882762
0.019743228856529346
0.003249503068014865
0.0535468953021455
0.08005378584196318
0.05824666108241426
0.04037462947561469
0.008285440613026818
0.02641251022765153
0.011946879065105664
0.0023702009539447962
0.0019075294969772543
0.006131272941617769
0.0010532797511018926
0.015460640891675375
0.0010532797511018926
0.00653183023872679
0.012625285223807393
0.013223366671642535
0.008503041264902816
0.004427361881341659
0.0003078817733990148
0.002627257799671593
0.004967159277504105
0.0032748720038064086