0.05584208891480294
0.0190357453411873
0.024461956146448128
0.07073081687947334
0.15096046498051433
0.06194124047346676
0.06761652829515942
0.08913328524841578
0.07296794245147747
0.03264730417136834
0.06633766276156303
0.0558661708079764
0.003061136200488198
0.015238150222670346
0.018948718146579106
0.004487403643046761
0.03909865779950712
0.0018549317170200928
0.025609649807510772
0.00804145818218433
0.020622483315153966
0.0020926471382589655
0.002867611691141103
0.0027140217815868886
0.017562469792979218
0.0025931584755114166
0.015970244847250195
0.0051022061717248875
0.0060415075120957475
0.01609462349681882
0.005785509796204983
0.007143114362365699
0.015045215805136998
0.013806835865659395
0.009415005671690164