0.02508982393054973
0.021688246789053237
0.016604838933467966
0.006078061723223014
0.10165140079454595
0.10312460836654383
0.033003203114090204
0.04020441364191364
0.0522481438812084
0.007294939603407346
0.08868950270159946
0.10386017991864765
0.01603746276125308
0.05671385066546356
0.03529214401190208
0.0333857394845298
0.018506857166131357
0.026908144498870308
0.0015464486230615262
0.014507278116149082
0.010247055811571941
0.02196198179061082
0.050519596890564636
0.014579735900300417
0.04046517998130901
0.011793649898488608
0.0029873911930363545
0.011239164061744708
0.009654167517070744
0.0029647435897435896
0.010385610133594004
0.007602231997393288
0.0031642025089605734