0.045219058222154204
0.0017899478425794219
0.10416898377424691
0.045428167138693465
0.20891659266272267
0.04272370251472418
0.13218819108911992
0.0798206335358038
0.02609672807041228
0.023502025475709683
0.003730523467365573
0.016972447080806214
0.021465566202408307
0.027315135867767442
0.024415517681771547
0.026807859044701145
0.03010522863464039
0.03252446007863964
0.030843732430419737
0.007088154456575509
0.009475245001560792
0.009496971339076602
0.006597965808492123
0.01360279518174255
0.02224020227116202
0.005158751869278185
0.007448731132941658
0.0028056324108955686
0.0029178646825705652
0.008655283577884197
0.004926833874202295
0.00496014377593325
0.010265682634103686
0.0029146785725733104
0.0016343068974647922
0.0010664004085056715
0.004909710172868068
0.0029178646825705652
0.005203759809022967