0.07569340406623092
0.05109710547408746
0.010070503574909382
0.11466941409784946
0.06793474605908019
0.17379459304635728
0.04710183554488591
0.009972697611201764
0.07128279932456365
0.027261036795418418
0.000505050505050505
0.03711743140413501
0.016076739451352455
0.025957441296776476
0.045290768742781116
0.0020242914979757085
0.022234456951056143
0.05025974390265387
0.032186633433954226
0.002945366180660298
0.015391581529352426
0.005236161644015644
0.0016078262982287754
0.005905882418147241
0.026374969486424593
0.013551336577652364
0.013809750063212667
0.004085047506100137
0.0046600757380893
0.0021449110458398378
0.008914505973329502
0.015518939551447293
0.011596198507555848
0.0015729683686340028
0.005739628177301307
0.011798140814761314
0.0067238560659613296
0.0036362273204378465
0.001061540225626913
0.00037927901704991486