0.05414426314703324
0.07174963345323457
0.12420823953331693
0.02465496641396919
0.10082320836353752
0.06369323993163002
0.018850763147650874
0.06908254774476053
0.05958494735584518
0.011452961159658243
0.061796770559195184
0.04438630060269298
0.04118487904132355
0.02798711877659246
0.06280050315002246
0.02192014165698376
0.011900919571605576
0.009840530893162473
0.0026345841442794358
0.014945271446819435
0.005958329642540168
0.01927297453613243
0.021660136133820344
0.01713036844615792
0.004019107966476387
0.00412443965075544
0.010421801211274897
0.004093663234937473
0.0016110608215871374
0.01794164031006136
0.004469507101086049
0.008923362870731292
0.005880120146048124
0.007628320786215523
0.0022329732856048645
0.00547141336615021
0.002579265667908327
0.0153917522338575
0.006136877189508768