0.0030200315420285764
0.1107518002401838
0.02155113464554888
0.03350387378316196
0.19699900911962206
0.05919811747542841
0.054292111469570685
0.03928783168278967
0.05709578113433774
0.09025488956037647
0.007153963189553895
0.042523447607481224
0.06581330571444265
0.021548153060758097
0.0010383733913145678
0.029825925708278644
0.02688693659281895
0.01263590284598688
0.0018066807142437394
0.012767895036802599
0.010601088920416649
0.005721778907641487
0.012392411510058569
0.013945632551663197
0.007796451914098972
0.016737244740210634
0.03345962627475232
0.0033214497920380274
0.016901753434131087
0.01336238595259851
0.005236918296730456
0.00447051547891884
0.0030833545539427887
0.007703238158008301
0.0071989401821334585
0.003893557422969188