0.015707301729469218
0.03996331139836455
0.04027216589765203
0.0
0.17230130998117774
0.13897906244937616
0.03495634518450178
0.12223972661164781
0.04811709496535787
0.07124566388728949
0.0013220654262915087
0.06904126593166002
0.0068410969953619696
0.04798992742342496
0.021053026748839552
0.007098420405394737
0.0035892883799287733
0.009635411113243625
0.019993122640905893
0.0038339897362453753
0.015097033148627651
0.009620750076415099
0.009660903078714849
0.0013674748896423772
0.007617075043183417
0.008706429830360346
0.009418956220226638
0.006966924700914849
0.00187807881773399
0.0037626393570132227