0.16624327979209746
0.029558462801216424
0.05308560979327569
0.007400898848267269
0.0696485554323083
0.06976898471940425
0.1752786559089
0.034760657586744535
0.05901801164959059
0.007951638300608554
0.02275654953000491
0.03112997478939508
0.04131472519630414
0.03744691244691244
0.05366146653332008
0.03591106770931332
0.018389418213026143
0.008532717500108802
0.00031553292422857636
0.009549934549934549
0.0021510146510146516
0.00106981981981982
0.006743350493350494
0.0051486465960150175
0.004828936078936079
0.004533104533104533
0.0035765320185610046
0.0025145275145275147
0.009136084136084134
0.0016607954107954112
0.004026943610276943
0.0008088445588445588
0.0011136136136136135
0.008025341358674692
0.0006283457370413892
0.0026829651829651828
0.006928952762286094
0.005702130702130702