0.016886375790640763
0.03970829137733467
0.12177094659918096
0.023510942168577638
0.09283404721245012
0.1494864960609062
0.09722245233328977
0.027789447370728155
0.08794619627196758
0.021190001830720003
0.033808316751666505
0.03769062261737917
0.04476607316573611
0.029864954529525433
0.031730985671872367
0.0017651888341543517
0.007847855819076975
0.004807353976073188
0.0014620437034230137
0.01192227642674881
0.003301434003728533
0.005840806702875669
0.0025575364245314985
0.0009008392629082285
0.0031918956795804086
0.0028674618576096417
0.0032091380613548104
0.0032211834584144664
0.01636878890897558
0.008027584074382104