0.01470061476228459
0.0335025846316169
0.08172839459366973
0.0255457654651203
0.18991224096911705
0.01439033675875781
0.0277968076971872
0.09685436812596507
0.010132115887633712
0.11476961279193375
0.00618183489151231
0.10721483888941191
0.02149639421835567
0.010803008222363061
0.018830079403084496
0.006535017704497381
0.03152949942223885
0.003856737203636235
0.020496982109885337
0.03173736060832835
0.025103446512614595
0.011460904335667144
0.0007373271889400922
0.006863799283154121
0.01606115807728711
0.006097681479684875
0.002624131918549176
0.0025083746348602033
0.004874125277351083
0.005614594485562228
0.0063052359826553375
0.0028744114133108438