0.01798490105206998
0.00457199787102164
0.11102024802682696
0.11437624845678751
0.10816020278297443
0.1347738168382269
0.01959889908478618
0.016158997812223616
0.05463338744588746
0.08283675300600173
0.059948694132692444
0.04125826540936897
0.003952252944188428
0.020582189987431925
0.011335530037779611
0.021142953149001532
0.007530300121025927
0.00952468230694037
0.028657244589969544
0.004566037680957037
0.004017610973256135
0.029963873668776043
0.007586158241400177
0.022136762207326723
0.0054466478861640135
0.01196476574500768
0.018473255015593725
0.0016801075268817202
0.009789709795015398
0.00220711924606237
0.004200268817204301
0.0032108160185409765
0.008725431154866637