0.08692271780507073
0.06098955016067317
0.06855723005455626
0.00958277709614608
0.16688555057539012
0.03327296589328675
0.08749376984671102
0.08614219015288535
0.011143649378943495
0.07771846394841048
0.008252759322278038
0.08689061483179128
0.0058634473072975745
0.03472775986144969
0.01088636556550995
0.0024631340139361526
0.03338477723504461
0.011326018010509987
0.014676173499702906
0.025554565260447613
0.009906334505264987
0.003126503126503126
0.006490761169905555
0.00850097614803497
0.011035488575595529
0.0018801459977930567
0.009429152744660765
0.003359415391500953
0.006556460968225674
0.006035141329258977
0.0043205160852219674
0.004567575423190397
0.0042646351469880885
0.0036974018257440715
0.0012251365192541663