0.027743394118357897
0.183078354080962
0.0268397615456439
0.03546749235824866
0.1248237647281403
0.07961741999267354
0.06692860827314612
0.09220042924331538
0.009408117559378058
0.05942747551556594
0.05856572304993053
0.005788375956443183
0.009631093495190856
0.002183540082699747
0.023640808304673844
0.015288082599006965
0.014560344513981142
0.01636951123186997
0.04849003872909987
0.012703808796245768
0.01193648378087671
0.0036877651148876883
0.009707260124530482
0.007706877622844007
0.014293234535193386
0.0007895465878659156
0.009574205536245524
0.01922304119783111
0.0022689075630252103
0.0072715939522662205
0.003912753912753913
0.0069192898604663305
0.0029225023342670403
0.010238590734099285
0.004063583475348182
0.0046609926021690725