0.006704980842911876
0.07667857593965968
0.06352617005326365
0.11926456821777018
0.11934642396465056
0.04924321026537775
0.1488370892927543
0.053433252571183594
0.009798015339887261
0.015479655812168128
0.023918336726218497
0.054908822704389196
0.017662639768551095
0.009444284505860863
0.06388437780063395
0.0011323651717740388
0.00465927750410509
0.006818209158110636
0.010306797745221391
0.0037473610133708654
0.00798049104699351
0.007280520519436776
0.0023399014778325124
0.013648447884901086
0.002393214339027147
0.016366392228461195
0.005146023926812104
0.0005224660397074191
0.0054108999921807805
0.011151710905405484