0.06411868053234278
0.019782656376584266
0.13207869964036945
0.02315374765090135
0.11587532504041041
0.17855260383723381
0.012615371486339226
0.03626307349267501
0.03670728912664397
0.027521188488930422
0.06445140845520352
0.033701477733735795
0.009934599450728483
0.036806395165028934
0.006396220267188009
0.029982234014492074
0.010589070427780107
0.002665363310524601
0.024647156905221422
0.007057673509286413
0.0031780167264038235
0.008608977641235705
0.017940416460340558
0.0035371617629682143
0.007541544477028348
0.008034133973412912
0.0017185920411726863
0.005104268491365266
0.00531063321385902
0.009480688332680742
0.00320447175285885
0.0018279569892473116