0.14945310067859088
0.1064457258084709
0.08057480741304271
0.030817830817830825
0.13379881541646252
0.0646703408958311
0.020790649957316623
0.07485123710613906
0.03824762966919829
0.006286697953364621
0.022491664158330822
0.029044341299243267
0.015744721994721992
0.009057677807677808
0.013134254800921471
0.009331517664850996
0.03901212835036365
0.061631359915673624
0.00708110708110708
0.015824428324428323
0.026366572199905527
0.018601901690136983
0.005132025965359298
0.01295927545927546
0.004535656618989952
0.006869965203298535
0.004249189665856332
0.005164092664092664
0.005541905541905541
0.006228598508010272
0.00694390277723611
0.0020535958035958033
0.004707104707104707
0.008529751421908285
0.005271992771992771
0.0033155178988512313
0.00227381685715019
0.0030251571918238586