0.1423317143905379
0.14652046323872955
0.015412882518145675
0.016934664225685896
0.11313709696062638
0.11019967188697836
0.05745143879818804
0.03940965388333809
0.06398070477017846
0.03634317690045245
0.023545069597701168
0.033277841172578024
0.0109851465114623
0.03366698103540209
0.020451403113941814
0.014691571270518637
0.017523255526351506
0.002439226046037192
0.00017780938833570413
0.009103409026009646
0.0017232530390425128
0.011208724289219645
0.002566099934520987
0.0005588295061979273
0.010653886969676443
0.027725281672650096
0.0057169951906794
0.0057440899546162705
0.006968912232070126
0.015625037993459046
0.0009043337216711831
0.00011853959222380274
0.0022826470194891244
0.002702702702702703
0.008285656969867496
0.01516121384542437
0.004575893894779343
0.008279621437516173
0.0042893529735634995