0.04944648159751134
0.025978374605376896
0.035483926244795815
0.024259113046298398
0.15979770387665126
0.12544691291830873
0.02170802033502262
0.026440739598634334
0.06122074208458648
0.04939851055411696
0.00409696988644357
0.10173791735576633
0.019529070186964922
0.04876857823082081
0.010882011539906276
0.02119535672167251
0.012544422956322271
0.034320696792092674
0.011229528334791492
0.001125048493469546
0.05990161098856751
0.010135802241065398
0.005786970260654471
0.004113544903018587
0.003868702524308931
0.010001088290561976
0.018043419359208827
0.021481264215817992
0.00952104104278017
0.001872643320011741
0.01561526756034765
0.0045866611656085335
0.004052501363714179
0.004531701900122953
0.014654758075810704
0.0018458333675724981
0.00657111183426973
0.002204836415362731
0.0021203192255823834