0.1604143190790332
0.0630484741816315
0.037990318768307385
0.02667124392930845
0.210087632592789
0.05321203435467934
0.05780928716618842
0.028716316409163535
0.04297617737309181
0.022052413817119695
0.010883334109140561
0.037713431413621164
0.013066172705641397
0.001551459293394777
0.005356824299980805
0.03109951577693513
0.00852638790226448
0.0031920725279359057
0.012744124609482255
0.026319210372506303
0.0048255417119372245
0.0058950726692662166
0.0016973886328725037
0.0007168458781362007
0.008824297877593808
0.0051554099846319945
0.016481714223649708
0.008832194245938986
0.0035470819152033576
0.0025381646559767173
0.0006256109481915935
0.0035589588324511185