0.017781172029940503
0.0012365029606408917
0.04683421395244055
0.006753939820442284
0.13421834733411087
0.1417205331614198
0.12946414559715055
0.03120286254522708
0.042506337395499964
0.08065054130325067
0.003276253029947611
0.043825981079675655
0.009450504339666902
0.06160315464502657
0.02370816785841416
0.008364876776206825
0.045076201849600865
0.012488360025305836
0.001948051948051948
0.013414848698099929
0.011080661265390328
0.0010907811400422238
0.0072054997547608395
0.002382196347713589
0.024884844219819593
0.000844475721323012
0.0004926108374384237
0.017754604454111846
0.010626408348083224
0.0016104585070102308