0.015586740586740585
0.0642974142974143
0.004368379368379369
0.08442440284545547
0.048028496712707244
0.14648872543609384
0.22717479296426665
0.07919923446239238
0.0037502800660695382
0.00588291509344141
0.0076842905790274205
0.02714759951602057
0.004157455473244946
0.03996029259187153
0.009568229305071408
0.01150023913181808
0.044640956483061746
0.006621196094880306
0.0013028065659644607
0.027542186752713065
0.028490195595458755
0.01611390427179901
0.0027087895508948147
0.004885114095640412
0.002941013467329257
0.01805363121152595
0.012145070039806883
0.016923502449818238
0.0024928209138735456
0.011207071733387523
0.007489444331549595
0.014229266860845809
0.011092483460904513
0.0038344735713156768
0.008696392906919221
0.008275634591424065
0.0034750061065850543
0.002577953893743367
0.0020259493943704473