0.0
0.2127748865429464
0.0008962910278699751
0.06665578849531378
0.21094292361707218
0.07178560544788615
0.07446487114959766
0.020099536766203435
0.0030966891261008903
0.01754031576013
0.026037405204071874
0.10593851641323265
0.011845007678341015
0.006008689342022675
0.014908652163554123
0.018062269042661196
0.028455165710067676
0.016713098511344122
0.00019337519337519338
0.020970088733246628
0.00855757522424189
0.004092891592891592
0.007949616282949616
0.005645851479184812
0.0003385738679856327
0.0013213763213763211
0.002871052871052871
0.002208242339821287
0.0018446268446268448
0.00267963392963393
0.0014915125209242857
0.0036026348526348524
0.007602431131842897
0.004065972815972815
0.0010123760123760123
0.0026737012031129675
0.003288543420122367
0.0038567038567038567