0.09367305874892888
0.011384616432897416
0.06614364371951385
0.015561286831448124
0.09640723299997492
0.20058142815729826
0.16644167059595752
0.02523695296403276
0.0022498167155425223
0.0218002277504612
0.02181803382195997
0.0915709005081883
0.011342253176930599
0.011340944002234324
0.011134385327933717
0.011001067704696737
0.013745897919285014
0.00954635259336023
0.0033322132616487453
0.010595900515255352
0.012174266970531825
0.0
0.008715313760941944
0.008567453580187026
0.004484359726295209
0.0025695182953247467
0.0
0.0023854579324655723
0.007279761009599719
0.004498106060606061
0.0032143109790605546
0.0024499022482893456
0.00439882697947214