0.09543011586115033
0.1551038179116997
0.13640239071273552
0.05084245256659049
0.05539046202839307
0.023281816705462026
0.022961283380002598
0.017564228327775124
0.04290322567416163
0.008871686605676754
0.07977837023403525
0.026772217929853393
0.03939252728661596
0.022040665956922112
0.0035271788966370248
0.014662636214360352
0.002682366894189554
0.01477968528461139
0.008627878689455044
0.005501203777065846
0.021014278551224366
0.039405217114576715
0.0018578465869106262
0.0038815863939016646
0.0062008188855479495
0.002044868103981405
0.006885356023287058
0.0069234227731764676
0.002134646962233169
0.0018549594904274703