0.017377096543763206
0.0271351979685313
0.026421768088434758
0.004147004147004147
0.1886141261141261
0.15623506456839792
0.0570410778744112
0.07449074949074949
0.04220979637646304
0.015870611703945037
0.02208736375403042
0.08723591640258306
0.021380525547192213
0.023677536177536176
0.026978872812206144
0.032940203773537104
0.035309585309585306
0.004787200620533954
0.02376441959775293
0.004903638236971569
0.02401576984910318
0.0181967306967307
0.01081286914620248
0.002500877500877501
0.0030673530673530672
0.004258425091758424
0.01377270127270127
0.00599101849101849
0.0031798906798906792
0.019509911176577844
0.003991545658212324
0.004268554268554269
0.002298727298727299
0.0072393072393072385
0.006448764782098115
0.003728187061520396
0.0010635635635635634
0.0060810810810810806