0.039226656534348835
0.029470574409845667
0.05672262360521469
0.02645267650328379
0.23119119709200678
0.06538317283256555
0.06413247608591738
0.09387643845133721
0.09520296580013178
0.019812672707409544
0.04061925029536365
0.048469175149337095
0.021552097999466415
0.0375886884894982
0.010399995116594306
0.016661161600432857
0.01532821654279144
0.0031024531024531027
0.00871357237753999
0.008547592758119072
0.015483702457386667
0.008548918467946805
0.004852925601913456
0.015380336412725078
0.008618545197492566
0.0036651944546681387
0.004014743690857051
0.007282240176977019
0.007892424339792758
0.0018844366010357912
0.00325551641341115
0.0019573993258203783
0.003515651390145317
0.021666540087592716
0.010425710142309332
0.005590413485150327
0.0013115539431328904
0.0035779522621627886
0.003623803097487308
0.0024747182641919477