0.05817683526016859
0.006729906729906729
0.07334352751019418
0.06726932560265893
0.1454353162686496
0.23193496735163405
0.0550847300847301
0.04586331461331461
0.03686708478375145
0.029384071050737714
0.0201320159653493
0.009849893183226517
0.0029351321017987682
0.03916578916578917
0.01846418929752263
0.005255526088859422
0.016234253734253735
0.01917929834596501
0.022205301371968036
0.010882473382473383
0.015038529621862954
0.01741335491335491
0.01859435192768526
0.007603599270265936
0.008874946374946374
0.0005148546815213482
0.0009902759902759902
0.002382946132946133
0.0010236968570301905
0.005890468390468391
0.005160625993959327
0.010934706768040101
0.005834460001126667
0.007173244673244672
0.0040791874125207465
0.0020860145860145864
0.008491608491608491
0.005562218062218062