0.05310110744634555
0.017216123823266677
0.01729162372019515
0.022146750956274764
0.13648271041128188
0.33030908245193963
0.010934916053963673
0.08206029860791765
0.03722820829963686
0.019948900306043158
0.0041644620811287485
0.036142096439715485
0.01629889731080207
0.007139707734945829
0.005666471975995784
0.02212105354962498
0.0037452758881330304
0.0188535758773854
0.002328478399906971
0.0006944444444444445
0.023647758766806387
0.014511669987860461
0.021838338028814224
0.0
0.0074206349206349205
0.0004938271604938272
0.002451305308448166
0.009592863045243998
0.005623267825648778
0.004516783921545826
0.0008616780045351475
0.004193121693121693
0.009580619997286663
0.009909926933736457
0.004841269841269841
0.002932098765432099
0.008313824623348433