0.041277207355305816
0.0153399587270555
0.028540073709852995
0.1277156312215735
0.21929572643918988
0.10881468858124207
0.01835144246434569
0.020840121646573256
0.03391677586074869
0.03686581638194542
0.08137851694303308
0.011998503288825868
0.028371184559639565
0.020088733344251163
0.016848426050463404
0.012968715557849682
0.00795826932923707
0.027804931030737483
0.0011372517314792356
0.006057347670250896
0.001010280042538107
0.02487137116169374
0.003440860215053763
0.01670536719772713
0.024543941721361075
0.008255046217694774
0.005465635414701628
0.005603030874677733
0.001639784946236559
0.002525252525252525
0.004284007509813961
0.0016774981291110321