0.04384362518417864
0.00580597563356184
0.02074591049344744
0.08242093979046654
0.13019077254472414
0.1677413843288723
0.013760956008817042
0.09127569798199212
0.09370177361406068
0.005526322336667164
0.034325511253156166
0.027828903084931085
0.053747957053444415
0.006706296576986232
0.024581275320191574
0.0074033242426461785
0.0031928137256112365
0.04221077909501554
0.021071819532410666
0.021951547425666296
0.004061364412673721
0.007753361170848855
0.006040685504971219
0.0018006052995911009
0.013495484400656815
0.0039661487937350005
0.0017767672940086734
0.008536721898790864
0.0023874341024976236
0.0028867581515364766