0.017579839515323388
0.07955216574910971
0.00035842293906810036
0.028654970760233923
0.23464331901513563
0.1519285986603474
0.001881720430107527
0.05283700327842942
0.009174145040019404
0.03272382933673256
0.02606985795440804
0.022103272756923014
0.02586975748266071
0.04855535522768121
0.01654036525004267
0.026102539226478098
0.00043010752688172043
0.004492641861062915
0.033381477040220674
0.010784078526014011
0.03819742352849313
0.0026027019575406676
0.02081493178267372
0.019914529914529914
0.014341417244643051
0.022222377383667703
0.010824372759856631
0.0010138248847926267
0.003249701314217443
0.00857484212322922
0.008407315504089699
0.008968792950117228