0.13320211987425432
0.06766046603244044
0.08961496885962125
0.024822774521972377
0.21368093444177919
0.04842228578661698
0.015776358800519724
0.019941648940910134
0.030126039785130693
0.018155411519074266
0.02360420702578738
0.00572586678672205
0.007731039242262153
0.05798024545517861
0.018544430715483347
0.033518895527013676
0.002704832201252481
0.015140938854174148
0.023593354772332046
0.013422168109668108
0.009213641245990665
0.002016458116057047
0.006147035834535835
0.00999428811928812
0.005473358269410902
0.039968175454472246
0.01095016095016095
0.0037179227291456395
0.003333023454443733
0.010751112313612313
0.0012347027972027973
0.006660441954559601
0.0030167748917748916
0.007108462071697366