0.17840962362671042
0.0022637944066515496
0.0893637167376663
0.026980730650198435
0.1393671757747388
0.0790548630744709
0.09013435366376543
0.05483842254850659
0.010547424356948163
0.03361135337325814
0.010604285485237865
0.0349157280109661
0.05347799026370454
0.01733735400402067
0.004746690699071652
0.0041555710603329655
0.0006393298059964726
0.025651641127831606
0.019416419766559823
0.01139896699420509
0.03563482943034764
0.002583973760444349
0.008188478188478187
0.028303843422891033
0.027326588755160187
0.00395538013185072
0.0022385022385022386
0.003880070546737213
0.00892063973996747
0.0072575132098941595
0.002380952380952381
0.00822190155523489
0.004684062177059376
0.003315124029409744
0.0033723859914336104
0.001798118107641917
0.0038793437602961407