0.0757037979670883
0.05717721573336546
0.05199532214316738
0.07737485825721122
0.15946883758302444
0.02366820933194006
0.022287848986496356
0.04014888854461047
0.047498279277140565
0.06095698686922341
0.014265799559917209
0.11281864245060218
0.025608050332806536
0.008577492259467722
0.0017086399439340614
0.011581130297707834
0.008834416722117256
0.009499063494030466
0.047943786957627785
0.001264271710953057
0.023435404435719003
0.028687782281679734
0.0011926558639361407
0.0183684507213919
0.009180330696530759
0.0178288239785566
0.0040638110156826735
0.006992523688025418
0.020184786494946923
0.008986992409452303
0.0044313625628504515
0.006612341906459555
0.007324389811020827
0.005257438145138679
0.0022442730920239572