0.08813646154366375
0.04598542538293231
0.0021930567290678092
0.02978427306682155
0.1212958458110813
0.1323715990613498
0.059459599591178545
0.041598914486726105
0.0174199575515365
0.06677693651377861
0.019172952587080006
0.0706633259264838
0.026188077434614827
0.04792485772402669
0.017738652399317215
0.01950591147267047
0.05377763733026889
0.0269286802181539
0.02586492849650744
0.008986256354677407
0.02459481604218446
0.0032762598552072237
0.011700422226738016
0.00067736909842173
0.003158797895640001
0.0032852401273453903
0.012188743767691138
0.009830617067459168
0.004168975879502196
0.004797097560255455
0.010601304022356655
0.012343743264795896
0.02206534969692864
0.003883939341003053
0.006629616359533256
0.006069140279666594
0.011837484136653113
0.002342003657793131
0.005856811119969014