0.0918337251670585
0.003092378092378092
0.053622416122416125
0.15166780951094677
0.03202650825199845
0.07645875268424289
0.12809597196852096
0.023749073749073746
0.022144737340815773
0.030768386160543025
0.012783768175925034
0.040362367813348204
0.05883262133262131
0.029292490321902093
0.08051792071399914
0.03685741602408269
0.008928138094804762
0.023884232217565547
0.012208685738097502
0.007863816197149529
0.024293936793936793
0.009415214807371673
0.0067192192192192185
0.01198162448162448
0.011209477876144545
0.004943742443742444
0.0014889889889889891
0.006185818685818687
0.0060453310453310455
0.003853366353366353
0.0045735295735295734
0.003008473841807175
0.0009527384527384527
0.004618953148364913
0.008686347411837604
0.002056222889556223
0.0015265265265265264
0.003989812323145657