0.027055186077363496
0.054397540183830514
0.05503020724794917
0.08201416079440273
0.09269821240587368
0.16675650738150746
0.060632971419261744
0.012792818740399385
0.054265598872453705
0.04302363742887937
0.04626550644695807
0.003185949355304194
0.007921060794044666
0.03833924811747393
0.06687631924527085
0.003554700228087325
0.03528342177535726
0.008100009309686731
0.0053132127728901905
0.016281646221162353
0.012235473979425593
0.018255641088302372
0.02490679683220006
0.01483534386760193
0.013881106572638831
0.010431940371456498
0.0013440860215053762
0.002375228937728938
0.007837519783084298
0.004355355665839536
0.005727639296187683
0.006882135561571045
0.0011760752688172041