0.002906586021505377
0.09328523738805997
0.07125301333970688
0.06459986026518284
0.1415302831129444
0.10636074275187181
0.0587404530952918
0.06880203689679495
0.017738226155564866
0.017116295442908346
0.08280434842934842
0.04187763401473079
0.0011391498286659576
0.03287504945771074
0.05333062994353317
0.01875344077965046
0.003158602150537635
0.028581728531325304
0.010487943955685893
0.004129618141714916
0.004049059139784946
0.017360210354161968
0.0004704301075268817
0.0017424611678643934
0.005650761648745521
0.0031232768127929422
0.012998650095424287
0.002307347670250896
0.011586341525857654
0.005721843121036669
0.0037963884234045527
0.0046114951356886836
0.003078597030209934