0.05328235832268089
0.012012136608910805
0.05059494716752782
0.022583408974538005
0.1410484620666072
0.09798996926013055
0.1592749600310084
0.01819643729925988
0.04962632014043304
0.08164523648394616
0.012705176767676766
0.013897829321216417
0.06352718741831645
0.02217443734580831
0.02210701484895033
0.012882569939021553
0.03759282272387111
0.010271779072182295
0.026812865673752767
0.0013871657016818308
0.02110236873341712
0.018499483267628427
0.013977694572452638
0.008544446145252595
0.0015008960573476703
0.009457478005865102
0.000828853046594982
0.001605775496904529
0.007920652376297537
0.005297939068100358
0.005147551820938918
0.011120711725550436
0.005544354838709678