0.0464923361559152
0.046153407778420905
0.017060017660724593
0.0021158665895507998
0.27191729723945607
0.06862543543562899
0.032163040843679096
0.043458582255175876
0.08317096421299457
0.0835787717543658
0.0706776410485897
0.019114067250323007
0.0036628384681179215
0.013003386822611346
0.0033045649755768713
0.023586366977845115
0.04815602552363832
0.003932875491579945
0.015791997636672432
0.008979579424923553
0.000765316554790239
0.0016032999838667854
0.01252955969500052
0.0007078841086938252
0.007668374536306966
0.014650068960413792
0.014264217989961395
0.013060621068788037
0.001873193677201113
0.0062669910528423195
0.0006651243493348756
0.015035839367014928
0.0180269409287294
0.002895936024513436
0.0054045856677435635
0.0023943892364944996
0.0020483565017977976
0.002844164382625921
0.004821323564037996
0.003965995767615201