0.048514637719183164
0.12514625525989165
0.07779610961429144
0.005900680758635304
0.15641293155497699
0.07718021666885301
0.11397715815329451
0.1242132499234772
0.021291666035984213
0.01413469211764666
0.041345349726031544
0.013019776940231483
0.006300943374807011
0.005867864248546065
0.002161033411033411
0.004447635697635697
0.011355710787528969
0.005947755947755948
0.011971488107851744
0.021508662843890115
0.009957892486301575
0.0031446089684726048
0.0014263514263514261
0.003469872930100203
0.009623925106879651
0.008237017612017611
0.01321577727827728
0.012657828282828283
0.006389790764790766
0.0013175587039223403
0.002513111888111888
0.0038413081026717395
0.0056952517179789915
0.0035007343245979606