0.018000909872831056
0.06619395929740755
0.0004926108374384237
0.11927393214339028
0.21754099759025866
0.020843462776960312
0.012649809139956924
0.0862450152474783
0.018568780699322565
0.02763418847162689
0.01831065759637188
0.06858948386041981
0.1069800752066762
0.03520328193973514
0.010891195558683243
0.013636719055438267
0.013642850034475646
0.007212341571947485
0.006025686136523574
0.003645711158026429
0.003147235905856596
0.0010946907498631637
0.0039340448823207445
0.009288433241635212
0.004217491594338886
0.002155172413793103
0.008448666823051058
0.00511687956269237
0.008073344280240832
0.004124638361091563