0.018459480011057162
0.13292420834513757
0.05018998527097418
0.10138609251460913
0.053106498513574386
0.1350382869724302
0.07425585885730814
0.007557224857949495
0.022090915057666975
0.08684532349280857
0.014372359012171454
0.007136113386113386
0.03728258791664588
0.025019926288042234
0.0015834300254590108
0.054800556793310425
0.022857719325110624
0.027998368215759527
0.0016657856331769375
0.014265801296918085
0.036670428635475524
0.019258526734016932
0.0026788435089799114
0.02203869262692792
0.0036748882550246566
0.0052594490094490095
0.0036706090840788195
0.0034791284791284792
0.0024426211926211923
0.010067264233930898
0.0035688181521514855
0.006054799692907109
0.005177407260740595
0.0021995247592008042
0.004142833309499975
0.0025025025025025025
0.003395115895115895
0.0004075504075504076