0.053405068749896326
0.01371108457315354
0.03604028793683965
0.05875512099650031
0.26829269708580056
0.05280265711300194
0.11840000995173408
0.007616310892172961
0.058732480801446316
0.0008073344280240832
0.08433663399180641
0.010968054933572178
0.028069944104426866
0.0086983131810718
0.006642948367086298
0.01678442885339437
0.019068932344794415
0.0017241379310344827
0.00911976911976912
0.002933771209633279
0.021273656101242305
0.008428206531654808
0.003368164402647161
0.005519231726128277
0.0007662835249042145
0.0026227795193312434
0.003045977011494253
0.013154699706423845
0.015082433530709389
0.0064186196944817624
0.0013409961685823754