0.11853420055779403
0.07205069918318555
0.06286627770293832
0.01011750902857981
0.07639546646806174
0.08014319618675336
0.037490163932995146
0.024394896291448018
0.12318728693501832
0.052671179395317326
0.038569514776411344
0.051601193388852176
0.0255290941497838
0.0023553135712845335
0.02348577348577348
0.03367218114949512
0.00604164035198518
0.0067052763060022605
0.00593758731689766
0.009294090328573089
0.015048012752186979
0.018882503192848024
0.019224366411299258
0.004948002189381501
0.0021516434765073604
0.004032110928662653
0.01289872928711404
0.0034063127166575444
0.010388615216201423
0.0068526492664423705
0.006641755434858883