0.04881930568205078
0.06720503362660225
0.09408423403521442
0.003931864961276725
0.14662055078721747
0.018050568050568046
0.01674177507510841
0.02925289212053917
0.05142507225840559
0.18769442176304924
0.017000306583639917
0.0022200772200772203
0.12559281701438565
0.0034417853045304024
0.01206881059822236
0.008824002574002572
0.017301906885240224
0.009733650542474069
0.028498120164786832
0.0316521879021879
0.0
0.011429485571642433
0.013397434230767558
0.00218313551646885
0.00015015015015015017
0.004999891029302794
0.0030276488609821944
0.0014681348014681348
0.01118564451897785
0.00032175032175032174
0.0019468698390267018
0.0028796278796278793
0.005120596787263454
0.001956626956626957
0.006892173558840225
0.0019956103289436623
0.004680117792862891
0.0017012142012142013