0.058028502931733
0.10582598025976445
0.24134030707183468
0.0017896047307812014
0.10479981597098863
0.09173583681497458
0.0058017146252440375
0.016202706978108043
0.024526973323764766
0.0011140819964349377
0.03286018720531395
0.05470897169461763
0.025324054971742928
0.018979755502743532
0.03693561809238702
0.014058010715764726
0.05852696666631865
0.0069043469690809964
0.031228570399693387
0.008077782367115323
0.002680998937683429
0.0017278043593833064
0.0
0.01585616799520543
0.010424456864085345
0.003708791752449969
0.009022871146428703
0.0020036722823100536
0.008836708527111003
0.0012315670069680765
0.005472224398235558
0.0027547679796814744
0.0019310754604872252
0.009512556170310181
0.007456922162804516