0.05959556290438644
0.013486403069736403
0.028851479831871987
0.024445982779316106
0.04484322462263639
0.13629637771794634
0.0734069821079625
0.08704769427808644
0.08095123928457261
0.13222844681178014
0.019298985965652635
0.006073773353185118
0.0064588397921731275
0.018191834858501524
0.05361866195199529
0.01908042655591675
0.0030753793008694973
0.018980289813623145
0.00695159445159445
0.02786584012074208
0.0009223509223509224
0.001916201916201916
0.0057570015903349245
0.04475157931040284
0.014337476837476838
0.00502715919382586
0.018967777301110638
0.005836155836155836
0.012421945755279084
0.003176986510319843
0.018615043615043618
0.00806228306228306
0.006318872985539653
0.010483290875447736
0.003620286953620286
0.005548654078065842
0.007194098860765529
0.006834355363767128