0.017120267725106435
0.030033922171018943
0.00020161290322580645
0.09058123216389344
0.16123101249109312
0.10527271787352434
0.11602579767902349
0.05894180863938929
0.10922708004361226
0.0010304659498207884
0.007253482404692082
0.02469515251773316
0.025194485174323884
0.003379416282642089
0.01954445084485407
0.009574912095073386
0.020868826513987804
0.04628652597402597
0.0022706907787552947
0.011007104454685099
0.017832414001768836
0.003980327468230694
0.01567300307219662
0.000907258064516129
0.010923971861471862
0.0012544802867383513
0.016183435739887352
0.011631944444444445
0.0035163201493846655
0.005682836428804171
0.0009545338174370433
0.005420346902201741
0.005975582437275985