0.10331745372660932
0.04696034757111607
0.07793547178627823
0.010644558174800109
0.039224859712288555
0.0749802931580683
0.10915267122276133
0.034229431709270425
0.058560243783203944
0.026503238288698435
0.027843527440301632
0.0018942750797589507
0.058946979846529184
0.03843665668262442
0.05092002904502904
0.0434454001134504
0.022495515127749475
0.01078711275283856
0.03362727069736082
0.011506869772998805
0.015594741653209393
0.00360849761051374
0.0033554147465437788
0.014370174593134742
0.03591460995694866
0.005894965513086955
0.002720800704671673
0.004437884024577572
0.0026107553236348305
0.013273352991094927
0.007211394862604541
0.002948188684075781
0.004630884611909279