0.0007174923841590507
0.0765228844301526
0.24058691590296338
0.0970434233890669
0.0966865373038895
0.034195927617901675
0.06621661636478089
0.013958595311241629
0.07048259156986857
0.042497299646422446
0.006828133344424071
0.001523053665910809
0.03361257789829218
0.0230518817486236
0.0148583881541275
0.048064148927336306
0.0010214931267562846
0.010195833544093902
0.008060479177425956
0.006732898771635319
0.006965574108431251
0.0030187903621487584
0.0013113738113738112
0.031869488536155205
0.01124262479838921
0.011121876359971599
0.002422524565381708
0.003143961997345456
0.007901234567901235
0.004448051948051948
0.004189778475492762
0.010390237257405179
0.0027662078476614815
0.006485952967045404
0.0010022531075162652
0.0028439153439153435
0.0023681880159471197