0.0790532147776466
0.11045701797707144
0.09187669443351265
0.008171110214058074
0.20214184474294764
0.04942536157024795
0.06129039913715717
0.003706334175084176
0.03155368380134423
0.0763909386068477
0.014436682041962788
0.018042586065647563
0.0024910563973063976
0.0012973750106103047
0.014893489822467096
0.016154454205924793
0.01025798433468888
0.001176749108734403
0.017643323112073114
0.01334736546133605
0.0012973750106103047
0.012064093314093314
0.013803701002898863
0.0012757786195286196
0.014965195789059426
0.029723223368778185
0.022383637511478423
0.0046749002631355585
0.004867123617123617
0.0023930457169093534
0.008612983186846822
0.0037871613865932043
0.010804814924133105
0.005766574019414928