0.03835690475366589
0.04908691526338585
0.034038086669665624
0.0065283157388420525
0.18123279281293092
0.0779198853680873
0.02783958652022477
0.08333814778801682
0.09684866129257652
0.002689513215829005
0.006192296981770666
0.007940933137408488
0.031859408353811784
0.10698098154040045
0.026041367098761706
0.010216369325681063
0.006521481217837494
0.001622646359488465
0.016629967326561752
0.010438448191484628
0.07440218351149526
0.01846912646507788
0.0021292547608337082
0.004960301709527715
0.016500241399026824
0.020934568505418708
0.0017019043334832809
0.006651495505984669
0.028284083940192536
0.007703471367438977
0.004752800805432385
0.006042650160297219
0.010012379636099569
0.004035194824668509
0.004026713630190648
0.004152693513255552
0.003436846554255461
0.0029497792655687398
0.0032406963521514603
0.005922483750538048