0.055268499514531264
0.05043010693804344
0.0031896803325374757
0.010272108843537412
0.15636751422465708
0.13744718395512046
0.031610474943808274
0.07852966245823388
0.03828878170148012
0.036337187249885675
0.03939597201501963
0.033923242772449125
0.03442478216287739
0.021668511747876824
0.007110733182161755
0.003783908625178466
0.006121399176954733
0.04860745448047035
0.012592439894027195
0.02826125925332275
0.02890642866833343
0.0015211640211640213
0.0011760461760461762
0.0011640211640211642
0.010920314253647586
0.03257561721847436
0.008161908638099114
0.03977925771576565
0.010108032766762925
0.022938226906480876
0.006758939735130211
0.003873141849332325
0.016046970570780094
0.001833585285966238
0.007355127236079617
0.004675106460820746
0.0034958427815570668