0.051252859277583385
0.08325140681873805
0.09791459071488781
0.07736909414946716
0.0680864581373607
0.05651980105128512
0.12178912702918998
0.061119721123279
0.06561936018377021
0.003301688231123715
0.03855301284736769
0.021054841008276547
0.014321093388618105
0.019826068868407577
0.01801795314900154
0.019644457245263695
0.03293371022557454
0.0022420025974779797
0.017812787362997087
0.009305583792656847
0.005087525601638505
0.02452120012603884
0.003999528697109342
0.001967879790460436
0.008865367383512544
0.013054213130988323
0.019653934774902515
0.00138328853046595
0.012873623911930364
0.0019624752487655715
0.007275542557800624
0.006127664897826188
0.011276009113976007