0.10557628833490904
0.028817485196795535
0.022017216499975116
0.013197492163009403
0.17176402779851055
0.03898525484732381
0.06262999452654625
0.004786784097128924
0.05338574579953889
0.07171567895705828
0.08431357914116533
0.03301081421771077
0.015481000481000482
0.036070391932460893
0.0033771209633278597
0.001982385430661293
0.05826060274336136
0.026941334527541425
0.00222495894909688
0.01188941964804034
0.0019167039856695027
0.013194921298369576
0.00809896999552172
0.003505000746380056
0.022319168698479042
0.011420361247947456
0.005517241379310344
0.008998357963875206
0.007957572440331061
0.007951186744290191
0.002922824302134647