0.005291062552967314
0.03147468492706588
0.029372994730137585
0.06583658845563607
0.10010580689152117
0.17200462676653158
0.0981120444810921
0.05471409322599799
0.057803398101017145
0.01934866280104375
0.008640887331363522
0.015259288771193534
0.0511619949715188
0.05647146284051047
0.027720339625101526
0.02540604457271124
0.03754472159234063
0.013846704441942538
0.0034265734265734264
0.008187429854096522
0.010912125793078174
0.0050908174717698524
0.004540243706910375
0.00991048854144092
0.024770064591493165
0.04109691675167866
0.0066163906640097124
0.004488593417164846
0.004959819721724484
0.0015873015873015873
0.004801759087473372
0.005197056030389364
0.004607601393315679
0.011159418183227706
0.006429945715660002
0.002045243116671688
0.006564740374264184