0.020970287417655838
0.016731371994529884
0.06747998898275907
0.0728420344763835
0.16883100283377286
0.08961122645333171
0.1309624752145528
0.007602942402111373
0.05541733436470277
0.01482717930086351
0.06173832074109083
0.07172527473774011
0.005321981637771111
0.03054542888337903
0.003430008035271193
0.005806284753653174
0.06841859933965198
0.008655553184639056
0.019987846892279025
0.007600982531730453
0.0026264335474861797
0.007696840522325287
0.004564611143558512
0.002717292190976402
0.003408927093137619
0.012289200447095182
0.005944304628515155
0.009244236875815824
0.0038128313751582465
0.0047853047853047845
0.0011204688143746314
0.006490940701467017
0.0033143492977287985
0.00279173173910016
0.003526286421023263
0.0042522358311832004
0.0038686459739091313
0.0036162174320069056
0.0067601436022488625