0.0976214135950444
0.02207972704930108
0.05036898981118049
0.03359746894229653
0.17377002420612966
0.09314666514463674
0.026130414548264445
0.09776375754063382
0.019277865099366114
0.037833653837710625
0.07403222312958622
0.009938113873205149
0.02011966960242822
0.03205012064038433
0.005172013772419452
0.006629347663830423
0.0044432151125863096
0.033466852432369666
0.036148098389477704
0.004198519533205132
0.01772431647685197
0.012457580733442806
0.003989318472077092
0.0065993265993266
0.0020434227330779053
0.005276789921820346
0.002306363158290136
0.003774195153505498
0.003711216287281196
0.006736211726069739
0.004719541595809344