0.011050632374161784
0.0021645021645021645
0.07230880626602554
0.009703123673711908
0.17734174866527808
0.04156375413059906
0.09891559223110022
0.09701318190623003
0.10070443766967829
0.010158389837534223
0.061662211327986716
0.0441143032052123
0.007918116741646154
0.03223896078174152
0.00392156862745098
0.00443742977165437
0.054433341465427026
0.018479324695902234
0.001640951640951641
0.01005563064386594
0.017445591643452607
0.017995578891300816
0.005392156862745099
0.0017711047122811832
0.024969796493860667
0.01006676775393353
0.0010125767478708656
0.014272692548093617
0.002558762786035513
0.0016262703428478829
0.011833383491137502
0.002624989389695272
0.004352346999405824
0.005848753642871289
0.007708032708032708