0.026300181607344795
0.0
0.08428357168869503
0.008140054653337387
0.2517703313184812
0.08482851878250357
0.07704583459445889
0.018704585328755158
0.07352004086468034
0.027444330686444064
0.0010905425219941349
0.06395061690365295
0.002782766332339387
0.02156352765935308
0.008777579946934785
0.01865086638272122
0.05848137242527659
0.005757168458781362
0.003645009751212313
0.006812189826302729
0.02827192260748949
0.012389713715022064
0.015821966452006772
0.0010080645161290322
0.023798099302131562
0.013602224388514713
0.004163466461853558
0.006233198924731182
0.0113821894226899
0.006918042754736303
0.0027271392427938913
0.0016633064516129031
0.00831028570443893