0.0036559451366753593
0.09271648294395324
0.059628500544177156
0.012271376680243676
0.15576875392870757
0.2266383014101067
0.04698437851147211
0.010986034957347618
0.0714518216256843
0.018213165420496624
0.01121692347061805
0.02795859723199625
0.004451090781140042
0.02837900050302252
0.020483454614865795
0.00529769901691084
0.010063691098173856
0.02915268229307638
0.005803453525128402
0.004777773178236812
0.003302731751007613
0.013828556500970292
0.016395304203185974
0.02570223974164861
0.013689450943145524
0.0066531785127844235
0.015063480580721959
0.0037227140675416544
0.002062319180545782
0.00934592227695676