0.08777700249306898
0.10955176190633255
0.06506010294098938
0.10454822902883847
0.09470280474435598
0.0891336144452488
0.05746465732615317
0.03795186485629699
0.03310381513290101
0.02601235132398566
0.04123754386912281
0.03532459965977971
0.029132828855820542
0.0014148421350637416
0.004901997007260165
0.006333462773905987
0.023276808664620296
0.004748713889988128
0.032697968224284016
0.0020780764201816836
0.01311933680354733
0.013150947361473677
0.00519909006751112
0.004728883018356702
0.002160771897614003
0.031529127374002715
0.009627021469126732
0.0040829165136644354
0.011608855029907664
0.009997967892704735
0.002599968389442074
0.007014439251281357
0.007972634288423763
0.001944809181651287
0.0123123636281531
0.008971055543077703
0.006718850139902771
0.002154746753084703
0.0055948482195019595