0.19958038625318036
0.007841831989559261
0.01357726343521798
0.07839110749371445
0.13690720518093513
0.052962099669987384
0.03253086875245966
0.0469366121104089
0.09923019704102591
0.03973113809343757
0.029421556978375164
0.052114183598140816
0.00676782708032708
0.03345421939171939
0.02505353257358605
0.001349124360487997
0.015760486357077268
0.00760732323232323
0.0152061582208641
0.01691561094134623
0.004060825785424715
0.011143741817204383
0.00867421348704771
0.007272724861294379
0.00637250481000481
0.0008689839572192514
0.006443903318903318
0.0012175324675324675
0.0011854604100593404
0.0040754189734804715
0.00726451578724306
0.0036645680028032966
0.002811598124098125
0.0008780027162380103