0.05347006637329217
0.1354267357493164
0.07244795228666197
0.01862948282303121
0.17793747137675028
0.10237489143086864
0.03228578435409554
0.06447738044512237
0.011115479502576277
0.03607693223917133
0.027344296367066766
0.04206738689660891
0.04107793394320909
0.012404235549396838
0.027212460741872505
0.004690359187512887
0.004966717869943676
0.003927237636915057
0.012071450932931006
0.009603452981062088
0.002485919098822325
0.009782401869688397
0.006518681438036277
0.00912279476795606
0.003469377976019342
0.003901689708141321
0.002447290744254691
0.015711584079705524
0.0014592933947772657
0.001848438300051203
0.0062374125277351086
0.004396654719235364