0.004542937943747661
0.09012095267155995
0.0318534816510525
0.018331436145201326
0.08317149562088832
0.14748787724496226
0.06077742919848183
0.07170255520457951
0.009630502950341006
0.08033609814986331
0.05737338460010524
0.05050523026231528
0.08073052678315838
0.025333078976803668
0.01055237310298039
0.005136384083752506
0.005347235610393505
0.02435804186816333
0.028133281473362446
0.012907309364799238
0.033257434573224054
0.02617602445537668
0.013426826584721321
0.010755034439244965
0.007569668298413237
0.0006211287587805806
0.013467388062529763
0.003753069542543227
0.008972718689317878
0.0019414795730585202
0.0056139429621211
0.00927034054564419
0.01129685653977152
0.004196354702427577
0.006472295136262746
0.0036500686298257153
0.003945061536154653
0.005299862081238601
0.006480945954630166
0.005124018281913019