0.0006747638326585695
0.07170924940036634
0.1064310529599884
0.014132632250041155
0.09731977380226964
0.03622273101018041
0.0853188561898969
0.02776005593640745
0.08992857825317936
0.06882071085750532
0.0786832740482419
0.028598806307784632
0.04995346908302374
0.030770122065668627
0.00036148062463851936
0.014259652456246887
0.0413304130796391
0.030268038436650005
0.039672656777919944
0.0002699055330634278
0.029294623108626447
0.004124173899715695
0.007411379470203001
0.005122314332840649
0.00574217091244955
0.021224238525977036
0.0047312379742720295
0.005983299752649596
0.009793613943411515
0.0029701292859187598
0.004102719892193576
0.0032441879607871494
0.003039938768683708
0.009141759799654536
0.0019849302744039585
0.0023360941317597667
0.003475427507935248
0.004851970641444325
0.00313094198543115
0.0030420932123718498