0.13666558296094589
0.02853462621607783
0.0
0.08821873690825305
0.13259103128054742
0.027250944060419863
0.1308400828562119
0.024841662593678718
0.10254038076618721
0.06197687561094818
0.0006440412186379927
0.00879205360052134
0.019366839477726574
0.017601126472094213
0.05804746049201694
0.006955645161290322
0.01881080389144905
0.015384402783596329
0.0176591301843318
0.010947100614439324
0.002408154121863799
0.0
0.030408491598007726
0.001400089605734767
0.011200316820276498
0.003401963180188986
0.002738575268817204
0.004233870967741935
0.006546018945212493
0.001411290322580645
0.0036779081133919843
0.0030129928315412186
0.007778897849462366