0.12649401939301796
0.005006480091713418
0.08051955226470463
0.004777773268077977
0.10515865328884717
0.06760206227231585
0.09595827379760898
0.01704506300180709
0.0904859655658718
0.020331972681216236
0.09295972975655484
0.022501553382652893
0.013970462420281299
0.08161105453881928
0.010201250990724674
0.006364736627894521
0.056628267578086464
0.0019905533063427796
0.0075223527173239515
0.019875345077774227
0.004156029648784815
0.007890692205096635
0.0016271527085505353
0.0005761282423332284
0.02866521731853076
0.005562936838240482
0.021695771141754513
0.011979220635730328
0.0035928496454812244
0.011254467529771172
0.005012432678637664
0.0021367521367521365
0.002250424757349965
0.0013705541406372433
0.005932870981880145
0.007418624103047711
0.0027344001028211553
0.002930345277990707
0.0027536116604942513
0.0014840858331163038