0.007091799329702554
0.0941510550381518
0.09327272190175416
0.010094072594072592
0.2037268455111197
0.1814977697034148
0.005000320020481311
0.06236822093676933
0.022195137971347645
0.055750023945588464
0.014860973479925094
0.02085653481822837
0.02705947726109016
0.0053755440348182285
0.019048626105077716
0.003622385678837291
0.027607120701878766
0.0004032258064516129
0.013560867895545314
0.030548881002510034
0.0009342136358265389
0.0024034265465717073
0.006530090653074525
0.0007952508960573478
0.0018369175627240145
0.02122271209972823
0.0035874519745487487
0.006016385048643113
0.006385762534956084
0.006774710504549214
0.00573396697388633
0.0039828730856956655
0.0034465702308444242