0.04355669645078512
0.019389709906951286
0.11383785207676832
0.04628225496452098
0.07410934713890378
0.07468394358788448
0.028228626873947064
0.03193227134113834
0.07040753444694331
0.06074890489915119
0.10888205937467021
0.014896768529773455
0.07695127805965243
0.0025451559934318553
0.02230224619387181
0.009738838063961214
0.01710057184195115
0.016939826730467122
0.016335771508185302
0.015765679312477344
0.009993229266628281
0.01771446943860737
0.004528305575103604
0.01809615534984993
0.015342286339823284
0.009985321192217742
0.011132702819894938
0.004837164750957854
0.017169229238194753
0.00932441942294159