0.0659879633563844
0.10510076299549982
0.05810302389249757
0.021174340911183014
0.14474374803322168
0.005221517063622327
0.11135510609194821
0.02206970759602338
0.0037397445292182137
0.0555211305211305
0.055280526333157914
0.025676176991966462
0.09551236064393956
0.007160371634055845
0.0032929256613467134
0.004724084987242881
0.014361136729557779
0.0008205284521073995
0.05664743033164084
0.008496553233395338
0.016253210990053096
0.030385648806701436
0.009439420623631149
0.04217230533020006
0.007401299506562664
0.01362342020236757
0.007171080855291383
0.0020484770484770483
0.006520242046557835
0.007320579689000742
0.0014777935830567407
0.009861365124523019
0.007272165166902008
0.009545782572098363
0.0055256384203752635
0.0022048364153627307
0.0035025271867377135
0.007391616602142916
0.004214929214929214