0.05248559197742499
0.06594173991633157
0.0260857808589206
0.018293434736265952
0.1352610476839152
0.07961330462237903
0.2131368816033063
0.0509874544357303
0.05615445151742794
0.013454091448646803
0.02334527541424093
0.009235396249915307
0.012642185400806088
0.021089874365736432
0.011869394972843247
0.02899286940121786
0.0030608129519200298
0.021425834701696775
0.0022030651340996165
0.005960591133004926
0.004497594561115432
0.0012704174228675134
0.03646745974332182
0.00827740586361276
0.012294231949404363
0.011181017678295354
0.001143951833607006
0.0061111111111111106
0.004906951286261631
0.008166335580128683
0.0015708812260536399