0.038938947387223255
0.021421324524772797
0.014213755593065938
0.003150884875022806
0.227169733204216
0.2218962710342021
0.03200894890550063
0.012828863346104724
0.034688357619392096
0.12191309329240364
0.025690356897253446
0.015523072074796211
0.0031171574275022547
0.016244464347912622
0.0089704293152569
0.00045977011494252877
0.036243379864069517
0.016805818702370426
0.015115657012208739
0.028828368311126933
0.014020111433904537
0.00032840722495894905
0.003014820428613532
0.0021718511373683786
0.0
0.0027996141789245243
0.0
0.011497844428878913
0.0010344827586206895
0.001053639846743295
0.004482758620689655