0.08639579841260514
0.0056837280366692135
0.006634611886712726
0.054695225409511126
0.09496009592648247
0.12841290362298763
0.0380003283364628
0.04337963157290888
0.11244521118470696
0.03630797773654916
0.12462921299055753
0.07825859014934644
0.03339773671706443
0.0008610717014078358
0.01932124364897474
0.008217809268229436
0.00853405697943513
0.008823529411764706
0.005354869220415439
0.009786170878607853
0.012575715600925684
0.002549019607843137
0.00603374683206616
0.01218487394957983
0.008862108946142559
0.0025490196078431374
0.00352403432235365
0.010197832046571544
0.012346127262093649
0.00856928319113193
0.004171668667466986
0.0026583547171782464
0.0017434246425843067
0.0032300192804394488
0.0032657258707678876
0.006481259170334802