0.07283107780266872
0.16865465658079298
0.08846021140055232
0.03847165565915566
0.05398929773929774
0.15779992314083222
0.018346171400148673
0.03492063492063492
0.024770021645021643
0.0017631673881673882
0.07345236045520137
0.005793869430233065
0.0017239704739704738
0.00045093795093795094
0.03515538281163281
0.008527612433862434
0.023067935852026763
0.004667228814956087
0.04034669034669035
0.004723575036075036
0.004332010582010582
0.01371875704262068
0.0061560756163028885
0.021181895755759395
0.01388437950937951
0.012780469740697013
0.0036122179588088674
0.007390497234247234
0.007442875411625411
0.003636814574314574
0.002355283605283606
0.0013136169386169386
0.0034958964646464646
0.00101010101010101