0.019856530823601757
0.02520909642791821
0.0005321607551209069
0.20761133994352682
0.10584218030366163
0.07697919914054564
0.15634684267414845
0.029229216652675534
0.0281171941528322
0.0002880184331797235
0.08951066479287606
0.04442494545462249
0.017952052098755136
0.010599504365811292
0.01230950668954701
0.003933310841205578
0.0027754503560955173
0.0069676459293394775
0.011065896734137394
0.02148120466135172
0.007926107270865335
0.003518563649612036
0.0035642540231886582
0.00462131114852889
0.0008073243960340734
0.017650930027574764
0.004570765256249127
0.016511905959842393
0.0029704670329670333
0.0033682155657962106
0.01112472317109414
0.004966294313424295
0.0030123382441930827