0.07192717676588645
0.039306702855089956
0.010664813084167921
0.07618233021458828
0.14997772239707724
0.05270895770895771
0.052089034024517894
0.05320909675748385
0.11522996119770314
0.0303218525799171
0.02179265179265179
0.07359774633968182
0.037230750133975934
0.010188467446531962
0.0035304659498207884
0.011573671251090604
0.009306350757963662
0.0014704650188521156
0.016474654377880184
0.004618613167000263
0.04812192586386135
0.004482148675697063
0.0021710189452124936
0.023393661296887105
0.016261384971062387
0.0026027019575406676
0.002795698924731183
0.009742091838866034
0.004000760291082871
0.00769481414642705
0.0030312339989759345
0.002043010752688172