0.096966149889537
0.22263890063789255
0.08452719435582341
0.0006720430107526881
0.05003500084145245
0.10036807950114397
0.013372055811571939
0.07133387725625628
0.04196268561187915
0.005962199762602989
0.06266868771909094
0.008577094388586325
0.018622937322534096
0.02653615146054662
0.0005120327700972862
0.025898421135316294
0.01977139124316543
0.010144249231950843
0.011757843411069219
0.012409666945957269
0.006032553915618432
0.027739666247730766
0.004788205745867036
0.005817972350230413
0.004003456221198157
0.0026401689708141322
0.0024187086435070305
0.005065801134349521
0.0040066564260112635
0.00433855459057072
0.007008448540706604
0.0020650048875855325
0.00506394647019647