0.08373732748732748
0.01985126615808434
0.02316384951328133
0.030475955546978267
0.19357776325105872
0.03549902065527066
0.17252840803977165
0.005628478213705487
0.015056087641314917
0.06919401883890522
0.06822285458649097
0.041100482009572926
0.038273298145457234
0.03427387006932461
0.019750672307490492
0.0041135106476015565
0.006234934573002756
0.0035902859766496135
0.0193273372250645
0.0359030857610403
0.006703965226692499
0.0027402206379479105
0.01705317514976606
0.007000128448992085
0.003230807492171128
0.0027289944903581263
0.002013437950937951
0.012237609822837095
0.005353897470374743
0.003711172035035671
0.006183623300100572
0.004825172722899996
0.0030667275695684783
0.003648561034924671