0.021811742763159767
0.006213635667076963
0.10252629361941101
0.034892278212116275
0.2341919102040559
0.04139915415219059
0.10857873944918475
0.05287423253010297
0.0630222042165362
0.01834807118207928
0.06691668280737106
0.01880226536096981
0.025725702547564892
0.008538440117387485
0.009826835332908205
0.009104375905995337
0.025737079684448105
0.013966926011460422
0.0024982327613906562
0.03888460092913534
0.007291179355956684
0.013190898919643859
0.011847393122696767
0.027357988390377053
0.000192789666473877
0.001494573053277507
0.004378516220621484
0.0069309345625135094
0.01296722845305841
0.006680161943319836
0.004751029447385722
0.007884221042115778
0.007842255210676262
0.00613862820340553
0.00867509683299157
0.0002699055330634278
0.003899541753792766
0.0
0.0016563508466342473
0.0018282062816475772