0.01699220310794495
0.0777927596136192
0.01976734300815222
0.01697432827463787
0.06448646506335683
0.08634816134314761
0.24158474944689706
0.12114342088176709
0.007346731620368199
0.028873564127571978
0.0592467815497108
0.05178336515716345
0.00040485829959514174
0.017174043662493293
0.01771684539605473
0.0095002498090326
0.030199734420977578
0.006069443685542756
0.011703317674977592
0.01669489687031457
0.012716531834178892
0.004617010273118871
0.008676298739409003
0.02939062846778969
0.014360931466194625
0.0035200641156319826
0.002059332790647264
0.008881771426424915
0.011439973282078544
0.0025342164579576997
0.005796201848833427
0.005442408270462568
0.0036919221129747453
0.0018443544759334234
0.002124122867156923
0.003764470250538362
0.002727169719310706
0.003230897158022664
0.006242612656420454
0.004272121067786703