0.0785112889279556
0.0078042869709536375
0.07587646962646961
0.04305560972227639
0.16364999073332406
0.06041636874970208
0.10763108471441805
0.014216001716001719
0.08484758901425568
0.06884270842604176
0.013913913913913915
0.0032318032318032317
0.041168345335012
0.010600589767256434
0.026394251394251396
0.004447412780746114
0.002330360663693997
0.006342706342706342
0.007654082654082652
0.07569680694680696
0.009167609167609166
0.002625244291910958
0.009601917935251265
0.01732655274321941
0.003464086797420131
0.0012989179655846321
0.017161208827875495
0.004210162543495876
0.0057617140950474285
0.007283176033176033
0.007444349111015778
0.0025442108775442103
0.0005898755898755899
0.005394680394680396
0.002743952743952744
0.000923542590209257
0.0027347860681194015
0.001590839090839091