0.018770862873685457
0.03416744825514987
0.028734975438869746
0.10844126795554003
0.009124539951418138
0.05846097786621981
0.04456123307460319
0.06261026587188513
0.17700459130451696
0.04448907284354016
0.0812769262724165
0.019494724585450388
0.10004424103532762
0.0012712813620071684
0.007021458132981902
0.03745071013216174
0.011694286895899797
0.013126870888967664
0.016347057106023574
0.00844895368850165
0.010213834104963137
0.0111125825339535
0.007812776940801135
0.0009936132415971127
0.010684411443112631
0.0021207137161084527
0.00445616211745244
0.00902154521106134
0.0029128633463310883
0.01583744436567017
0.012808252632106621
0.001980803694513372
0.011374218859097892