0.10127805828270224
0.015014415014415014
0.00035561877667140827
0.15594742340098375
0.09094691358623244
0.08476495403739985
0.08706369669991962
0.00797256323572113
0.08196422275369644
0.08195931849182624
0.026824014246614857
0.012461246671772983
0.03996976942023382
0.031876425297477924
0.009267076372339528
0.0030626635889793776
0.003652712863239179
0.012979520874257713
0.046832955811283994
0.0008235324024797711
0.0011514406251248357
0.03035452377557641
0.0016426200636726952
0.00239403792035371
0.0053715369504843185
0.01663116655376717
0.008034726455779087
0.006144035749298906
0.0027585856533224955
0.0008601093353415335
0.002108726373432256
0.007157728868255185
0.0072773046457256995
0.009457217351954192
0.0025061788219682955
0.008911007595218122
0.003200568990042674
0.009509626614889775
0.005116307747886695