0.06270180261657532
0.03451241519423337
0.009492243867243864
0.13063985955864293
0.23333006738755402
0.09402431316702708
0.009705572205572204
0.034807977413258154
0.09413531667876587
0.016439004214739508
0.03697268980524328
0.08028854562945471
0.019100671498732995
0.025416860075950978
0.0007260101010101011
0.0003787878787878788
0.010236291486291488
0.010811757686757689
0.0009018759018759019
0.008025145099008734
0.00553833792470156
0.011751018836580335
0.008035099370326643
0.010754186890550528
0.002913831749059022
0.007214201239936533
0.0036528425649414945
0.00679563492063492
0.006557627421598008
0.0
0.002071661998132586
0.0024689464946817882
0.006248565197428834
0.0019872015610651974