0.18200393622220246
0.026653183232130596
0.010793568688305527
0.03223411841832895
0.16981017476373517
0.09870117807424311
0.04478575573776812
0.05912764821433551
0.0522718086959573
0.02842156437357676
0.06525903739526032
0.01622036072500468
0.012673469252416622
0.022492094202620518
0.026312434207171043
0.005330638225375067
0.011301390248758671
0.02189061925904031
0.003450662661188976
0.011796911796911797
0.006291168133273397
0.013681665655349865
0.00344077844077844
0.003257561152297994
0.007233737496895393
0.002943301550112696
0.012319649664850904
0.026253472306103882
0.0022421943474575053
0.003852517010411747
0.011101386759281497
0.0023510352457720876
0.0019111302006038847
0.004454984718142613
0.0009167061798640745
0.0028940239466555256
0.003264405895984843
0.0011250484934695458
0.0017369543685333158