0.0698597956584772
0.055936252404667354
0.022894675111423877
0.07114491283210496
0.32640529405235286
0.0879529016011195
0.03127413432216388
0.013394064522360668
0.002424935491437954
0.03781750542834286
0.011234639744491962
0.001665493783720385
0.00789127402427895
0.01063831488708336
0.05105749196230216
0.0035623732251521298
0.02040894205121965
0.012778272228431604
0.0030123256199031338
0.002976190476190476
0.001416256157635468
0.004893336645002828
0.0024630541871921183
0.010381668140288831
0.0010993190379600115
0.010442167985271434
0.0006157635467980296
0.001416256157635468
0.003809886023374867
0.0058320100807785534