0.04044581149844308
0.04853445116603012
0.022818879397826765
0.010071349545033755
0.28063241089556873
0.05233633325738589
0.04390031495294653
0.04376759639917536
0.01794104030946136
0.029138762691394274
0.006082600819442922
0.04238900225742332
0.052526393315867004
0.015975714659925182
0.04519172545488335
0.04903162666320561
0.004263951632372685
0.0031630314525051364
0.018939348544611705
0.0
0.007169347958821641
0.02637888822099348
0.017499907631486577
0.01019609835399309
0.007520281204491729
0.016616736353578458
0.002564884143831512
0.01371242555453082
0.019898021213810686
0.003300358563516458
0.003696177380387906
0.005548987127934496
0.007107680133995924
0.008534763797921693
0.012539708592340168
0.008541979594611173
0.004509071614334772
0.006134423897581791
0.00560466481519113