0.048357156890126554
0.027121235059743128
0.03812176171788363
0.03565320767941736
0.09041609761338176
0.21640974080341965
0.09652396543999957
0.004986064562677466
0.048390138351001734
0.06488574199230035
0.04731059990636604
0.06539446743431562
0.000702044930875576
0.0011616743471582183
0.00521953405017921
0.026029909764492307
0.0002880184331797235
0.018730252129801464
0.023305091525857653
0.020021499557789882
0.039418922811059916
0.009242591525857656
0.00962701612903226
0.008808563748079876
0.009049779185867895
0.0024721582181259603
0.0067504320276497685
0.003150201612903225
0.007978183331005912
0.006380081052460084
0.007433985935527681
0.008845366103430619
0.005846774193548387