0.0
0.03623806748806748
0.07044715526540714
0.08780965502976887
0.21311354663020934
0.15217567540118537
0.06572325935318109
0.024292488985029306
0.06137894890266807
0.014293060210398922
0.013619456260585291
0.06021109596180754
0.026558779482166575
0.002301323755308575
0.004802307347670251
0.013364949309861547
0.0015273704789833822
0.004799507168458781
0.0157107901059514
0.006429888435936824
0.0017809139784946235
0.013228359901746999
0.029601834624367832
0.0029467768290111743
0.002132136456733231
0.002143286820706176
0.003540176221627835
0.0019351848143949661
0.0010386119257086998
0.003968072961194403
0.003993150666537763
0.002179339477726574
0.004295474910394264