0.025431893324050187
0.053564419985988626
0.056815526178271285
0.015304231725800352
0.2185577518910852
0.09812871307969347
0.018555871006851396
0.081191490505216
0.09675859259192593
0.040983072600719664
0.025703509036842372
0.0026165871754107047
0.03454680538013871
0.027932269598936264
0.041324249657582995
0.006120185286851953
0.019677523599092226
0.008008008008008008
0.010851073351073352
0.030091813425146757
0.02949046968654812
0.00036318786318786315
0.012649570982904316
0.004862654862654862
0.0026419818086484757
0.01635554968888302
0.006881411048077714
0.007914349581016248
0.00021450021450021448
0.0012600595933929266
0.013093863093863093
0.0037911079577746245
0.008438108438108438
0.009331517664850998
0.0005565630565630566
0.004304304304304305
0.0014657514657514656
0.0047620018208253505