0.009647820174135964
0.003400357347725769
0.05589135178918461
0.054085511825449906
0.21872108567155005
0.08893101501460635
0.07050670208564944
0.03455765824186876
0.014886360861593057
0.029841958634528286
0.04751839055244628
0.08362280552683028
0.03384699561170149
0.02903934219723693
0.000203210729526519
0.0007068545768236171
0.021149732991838255
0.05433572252457702
0.002606793396267081
0.043642764695396276
0.030490708122287068
0.027178191419677485
0.008284378021220128
0.002313318102791787
0.0013886066517645463
0.0026765632028789925
0.01698542859533572
0.002124594229857388
0.0025525525525525524
0.0013214342161710583
0.005126519600203811
0.008118813381971277
0.0034771613718982144
0.0015826278984173723
0.007851888115046009
0.0034342258026468547
0.004094096199359357
0.002953858217016112
0.007886952623794729