0.01604988764136634
0.048228104045773226
0.07582263230132905
0.056484425256355074
0.09737363061611182
0.03835966062156538
0.17502601791135627
0.03894215688701904
0.047421817600389035
0.10680934017713466
0.010446593228548117
0.013452410162936478
0.005848789658313466
0.022251778204159155
0.0012995145576599212
0.008116614426138235
0.009232416613368995
0.03812691276976991
0.042689951142332094
0.01956931075978695
0.012001966287680573
0.03271487110772825
0.002094889237746381
0.019914635628921342
0.004978447478447479
0.0
0.021094185796566748
0.003799520585234872
0.005964842036270608
0.005160397942352829
0.007096052096052096
0.008243907767717289
0.00425093425093425
0.010006637982828458
0.001695447409733124
0.0042072940287226
0.007446228003872112