0.016143811488639075
0.10495285047009187
0.026199598613391717
0.00038314176245210724
0.16259240759240765
0.11968563365115087
0.03266597387287042
0.02304241097344545
0.08264207057310505
0.056340294443742715
0.012051575499851362
0.049166797442659504
0.013298272608617436
0.03441923338475062
0.020032840722495893
0.013595006526041006
0.008229197367128401
0.019508243991002608
0.010175150519978107
0.030238178169212655
0.01925076838869942
0.03404294300846025
0.01310211499866672
0.008058748403575988
0.0031417624521072793
0.005096276648000786
0.009783907025286337
0.007627340730789006
0.003361332154435603
0.00731507317714214
0.007880031845549086