0.044097594226180134
0.053271392193748796
0.1150575983590632
0.031194279606257824
0.09111995718843086
0.037035500280516984
0.08715659194648884
0.030242841693088756
0.07729298574734299
0.08542037398852359
0.02731060674410428
0.02803957126617225
0.017475732355477357
0.026537570256782078
0.0024659248797179833
0.0381326204115937
0.015715596583460972
0.014923597993341316
0.0020742779870568913
0.018506395298591303
0.011758001166868159
0.012963388622236553
0.011404937748751136
0.00610321051497522
0.016108658719496162
0.02073481540226496
0.009503284072249589
0.003956036437563531
0.002958079783637593
0.007251386407790349