0.07359303411934992
0.013135228924702614
0.06819123661228925
0.12893253024831974
0.1529035765877871
0.05003658424711056
0.11497794129373076
0.014465781571044726
0.0280101674838517
0.02298369798369799
0.04952527320948374
0.015142175668491457
0.02969796127690864
0.016996335417388042
0.03540628803786699
0.03218426902637429
0.02008230034545824
0.01287001287001287
0.015133108554161185
0.008150443676759468
0.028904294693768377
0.005063334010702431
0.014833972728709571
0.004670424407266512
0.014162572057308894
0.02731878916089442
0.004962960226118121
0.010308393203130043
0.00573110704689652
0.003501346922399554
0.007595001016053648
0.0041861410282462925
0.009544608228818753
0.01748515432725959
0.00897129186602871
0.0008196166090902932
0.0032536295694190437
0.0068605331763226494
0.006179864074600915