0.07672083433856286
0.011476716739874632
0.10655834956388971
0.016331009752062385
0.06752603383489811
0.02168711642395853
0.06039080104177057
0.06748878050817109
0.05154514884431781
0.14115518620366269
0.06114413981449993
0.003274284195336827
0.03767035082824557
0.030168957800536744
0.013190223716539504
0.03050846392259134
0.011242736242736242
0.062240892504050384
0.011513527233748839
0.05083514733791744
0.006787802840434419
0.045279637384900547
0.012346847873163662
0.005709326692706193
0.0016063200273726589
0.0035260626673369057
0.007201665096401939
0.022221488530352794
0.012960380065643222
0.002153946890788996
0.008696732380942906
0.011311550785234995
0.004329620119093804
0.002926798979430558
0.006493147282620967
0.004102781665108536
0.0024814287972182714
0.0031508952561584134
0.0007731730723420472