0.04473611140277807
0.021034907328766974
0.06409948219158745
0.04240126224775347
0.14743510247896216
0.022184925912996083
0.11410834908641929
0.1560727092525338
0.014644927144927147
0.013848670098670097
0.07118107984336053
0.014530667162246106
0.0063904813904813885
0.006331876397665871
0.0192176593492383
0.02166085839331453
0.021217207182119464
0.0015170473503806838
0.0161513099013099
0.015983492299281775
0.018535221934344735
0.02337403433894662
0.010656866139322279
0.00764238033974876
0.004739624805414278
0.027121707604163745
0.03366276677680186
0.003303303303303303
0.008435037601704267
0.016306512688091638
0.011972467454923596
0.002481648314981648
0.011291634208300875
0.0033196887363554028
0.01599513244250086
0.006092290741413549
0.0036238619571952895
0.009250246750246747